424 281 440 273 459 274 475 285 458 289 440 288 585 288 602 278 623 278 641 286 623 293 603 293 1407 59 -152.431198 26.890568 -0.363495 -0.219539 0.001601 0.027451 -40.079384 -29.022688 436.477234 -73.271690 -29.920958 436.629608 -6.887072 -28.124420 436.324860
492 279 511 271 532 274 549 286 530 289 510 287 659 293 677 284 697 284 713 295 696 300 677 299 550 252 18.096359 64.909561 -4.350387 -0.337505 -0.059562 0.059091 -9.957667 -27.457781 431.856964 -43.046783 -29.710979 430.246643 23.131449 -25.204582 433.467285
482 290 501 283 522 285 539 296 520 300 500 298 650 302 667 293 688 294 704 303 686 309 667 308 538 384 20.631954 91.030098 -1.788088 -0.336247 -0.049842 0.048154 -14.005271 -23.358280 431.321777 -47.131123 -25.201521 429.965302 19.120581 -21.515038 432.678223
515 307 534 301 556 303 574 313 554 316 534 314 683 319 700 311 720 312 736 320 718 325 700 324 64 749 115.244652 163.166809 1.236119 -0.320820 -0.040969 0.054315 -0.541196 -16.737810 434.144226 -33.669849 -18.725449 433.094818 32.587456 -14.750171 435.193634
513 288 533 281 554 283 572 294 552 298 532 296 681 300 699 291 718 291 734 300 717 306 698 306 88 174 109.817924 49.378368 -10.185865 -0.188069 -0.067119 0.046990 -1.093707 -24.487011 432.839600 -34.187458 -26.245224 430.772736 32.000042 -22.728796 434.906494
511 311 531 306 552 308 570 318 550 321 530 319 679 324 697 316 716 316 732 324 714 330 696 329 137 894 100.903519 191.877518 4.844695 0.200732 -0.042110 0.055840 -1.826357 -14.262627 423.608093 -34.950268 -15.963047 422.034943 31.297554 -12.562205 425.181213
505 309 524 303 546 305 563 315 544 318 524 317 673 321 690 313 710 313 726 321 708 327 690 326 276 785 73.156204 170.334793 3.918078 -0.332956 -0.050692 0.048565 -4.599869 -15.804956 434.001099 -37.723648 -17.664116 432.616089 28.523912 -13.945797 435.386139
508 286 527 278 549 280 567 291 547 295 527 294 677 296 694 287 714 287 730 296 713 302 694 302 103 69 106.717026 28.601789 -12.173809 -0.199765 -0.072013 0.037467 -2.965471 -25.614248 429.933502 -36.061302 -27.086613 427.684570 30.130362 -24.141882 432.182404
450 297 467 288 488 290 504 303 486 307 467 305 614 307 632 296 653 295 670 305 652 312 632 312 1154 400 -101.764069 94.323029 4.210652 0.163671 -0.035438 0.042537 -27.629499 -21.021454 425.308594 -60.783546 -22.330826 424.022400 5.524549 -19.712084 426.594757
472 320 489 313 510 315 527 327 509 331 489 329 638 332 656 322 677 322 694 331 676 338 656 338 498 861 29.126236 185.420898 7.502114 0.228284 -0.047712 0.055387 -17.954325 -10.767438 419.512115 -51.070835 -12.409014 417.734070 15.162188 -9.125862 421.290161
452 289 469 281 490 283 507 295 488 299 469 298 617 300 635 289 656 289 674 299 655 306 635 305 983 232 -67.974228 61.040455 -0.766450 0.171184 -0.044648 0.052429 -26.454407 -23.769966 423.171600 -59.580711 -25.374468 421.548859 6.671896 -22.165464 424.794312
465 308 482 301 503 303 520 315 502 318 482 317 632 320 649 310 670 310 687 319 669 325 650 325 790 574 -29.229424 128.683136 4.380682 0.173759 -0.034872 0.050190 -20.768234 -15.688215 420.312164 -53.911209 -17.245041 419.016388 12.374743 -14.131389 421.607910
428 282 444 274 463 275 479 286 462 290 444 289 587 289 605 279 625 279 643 287 625 294 605 294 1423 53 -155.617661 25.706446 -0.337592 -0.175474 0.012401 0.029578 -39.410202 -29.107225 443.265137 -72.597984 -30.048119 443.760681 -6.222420 -28.166334 442.769623
433 314 450 307 469 309 485 319 468 323 450 321 597 323 614 313 634 313 652 321 634 327 615 327 1201 839 -110.602264 181.211441 13.532866 0.316941 -0.056041 0.043792 -34.388191 -14.388193 421.483185 -67.509758 -15.524563 419.426483 -1.266621 -13.251823 423.539856
472 284 491 276 512 278 529 290 510 293 490 292 640 294 658 284 678 285 695 294 677 301 658 300 461 159 35.676525 46.486446 -7.053421 -0.383342 -0.056430 0.033493 -17.703802 -25.964458 426.596191 -50.838020 -27.403389 424.979797 15.430416 -24.525528 428.212585
478 308 497 301 518 303 535 315 516 318 496 316 646 321 664 312 684 313 700 322 682 328 664 327 469 743 34.754353 162.062561 4.845596 0.245040 -0.037328 0.065548 -15.024055 -15.315226 418.910797 -48.134918 -17.316931 417.419647 18.086807 -13.313520 420.401947
481 297 499 290 520 292 537 303 518 307 498 305 648 309 666 301 685 301 701 310 684 316 665 315 436 562 41.105347 126.235619 0.876552 0.244730 -0.038948 0.061732 -14.357270 -19.971214 420.955261 -47.474110 -21.841400 419.426544 18.759569 -18.101027 422.483978
432 294 449 286 469 288 486 299 468 303 449 302 597 302 615 292 636 292 654 301 636 307 616 307 1417 292 -154.152084 73.003670 4.446606 0.173556 -0.042235 0.041359 -34.362247 -22.459257 422.716370 -67.509209 -23.703539 421.202972 -1.215285 -21.214975 424.229767
439 288 456 281 476 282 493 293 475 297 456 296 604 297 622 287 643 287 661 296 643 303 623 303 1114 134 -94.119179 41.673012 -1.544028 0.169149 -0.046900 0.044959 -31.469435 -24.465322 422.126587 -64.604362 -25.818665 420.451904 1.665493 -23.111980 423.801300
477 279 496 271 517 273 534 284 515 288 495 287 646 290 663 280 683 281 700 290 682 296 663 296 416 110 44.563114 36.780029 -8.460166 -0.352308 -0.063139 0.039966 -15.648018 -28.084455 427.846680 -48.761124 -29.748363 426.026428 17.465086 -26.420549 429.666931
498 327 513 320 530 322 545 332 529 336 512 335 639 337 655 327 673 327 688 336 672 342 655 342 874 171 -46.382988 48.946079 -3.005767 0.246053 -0.039609 0.056545 -16.568464 -10.090927 488.522827 -49.694576 -11.787189 486.992157 16.557650 -8.394666 490.053497
526 330 542 324 560 326 575 337 558 340 541 338 671 343 686 335 704 336 718 345 702 350 686 349 557 470 16.954502 108.053528 0.128344 0.263295 0.000265 0.073398 -2.629286 -7.370248 482.167633 -35.745213 -9.778330 481.857483 30.486641 -4.962166 482.477814
523 339 539 333 557 335 571 345 555 348 538 346 667 353 683 345 700 346 714 354 698 359 682 358 559 701 16.821131 153.769180 4.824249 -0.418392 -0.036549 0.075006 -4.416301 -3.244318 496.191071 -37.507275 -5.910075 495.527130 28.674673 -0.578560 496.855042
522 322 538 315 556 317 571 328 554 331 537 330 666 335 681 326 699 327 713 336 698 342 681 341 620 161 4.081612 46.914902 -5.548172 -0.381594 -0.035120 0.070079 -4.826731 -11.554165 495.469086 -37.930817 -14.042406 494.770599 28.277353 -9.065924 496.167572
485 326 500 318 517 320 531 330 516 334 500 333 627 333 642 324 661 324 676 333 660 339 643 338 1011 215 -73.557953 57.681881 -0.852737 -0.364624 -0.005037 0.034549 -22.688894 -11.539727 496.386871 -55.873692 -12.691606 496.430176 10.495906 -10.387848 496.343597
473 348 488 342 504 344 518 353 503 356 488 355 614 357 630 350 647 349 663 357 647 362 630 362 1399 876 -149.907425 188.574463 16.106104 0.172639 -0.023418 0.052947 -28.475548 -0.412255 491.874725 -61.624866 -2.093701 490.950073 4.673771 1.269190 492.799347
536 339 553 335 571 337 585 347 569 349 552 347 682 355 697 349 714 350 728 358 712 362 697 361 219 749 84.442345 163.198639 2.664021 0.207318 -0.010733 0.091281 2.288080 -2.286608 484.135864 -30.777086 -5.254866 483.469666 35.353249 0.681651 484.802032
481 345 496 338 513 340 527 350 512 353 495 352 623 354 639 345 657 345 672 353 656 359 639 358 1002 680 -71.237846 149.704224 8.480060 0.190585 -0.044696 0.051434 -24.203548 -2.039728 487.481354 -57.331539 -3.594988 485.845154 8.924439 -0.484469 489.117554
481 339 496 332 513 333 527 343 512 346 496 345 624 346 639 338 657 337 673 345 657 351 640 351 968 457 -64.736145 105.565216 3.651353 0.171488 -0.048994 0.049643 -24.040588 -5.327529 486.845825 -57.164864 -6.827418 485.087311 9.083687 -3.827641 488.604340
519 343 536 338 554 340 568 350 552 353 535 351 664 357 679 350 696 351 710 359 695 364 679 363 257 854 77.010849 183.986099 5.140214 0.232378 -0.012647 0.078062 -5.742377 -1.067719 486.419800 -38.843884 -3.585261 485.704376 27.359131 1.449824 487.135193
525 344 541 339 559 341 574 350 557 353 540 351 670 357 685 351 702 351 715 359 700 364 684 363 105 876 107.242126 188.308716 4.185423 0.215434 -0.018702 0.077423 -3.170420 -0.987319 487.356689 -36.270367 -3.468998 486.465454 29.929529 1.494361 488.247925
500 326 516 319 535 321 549 331 533 335 515 334 646 335 661 326 679 326 693 335 678 341 661 340 559 78 16.108923 30.476549 -7.790773 -0.364827 -0.061521 0.035659 -14.418386 -10.690361 491.409760 -47.540215 -12.215699 489.627197 18.703442 -9.165023 493.192322
516 346 532 340 551 342 566 351 549 354 532 353 662 357 677 350 694 350 708 358 693 363 677 362 236 879 81.212646 188.929321 5.452978 -0.419949 -0.048414 0.058454 -7.172211 -0.808811 493.729492 -40.282825 -3.023828 492.571686 25.938402 1.406206 494.887329
522 339 539 334 557 336 572 345 555 347 538 346 668 350 683 343 700 344 713 351 699 356 683 355 35 558 120.789314 125.361664 -2.898564 -0.359665 -0.046179 0.056425 -4.340765 -4.043224 494.666840 -37.458302 -6.147707 493.500824 28.776770 -1.938743 495.832855
509 336 526 330 544 332 559 342 542 345 525 344 656 347 671 339 688 340 702 348 687 353 671 353 205 513 86.954697 116.491005 -2.243675 -0.384423 -0.049663 0.053539 -10.066943 -5.312573 493.028748 -43.184341 -7.358253 491.758820 23.050455 -3.266892 494.298676
481 336 496 329 514 330 529 340 513 344 496 343 626 344 641 335 659 335 674 343 658 349 641 349 798 378 -31.043283 89.896080 0.485609 -0.356238 -0.038638 0.031606 -23.709925 -6.570760 492.484497 -56.873814 -7.823813 491.413971 9.453962 -5.317707 493.555054
521 336 538 331 556 333 571 342 554 345 537 343 667 348 682 342 699 342 712 350 697 355 682 354 204 605 87.258598 134.697739 -0.389995 -0.366085 -0.059929 0.063612 -4.699138 -5.015833 495.503113 -37.778633 -7.438488 493.941925 28.380358 -2.593177 497.064301
461 353 476 347 493 348 507 358 492 361 476 360 604 362 620 354 638 354 653 361 637 367 620 366 1140 880 -98.433197 189.312866 13.801120 0.171728 -0.042385 0.055690 -33.034714 1.666182 485.915009 -66.158447 -0.051907 484.357361 0.089017 3.384270 487.472656
455 342 470 335 487 337 502 347 486 350 470 349 599 349 615 340 634 339 650 347 633 354 616 354 1151 239 -101.351952 62.460266 0.922953 0.113749 -0.032762 0.037239 -35.209332 -3.845260 482.115356 -68.373352 -5.016815 480.960052 -2.045310 -2.673705 483.270660
524 329 541 324 559 327 574 337 557 339 540 337 670 345 684 338 701 339 714 347 700 352 684 351 87 432 110.311592 100.436752 -4.970879 -0.341398 -0.073192 0.081090 -3.463231 -7.236707 496.488495 -36.472046 -10.282439 494.564575 29.545582 -4.190974 498.412384
473 376 486 370 502 371 515 380 501 383 486 382 605 385 619 377 636 377 651 384 636 390 620 389 1206 443 -112.048592 102.843468 5.560390 0.257944 -0.051055 0.063257 -32.999203 12.966226 517.830200 -66.094978 11.108626 515.886292 0.096567 14.823825 519.774170
493 382 506 376 522 378 535 389 521 391 506 389 625 396 640 389 657 389 671 397 656 402 640 401 1235 522 -117.721291 118.483643 7.427204 0.195679 -0.019608 0.097009 -23.108459 17.676311 515.630310 -56.151299 14.544348 514.670532 9.934381 20.808275 516.590088
509 369 524 363 541 364 554 375 539 378 523 377 645 380 659 372 676 372 690 381 675 386 659 385 755 162 -22.745058 47.140526 -4.284266 0.247588 -0.023610 0.070121 -13.804586 10.345422 510.611267 -46.919014 8.139388 509.549377 19.309843 12.551456 511.673187
519 376 531 369 545 370 556 378 543 381 530 380 630 380 641 373 655 374 667 381 655 385 642 384 657 12 -3.441531 17.435175 -8.224394 -0.539953 -0.042738 0.027711 -21.179462 14.458985 631.720093 -54.342247 13.209480 630.611938 11.983323 15.708490 632.828308
543 308 554 303 567 304 578 311 566 313 554 312 645 316 656 310 668 311 678 317 667 320 656 319 249 357 78.032478 85.627403 -4.997153 -0.474465 -0.058449 0.057877 -11.064406 -26.957138 680.877197 -44.159039 -29.257116 679.457764 22.030228 -24.657158 682.296692
485 303 496 297 510 297 521 303 510 307 497 307 594 299 606 292 619 290 632 295 620 301 607 302 994 577 -69.765800 129.318726 6.320732 0.322630 -0.080561 -0.041321 -41.968437 -32.728779 632.633301 -75.038422 -30.954742 630.227356 -8.898454 -34.502811 635.039246
484 293 495 286 509 286 521 293 509 297 496 297 595 291 607 284 621 283 633 289 621 294 608 294 978 446 -66.735962 103.390350 3.520739 -0.422617 -0.038436 -0.037203 -41.560692 -37.534565 628.834717 -74.718712 -36.601910 627.339600 -8.402670 -38.467216 630.329834
521 288 533 284 547 286 558 294 546 295 533 294 632 300 644 294 657 295 668 302 656 305 644 304 284 822 71.608704 177.658798 4.740983 -0.394805 -0.071940 0.075555 -20.052156 -35.417950 634.970703 -53.078770 -38.322617 633.136169 12.974455 -32.513283 636.805237
524 286 537 281 551 282 562 290 549 292 536 291 635 297 647 292 660 293 670 300 659 303 646 302 162 773 95.797081 167.936569 2.624893 -0.380626 -0.083923 0.079629 -18.286650 -37.208385 638.457153 -51.272175 -40.306641 636.239990 14.698874 -34.110130 640.674255
494 274 506 268 520 268 532 276 519 279 506 279 605 279 617 272 631 272 642 280 630 283 617 283 777 130 -27.153580 40.812195 -4.729559 -0.402281 -0.061268 0.020306 -36.049328 -46.750183 635.884521 -69.185921 -47.809494 634.039734 -2.912728 -45.690872 637.729370
516 285 529 281 543 283 554 291 541 293 528 291 628 299 640 293 653 294 663 301 652 304 639 303 142 876 99.889320 188.316315 4.526278 -0.368707 -0.087228 0.086261 -22.562302 -36.519398 634.453552 -55.520382 -39.839401 632.150940 10.395781 -33.199390 636.756104
498 288 511 283 525 284 536 292 523 294 510 293 611 297 622 290 636 291 647 298 635 301 622 301 466 854 35.477421 184.029022 7.065579 -0.381426 -0.079879 0.048167 -32.962044 -36.636173 631.380127 -66.024254 -38.694126 629.096497 0.100165 -34.578220 633.663696
489 286 501 281 516 282 527 289 514 292 501 291 602 293 614 286 627 287 638 293 626 297 614 296 557 647 17.156847 143.082092 3.712388 -0.366161 -0.078472 0.030401 -38.213276 -38.535381 630.622925 -71.301888 -39.992706 628.260742 -5.124665 -37.078060 632.985046
476 275 488 269 503 269 514 277 501 280 488 280 589 279 601 272 615 273 627 280 615 284 602 283 896 97 -50.839523 34.305885 -4.301510 -0.386375 -0.057817 0.018472 -45.404903 -45.716499 627.690002 -78.549332 -46.680531 625.935791 -12.260479 -44.752472 629.444214
483 283 495 278 509 279 521 286 508 289 495 288 596 290 608 283 622 284 633 290 621 294 608 294 634 670 1.881351 147.649643 4.887456 -0.396895 -0.071637 0.031457 -41.381897 -39.892307 625.232178 -74.486458 -41.374210 623.122314 -8.277336 -38.410400 627.342102
481 280 493 275 507 276 519 283 506 286 493 285 594 286 606 280 620 280 631 287 619 291 606 290 576 506 13.219892 115.181885 1.032335 -0.387569 -0.068743 0.026182 -42.555187 -41.939949 626.808044 -75.671326 -43.223583 624.750488 -9.439053 -40.656315 628.865601
468 283 480 277 494 278 506 285 493 288 480 288 581 287 593 280 607 280 619 286 607 291 594 290 1044 526 -79.760330 119.236023 5.748655 -0.381544 -0.057280 0.005385 -49.996548 -41.112263 625.041504 -83.147087 -41.645023 623.220032 -16.846010 -40.579502 626.862915
482 278 494 272 509 273 520 281 507 284 494 283 595 284 607 278 621 278 633 285 621 289 608 289 579 356 12.452239 85.497276 -1.977353 -0.387575 -0.074783 0.033023 -41.803886 -43.071365 626.580872 -74.899185 -44.614399 624.371887 -8.708585 -41.528328 628.789917
472 274 484 268 498 268 510 276 497 279 484 279 585 278 597 271 611 272 623 279 611 283 598 282 907 8 -53.127239 16.694910 -6.002321 -0.392661 -0.064541 0.016496 -47.662418 -46.055443 624.401001 -80.794525 -47.004047 622.420227 -14.530313 -45.106834 626.381775
469 280 481 274 496 274 507 282 494 285 481 285 583 284 595 277 609 278 621 285 608 289 595 288 979 413 -66.972412 96.859802 2.861739 -0.403173 -0.067321 0.012740 -49.136356 -42.543819 624.055115 -82.264313 -43.399517 621.965637 -16.008402 -41.688122 626.144592
501 316 517 308 536 310 551 321 534 325 516 323 657 327 674 319 695 319 712 328 694 334 675 333 1112 476 -93.330757 109.354912 5.362648 0.164777 -0.030109 0.076632 -9.841407 -13.319219 442.789734 -42.933990 -15.767281 441.586578 23.251175 -10.871156 443.992920
960 336 974 326 991 326 1004 336 989 341 974 341 1082 337 1096 327 1113 328 1127 339 1113 344 1097 343 622 49 3.556125 24.750343 -7.797616 -0.022390 -0.121023 0.027423 203.448685 -8.349348 519.400391 170.499191 -9.302431 515.402710 236.398178 -7.396265 523.398132
538 304 555 296 575 299 590 310 572 314 554 312 697 319 714 311 733 312 749 322 732 328 714 326 701 350 -11.799013 84.334923 -0.974949 -0.362412 -0.001866 0.090343 6.498800 -17.623413 451.124023 -26.572018 -20.565063 451.600800 39.569618 -14.681761 450.647247
527 291 543 283 562 285 577 296 560 300 542 299 681 302 698 293 717 294 734 304 716 310 698 308 980 1 -67.642136 15.324591 -5.471567 -0.360198 0.036813 0.073015 0.494068 -24.868702 460.453339 -32.600990 -27.020750 462.079803 33.589127 -22.716656 458.826874
570 312 588 306 608 310 623 321 605 322 586 320 730 333 747 326 765 327 780 337 763 341 746 339 208 882 86.780357 189.517273 5.255781 -0.369353 -0.016366 0.119209 20.234268 -12.606772 448.881683 -12.733174 -16.565372 449.073700 53.201710 -8.648172 448.689697
752 335 768 330 784 329 798 334 783 336 767 336 892 342 909 340 925 343 940 351 924 349 908 346 324 606 63.412792 134.920288 0.735726 -0.513488 0.154743 0.126411 101.513039 -6.521898 495.965118 68.954483 -9.224011 501.897949 134.071594 -3.819785 490.032318
578 305 596 298 615 301 630 312 612 315 594 313 731 324 748 317 767 318 782 328 765 333 747 331 86 557 110.653214 125.174232 -2.448987 -0.306285 0.000668 0.120197 22.896193 -16.504902 463.380768 -10.070909 -20.421038 464.008240 55.863293 -12.588765 462.753265
763 325 778 320 795 320 809 324 793 326 778 326 895 334 911 333 928 336 943 345 927 342 911 339 37 464 120.284401 106.759331 -4.783530 -0.412835 0.158805 0.145965 110.049423 -10.953228 521.404663 77.603165 -14.557685 527.471619 142.495682 -7.348771 515.337708
534 316 551 309 569 311 584 322 567 326 550 324 691 332 708 324 727 325 743 334 726 340 708 338 1332 885 -136.582596 190.341812 15.671121 -0.365566 0.018441 0.094665 4.198187 -12.401528 452.586609 -28.854027 -15.359932 453.752167 37.250401 -9.443126 451.421051
542 304 560 297 580 299 596 311 578 314 559 312 704 320 721 312 740 313 756 323 739 328 721 327 813 706 -33.649185 154.810852 7.265410 -0.403092 -0.012545 0.089423 9.008569 -17.198193 445.991302 -24.062784 -20.166508 446.176483 42.079922 -14.229878 445.806122
967 320 980 313 994 313 1005 320 993 324 979 324 1082 323 1093 316 1107 317 1117 324 1106 328 1094 327 392 96 49.316498 34.004478 -8.964744 0.028444 1.125837 0.006099 189.881622 -14.640686 489.618958 175.588776 -15.280817 519.583313 204.174484 -14.000555 459.654572
546 300 562 294 581 297 596 308 579 311 561 309 702 318 719 309 738 310 754 320 736 325 718 324 873 716 -45.561226 156.802200 8.020635 -0.365784 0.015041 0.099543 9.013811 -18.804989 454.794952 -24.024744 -21.941334 455.879791 42.052364 -15.668643 453.710083
581 309 598 303 616 305 631 315 614 318 597 316 730 325 747 318 765 319 780 328 764 332 746 331 316 764 65.183212 166.187073 3.861344 -0.299810 0.005522 0.100160 23.587749 -15.967392 474.600769 -9.451388 -19.210817 475.275513 56.626884 -12.723967 473.926056
505 294 520 286 538 287 553 297 537 302 520 301 658 301 674 292 694 292 711 301 693 307 675 307 1279 283 -126.738388 71.194221 2.993073 -0.371176 0.066707 0.053023 -9.665914 -24.680288 460.180328 -42.751621 -25.992533 462.664978 23.419794 -23.368044 457.695679
540 290 556 282 575 284 590 296 573 299 555 298 694 304 710 295 730 296 745 306 728 312 710 310 831 171 -37.837833 48.937248 -3.401894 -0.420530 0.035853 0.095751 5.918851 -24.542376 461.208984 -27.115097 -27.377024 463.020813 38.952797 -21.707729 459.397186
512 290 528 283 547 284 562 295 545 299 528 298 666 301 683 292 703 292 720 301 702 307 684 306 1354 222 -141.712463 59.137630 2.448814 -0.368110 0.051867 0.065543 -5.841703 -25.215786 457.030151 -38.931900 -27.027576 459.107605 27.248495 -23.403994 454.952698
546 292 563 286 583 289 598 300 580 303 562 301 705 310 722 302 741 304 756 314 739 319 721 317 853 428 -41.915974 99.802452 2.004726 -0.427054 0.005881 0.108395 9.766191 -21.812685 450.531555 -23.246122 -25.255552 451.476746 42.778507 -18.369818 449.586365
561 239 582 232 604 235 623 246 602 249 581 248 737 253 756 244 776 244 793 253 775 259 756 258 323 290 63.250271 72.383202 -5.672117 0.310943 0.027401 0.049574 19.223717 -40.704784 399.742706 -13.928272 -42.463886 400.383698 52.375706 -38.945683 399.101746
604 230 625 224 648 227 666 239 645 242 624 240 781 250 800 241 820 242 837 252 818 258 799 256 191 241 89.425896 62.658920 -7.880330 -0.315763 -0.003747 0.097123 36.210251 -43.284607 407.600983 3.160856 -46.470673 407.983368 69.259644 -40.098541 407.218628
424 233 449 221 478 224 501 242 475 248 448 246 661 248 687 232 717 232 743 246 717 256 688 256 1082 361 -87.500488 86.590080 2.757664 0.349734 0.020374 0.036162 -12.527969 -31.069769 288.775146 -45.704475 -32.362946 289.229919 20.648537 -29.776590 288.320343
634 268 642 264 651 265 659 269 650 271 641 271 706 273 714 269 724 270 731 275 723 277 714 276 328 674 62.695633 148.378403 2.149496 -0.162077 0.037323 0.080534 48.381145 -74.100548 942.051636 15.306767 -76.659340 943.500000 81.455521 -71.541763 940.603210
255 240 264 235 274 234 284 238 274 241 264 242 342 236 351 231 362 231 371 235 362 238 352 238 9 504 125.894417 114.669640 -4.231520 -0.245407 -0.171982 -0.085989 -248.961487 -92.539978 839.701538 -281.557434 -90.425835 833.735413 -216.365524 -94.654129 845.667603
532 219 554 210 580 214 601 232 577 235 553 232 751 244 775 230 802 230 824 243 800 252 775 252 1268 375 -124.447243 89.398895 4.754631 0.235462 0.055263 0.079796 14.460487 -36.123577 315.313477 -18.588751 -38.959499 316.818451 47.509727 -33.287655 313.808502
601 186 626 177 654 181 676 198 650 201 624 198 822 211 847 199 874 200 896 214 871 221 846 220 654 17 -2.839642 18.424067 -8.150786 0.274319 0.077746 0.083556 36.188763 -46.093098 318.255676 3.198627 -49.178406 320.421631 69.178902 -43.007793 316.089722
665 194 691 187 720 191 742 207 716 209 689 206 885 222 909 212 934 214 954 227 931 233 907 231 279 251 71.949562 64.656006 -6.867162 -0.202583 0.029104 0.122864 57.349735 -44.932209 331.900421 24.408356 -48.875839 333.268951 90.291115 -40.988579 330.531891
713 520 721 516 729 516 737 520 729 522 721 522 782 520 789 516 798 516 806 520 798 523 790 522 363 442 55.475052 102.472443 -2.225804 -0.378113 0.234909 0.008528 126.464745 159.879257 1020.153503 94.162239 161.055832 1027.751099 158.767242 158.702698 1012.555908
273 241 280 236 289 236 296 241 289 243 280 244 344 239 352 234 362 234 371 238 362 241 353 241 214 473 85.120445 108.576790 -2.970718 -0.083411 0.061889 -0.025485 -274.420197 -102.464432 948.711243 -307.550690 -101.534187 950.727112 -241.289688 -103.394669 946.695435
647 201 674 193 703 198 726 214 699 217 672 213 872 230 896 219 923 220 944 233 920 240 895 238 421 161 43.627796 46.874035 -7.381414 0.155689 0.043664 0.097787 51.258274 -41.098324 319.613586 18.243305 -44.438576 320.802826 84.273239 -37.758072 318.424377
250 242 260 237 271 235 282 238 271 241 261 242 341 236 351 232 361 232 372 236 362 238 351 238 1227 765 -115.853699 166.572067 12.273972 -0.084850 -0.132486 -0.070602 -235.368439 -86.420158 789.627686 -268.200012 -84.273613 785.151062 -202.536865 -88.566704 794.104248
259 242 268 237 279 236 288 240 279 243 269 244 344 236 353 231 363 230 372 235 363 238 354 238 278 348 72.259178 83.852249 -4.912237 -0.008605 -0.198526 -0.093749 -256.190430 -95.370476 872.287598 -288.598175 -92.310783 865.735107 -223.782654 -98.430176 878.840027
545 211 567 201 592 206 612 224 589 228 566 224 762 236 785 221 813 221 835 234 811 244 785 243 1427 171 -156.277664 49.059643 2.088620 0.162797 0.063464 0.082203 18.009514 -38.940701 319.487396 -15.016798 -41.824303 321.360168 51.035824 -36.057098 317.614655
592 244 617 235 645 240 667 258 642 261 616 257 816 272 842 259 870 260 893 273 868 281 841 280 837 619 -38.518032 137.598358 5.724856 0.315822 0.083606 0.085010 33.288231 -27.468193 310.040039 0.317215 -30.671871 312.322205 66.259247 -24.264515 307.757874
258 243 267 237 278 236 288 240 278 244 268 245 344 236 352 231 363 230 372 235 363 238 353 238 658 439 -3.152114 101.939323 0.431070 0.025089 -0.184446 -0.094452 -255.197998 -94.846825 867.271545 -287.692474 -91.656738 861.230652 -222.703522 -98.036911 873.312439
250 241 260 236 271 235 281 238 271 241 260 242 340 235 350 231 361 231 371 235 361 237 351 237 946 800 -59.972092 173.440918 10.394032 -0.070898 -0.075572 -0.068036 -235.535553 -87.133278 788.780334 -268.568909 -84.968788 786.197388 -202.502197 -89.297760 791.363220
249 242 259 238 271 237 282 239 271 241 260 242 342 235 353 232 364 232 376 235 365 236 353 236 388 550 50.630405 123.850945 0.191377 -0.264487 -0.140620 -0.102327 -216.791656 -80.209885 729.791931 -249.498505 -77.480927 724.754700 -184.084793 -82.938835 734.829163
543 272 564 265 589 271 609 288 586 290 563 286 758 303 782 291 808 291 830 303 806 311 781 311 1328 894 -135.777405 192.122101 15.816511 0.304250 0.110577 0.087476 16.826405 -19.123207 317.586700 -16.051443 -22.527056 320.752228 49.704254 -15.719357 314.421173
526 321 540 315 554 316 565 326 551 328 538 327 633 333 645 327 659 328 671 337 658 340 645 339 96 230 108.292152 60.462494 -8.978232 -0.480389 -0.075612 0.094435 -17.941292 -15.277537 640.489197 -50.908054 -18.877373 638.817810 15.025469 -11.677702 642.160522
465 322 475 314 490 314 501 323 488 329 475 329 577 323 590 314 607 314 622 322 608 329 592 329 892 724 -49.327847 158.389313 8.357658 -0.050775 0.661189 0.019208 -38.804436 -13.464678 454.648071 -65.007584 -13.519466 475.042969 -12.601289 -13.409889 434.253174
473 318 484 312 497 313 507 320 496 323 484 322 573 321 584 315 596 314 606 320 595 324 584 324 564 808 15.949828 174.945679 7.036936 0.278578 -0.080957 0.030353 -58.707886 -23.255894 702.470947 -91.789467 -23.877731 699.681335 -25.626305 -22.634054 705.260559
468 319 482 310 501 309 516 318 500 324 483 325 612 312 626 302 645 301 660 309 645 316 628 317 384 753 51.657372 164.024124 4.265041 0.011027 -0.354318 -0.042234 -26.998596 -16.844034 456.129944 -58.111858 -15.407070 444.620819 4.114666 -18.281000 467.639038
468 319 482 312 497 311 509 316 495 321 481 322 580 315 594 309 611 309 626 315 611 319 595 319 1000 827 -70.672348 178.795349 11.438214 -0.356240 0.110351 -0.007746 -48.254852 -22.248386 613.664612 -81.258842 -21.351988 617.199158 -15.250863 -23.144783 610.130127
469 314 480 308 493 308 503 315 492 318 480 318 569 316 579 309 591 309 602 315 591 319 580 319 755 616 -22.226049 136.987808 4.908704 -0.342074 -0.097104 -0.010435 -62.656094 -27.067589 716.147156 -95.704216 -27.274048 712.931763 -29.607971 -26.861132 719.362549
480 314 494 307 510 306 524 312 509 316 494 317 596 312 611 307 628 307 643 315 628 318 612 316 199 727 88.391685 158.840698 2.034301 -0.094606 0.266849 0.021321 -36.454914 -21.848202 561.430298 -68.477921 -22.130369 570.205627 -4.431906 -21.566036 552.654907
430 298 444 287 462 286 476 295 461 303 445 304 567 290 584 279 605 278 624 287 606 295 586 296 622 290 3.831634 72.444603 -2.917648 -0.178061 0.417872 0.006822 -44.740944 -26.081007 444.649231 -75.095444 -25.085585 458.072083 -14.386442 -27.076429 431.226379
448 310 463 297 483 297 499 308 482 316 464 317 593 306 609 294 630 293 648 305 631 312 611 313 1311 373 -132.994690 89.011925 5.110260 -0.016655 0.336563 -0.012543 -34.590946 -19.392031 437.505005 -65.930290 -18.891211 448.466492 -3.251602 -19.892851 426.543518
474 297 487 290 502 291 514 299 500 303 486 302 589 304 603 297 619 298 632 306 618 310 603 308 156 124 96.247498 39.497257 -10.571873 0.095202 -0.725862 0.079500 -32.554993 -23.100349 470.490845 -57.300323 -24.411566 448.388611 -7.809659 -21.789133 492.593079
464 305 477 297 492 298 504 307 490 311 476 311 585 309 600 301 618 301 633 311 617 316 601 315 504 436 27.448034 101.313995 -1.048366 -0.101523 0.532367 0.065971 -37.052124 -20.345423 463.906708 -65.596817 -21.553505 480.827118 -8.507431 -19.137342 446.986267
455 299 469 290 487 290 501 299 485 305 469 306 590 299 607 290 627 291 645 301 627 307 608 306 682 175 -8.223305 49.698254 -4.693527 -0.160209 0.449940 0.059894 -35.402855 -23.179668 448.353790 -65.252556 -23.918665 462.879913 -5.553150 -22.440670 433.827637
398 301 409 295 422 296 433 302 421 305 410 305 498 302 508 296 520 295 530 301 520 305 509 305 722 801 -15.456651 173.592804 8.350733 -0.295618 -0.180662 -0.034058 -112.816071 -36.910244 731.720154 -145.465378 -36.679821 725.676270 -80.166748 -37.140663 737.764038
399 297 410 291 423 291 433 297 422 300 410 300 499 297 509 291 521 291 531 297 521 301 510 301 920 449 -55.206512 103.972145 3.047174 -0.323263 -0.156558 -0.031311 -112.016922 -39.856827 730.469360 -144.803085 -39.670704 725.216492 -79.230751 -40.042950 735.722168
398 301 409 295 422 295 432 302 421 305 409 305 498 302 508 295 520 295 531 301 520 305 509 305 1019 627 -74.676750 139.218948 7.563480 -0.326514 -0.152577 -0.034201 -112.576035 -36.836567 729.444336 -145.379349 -36.543694 724.304626 -79.772728 -37.129444 734.584106
395 306 406 300 419 300 429 306 418 309 406 309 495 305 506 299 518 299 528 304 518 308 506 308 1155 790 -101.516953 171.504822 12.116909 -0.333388 -0.146486 -0.041422 -113.788231 -33.871357 725.532959 -146.612595 -33.328304 720.550354 -80.963875 -34.414410 730.515564
400 295 411 289 424 288 435 295 423 298 411 299 500 296 511 289 523 290 534 297 523 300 511 299 723 110 -16.445318 36.843075 -5.631999 -0.321093 -0.162953 -0.024951 -109.720215 -40.355869 722.111450 -142.478714 -40.404552 716.685791 -76.961723 -40.307186 727.537170
414 303 426 297 439 297 449 304 437 308 425 308 522 305 534 298 548 298 561 304 548 309 535 309 269 470 74.187172 107.994385 -2.524790 0.035382 -0.833583 0.019458 -62.889435 -22.493406 479.836121 -85.206192 -22.605186 455.249359 -40.572681 -22.381624 504.422913
394 295 405 288 417 288 428 295 417 299 404 300 501 294 511 287 524 287 535 294 525 299 512 299 1042 25 -79.935616 20.086960 -4.414434 0.023179 -0.849863 -0.011552 -74.521690 -27.443941 490.422699 -96.438278 -26.797129 465.486664 -52.605106 -28.090754 515.358704
410 294 421 289 434 289 444 296 433 299 421 299 510 298 520 292 532 292 542 299 532 302 520 302 723 256 -16.278414 65.736694 -2.675669 -0.310283 -0.169200 -0.002098 -104.506058 -39.963127 729.766418 -137.240433 -40.757488 724.253723 -71.771698 -39.168770 735.279114
491 298 509 291 531 294 549 308 529 311 509 308 672 317 692 306 715 306 733 316 713 323 692 323 1067 843 -83.968605 181.975525 12.379417 0.319717 0.014594 0.072942 -6.086129 -16.285160 378.275116 -39.199894 -18.740700 378.367340 27.027636 -13.829619 378.182892
479 260 497 252 518 255 536 268 517 272 497 270 658 274 677 263 700 263 719 272 699 280 678 280 1100 506 -90.911766 115.289497 5.859566 0.226964 -0.011075 0.058475 -11.192133 -31.691555 387.124969 -44.338409 -33.573906 386.541229 21.954144 -29.809204 387.708679
606 229 628 223 650 227 669 239 647 241 626 239 784 252 802 244 823 246 839 257 821 261 801 259 42 225 119.017555 59.461899 -9.576940 -0.207104 -0.054390 0.107660 37.058731 -42.495605 405.019928 4.094315 -46.222450 403.599579 70.023148 -38.768764 406.440277
523 261 543 254 565 258 583 272 563 275 542 272 705 282 725 272 748 272 766 283 746 290 724 289 816 658 -34.300232 145.312195 6.321103 0.273385 0.010967 0.087762 5.825660 -29.068371 381.794281 -27.250174 -31.991995 381.757812 38.901493 -26.144747 381.830719
575 252 591 244 611 246 627 258 609 262 591 261 734 264 752 254 773 254 790 264 772 271 752 270 1018 201 -74.965027 54.912697 -1.071734 -0.365774 0.076499 0.077973 22.070299 -40.081848 442.562775 -10.938809 -42.149540 445.509460 55.079411 -38.014153 439.616089
586 278 603 271 623 273 638 286 621 289 602 287 747 293 764 283 784 283 800 293 783 300 764 299 894 723 -49.726440 158.191818 8.355835 0.318372 0.049414 0.065896 26.374653 -27.692308 432.054901 -6.718541 -30.100000 433.321075 59.467846 -25.284616 430.788727
638 255 657 249 677 252 694 263 675 265 656 263 801 270 818 262 837 263 852 272 835 277 817 276 176 249 92.415909 64.239052 -7.856523 -0.314475 0.029895 0.091222 49.702816 -38.041618 445.630371 16.649622 -40.861656 447.077240 82.756012 -35.221581 444.183533
568 253 583 245 602 247 617 258 601 263 583 262 724 262 741 251 761 251 777 261 760 268 741 267 1337 66 -138.512482 28.261503 -0.866612 0.242798 0.011844 0.042918 18.027521 -40.497025 443.085938 -15.144548 -41.955181 443.303101 51.199593 -39.038868 442.868744
572 275 588 267 608 270 623 282 606 286 588 284 730 287 747 277 767 276 784 286 766 293 747 293 1105 569 -91.833366 127.758316 7.181304 0.262795 0.034387 0.050486 20.240425 -30.040764 438.260284 -12.902814 -31.846003 439.169373 53.383663 -28.235525 437.351196
625 285 643 280 663 283 680 293 661 295 642 293 789 300 806 293 825 293 840 301 823 306 805 306 262 861 76.025230 185.372437 5.328018 0.281505 0.054655 0.063586 43.254498 -24.680630 433.325165 10.165566 -27.015379 434.818909 76.343422 -22.345882 431.831390
636 250 655 243 676 245 693 256 674 259 654 258 799 262 816 254 835 255 850 264 834 269 816 268 57 47 115.833206 24.238510 -13.043048 -0.267780 0.014942 0.072917 49.105110 -40.995003 445.826477 15.991687 -43.319138 446.638336 82.218536 -38.670864 445.014587
593 283 610 276 631 279 647 291 629 294 610 292 755 299 772 288 793 289 809 298 791 305 772 304 765 721 -24.093262 157.769516 7.126954 0.286580 0.044033 0.065796 29.624727 -25.389359 430.847748 -3.476786 -27.750031 431.977661 62.726238 -23.028687 429.717834
619 275 637 269 657 271 674 282 655 285 636 284 782 290 799 281 818 282 834 290 817 296 798 295 485 613 31.426146 136.338654 2.360644 0.262802 0.070211 0.058158 40.702854 -29.021284 434.636322 7.635151 -31.231960 436.685608 73.770561 -26.810610 432.587067
564 267 580 258 600 260 616 272 598 276 580 275 724 276 741 265 762 265 779 275 761 282 742 281 1038 300 -78.826340 74.509048 1.117145 -0.293757 0.074562 0.055352 17.636049 -34.794632 443.210327 -15.426724 -36.242870 445.914978 50.698822 -33.346390 440.505676
586 256 603 248 624 250 639 262 621 266 603 265 748 269 765 258 786 259 803 269 785 276 766 275 794 163 -30.494171 47.346436 -3.904739 0.281870 0.031963 0.060906 26.806940 -37.131432 431.027374 -6.319874 -39.274067 431.790833 59.933754 -34.988796 430.263885
552 346 569 337 590 338 607 349 589 354 570 353 716 350 733 339 753 338 770 347 753 354 734 355 801 420 -31.591444 98.208565 1.363697 0.217715 -0.000792 0.007480 13.319422 -2.752185 426.895691 -19.884457 -2.995734 426.842682 46.523300 -2.508636 426.948730
475 337 492 329 513 331 529 345 511 349 492 347 647 349 665 337 686 336 704 346 686 355 666 355 1101 695 -90.894432 152.693085 9.695807 0.200875 -0.039671 0.052304 -15.014213 -4.016437 403.150665 -48.147743 -5.608469 401.669373 18.119318 -2.424406 404.631927
521 332 540 324 563 326 581 338 561 342 540 340 704 344 723 333 744 333 762 343 743 350 722 349 621 701 4.500209 153.781921 5.395410 0.265356 -0.015366 0.048407 5.050925 -5.759432 384.253235 -28.111324 -7.279998 383.537231 38.213173 -4.238867 384.969269
491 326 509 318 531 320 549 333 529 337 509 335 669 339 688 328 711 328 729 338 710 345 689 345 894 766 -49.677284 166.701584 9.226534 0.206890 -0.016186 0.057314 -6.894835 -7.736064 389.262573 -40.040989 -9.569120 388.533142 26.251318 -5.903008 389.992035
511 310 530 301 553 304 570 318 550 322 529 320 692 324 711 312 734 312 752 324 732 331 711 330 755 304 -22.582726 75.242538 -1.408932 0.226886 -0.014174 0.059883 1.111130 -13.116286 385.205444 -32.031101 -15.033290 384.514618 34.253361 -11.199284 385.896301
515 309 534 301 556 303 574 317 554 321 533 319 694 323 714 312 736 312 754 323 735 330 714 330 744 353 -20.340738 84.937454 -0.518074 0.209904 -0.009632 0.060000 2.223586 -13.566208 387.818481 -30.920162 -15.509232 387.292938 35.367336 -11.623183 388.344025
467 324 484 315 505 318 522 332 504 336 484 334 643 336 662 324 685 324 703 334 684 342 663 342 1119 498 -94.696678 113.710182 5.872608 0.179047 -0.044685 0.057856 -16.517328 -8.639772 391.732208 -49.633694 -10.416487 390.086243 16.599037 -6.863059 393.378174
540 324 561 317 583 320 601 333 581 336 559 334 724 342 743 332 765 333 782 344 763 350 742 349 572 565 14.082237 126.857254 2.190167 0.237531 0.003463 0.078253 12.257810 -6.909365 383.314148 -20.845667 -9.494334 383.120941 45.361286 -4.324395 383.507324
524 314 544 306 567 308 585 322 565 325 543 323 708 330 727 319 749 320 767 331 747 337 727 337 828 353 -37.033600 84.954704 0.255756 0.216169 0.005990 0.068928 6.505006 -11.144769 383.067657 -26.620672 -13.435313 383.018555 39.630684 -8.854224 383.116791
482 322 500 314 522 316 539 330 520 333 500 332 661 336 680 325 703 325 722 336 702 343 681 342 1168 439 -104.501625 102.044060 5.129329 0.168287 -0.016430 0.065431 -10.117883 -8.788191 387.949646 -43.247341 -10.903148 387.224792 23.011578 -6.673235 388.674530
533 335 553 327 575 330 593 344 573 347 552 345 715 352 734 341 756 341 774 352 754 359 734 358 495 686 29.522352 150.787521 3.930931 0.232268 -0.017923 0.071915 9.334908 -3.353257 384.227692 -23.779160 -5.648837 383.362518 42.448975 -1.057676 385.092896
546 327 567 319 590 322 608 335 587 338 566 336 729 343 748 332 770 333 788 344 768 350 748 349 358 550 56.592140 123.844780 -0.084991 0.200104 -0.009443 0.070145 14.520995 -6.487974 385.518768 -18.600960 -8.768416 384.975372 47.642952 -4.207532 386.062134
498 333 517 325 539 328 557 342 537 345 516 343 679 350 699 338 722 338 740 349 720 356 699 355 1029 541 -76.762314 122.201469 5.914204 0.189523 0.000428 0.064441 -3.534622 -4.148785 382.960541 -36.670719 -6.275625 382.772583 29.601473 -2.021945 383.148499
523 317 543 309 565 313 583 327 562 330 542 328 703 338 723 327 746 328 764 339 744 346 723 344 901 484 -51.390732 110.894791 3.580849 0.169414 0.007912 0.089911 5.482932 -9.040245 385.790802 -27.587042 -12.029613 385.799805 38.552906 -6.050878 385.781799
490 348 509 341 531 344 548 359 528 362 508 359 670 369 689 358 712 358 731 368 710 376 689 375 1188 826 -108.033707 178.636047 13.149872 0.231198 0.019907 0.082317 -6.812979 2.326551 384.429047 -39.899311 -0.455272 384.769043 26.273355 5.108375 384.089081
475 328 493 320 514 324 530 338 512 342 492 339 652 347 671 335 694 336 712 346 692 354 671 354 1399 403 -150.448151 94.967041 6.528405 0.123822 0.018015 0.078183 -13.375503 -5.457823 390.354553 -46.473637 -8.081431 390.790131 19.722633 -2.834215 389.918976
564 347 584 339 607 341 625 353 605 355 584 354 735 359 755 350 777 351 794 362 775 366 754 365 353 782 57.850983 169.756897 4.566677 -0.317487 0.099027 0.082594 19.660545 0.183326 411.806946 -13.270891 -1.988949 415.462250 52.591984 2.355601 408.151642
485 320 503 311 525 314 543 329 523 332 503 330 665 337 685 325 708 325 726 336 706 344 685 343 1333 176 -137.591843 50.029846 1.323910 0.133329 0.016862 0.068863 -8.639944 -8.907487 384.793945 -41.761467 -11.222631 385.199585 24.481577 -6.592342 384.388336
657 304 671 297 687 298 701 306 686 309 671 309 786 308 799 300 815 300 828 307 814 312 800 311 345 568 59.196136 127.404335 0.159728 -0.428670 0.081397 0.040901 59.820477 -25.491766 552.596985 26.751245 -26.236719 555.500549 92.889709 -24.746811 549.693481
529 253 545 246 563 246 579 256 562 259 545 259 677 257 692 248 710 248 725 255 709 261 693 261 409 661 46.584084 145.822327 2.632455 -0.364968 -0.005474 0.012948 -0.385399 -45.520088 481.615692 -33.586967 -45.973324 481.515533 32.816170 -45.066856 481.715851
434 239 449 231 468 232 484 242 467 246 450 246 593 241 609 231 629 230 647 237 629 244 611 245 1259 739 -122.242607 161.433197 12.042295 0.347121 -0.096769 0.008573 -36.393139 -47.453304 433.509918 -69.442947 -47.180172 430.316956 -3.343326 -47.726440 436.702881
513 201 532 196 553 199 569 209 550 212 531 209 671 220 687 214 705 216 720 225 703 229 686 227 138 227 99.942291 59.877415 -8.652064 -0.267392 -0.119492 0.086593 -3.953654 -60.433182 453.327972 -36.799725 -63.790352 449.803070 28.892414 -57.076008 456.852844
490 246 506 240 525 242 540 253 523 256 505 254 644 262 662 254 682 254 699 264 681 269 662 268 1147 655 -100.081482 144.786469 9.309619 0.283694 -0.055666 0.100380 -14.746803 -41.566360 443.818054 -47.734585 -44.587513 441.529266 18.240978 -38.545204 446.106812
532 254 550 248 570 251 587 262 568 264 549 262 694 271 711 264 730 264 746 273 728 278 710 277 590 701 10.660669 153.775558 5.109829 0.307955 -0.004791 0.091190 4.771896 -36.992836 433.930420 -28.295664 -39.944683 433.311829 37.839458 -34.040993 434.549042
575 226 594 219 615 222 631 234 612 236 593 234 732 245 749 238 767 239 782 250 765 253 748 251 122 149 103.032715 44.437813 -10.378869 -0.238804 -0.063489 0.105321 22.475607 -50.147781 455.101990 -10.479628 -53.853252 453.434174 55.430843 -46.442310 456.769775
535 251 553 245 573 248 589 260 571 262 552 260 694 271 712 263 731 264 746 274 729 279 711 277 640 727 0.754165 158.931259 6.096913 0.290785 0.000283 0.105136 5.530679 -37.978996 440.233887 -27.492073 -41.416012 439.739594 38.553432 -34.541977 440.728210
549 227 567 221 588 224 603 235 585 238 566 236 706 246 724 238 743 240 758 250 741 255 723 253 471 46 33.560101 24.125629 -9.249416 -0.277166 -0.028939 0.105806 11.192946 -49.517788 453.402069 -21.813576 -53.111431 452.938599 44.199471 -45.924141 453.865540
578 227 595 222 614 225 628 236 611 238 594 236 727 247 743 240 762 241 777 250 760 255 742 254 8 156 125.695312 45.799709 -11.287327 0.135377 0.039172 0.105718 22.171686 -51.145584 471.278137 -10.822643 -54.725609 472.335114 55.166016 -47.565556 470.221161
531 238 549 231 569 234 585 246 566 249 547 247 690 255 707 247 727 248 742 258 725 263 707 262 710 235 -13.719001 61.578094 -3.220654 -0.301999 -0.028368 0.088966 3.750493 -44.960224 448.677612 -29.310755 -48.006409 448.193634 36.811741 -41.914040 449.161591
505 261 522 254 541 257 557 269 539 272 521 269 661 279 678 269 698 270 714 279 697 285 678 284 1183 819 -107.048088 177.249710 12.962069 0.338477 -0.012830 0.093784 -7.823768 -34.673416 440.261780 -40.881348 -37.652416 439.322845 25.233812 -31.694420 441.200684
507 249 524 242 543 245 559 257 541 259 523 257 664 265 682 256 701 256 718 266 700 271 682 270 1063 460 -83.611542 106.178429 4.587265 0.402531 -0.011520 0.085102 -6.611514 -39.617702 434.491638 -39.695602 -42.288471 433.559082 26.472574 -36.946930 435.424194
493 248 510 241 529 243 544 254 527 257 509 256 649 261 666 252 686 252 703 261 685 267 667 266 1404 337 -151.517227 81.906570 5.238044 0.347436 -0.028353 0.070543 -12.824911 -41.301788 439.622925 -45.934769 -43.433239 438.298584 20.284946 -39.170334 440.947296
612 286 629 280 647 283 661 293 644 295 627 293 750 306 765 301 782 303 795 313 780 316 764 313 442 303 39.616913 74.980362 -4.312622 -0.066788 -0.151396 0.133823 36.527412 -25.903374 498.964355 3.997908 -30.480703 494.122955 69.056915 -21.326044 503.805756
387 342 406 333 429 334 449 348 428 353 407 351 581 348 602 335 626 334 648 344 626 353 603 354 1213 130 -113.797478 40.901733 -0.713009 -0.333396 -0.090518 -0.013315 -37.799732 -3.241602 361.146576 -70.866951 -3.304296 358.127472 -4.732514 -3.178908 364.165649
495 335 516 326 542 329 562 344 539 348 516 346 695 350 716 338 740 339 759 350 738 358 716 357 650 168 -1.872122 48.306374 -5.130062 0.105993 -0.010135 0.047987 0.059386 -3.493772 350.698730 -33.105534 -5.065750 350.278625 33.224308 -1.921793 351.118866
598 372 614 369 632 374 645 386 629 386 612 382 741 406 758 401 775 404 788 414 772 416 756 413 917 794 -54.215939 172.247543 10.005383 0.235706 0.076447 0.200938 29.183439 17.889164 475.217285 -3.260491 11.033020 476.933167 61.627369 24.745308 473.501404
739 354 753 349 768 352 779 361 765 363 751 361 859 374 872 368 887 370 898 379 885 381 871 379 732 379 -17.926321 90.080429 -0.102152 -0.428730 0.136580 0.189039 106.427864 6.830318 592.145630 74.108269 1.752585 597.821899 138.747452 11.908052 586.469360
718 384 732 380 748 382 761 390 747 392 731 390 845 399 859 394 874 395 886 401 872 405 858 404 231 872 82.198265 187.542984 5.265174 -0.021374 -0.002115 0.103242 91.855240 20.556665 556.680542 58.827301 17.134127 556.647034 124.883179 23.979204 556.714050
649 408 659 402 671 401 682 408 671 411 659 412 748 407 759 401 772 401 783 407 772 411 760 411 733 181 -18.351397 50.896137 -4.102209 -0.491289 0.128504 0.017025 58.160473 35.547005 706.086853 25.228680 36.031517 710.308472 91.092262 35.062496 701.865234
611 402 623 396 637 397 648 404 636 407 623 407 723 407 735 400 749 400 760 407 748 411 735 410 712 686 -13.600872 150.832077 5.929994 -0.363222 0.042797 0.039623 34.037594 29.964115 628.473755 0.888622 28.933105 630.099243 67.186569 30.995125 626.848267
540 370 555 365 571 366 584 374 569 377 554 376 669 377 682 370 697 371 709 377 696 382 682 381 227 745 82.847977 162.408676 2.656723 -0.334379 -0.053578 0.037013 -1.344591 10.467568 556.225586 -34.479679 8.967620 554.684265 31.790495 11.967518 557.766968
478 354 490 347 506 348 519 356 505 360 491 360 604 357 618 349 635 349 649 357 634 362 619 362 1203 141 -111.797661 43.076599 -0.582394 -0.244885 0.007960 0.012421 -34.157635 0.826011 547.507751 -67.358849 0.449900 547.819641 -0.956415 1.202123 547.195862
555 363 569 357 586 358 599 366 584 369 569 369 683 369 695 362 710 362 722 369 709 373 695 373 79 487 111.964264 111.319687 -3.930892 -0.288067 -0.058348 0.031764 6.081965 6.432794 559.647095 -27.050108 5.116359 557.888611 39.214039 7.749228 561.405640
555 356 570 351 586 352 599 361 584 364 569 363 682 368 695 362 710 363 722 371 709 375 695 373 227 358 82.405563 85.820793 -5.179574 -0.299377 -0.057524 0.080344 6.200001 5.009294 558.808960 -26.844042 2.101899 557.326477 39.244045 7.916688 560.291504
498 371 511 365 526 366 539 374 525 377 511 377 623 377 637 370 653 370 667 377 653 381 638 381 1044 598 -79.678017 133.484940 7.206571 0.139688 -0.029276 0.044380 -24.200891 10.339467 549.489746 -57.358864 8.939093 548.418518 8.957079 11.739841 550.560974
516 373 529 367 545 368 558 376 544 379 529 379 644 379 657 372 673 372 686 379 672 384 658 383 759 732 -22.888338 159.945206 7.294417 -0.313389 -0.034565 0.029210 -14.273964 11.651829 552.055115 -47.445061 10.519707 551.077148 18.897131 12.783950 553.033020
537 351 551 345 567 346 580 355 565 358 550 357 664 361 677 354 693 355 705 363 692 367 677 366 563 124 15.366612 39.580841 -6.822478 -0.393657 -0.027885 0.068930 -3.578988 1.606736 555.384766 -36.693230 -0.801150 554.927917 29.535254 4.014623 555.841614
670 294 686 290 702 292 715 301 700 303 684 301 801 312 815 307 830 309 842 316 828 319 814 318 237 790 80.912178 171.316299 3.660044 -0.400341 0.060154 0.152090 65.927681 -25.084303 542.910156 33.160103 -29.584833 545.841125 98.695267 -20.583775 539.979187
602 303 616 298 632 299 645 307 630 310 615 309 734 313 749 307 765 308 779 316 764 320 749 319 1126 735 -95.816811 160.614273 10.736068 -0.045368 0.080063 0.075111 30.617973 -22.143356 526.244202 -2.386986 -24.571314 528.952942 63.622932 -19.715401 523.535461
621 296 635 290 652 292 665 301 650 304 635 303 753 308 767 301 783 302 796 309 782 314 767 313 539 508 20.574986 115.570091 0.731979 -0.357603 0.052963 0.092232 40.770409 -26.020145 535.708435 7.751232 -28.701317 537.967773 73.789589 -23.338974 533.449036
622 291 637 285 653 287 666 296 651 299 636 298 754 304 768 297 785 297 798 306 783 310 768 309 524 392 23.423244 92.610435 -1.755070 -0.390042 0.053446 0.101226 41.471752 -28.303846 535.915588 8.481504 -31.231892 538.288330 74.461998 -25.375799 533.542908
600 290 614 284 629 286 641 295 627 298 613 297 728 302 743 296 760 297 773 305 758 309 743 308 1338 137 -138.630035 42.312717 0.580267 -0.253740 0.100022 0.103663 29.158840 -28.752949 537.561829 -3.703905 -31.728039 541.269714 62.021587 -25.777859 533.853943
488 214 503 207 521 208 535 218 519 222 503 221 632 223 648 214 666 215 682 223 665 229 648 228 1290 63 -129.175858 27.658148 -1.360335 -0.256669 0.017274 0.051651 -20.253834 -62.234951 486.112213 -53.409683 -63.857216 486.898102 12.902014 -60.612686 485.326355
569 208 587 202 607 204 622 215 604 218 586 216 720 224 736 216 754 218 768 227 752 231 735 230 25 231 122.402733 60.645813 -9.612055 -0.263144 -0.034942 0.090416 18.727530 -61.305149 474.161163 -14.322306 -64.419868 473.408508 51.777367 -58.190426 474.913818
544 237 562 231 581 234 596 246 578 248 560 245 697 256 713 247 732 249 747 258 730 263 712 262 637 821 1.457799 177.533386 7.972666 0.315151 0.002547 0.102190 7.773435 -46.010620 457.886993 -25.259476 -49.355293 457.440216 40.806347 -42.665943 458.333771
531 209 548 202 568 204 583 216 565 219 547 217 684 224 700 215 719 216 734 226 718 231 700 230 678 2 -7.626178 15.460473 -8.233424 0.285317 -0.006255 0.082223 2.203553 -59.319233 459.020020 -30.889194 -61.980080 458.428741 35.296299 -56.658390 459.611298
484 237 500 230 518 232 533 243 516 246 499 244 634 249 651 240 670 240 686 249 669 255 651 254 1242 669 -118.944313 147.576599 10.468268 0.244791 -0.025443 0.068093 -19.267715 -48.349972 461.739685 -52.385277 -50.483665 460.628784 13.849846 -46.216278 462.850586
532 240 550 234 569 237 584 248 566 250 549 248 685 256 702 248 720 248 735 257 719 262 701 261 393 898 50.034611 192.721695 7.284032 0.318638 -0.019384 0.084241 2.728928 -45.467224 456.913330 -30.352949 -48.112282 455.839691 35.810806 -42.822166 457.986938
523 223 540 216 559 219 574 230 556 233 539 231 676 238 692 229 711 230 726 239 709 245 692 244 659 299 -3.510885 74.233315 -2.394554 0.295717 -0.010741 0.081862 -1.508310 -52.992592 456.762817 -34.600838 -55.615971 456.013000 31.584215 -50.369213 457.512665
502 213 517 206 536 208 550 219 534 222 517 221 651 225 668 216 687 217 703 226 686 232 668 231 1006 135 -72.655785 41.848732 -2.518705 0.289673 -0.045431 0.075737 -11.678459 -58.716782 461.787781 -44.754761 -60.976524 459.940735 21.397842 -56.457043 463.634796
557 203 575 197 594 200 610 212 592 214 573 212 708 222 725 215 743 217 757 226 741 231 724 229 129 57 101.536469 26.232311 -12.177276 -0.269107 -0.050022 0.105033 13.372128 -61.966732 471.153748 -19.609589 -65.626495 469.982391 46.353848 -58.306969 472.325104
550 204 568 199 588 202 603 213 585 216 566 213 702 224 719 216 737 218 751 227 735 232 718 230 171 47 93.178604 24.261921 -11.992848 -0.273639 -0.042103 0.104914 10.457675 -61.268570 469.638367 -22.536512 -64.891426 468.733856 43.451862 -57.645714 470.542877
539 206 555 200 574 204 588 216 571 218 554 216 688 230 705 222 723 224 738 234 721 239 704 237 944 168 -60.297134 48.366749 -2.421654 0.312663 0.011895 0.137273 4.485211 -58.548809 463.368958 -28.407452 -63.079918 463.050598 37.377872 -54.017696 463.687286
579 230 597 226 617 230 632 241 614 242 596 239 731 255 748 249 766 251 780 260 763 264 747 262 185 630 91.062943 139.641373 -0.058808 -0.269987 -0.029602 0.145606 23.263277 -48.126812 469.067841 -9.577889 -53.017113 468.747894 56.104443 -43.236511 469.387756
578 234 597 230 616 234 631 245 613 246 595 243 731 259 747 253 765 255 779 264 762 268 746 266 176 858 93.112106 184.761063 4.475016 0.284493 0.017013 0.137239 22.680490 -45.514305 460.842651 -10.209460 -50.075356 460.755341 55.570438 -40.953255 460.929932
514 217 530 210 549 213 564 224 547 228 529 226 666 232 682 223 702 224 717 233 700 239 682 238 947 118 -60.950470 38.472290 -3.406459 0.268261 -0.018930 0.082038 -5.663218 -55.404686 456.587891 -38.751118 -58.009224 455.604614 27.424683 -52.800148 457.571198
410 257 424 250 442 250 458 259 442 264 426 264 561 256 577 246 597 244 615 250 598 257 579 259 1331 686 -136.611359 150.959198 11.632390 0.127715 -0.005713 -0.025170 -51.330612 -43.554554 460.744537 -84.524384 -42.709042 460.608704 -18.136843 -44.400066 460.880402
494 235 511 228 530 230 545 242 528 245 510 243 647 248 664 239 683 239 699 248 682 254 664 254 737 579 -18.691307 129.661758 3.993676 0.272812 -0.033285 0.065915 -13.605305 -48.104248 454.274078 -46.720192 -50.114155 452.886932 19.509583 -46.094341 455.661194
524 222 542 216 562 219 577 230 559 232 541 230 680 239 696 231 715 232 729 241 713 246 696 245 464 454 35.417595 104.868004 -1.052378 0.290878 -0.006477 0.085990 -0.047649 -52.421734 453.273376 -33.129948 -55.202366 452.649475 33.034649 -49.641106 453.897278
533 208 551 201 571 204 586 215 568 218 549 216 687 225 704 217 722 218 736 228 720 233 703 231 205 61 86.437973 27.039524 -11.396148 -0.257804 -0.055551 0.087412 3.365488 -59.719440 463.675629 -29.662376 -62.821003 462.226440 36.393353 -56.617882 465.124817
473 234 489 227 508 229 523 239 506 243 489 241 625 245 642 236 662 236 678 244 661 250 643 250 994 569 -69.774948 127.735519 6.158741 0.259455 -0.052115 0.062361 -22.993841 -49.480835 456.034424 -56.089672 -51.302986 454.058228 10.101990 -47.658684 458.010620
456 233 472 226 490 228 505 238 489 242 472 241 608 241 625 232 645 232 662 240 645 246 626 246 1125 508 -95.877594 115.690430 6.130370 0.243597 -0.055925 0.044075 -30.311230 -50.370964 454.877533 -63.432316 -51.593838 452.863129 2.809857 -49.148090 456.891937
554 405 568 399 583 401 596 410 582 413 567 411 683 415 698 408 714 408 728 415 713 420 698 420 1159 541 -102.596504 122.228165 7.111799 0.224147 0.010615 0.064978 6.024541 28.344303 527.732910 -27.108631 26.166973 527.841492 39.157711 30.521633 527.624329
533 411 547 404 563 406 576 415 562 418 547 417 668 419 682 411 699 410 714 418 699 423 683 423 1123 828 -95.114326 179.018509 12.591572 0.213309 0.010379 0.041140 -2.669430 29.431236 510.472229 -35.844471 28.039326 510.669037 30.505613 30.823149 510.275421
534 391 548 384 564 385 577 395 563 398 548 397 667 397 681 388 699 388 713 396 698 401 682 401 1229 402 -116.666122 94.734230 4.942070 0.150325 -0.009682 0.036213 -2.724498 19.550682 519.395996 -35.906029 18.377146 518.985596 30.457033 20.724216 519.806458
551 379 565 372 581 373 594 383 580 386 564 385 684 387 699 379 716 379 731 387 716 392 699 392 857 0 -43.200157 15.101430 -6.624926 -0.390522 0.064154 0.055735 5.714142 14.581093 526.320923 -27.372355 13.189754 528.751465 38.800640 15.972432 523.890381
581 375 596 369 613 371 627 381 611 384 595 382 717 387 731 380 747 380 761 389 746 394 731 393 166 124 94.260254 39.499310 -10.479750 -0.385857 0.020938 0.082785 21.527510 14.144638 529.078674 -11.557809 11.599161 530.279419 54.612827 16.690115 527.877930
559 385 573 379 590 380 603 390 588 394 573 392 693 396 708 387 725 388 739 396 724 401 708 401 639 369 0.543629 88.082314 -1.161381 -0.413408 0.047910 0.068115 10.086320 18.503056 527.045593 -23.005051 16.631737 529.050293 43.177692 20.374374 525.040833
482 398 495 391 511 391 524 399 511 403 496 403 613 396 627 387 644 385 660 392 645 398 629 399 1095 374 -90.069046 89.165466 3.140659 -0.333987 0.029851 -0.033183 -29.631426 20.894535 534.367493 -62.803474 22.139603 535.157776 3.540623 19.649469 533.577209
443 380 455 373 471 373 484 382 470 386 456 385 571 382 585 374 602 373 616 381 602 386 586 386 1388 114 -148.592560 37.771248 0.575158 -0.400246 -0.005555 0.003691 -51.331181 13.564964 543.712036 -84.535263 13.409238 543.556641 -18.127094 13.720691 543.867371
510 388 525 382 542 384 556 393 540 396 524 395 646 399 660 392 676 392 689 400 675 405 660 404 325 551 63.151192 124.035904 -0.368747 -0.447148 -0.062970 0.059098 -13.932605 20.194899 527.851990 -47.015728 17.840254 526.263794 19.150518 22.549543 529.440125
525 376 540 372 557 375 570 385 555 387 539 384 658 398 673 391 689 393 701 402 687 406 672 404 777 363 -26.887217 86.923248 -0.011581 -0.412031 -0.081415 0.136904 -7.245682 17.960192 531.411011 -40.036079 13.012808 529.716125 25.544718 22.907576 533.105957
489 396 503 391 519 393 532 404 517 406 502 404 621 414 636 406 652 407 666 415 651 420 635 419 875 865 -45.788342 186.289932 11.056135 0.132968 -0.024278 0.114580 -25.420053 26.130739 523.793213 -58.397713 22.399464 522.739014 7.557602 29.862015 524.847473
488 382 502 376 518 379 531 389 517 391 501 390 621 396 636 389 653 390 667 398 652 403 636 402 952 316 -61.717739 77.657814 0.648871 0.131990 -0.039361 0.098663 -25.334785 18.089243 520.208801 -58.352711 14.914865 518.692383 7.683142 21.263620 521.725159
443 405 456 399 471 400 484 408 470 411 456 410 574 408 588 401 605 400 620 406 605 412 589 412 1337 745 -137.736267 162.636627 12.882345 0.034099 -0.013387 0.019219 -49.410213 26.055738 530.192444 -82.605919 25.425346 529.737122 -16.214508 26.686131 530.647705
506 396 521 390 539 392 552 402 537 404 521 403 643 408 658 400 674 401 688 409 673 414 657 413 552 663 18.168760 146.247498 3.990308 0.151318 -0.025308 0.074263 -14.924446 23.756807 513.264160 -48.027309 21.366259 512.241760 18.178419 26.147356 514.286499
512 382 527 375 545 377 558 387 543 390 527 389 649 393 663 385 680 385 693 394 679 399 663 398 355 283 56.883083 71.004463 -5.519066 -0.397841 -0.050288 0.060590 -12.371807 16.963879 524.839783 -45.475090 14.679065 523.610168 20.731474 19.248692 526.069458
526 394 542 389 559 391 573 400 557 403 541 401 663 407 677 399 693 400 706 407 692 412 677 412 88 764 110.492409 166.140259 1.760946 0.146856 -0.022940 0.073082 -5.352097 23.292498 517.652649 -38.459724 20.932709 516.716614 27.755529 25.652285 518.588684
519 396 535 390 552 392 566 402 550 404 534 403 656 408 670 401 686 401 699 409 685 414 670 413 261 836 76.195374 180.424698 4.812584 0.156406 -0.019106 0.071756 -8.764167 24.035980 518.065552 -41.877663 21.714703 517.248413 24.349329 26.357260 518.882629
529 383 544 377 562 379 575 389 560 391 543 390 666 395 680 388 696 388 708 396 694 401 679 400 72 340 113.187286 82.226730 -6.971956 -0.372790 -0.052337 0.068478 -4.262486 17.971313 528.365479 -37.345467 15.432594 527.088440 28.820494 20.510033 529.642578
462 383 476 376 491 377 504 386 491 389 476 389 593 386 608 378 625 378 640 385 625 390 609 390 1430 119 -156.933273 38.769382 1.063317 -0.320349 0.008527 0.009460 -39.599339 15.313726 534.295044 -72.801483 15.049939 534.623291 -6.397196 15.577515 533.966858
473 384 486 377 502 378 515 387 501 391 486 390 605 390 619 382 636 382 651 390 636 395 620 395 1434 259 -157.568130 66.476418 3.935003 0.069147 -0.030747 0.046901 -33.683266 16.454941 527.236023 -66.835899 14.934917 526.162598 -0.530636 17.974966 528.309448
594 419 610 412 628 413 643 423 627 427 609 426 741 426 756 416 775 416 790 424 774 430 757 430 598 380 8.703910 90.250816 -1.316347 0.096499 0.015065 0.019216 28.850069 31.012966 478.148621 -4.344854 30.351843 478.617249 62.044991 31.674091 477.679962
616 444 631 438 649 442 662 454 646 456 630 453 756 466 772 458 790 459 804 469 788 474 771 472 972 744 -65.202950 162.363770 9.499618 0.115449 0.057267 0.119835 37.871334 48.447292 492.844788 4.958629 44.379227 494.507416 70.784035 52.515362 491.182159
650 434 666 430 684 434 697 445 681 446 664 443 792 461 808 455 825 457 839 466 823 470 807 467 851 694 -41.214436 152.443848 7.372491 0.151481 0.092227 0.147776 54.089207 45.177307 492.019806 21.385933 40.082996 494.685059 86.792480 50.271622 489.354553
642 432 658 427 675 430 688 442 672 443 656 440 783 457 799 450 816 452 830 461 814 465 797 463 1154 594 -101.542290 132.715912 8.138926 0.127281 0.089311 0.138871 50.110764 43.618664 494.430756 17.356920 38.852764 497.082489 82.864601 48.384560 491.779022
683 420 699 415 717 419 731 430 714 431 698 428 824 444 840 438 857 440 870 449 854 452 838 450 33 272 120.859810 68.761421 -8.708155 0.059900 0.074502 0.138040 70.812080 38.521873 503.042114 38.014820 33.885876 505.367371 103.609344 43.157871 500.716858
693 425 708 420 726 423 739 435 723 436 707 433 829 449 844 442 862 444 875 453 860 457 843 455 11 534 125.531265 120.607094 -3.605631 0.032447 0.114251 0.138636 76.348465 42.169254 518.969360 43.677979 37.530014 522.667542 109.018944 46.808495 515.271179
639 438 654 433 671 436 684 448 669 449 653 446 779 462 794 455 812 457 825 466 809 470 793 468 1404 832 -150.951340 179.867813 15.261216 0.129336 0.093754 0.132237 48.661053 46.456577 497.447906 15.890928 41.896492 500.255798 81.431175 51.016666 494.640045
642 421 658 416 676 419 689 432 673 433 656 430 784 446 800 439 818 441 832 451 815 455 799 453 1118 19 -95.045540 18.915159 -3.835795 0.099317 0.080784 0.140388 50.351562 38.517326 491.462189 17.581001 33.750946 493.897705 83.122116 43.283703 489.026642
673 429 690 424 708 428 722 439 705 441 688 438 815 453 831 447 848 449 861 459 846 462 830 460 290 742 70.324898 161.827911 3.176350 0.130203 0.092344 0.133462 65.694748 42.588711 497.483459 32.925659 37.990147 500.240204 98.463837 47.187279 494.726746
683 420 699 415 717 418 730 430 714 432 697 429 823 443 839 436 856 438 869 447 853 452 837 450 57 239 116.052696 62.235600 -9.155272 0.041945 0.064088 0.131790 70.842239 38.552990 505.386627 37.993282 34.149323 507.414795 103.691193 42.956654 503.358429
681 420 697 415 715 418 729 430 712 432 696 429 821 443 837 436 854 438 867 448 852 452 836 450 182 287 91.266998 71.760544 -7.031794 0.045053 0.073177 0.132046 70.039650 38.599415 505.828430 37.212437 34.178345 508.149628 102.866859 43.020481 503.507202
659 431 676 426 694 429 707 441 691 443 674 440 800 455 816 448 834 450 847 460 831 464 815 462 760 645 -23.186520 142.727982 5.541981 0.131664 0.096277 0.130111 58.946812 43.516243 498.218140 26.175377 39.017502 501.108490 91.718246 48.014984 495.327789
671 415 687 409 705 413 719 424 703 426 686 423 813 437 829 430 846 433 859 442 844 446 828 444 276 90 72.361687 32.793247 -10.154860 0.070890 0.079449 0.128314 64.870270 35.353172 498.841187 32.042728 31.018967 501.316406 97.697815 39.687378 496.365967
669 414 686 409 704 412 718 423 701 425 684 423 811 436 827 429 844 431 857 440 842 444 826 442 404 27 46.852924 20.351740 -10.251367 0.054319 0.067364 0.119979 64.189507 34.827118 499.388489 31.298450 30.797108 501.509125 97.080559 38.857132 497.267822
655 416 671 411 689 414 703 425 686 427 670 425 797 438 813 431 830 433 844 442 828 446 812 444 647 132 -1.317103 41.181301 -5.886657 0.095910 0.072447 0.120945 57.073215 35.601814 496.254333 24.197598 31.490200 498.456146 89.948830 39.713432 494.052490
623 420 638 413 655 416 668 426 653 429 637 427 762 435 778 427 795 428 810 437 794 442 777 441 1421 206 -155.045303 55.984966 2.742055 0.084634 0.056131 0.087369 41.213089 35.430294 499.082306 8.187051 32.459126 500.817963 74.239128 38.401463 497.346649
648 431 664 426 682 429 696 440 680 442 663 439 790 451 806 444 823 446 837 454 821 458 805 457 710 891 -12.969069 191.401489 10.062580 0.152916 0.077576 0.105558 53.694519 41.885483 495.499023 20.773651 38.207802 497.790466 86.615387 45.563160 493.207581
411 510 426 502 444 503 460 511 444 515 427 515 545 513 560 506 578 507 593 516 577 520 561 519 633 198 1.540491 54.239925 -4.679205 -0.910175 -0.165564 -0.010413 -66.744835 83.917511 562.740234 -99.524429 81.887596 557.847656 -33.965240 85.947426 567.632812
483 464 498 457 515 459 529 470 513 473 497 471 620 476 635 468 652 469 666 478 651 483 635 482 860 58 -43.730026 26.580334 -5.422856 -0.615948 -0.063394 0.066923 -26.226877 57.459682 516.228149 -59.295113 54.750813 514.919189 6.841359 60.168552 517.537109
496 490 511 483 529 486 542 498 527 501 510 498 637 508 653 499 671 500 684 509 669 515 652 514 978 520 -66.651367 118.035065 5.019152 0.097194 -0.007020 0.106379 -17.673439 68.052299 489.830505 -50.689880 64.543549 489.426849 15.343002 71.561050 490.234161
495 484 510 477 528 480 542 491 526 494 509 492 637 499 652 490 670 491 685 501 669 506 652 505 900 218 -51.496098 58.252789 -1.814552 0.071042 -0.016836 0.093996 -17.856997 64.398872 489.340790 -50.910599 61.304962 488.672333 15.196604 67.492783 490.009277
521 497 537 492 555 494 570 505 553 507 536 505 665 513 680 505 697 506 711 514 696 519 680 518 313 625 65.620483 138.678146 1.019119 0.089014 -0.007998 0.087789 -5.212580 70.698196 488.688721 -38.288548 67.802605 488.294281 27.863386 73.593796 489.083160
582 476 597 471 614 474 627 487 611 488 595 485 722 502 738 495 756 497 770 508 754 512 737 509 1210 97 -113.239029 34.370369 -1.408857 0.085074 0.026981 0.162980 21.637444 64.045647 488.262909 -11.115583 58.627003 488.924133 54.390469 69.464287 487.601685
521 496 534 490 551 492 564 502 549 505 534 503 659 508 674 500 692 500 707 508 691 514 674 513 1246 453 -119.986137 104.830696 6.131370 0.020304 -0.012161 0.079193 -7.584502 70.350227 498.967163 -40.682800 67.727730 498.537140 25.513794 72.972725 499.397186
531 486 546 479 563 481 576 492 561 495 545 493 671 500 687 491 705 492 720 501 704 506 687 505 1129 8 -97.244087 16.740501 -3.957197 0.055418 -0.027447 0.097461 -1.856232 65.312157 492.463470 -34.891026 62.108395 491.464539 31.178564 68.515923 493.462372
422 518 437 513 453 515 467 524 452 527 436 525 555 529 569 521 585 522 597 529 584 534 569 533 283 866 71.857727 186.366257 5.622720 0.113635 -0.059606 0.072171 -58.886520 85.569595 531.089783 -91.946136 83.294083 528.981812 -25.826906 87.845116 533.197754
470 513 484 509 499 512 510 520 496 522 482 520 590 530 603 524 617 526 628 533 615 536 602 535 219 721 84.410339 157.657394 2.097054 0.120632 -0.010949 0.124098 -43.254898 93.447678 582.726135 -76.202690 89.369530 582.116455 -10.307112 97.525818 583.335754
455 527 469 522 484 524 496 534 482 536 468 534 580 540 593 532 609 533 621 540 608 545 593 544 938 800 -58.382294 173.439270 10.320334 0.081476 -0.026073 0.087481 -47.349014 95.343002 558.058167 -80.415657 92.480682 557.076416 -14.282370 98.205322 559.039917
724 221 736 214 750 213 761 218 749 222 736 223 832 220 844 215 857 217 869 224 857 226 844 225 167 874 94.918922 187.925644 4.716087 0.007128 -0.201671 0.005856 99.631340 -78.794739 623.460754 67.100052 -78.964081 616.809021 132.162643 -78.625397 630.112488
467 510 480 504 496 506 508 515 494 518 480 517 593 522 607 514 623 515 636 523 622 528 607 527 1372 228 -145.282654 60.328735 2.736128 0.041787 -0.031890 0.087555 -40.160378 84.736687 550.466797 -73.221161 81.856590 549.348999 -7.099595 87.616783 551.584534
493 513 507 507 523 509 536 520 521 522 506 520 621 527 635 520 651 520 663 529 649 533 635 532 807 350 -32.863815 84.356689 0.001552 0.079490 -0.011962 0.094276 -25.671370 86.449829 545.264587 -58.726437 83.343185 544.744141 7.383699 89.556473 545.784973
442 527 455 520 470 522 483 532 469 535 455 533 569 535 582 527 598 526 611 534 597 539 582 539 1311 713 -132.606003 156.298431 11.994864 0.028872 -0.023445 0.047152 -53.180092 92.396255 551.363220 -86.338882 90.842758 550.562622 -20.021305 93.949753 552.163818
453 515 466 508 482 510 495 519 481 523 466 522 582 522 595 514 612 514 625 521 611 527 596 527 759 287 -23.397057 71.879036 -1.716313 0.037296 -0.046731 0.049553 -46.112236 84.968750 545.239319 -79.240067 83.353920 543.658508 -12.984409 86.583580 546.820129
453 518 467 511 484 513 497 522 482 525 467 524 584 524 597 516 613 515 626 523 612 528 597 528 478 383 32.554283 90.819870 -2.361074 0.071481 -0.045731 0.038113 -45.116066 85.810303 543.109985 -78.262085 84.600838 541.548462 -11.970048 87.019768 544.671509
454 530 469 525 485 526 499 533 484 535 469 535 581 536 595 529 611 529 625 535 611 539 595 539 694 754 -9.946094 164.285690 7.141094 0.164067 -0.033328 0.041542 -46.282539 94.036751 555.225342 -79.440376 92.754745 554.011292 -13.124703 95.318764 556.439392
477 503 491 497 508 499 521 509 506 512 490 510 606 514 619 506 635 507 647 515 634 520 619 519 269 78 73.739037 30.416994 -10.462333 0.068835 -0.012889 0.067437 -33.782272 80.713745 547.584106 -66.908882 78.492767 547.079773 -0.655657 82.934723 548.088379
647 527 659 521 674 522 686 531 673 534 659 533 768 534 782 526 798 526 811 533 797 538 782 538 1362 218 -143.306839 58.347668 2.441517 0.093131 0.051920 0.027140 53.448147 94.676674 567.290466 20.300261 93.697121 568.969055 86.596031 95.656219 565.611877
665 514 679 508 694 510 707 521 693 523 678 521 792 528 806 521 822 521 835 529 821 534 806 533 1189 512 -108.591393 116.495178 6.800951 0.157662 0.084778 0.069384 62.610081 87.024323 546.203796 29.603910 84.513321 548.820496 95.616249 89.535324 543.587097
659 523 672 518 688 520 700 530 686 532 672 530 785 537 799 530 815 530 828 537 814 542 799 542 1301 842 -130.471283 181.825684 14.514840 0.143148 0.079787 0.064421 59.527733 92.162468 549.455872 26.497061 89.845291 551.938782 92.558403 94.479652 546.972900
689 509 703 504 719 506 732 516 717 519 702 517 818 525 832 517 847 518 860 526 846 531 831 530 588 388 10.700300 91.831970 -1.246480 0.119608 0.092097 0.072696 75.576828 85.093788 547.071472 42.600033 82.508766 549.971191 108.553619 87.678810 544.171753
734 507 749 503 765 506 778 516 763 517 747 515 862 527 876 521 892 523 904 531 890 534 875 533 397 435 48.710419 101.094116 -2.054328 0.065910 0.116154 0.110195 100.380302 87.026665 556.397522 67.600029 83.259125 560.114929 133.160583 90.794205 552.680176
682 467 695 461 711 462 723 471 709 474 695 473 807 476 821 469 837 470 850 478 836 482 821 481 1095 45 -90.445152 24.055874 -3.521207 -0.562607 0.165392 0.088970 73.867607 64.146362 571.290466 41.231396 62.862423 577.272827 106.503815 65.430298 565.308044
725 492 740 487 756 489 769 497 754 500 739 498 854 505 868 499 883 500 895 507 881 511 867 510 114 701 105.253548 153.677795 0.724788 -0.525666 0.156457 0.109627 97.571838 78.135269 568.028381 64.957336 76.012192 573.888916 130.186356 80.258354 562.167847
682 496 695 489 711 490 724 499 710 502 695 501 810 503 824 495 840 495 853 502 839 507 824 507 640 504 0.499234 114.799225 1.581423 -0.548953 0.153003 0.058476 73.611389 77.283882 562.517151 40.839958 76.803413 567.842773 106.382812 77.764343 557.191528
700 482 714 476 731 477 744 486 729 489 714 488 829 490 842 483 858 483 870 491 857 496 842 495 239 91 79.715637 32.983551 -10.475466 -0.505683 0.141817 0.069538 84.057098 71.180016 566.768677 51.256878 70.140579 571.830811 116.857315 72.219452 561.706604
708 497 723 491 739 493 752 502 738 505 722 503 838 508 852 501 867 502 879 509 866 513 851 513 143 670 99.455101 147.548813 0.364230 0.094162 0.090380 0.047100 87.054710 78.199928 554.099548 54.022068 76.499916 557.017517 120.087349 79.899940 551.181641
674 495 687 488 703 490 715 499 701 502 687 501 801 503 815 496 831 496 845 504 830 509 815 508 1118 351 -94.666000 84.618462 2.886818 0.084107 0.061017 0.042020 67.794868 75.899681 551.107727 34.681084 74.422234 553.070923 100.908653 77.377136 549.144531
709 492 724 487 740 488 753 497 738 500 723 498 839 502 852 496 868 496 880 504 867 508 852 507 38 334 119.937065 81.032341 -7.406666 0.048578 0.082523 0.046049 87.596870 75.651550 555.197571 54.540180 74.058891 557.895447 120.653549 77.244202 552.499695
690 505 704 499 720 501 734 510 719 513 704 511 820 516 834 508 850 509 863 516 848 521 834 520 500 724 28.572170 158.308807 4.746448 0.095360 0.081802 0.045521 76.834953 81.546646 548.803467 43.775425 79.910301 551.439636 109.894485 83.182991 546.167236
692 505 706 500 722 502 735 511 721 513 706 512 821 516 835 509 851 510 864 517 850 521 835 521 646 829 -0.321577 179.118439 8.217567 0.096414 0.085915 0.044768 77.862419 82.073265 550.426941 44.813183 80.454056 553.199280 110.911652 83.692467 547.654602
689 503 703 497 719 499 733 508 718 511 703 510 818 513 832 506 848 507 861 514 847 519 832 518 578 711 13.056796 155.752106 5.201771 0.081301 0.076582 0.044550 76.435532 80.734695 550.048340 43.360882 79.155746 552.525024 109.510178 82.313637 547.571594
693 493 707 488 723 489 736 499 721 501 706 500 823 504 837 497 853 498 866 505 852 510 837 509 544 160 19.183533 46.701393 -6.268553 0.068923 0.073531 0.052143 78.054359 75.487328 547.005920 44.984310 73.675575 549.382629 111.124413 77.299080 544.629150
707 487 722 482 738 484 751 493 736 495 721 494 837 501 850 494 866 494 879 502 865 507 850 506 400 100 47.731274 34.797729 -8.810050 0.058643 0.090770 0.068135 86.128113 73.743263 552.429871 53.136875 71.398750 555.369446 119.119354 76.087776 549.490295
707 487 722 481 738 483 751 492 736 495 721 493 837 500 851 493 867 494 879 502 865 506 851 505 300 18 67.509987 18.549269 -11.391682 0.056339 0.089124 0.066885 86.363640 73.350189 552.430115 53.364700 71.051811 555.319275 119.362572 75.648575 549.540894
683 493 697 487 713 489 726 498 711 501 696 500 812 504 826 497 842 497 856 505 841 509 826 509 927 254 -56.820503 65.382790 -0.836863 0.090685 0.067960 0.054929 72.818550 75.336823 547.699097 39.740345 73.415535 549.867126 105.896759 77.258110 545.531067
692 501 706 495 722 496 735 506 721 509 706 508 821 512 835 505 851 505 864 513 850 518 835 517 694 498 -10.238750 113.622902 1.957393 0.072585 0.077475 0.053961 77.961128 79.892899 550.807007 44.904140 78.012123 553.308472 111.018127 81.773674 548.305481
422 396 441 387 464 389 482 402 462 406 441 405 596 406 615 394 637 394 655 404 636 412 615 412 545 340 19.190582 82.323868 -2.614551 0.117713 -0.058987 0.045795 -33.904362 18.067595 402.739197 -67.016739 16.667006 400.697510 -0.791984 19.468184 404.780853
452 423 470 416 491 418 507 429 489 432 470 431 619 432 636 422 656 421 672 429 655 436 637 436 149 845 98.462807 182.182800 3.963050 -0.038412 -0.079126 0.036198 -26.051397 29.385189 423.108856 -59.130604 28.134617 420.508514 7.027810 30.635759 425.709198
460 412 466 408 474 408 480 413 473 416 466 415 518 417 526 413 534 414 540 420 533 422 525 421 496 585 29.208166 130.799667 1.895011 -0.377131 0.002343 0.098796 -143.950714 68.528061 1180.573486 -176.995422 65.344505 1181.260132 -110.905998 71.711609 1179.886841
426 432 433 429 440 430 445 436 439 437 432 436 482 442 489 439 496 440 502 446 495 447 488 445 1013 899 -73.173462 193.046921 13.015889 -0.333281 -0.132737 0.171524 -194.404968 100.050423 1250.579590 -226.839035 93.779053 1247.223999 -161.970886 106.321785 1253.935303
419 388 438 379 460 382 478 395 458 399 438 397 595 401 614 389 637 389 655 400 635 407 614 407 689 60 -9.745844 26.941019 -6.957657 0.118799 -0.051863 0.061756 -34.197281 15.444358 396.658020 -67.294304 13.502905 394.820251 -1.100257 17.385811 398.495819
462 411 470 407 478 408 483 414 476 416 468 415 523 422 531 419 540 421 546 427 538 428 530 426 633 369 1.735976 88.081085 -1.216655 -0.452295 -0.080925 0.183655 -134.443863 69.468758 1138.888794 -166.993500 63.020977 1137.661255 -101.894226 75.916534 1140.116333
491 388 511 381 532 384 549 396 530 398 510 396 659 407 677 399 696 400 712 410 695 414 676 413 266 255 74.537560 65.444946 -6.905926 -0.490340 -0.102221 0.086763 -9.905159 18.424761 426.039490 -42.817883 14.851887 423.480804 23.007563 21.997635 428.598175
464 415 484 409 506 412 524 425 503 427 483 425 636 436 655 427 676 428 693 438 674 444 655 442 626 741 3.552314 161.699005 6.251425 0.181107 -0.021977 0.104100 -18.610788 28.392477 406.215424 -51.628353 25.027044 405.179169 14.406777 31.757908 407.251678
494 389 514 382 535 385 553 397 533 399 513 396 660 407 678 400 697 401 712 411 695 415 677 413 111 241 105.323853 62.642490 -8.617311 -0.457986 -0.103379 0.088798 -9.307920 18.904696 429.845154 -42.210209 15.295880 427.204071 23.594372 22.513512 432.486237
490 393 511 385 533 388 550 401 530 402 510 400 658 411 677 403 697 405 713 416 695 419 676 417 276 217 72.506874 57.926739 -7.583259 -0.493504 -0.086051 0.093209 -9.927731 20.264759 423.475037 -42.871098 16.612040 421.487091 23.015636 23.917477 425.462952
468 394 488 386 510 389 528 401 508 404 487 402 641 410 659 401 680 402 697 413 679 418 659 416 436 147 40.630920 44.106491 -7.526713 -0.487106 -0.091643 0.070301 -17.333328 19.582954 416.045837 -50.321243 16.619133 413.685120 15.654585 22.546774 418.406555
496 407 516 400 537 403 555 415 534 417 514 415 666 424 683 416 703 417 719 427 701 431 683 430 151 489 97.658386 111.730278 -3.227110 -0.486686 -0.074622 0.081690 -7.695289 25.404119 422.281006 -40.701046 22.212303 420.551270 25.310467 28.595936 424.010773
