578 175 592 167 609 169 622 179 607 183 591 182 703 186 717 179 734 180 747 190 733 195 717 193 1201 476 -62.922729 92.070312 47.759613 0.083917 0.151794 0.106762 19.214081 -92.983673 540.546021 -13.420925 -96.714981 545.403259 51.849087 -89.252365 535.688721
580 177 594 170 611 171 624 181 609 184 593 183 703 188 718 181 735 183 748 193 733 197 717 195 1195 553 -61.711735 107.317192 49.222137 0.053524 0.118371 0.111821 20.255665 -93.576851 550.138062 -12.510000 -97.376633 553.950195 53.021328 -89.777069 546.325928
583 174 597 166 614 168 627 178 612 182 596 181 706 187 721 179 738 181 751 192 736 196 720 193 681 233 40.416801 43.513714 46.500374 0.146304 -0.147754 0.102992 21.833616 -92.990074 541.163940 -10.835048 -96.022026 536.052673 54.502281 -89.958130 546.275269
582 179 596 172 613 174 626 184 611 187 595 186 704 192 719 185 735 187 748 197 734 201 718 199 895 515 -2.068934 99.545509 50.387085 0.045901 0.157646 0.125845 20.819435 -91.876236 550.955627 -11.712243 -96.144852 556.057434 53.351116 -87.607620 545.853821
614 171 629 163 646 165 659 175 643 179 627 177 738 184 752 177 768 179 781 189 767 193 751 191 6 241 174.634918 44.547447 50.852055 0.056472 -0.176494 0.084469 38.122993 -94.295433 539.501709 5.551616 -96.915955 533.602722 70.694374 -91.674911 545.400635
582 183 597 176 614 177 626 187 611 191 596 189 705 196 720 189 736 192 749 202 734 206 719 203 917 773 -6.383203 150.666809 55.025288 0.034249 0.083648 0.127142 21.544596 -90.220032 554.125427 -11.276453 -94.472107 556.819580 54.365643 -85.967949 551.431335
589 174 605 167 621 168 634 177 619 181 603 180 716 187 732 180 750 182 764 193 748 196 732 193 349 256 106.436676 47.798492 48.993626 0.040915 0.214108 0.128596 25.103233 -89.444221 520.135681 -7.071449 -93.813469 527.082520 57.277916 -85.074974 513.188782
584 176 599 169 616 171 628 181 613 185 597 183 708 191 722 184 739 186 752 197 737 200 722 198 981 485 -19.176077 93.673447 49.296257 0.119545 -0.112011 0.116397 22.589836 -91.652397 544.238220 -10.183201 -95.269806 540.313660 55.362873 -88.034988 548.162781
590 175 605 168 622 169 634 178 619 182 603 181 716 188 732 181 749 183 764 194 748 197 732 194 675 297 41.624763 56.185616 47.722286 0.028454 0.161908 0.124368 25.458300 -89.857109 525.442566 -7.056943 -94.033760 530.722168 57.973541 -85.680450 520.162964
588 179 603 172 620 174 632 184 617 187 601 186 712 194 726 187 743 190 755 200 741 203 725 201 1015 680 -25.891108 132.325821 52.693687 0.067532 -0.019755 0.129564 24.636230 -90.974564 549.406311 -8.283916 -95.239037 548.607727 57.556377 -86.710091 550.204956
584 171 599 163 617 165 629 176 614 179 598 178 709 185 724 177 741 179 753 190 739 194 723 191 1055 136 -33.971569 24.605659 42.375927 0.096559 0.195368 0.125817 22.436535 -93.584503 537.551636 -9.876494 -98.029823 543.769897 54.749565 -89.139175 531.333374
561 179 575 170 592 171 604 181 590 185 574 185 683 186 698 178 715 180 728 190 713 194 698 193 1169 467 -56.561985 90.261520 47.792316 0.042382 0.189044 0.090123 9.692607 -93.470016 547.234253 -22.786795 -96.572334 553.400574 42.172009 -90.367699 541.067871
571 175 586 166 603 167 617 177 601 181 585 181 696 181 710 173 727 174 740 184 726 188 710 187 760 224 24.706430 41.795509 45.841816 0.076821 -0.055636 0.052316 16.458406 -96.083267 548.341675 -16.649672 -97.746124 546.431213 49.566483 -94.420410 550.252075
575 177 589 169 606 170 619 180 604 184 588 183 698 186 713 179 729 180 742 190 728 194 712 192 825 634 11.877548 123.059311 53.025532 0.039936 0.053742 0.087571 17.781076 -95.032921 553.862671 -15.248644 -97.970406 555.585510 50.810799 -92.095436 552.139771
568 175 582 167 600 168 613 178 598 182 582 182 693 183 707 175 724 176 737 186 723 191 707 189 1262 280 -75.097626 53.297394 43.752052 0.079234 0.118833 0.077335 14.337205 -94.839798 545.798279 -18.534601 -97.552383 549.625305 47.209011 -92.127213 541.971313
575 174 589 166 606 167 619 177 604 181 588 180 699 183 713 176 730 177 743 187 728 191 713 189 692 326 38.251270 61.943665 48.153164 0.111243 -0.119439 0.072064 17.851995 -94.855621 545.003357 -15.030610 -97.015808 540.925720 50.734604 -92.695442 549.081055
571 177 586 170 603 171 616 180 601 184 585 183 695 186 709 179 726 180 739 190 724 194 709 192 1248 868 -72.176712 169.754074 54.722271 0.033464 0.053733 0.085398 16.045042 -95.262833 555.591370 -16.990917 -98.122932 557.324829 49.081001 -92.402733 553.857910
592 179 607 171 624 172 637 181 622 185 606 185 716 187 729 179 745 181 757 190 744 194 729 193 128 619 150.464752 119.519363 57.088528 0.096981 -0.192713 0.051217 27.254349 -94.010773 550.918335 -5.293025 -95.388512 544.489502 59.801723 -92.633041 557.347168
591 178 604 171 620 172 633 181 619 184 604 183 714 187 728 181 744 182 757 191 743 195 728 193 79 671 160.219986 129.779266 58.356125 0.007922 0.092960 0.092289 25.545448 -93.855392 550.591736 -7.374895 -96.923248 553.657471 58.465794 -90.787537 547.525940
586 175 601 167 618 168 631 177 616 181 600 181 714 183 729 176 747 178 761 187 746 191 729 190 522 11 71.980392 -0.588697 43.381657 0.068917 0.167428 0.084496 23.920492 -90.889641 522.825134 -8.702326 -93.867615 528.251282 56.543312 -87.911667 517.398987
628 308 641 300 658 300 671 308 657 313 641 313 747 310 760 303 776 304 788 313 775 317 760 316 42 198 167.466690 36.059601 49.831997 -0.247308 0.026228 0.038969 46.264317 -29.254635 577.713135 13.095942 -30.427835 578.734009 79.432686 -28.081434 576.692261
613 313 626 306 642 306 655 315 641 319 626 319 733 320 747 313 763 315 776 324 762 328 747 326 1318 650 -86.146286 126.630844 50.251472 -0.247325 0.130921 0.088649 37.699554 -24.493448 569.899292 4.906812 -26.861189 574.545715 70.492294 -22.125706 565.252808
634 321 648 314 664 315 676 324 662 327 647 327 753 329 766 323 782 325 794 334 780 337 766 335 735 811 29.814339 158.045135 56.862030 -0.219935 0.080894 0.094406 49.244099 -19.864340 577.151611 16.294537 -22.672009 580.152039 82.193665 -17.056673 574.151123
617 314 631 306 648 306 661 315 646 319 631 319 738 319 752 311 769 313 782 323 768 326 752 325 926 142 -8.319953 25.688833 43.290337 -0.208454 0.091550 0.066700 40.413239 -24.564814 566.309631 7.420439 -26.443508 569.550842 73.406036 -22.686121 563.068359
631 323 645 315 661 316 673 324 659 328 644 328 749 328 763 321 778 322 791 331 777 335 763 333 368 844 102.795906 164.282104 59.758335 -0.214705 0.088330 0.068420 47.805645 -20.219284 580.148560 14.807077 -22.155718 583.295715 80.804207 -18.282850 577.001465
622 315 636 307 652 307 666 316 651 320 635 320 743 319 756 312 773 313 786 323 772 326 757 325 495 59 77.360245 8.896869 44.438213 -0.137085 0.051238 0.056397 42.858444 -24.243238 566.417603 9.749826 -25.991861 568.240112 75.967064 -22.494617 564.595154
625 320 639 312 656 312 669 321 654 325 639 325 745 325 759 317 775 319 788 328 774 332 759 330 356 542 105.111519 104.453659 54.243481 -0.190971 0.080496 0.067422 44.909889 -21.817043 573.634521 11.887402 -23.783886 576.499207 77.932381 -19.850201 570.769836
625 322 639 314 655 314 668 322 654 326 639 326 745 326 759 319 775 320 788 330 774 333 759 331 399 739 96.607407 143.509521 57.621880 -0.232381 0.104530 0.068747 44.760239 -20.977859 573.978210 11.813794 -22.833231 577.672607 77.706688 -19.122486 570.283752
629 320 643 312 659 313 672 321 658 325 643 325 748 325 762 319 778 320 790 329 776 333 762 331 140 673 148.091278 130.225204 58.013260 -0.171805 0.077271 0.072250 46.853874 -21.505859 576.449036 13.834225 -23.668999 579.202759 79.873520 -19.342720 573.695251
604 324 617 316 633 317 646 325 632 330 617 329 723 329 738 322 754 324 768 333 753 337 738 335 945 576 -11.996648 111.668892 51.204727 -0.175668 0.162293 0.073510 32.528553 -19.017834 567.477844 -0.151996 -20.962481 573.023987 65.209106 -17.073187 561.931702
610 321 624 313 640 313 653 322 639 326 624 326 731 326 744 318 761 320 774 329 760 333 745 331 945 509 -12.012278 98.397865 49.964653 -0.177587 0.110007 0.065699 36.433414 -21.060402 568.900391 3.500091 -22.901478 572.716980 69.366737 -19.219328 565.083862
612 320 626 311 642 312 655 320 641 325 625 325 732 324 746 316 762 317 775 327 761 331 746 329 805 324 15.782009 61.639736 47.412430 -0.207290 0.098322 0.061329 37.434856 -21.995644 571.527588 4.451940 -23.676178 574.971863 70.417770 -20.315109 568.083374
613 317 627 308 644 309 657 318 642 322 627 322 734 321 748 313 764 314 777 324 763 328 748 326 521 318 72.250854 60.219513 49.070011 -0.139383 0.070146 0.052435 38.362122 -23.549879 568.555725 5.284359 -25.121162 570.995483 71.439880 -21.978596 566.115967
593 319 606 310 622 310 635 319 621 323 606 324 711 320 725 312 742 313 756 322 742 326 726 325 1128 55 -48.505703 8.621160 40.422119 -0.161564 0.181359 0.039139 26.183746 -23.324297 566.753235 -6.452443 -24.126801 572.819092 58.819935 -22.521793 560.687378
609 320 623 311 639 311 653 320 638 324 623 324 729 322 742 314 759 315 772 324 758 328 743 327 564 332 63.704044 63.027657 49.061348 -0.165612 0.072600 0.039585 35.898251 -22.685740 571.087524 2.806635 -23.793619 573.593018 68.989861 -21.577862 568.582092
590 316 603 306 619 306 632 314 618 320 603 321 708 314 722 305 739 305 753 315 739 320 723 319 767 65 23.277468 10.307298 42.855362 -0.177488 0.149792 0.012478 24.885096 -26.382891 571.123413 -7.946301 -26.354090 576.089111 57.716492 -26.411692 566.157715
597 324 611 316 626 316 639 324 625 328 611 329 715 324 729 317 745 318 758 327 744 331 729 330 944 881 -11.726658 172.080948 56.856068 -0.243664 0.120734 0.035476 29.151880 -21.323055 580.599792 -3.791673 -22.000971 584.701294 62.095436 -20.645138 576.498291
623 322 637 314 653 314 666 322 652 326 637 326 741 325 754 318 770 320 782 329 769 332 754 330 123 888 151.521698 172.797455 62.098469 -0.203803 0.077195 0.058143 43.773037 -21.647470 585.327637 10.722630 -23.301680 588.065063 76.823448 -19.993261 582.590149
603 320 616 311 633 311 645 320 631 324 616 325 721 322 735 314 752 315 765 325 751 329 735 328 733 395 30.114971 75.644302 49.174923 -0.184724 0.106931 0.047982 32.225826 -22.901640 576.244934 -0.751833 -24.155569 579.913879 65.203491 -21.647709 572.575989
601 316 614 307 631 307 644 316 629 321 614 321 720 318 734 310 750 311 764 321 750 325 734 324 794 243 17.950340 45.586681 45.981743 -0.165129 0.102772 0.043195 31.187103 -24.694368 571.916748 -1.812059 -25.838346 575.424805 64.186264 -23.550390 568.408752
542 291 557 282 574 281 586 289 571 294 555 295 665 290 680 282 698 283 714 292 699 296 682 295 940 2 -11.136356 -2.030242 40.611950 -0.270855 0.134064 0.025739 0.735495 -37.435440 539.299927 -32.162289 -37.678780 543.798401 33.633278 -37.192097 534.801453
540 289 554 280 570 280 583 288 569 293 554 294 661 290 675 282 692 283 705 293 691 297 675 296 1062 94 -35.373238 16.292221 41.554974 -0.234679 0.047135 0.032575 -1.504976 -39.651508 566.730042 -34.655552 -40.539902 568.406250 31.645599 -38.763119 565.053772
558 315 573 306 590 305 603 312 588 318 572 319 679 312 694 303 712 304 728 313 713 318 696 317 554 495 65.730461 95.305717 52.140518 -0.356915 0.136105 0.008930 8.713578 -26.079762 544.893188 -24.186096 -25.572378 549.355652 41.613251 -26.587145 540.430725
555 319 570 310 586 309 599 316 584 321 569 323 677 316 691 308 709 309 725 318 710 322 693 321 737 437 29.329414 83.966713 49.927376 -0.308279 0.159434 0.020679 7.005081 -24.057961 544.911072 -25.774920 -23.923042 550.203796 39.785080 -24.192877 539.618347
548 318 562 308 578 308 591 316 577 321 562 322 668 317 681 308 698 310 711 320 697 323 682 322 1201 698 -62.870941 136.042969 51.868511 -0.317317 0.063733 0.026395 2.466472 -24.942652 571.198792 -30.660030 -25.470945 573.415894 35.592976 -24.414356 568.981750
572 322 586 315 603 315 616 323 601 327 586 327 694 326 706 319 721 320 733 329 720 333 706 331 70 710 162.018631 137.496857 59.134007 -0.120193 -0.134013 0.034040 15.904684 -20.594172 567.829346 -16.983606 -21.984835 563.472046 48.792976 -19.203506 572.186646
525 337 538 328 554 327 567 335 553 340 538 341 645 336 659 328 676 329 690 338 675 343 659 341 1047 776 -32.231556 151.367126 54.271225 -0.273399 0.141913 0.034662 -10.240069 -14.293955 562.661987 -43.093403 -14.787534 567.455139 22.613264 -13.800376 557.868774
533 328 547 320 563 319 576 327 562 332 547 333 654 329 668 321 684 322 698 331 684 335 668 334 1273 832 -77.156082 162.643768 53.900272 -0.230851 0.105553 0.033331 -5.461767 -18.524483 564.686096 -38.464272 -19.216848 568.279785 27.540737 -17.832117 561.092346
555 329 568 321 585 321 598 329 583 334 568 334 674 332 687 325 703 326 716 336 702 340 687 338 699 899 36.993069 175.446350 58.714977 -0.221527 0.070778 0.056232 5.713100 -17.108427 573.549622 -27.356691 -18.698771 576.083252 38.782894 -15.518084 571.015991
528 323 541 315 557 315 570 323 556 328 541 328 648 325 662 317 679 318 693 328 678 332 663 330 1097 738 -42.182365 143.881088 53.256523 -0.241594 0.140389 0.048262 -8.471142 -20.750376 563.363281 -41.312515 -21.772160 568.154907 24.370230 -19.728590 558.571594
535 317 549 308 566 308 579 317 564 322 549 322 657 319 671 311 688 312 702 321 687 326 672 325 1057 197 -34.355015 36.689865 43.492493 -0.126625 0.132747 0.040732 -3.835845 -23.706928 556.177551 -36.721493 -24.773220 560.644836 29.049803 -22.640636 551.710205
531 324 544 315 561 315 573 324 559 329 544 329 651 326 665 318 683 319 696 329 682 333 666 332 1439 435 -110.255951 84.143471 45.518597 -0.175195 0.157422 0.045917 -6.769168 -19.923952 559.206421 -39.529678 -20.978340 564.516479 25.991343 -18.869564 553.896301
559 324 573 316 590 316 603 325 588 329 573 329 681 329 694 321 711 323 723 333 709 337 694 335 192 325 137.670471 61.337540 51.248444 -0.127639 0.035917 0.059252 8.881393 -18.767487 563.548096 -24.243855 -20.652035 564.861816 42.006641 -16.882938 562.234314
547 320 561 312 578 312 591 321 576 326 561 326 669 325 683 317 700 318 713 328 699 332 683 331 562 217 64.074898 40.247398 46.945316 -0.147152 0.093252 0.058413 2.481969 -21.032970 559.273376 -30.522388 -22.734486 562.494690 35.486324 -19.331457 556.052002
548 322 562 313 579 313 592 322 578 327 562 327 671 325 685 317 702 319 715 329 701 333 685 331 591 61 58.272179 9.371365 43.877380 -0.142118 0.079072 0.054949 3.498859 -20.384159 556.847961 -29.552399 -22.013678 559.589966 36.550114 -18.754641 554.105957
548 321 562 312 579 313 593 321 578 326 562 326 672 325 685 317 702 318 715 328 701 332 686 331 821 235 12.579824 44.024117 45.665527 -0.121876 0.036944 0.049444 3.665842 -20.907372 558.523804 -29.475822 -22.469404 559.846558 36.807507 -19.345337 557.200989
543 334 556 325 573 324 586 333 571 338 556 339 663 332 676 324 693 325 707 334 692 339 677 338 965 793 -15.922804 154.667480 55.096535 -0.340613 0.075122 0.016531 -0.379741 -15.995023 565.129822 -33.487320 -16.112312 567.666382 32.727837 -15.877733 562.593262
564 332 579 324 595 325 608 334 593 338 578 337 686 338 700 331 716 333 728 342 715 346 700 344 672 700 42.315292 136.007401 55.199917 -0.280244 0.018665 0.068840 11.762037 -14.232260 564.339539 -21.358900 -16.400120 565.268738 44.882977 -12.064401 563.410278
564 324 579 316 596 316 609 326 594 330 578 329 687 330 701 323 717 324 730 334 716 338 701 336 211 269 133.879471 50.260849 50.093643 -0.175136 -0.002107 0.066378 12.106756 -18.335327 557.582458 -21.025045 -20.532642 557.705322 45.238560 -16.138012 557.459534
559 326 573 318 590 318 603 327 589 331 573 331 682 331 696 324 712 326 725 336 711 339 696 337 888 425 -0.698057 81.713043 48.764908 -0.200365 0.017603 0.063093 9.395885 -17.659210 558.837280 -23.737959 -19.680365 559.626526 42.529728 -15.638056 558.047974
