640 283 661 271 684 272 704 284 683 290 661 291 808 286 826 275 849 276 866 289 848 295 827 294 271 5 97.235146 -0.908359 18.925306 -0.110054 -0.033558 0.019184 46.417419 -34.754829 424.244110 13.237384 -35.451645 423.167358 79.597450 -34.058014 425.320831
576 297 595 286 618 286 636 297 616 304 595 305 743 295 761 284 784 285 803 297 783 304 762 303 1226 228 -115.978424 51.110065 16.246275 0.121559 -0.017568 0.010144 19.000555 -29.653919 414.519226 -14.197434 -29.954477 413.916901 52.198544 -29.353359 415.121552
606 292 624 281 647 282 665 294 645 300 624 300 770 297 789 286 811 286 830 298 810 305 789 304 933 133 -50.612125 29.218616 16.616650 0.056633 0.038220 0.035082 30.858871 -30.734314 422.675781 -2.301279 -31.933983 423.910645 64.019020 -29.534645 421.440948
616 300 635 291 659 291 677 302 657 308 635 308 785 305 804 295 826 296 844 307 825 314 804 312 612 496 21.861071 109.464653 24.957006 -0.310041 0.063573 0.046929 36.038765 -27.415020 422.325226 2.936736 -28.622393 424.639832 69.140793 -26.207649 420.010590
612 305 631 296 653 296 671 305 651 311 631 311 779 309 797 300 818 302 835 312 817 317 797 315 1055 734 -76.795403 163.621109 26.000071 -0.346887 0.051168 0.045531 34.055138 -26.072580 427.936676 0.927404 -27.261511 429.860016 67.182877 -24.883652 426.013336
611 303 631 292 654 293 672 304 652 310 630 310 780 308 799 297 821 299 839 310 820 317 799 315 666 477 9.746796 105.352303 24.268551 -0.311814 0.055260 0.048579 34.111141 -26.396509 423.141724 0.995442 -27.698471 425.194733 67.226845 -25.094549 421.088684
607 297 627 286 651 286 670 298 649 304 627 304 777 301 796 290 819 291 837 304 817 310 796 308 1003 45 -66.432533 9.746567 14.647689 0.060379 0.002963 0.027277 32.537258 -28.240244 414.198639 -0.655063 -29.148264 414.269592 65.729576 -27.332224 414.127655
604 302 624 291 648 292 667 303 646 309 624 310 776 306 795 295 818 296 837 309 817 315 796 313 1061 290 -78.955322 64.555794 18.416899 -0.264752 0.038020 0.036652 31.899319 -26.685583 417.763947 -1.259472 -27.721775 419.171234 65.058113 -25.649391 416.356628
617 306 636 297 658 298 676 308 656 313 636 313 784 312 802 303 824 304 841 315 822 320 802 319 117 636 132.845657 139.536835 30.687439 -0.288618 0.088919 0.060328 35.930958 -25.082504 426.994263 2.916327 -26.631437 430.187164 68.945595 -23.533571 423.801392
610 298 630 287 654 288 673 300 652 306 630 306 780 304 800 293 823 294 841 307 821 313 800 312 428 103 62.296257 21.331341 19.526894 0.103999 0.009767 0.037026 33.610641 -27.086538 411.283783 0.430148 -28.330326 411.543549 66.791138 -25.842752 411.023987
604 309 624 299 646 299 665 309 645 315 624 315 773 312 792 303 813 304 831 315 812 320 792 319 1008 777 -66.202759 173.105637 27.048826 -0.355622 0.050096 0.040018 31.352695 -24.562689 425.255096 -1.784603 -25.570168 427.116272 64.489998 -23.555210 423.393921
602 305 622 295 645 295 664 306 643 312 622 312 772 309 791 299 814 300 831 311 812 317 792 316 1140 401 -96.422417 89.512245 19.767542 -0.256337 0.034764 0.037062 30.713945 -25.780470 420.749878 -2.448241 -26.850037 422.047974 63.876133 -24.710903 419.451813
605 293 625 281 650 281 669 294 647 300 625 300 777 297 796 286 820 288 838 301 818 307 797 305 822 35 -25.962994 7.087559 15.703549 0.125226 0.011665 0.033194 31.837658 -29.323240 408.305969 -1.346631 -30.446564 408.623291 65.021950 -28.199915 407.988647
610 303 630 293 653 293 672 305 652 311 630 310 781 309 800 299 823 300 841 312 821 318 800 316 585 345 27.622593 75.704933 22.574709 -0.230234 0.052739 0.050705 34.089436 -26.025036 420.218750 0.973053 -27.491743 422.145844 67.205818 -24.558327 418.291656
611 305 630 296 653 296 671 307 651 313 630 312 780 311 799 302 821 303 838 314 819 320 799 318 722 557 -2.632517 123.336723 25.248333 -0.264497 0.055376 0.053014 33.849522 -25.204334 422.553070 0.741663 -26.700842 424.599976 66.957375 -23.707829 420.506134
610 306 630 298 652 298 670 308 650 314 629 313 779 312 798 303 820 304 837 315 818 320 798 319 569 596 31.663940 131.678299 26.946974 -0.287981 0.064284 0.051968 33.529087 -24.742584 422.606384 0.436874 -26.137398 424.955719 66.621300 -23.347771 420.257019
610 296 630 286 653 287 672 299 651 305 629 305 779 304 799 293 822 294 840 306 820 313 799 311 352 161 79.403549 34.094662 21.026854 0.091918 0.005288 0.041963 33.252865 -27.486551 411.401031 0.077724 -28.885603 411.512360 66.428001 -26.087502 411.289734
608 299 628 289 652 290 671 302 650 308 628 308 779 306 798 296 821 296 840 308 820 315 798 314 771 236 -14.184575 51.820660 19.463451 0.127687 0.020422 0.035328 32.679111 -26.352837 408.649689 -0.498096 -27.565611 409.251007 65.856323 -25.140064 408.048401
611 306 630 297 652 298 671 309 651 314 630 313 779 313 798 304 820 306 837 316 818 322 798 320 624 647 19.454905 143.188950 27.440886 -0.321583 0.064468 0.061864 33.665733 -24.454105 422.788025 0.592238 -26.129362 425.216370 66.739235 -22.778851 420.359650
611 296 631 285 655 286 674 300 653 305 631 305 780 304 800 293 824 293 842 306 822 313 800 312 113 9 132.585587 -0.388917 20.063238 -0.244416 0.077779 0.061898 33.715843 -27.596613 412.777374 0.674126 -29.314375 415.579865 66.757561 -25.878851 409.974884
645 426 662 416 681 415 698 423 681 430 663 431 796 421 812 412 832 412 848 421 831 427 813 427 685 788 6.069491 174.797455 29.423058 -0.416200 0.106744 -0.007683 47.876808 23.486753 474.180725 14.859241 24.460409 477.564758 80.894379 22.513098 470.796661
633 420 650 408 670 407 687 417 670 424 651 425 784 415 801 404 822 403 839 414 822 421 802 421 1211 112 -112.836723 25.189007 14.377283 -0.007371 0.052620 -0.024073 41.895355 19.974474 461.631653 8.746118 20.779800 463.374939 75.044594 19.169146 459.888367
637 419 654 407 675 406 692 417 674 424 655 425 788 415 805 403 826 403 844 415 826 422 806 421 803 82 -21.626310 17.530828 16.630640 0.022314 0.047004 -0.018276 43.615498 19.872526 460.611572 10.452899 20.461651 462.178284 76.778099 19.283401 459.044861
640 425 657 414 677 413 694 423 676 429 658 430 790 421 807 411 827 411 844 422 827 428 808 427 800 622 -19.960646 138.025818 25.824316 0.096134 0.047069 -0.021326 44.963058 22.814352 464.649567 11.802535 23.446011 466.243347 78.123581 22.182692 463.055756
634 411 650 399 671 398 687 409 670 416 651 417 783 408 800 397 821 397 838 409 821 415 801 414 994 32 -64.443260 6.824334 14.487797 -0.270770 0.136499 0.003901 42.309166 17.069679 469.552643 9.411576 17.551050 474.033325 75.206757 16.588310 465.071960
670 412 688 401 709 401 726 412 708 418 688 419 821 414 838 403 858 404 874 416 857 422 838 420 10 159 155.901978 32.840618 23.308912 -0.076698 0.023805 0.017044 59.188805 18.856705 468.696411 25.998215 18.321701 469.507660 92.379395 19.391708 467.885132
668 415 686 404 707 404 724 414 706 420 686 421 820 415 836 406 857 407 873 417 856 423 837 422 65 260 143.785019 55.508869 24.652210 -0.037681 0.038659 0.010533 58.554844 19.642570 468.803345 25.376680 19.317186 470.092957 91.733009 19.967955 467.513763
655 425 673 415 694 415 711 425 693 431 673 431 808 426 825 416 845 417 862 428 844 434 825 432 488 600 49.790226 132.379593 27.563459 0.065301 0.048752 0.007554 52.258064 24.179827 462.372711 19.093636 23.876440 463.981506 85.422493 24.483212 460.763885
628 412 644 401 664 400 680 410 663 417 645 418 775 409 792 398 813 398 830 409 813 415 793 415 1157 16 -100.934258 3.638877 13.112153 -0.170646 0.163531 -0.004897 39.029179 17.536777 470.985504 6.266685 18.159023 476.351257 71.791672 16.914532 465.619751
664 421 682 410 704 410 721 421 702 427 682 427 818 422 835 412 856 413 872 424 855 430 836 429 424 421 63.776722 92.284233 24.956070 0.061917 0.062205 0.001179 56.419373 22.176800 460.385468 23.278782 22.073809 462.447113 89.559959 22.279793 458.323822
669 423 687 413 708 413 725 423 706 428 687 428 822 425 839 416 858 417 874 428 857 433 839 431 279 618 96.574669 135.902710 29.284592 0.045731 0.055075 0.013292 58.834766 23.610184 466.650543 25.683222 23.127432 468.467590 91.986305 24.092934 464.833466
632 424 648 413 668 412 684 422 667 428 649 429 780 421 797 410 817 410 834 421 817 427 798 427 1096 524 -86.353493 116.856026 22.154999 0.047171 0.050077 -0.009974 41.119415 22.659243 469.507690 7.957872 22.950964 471.176971 74.280960 22.367521 467.838409
638 422 654 411 674 411 691 421 673 427 654 428 787 421 804 411 825 411 842 423 824 429 805 428 821 510 -24.864429 113.082397 23.779480 0.076999 0.042004 0.005181 43.534672 22.341127 463.616302 10.359578 22.115662 465.002625 76.709770 22.566593 462.229980
679 427 696 419 717 419 734 427 715 432 696 433 830 429 846 421 865 422 880 431 864 436 847 435 129 782 130.430283 172.145370 33.086380 -0.381775 0.091330 0.036909 63.818443 26.166967 478.703430 30.772655 25.544346 481.889008 96.864235 26.789589 475.517883
641 416 658 404 679 403 695 414 677 421 658 422 792 414 808 403 830 403 847 416 829 421 810 421 984 4 -62.257931 0.552460 14.079862 -0.007648 0.054565 0.001638 45.335449 19.291506 462.697876 12.180098 19.244055 464.509003 78.490799 19.338957 460.886780
654 430 671 420 692 420 708 429 691 434 672 435 805 430 822 421 842 422 858 432 841 437 822 436 620 699 20.445440 154.783401 28.351334 0.066454 0.051299 0.008239 51.621689 26.227058 467.010193 18.461664 25.897240 468.702484 84.781708 26.556875 465.317932
656 417 674 405 696 405 713 417 694 423 674 423 808 418 825 407 847 408 863 420 846 427 826 425 326 25 84.969009 3.684581 18.892599 -0.039286 0.027029 0.019489 52.380196 20.588093 459.971802 19.193811 19.958864 460.881622 85.566574 21.217321 459.062012
676 420 694 411 715 412 733 421 714 427 694 427 829 425 845 416 865 417 881 428 864 433 845 431 112 509 133.730194 111.184723 28.563862 0.007686 0.048022 0.028908 62.136570 23.266449 468.065155 28.983904 22.300941 469.655182 95.289238 24.231956 466.475128
672 416 690 406 712 407 729 418 710 423 690 423 825 421 842 411 862 413 878 424 861 430 842 428 40 208 149.281509 43.845921 23.938150 -0.042857 0.022588 0.035149 60.049133 21.478806 463.510895 26.873295 20.328453 464.285492 93.224976 22.629158 462.736298
642 427 659 416 679 416 696 425 678 431 660 432 793 425 810 416 830 416 847 427 830 432 811 431 770 544 -13.393599 120.549110 24.702435 0.072587 0.046512 -0.001810 45.924721 24.156948 463.776581 12.755857 24.160961 465.321289 79.093582 24.152935 462.231903
661 445 680 435 702 434 720 443 701 450 681 451 823 441 839 431 859 431 875 440 859 446 840 447 48 657 148.318970 144.060059 31.511452 -0.427762 0.074305 -0.009858 54.863453 30.282976 446.318542 21.750465 31.119593 448.640076 87.976448 29.446360 443.996979
605 417 622 404 643 403 661 412 643 420 623 422 762 406 779 395 800 394 818 405 801 412 781 412 645 5 13.574946 -0.025042 16.392569 -0.410796 0.097824 -0.039348 30.069839 16.692806 448.421478 -2.953142 18.617773 451.308838 63.092819 14.767839 445.534119
611 424 630 413 652 413 670 422 651 429 631 430 772 420 790 410 811 410 828 421 810 427 791 427 655 97 11.507491 20.528561 17.887716 0.097462 0.021981 -0.022141 33.400352 21.091541 436.847961 0.211687 21.789911 437.612366 66.589020 20.393169 436.083557
612 430 629 419 650 418 668 428 650 435 630 436 768 428 786 417 807 417 825 428 807 435 787 434 768 361 -13.283275 79.707573 21.607229 0.098119 0.029628 -0.006184 32.804436 24.283461 443.996521 -0.385181 24.440208 444.988647 65.994057 24.126713 443.004364
628 444 647 435 669 435 688 447 668 452 647 452 790 448 808 437 830 437 848 448 829 455 809 455 555 448 34.523014 98.618729 24.527603 0.046463 0.028008 0.011015 40.185539 31.044123 430.378693 6.995759 30.656973 431.299744 73.375320 31.431273 429.457672
603 448 620 438 641 438 658 450 640 456 620 455 760 452 778 441 799 442 817 453 798 459 778 459 906 687 -43.552105 152.781052 26.210680 -0.467051 0.108613 0.039431 29.029232 33.765598 445.974396 -3.958156 33.332321 449.743225 62.016621 34.198879 442.205566
657 439 676 428 700 429 718 440 698 446 676 446 818 443 835 432 856 432 871 444 854 450 836 449 113 464 133.423630 101.145241 27.792643 -0.120946 -0.023759 0.014936 53.762177 29.641569 445.997803 20.570421 29.099247 445.240875 86.953926 30.183893 446.754730
631 437 650 427 673 428 691 439 671 445 650 445 793 442 811 432 833 432 850 443 831 450 811 449 553 392 34.867252 86.117493 23.589836 0.055285 0.042537 0.020427 41.746933 28.734289 434.364624 8.579073 28.017582 435.757050 74.914795 29.450996 432.972198
631 439 649 429 671 430 689 441 670 446 649 446 791 443 809 433 830 434 847 444 829 451 809 450 516 473 43.292984 104.105423 25.216404 0.045854 0.040084 0.018485 41.368565 29.524986 438.421753 8.196090 28.881119 439.737793 74.541039 30.168852 437.105743
635 437 654 427 676 428 694 439 675 445 654 444 795 442 813 432 835 433 851 443 833 450 813 449 333 388 84.071762 84.705292 25.011732 0.024926 0.029776 0.024478 43.488678 29.000978 439.553650 10.308527 28.176165 440.531891 76.668831 29.825794 438.575409
603 443 621 432 642 433 659 445 641 451 621 451 761 447 778 436 800 436 817 448 799 454 779 454 806 522 -21.486973 115.724792 24.084913 0.082266 0.009323 0.027769 28.949200 31.041645 437.943054 -4.241377 30.108023 438.214325 62.139774 31.975267 437.671753
620 434 638 423 661 424 678 436 659 442 638 442 780 439 798 428 820 429 838 440 819 447 799 446 581 147 28.152670 31.511387 19.238232 0.017123 0.025934 0.027967 36.653111 27.531096 434.924805 3.472447 26.595350 435.777740 69.833778 28.466841 434.071869
638 433 657 423 680 423 698 435 678 441 657 441 799 439 817 428 838 429 855 440 837 447 817 445 371 227 75.274994 48.867565 22.019375 0.003440 0.025902 0.024523 44.918270 27.498676 438.784576 11.734578 26.683098 439.643066 78.101959 28.314255 437.926056
639 432 658 421 681 422 698 434 679 439 658 439 799 437 817 427 838 428 855 439 837 445 817 444 235 87 105.439026 17.305080 20.562092 -0.046906 0.004680 0.032354 45.118645 27.004993 439.326294 11.931568 25.934923 439.506805 78.305717 28.075064 439.145782
617 428 635 418 657 419 674 430 655 436 635 436 775 434 793 424 815 425 832 436 814 442 794 441 776 19 -15.702706 3.408484 15.743259 -0.017037 0.027214 0.039523 35.046310 25.480362 438.218506 1.879720 24.176283 439.132935 68.212906 26.784439 437.304077
592 447 608 438 629 438 645 449 627 454 609 454 746 450 763 440 784 440 801 451 783 457 764 456 983 741 -60.676804 165.013123 26.606569 -0.443148 0.109844 0.031063 23.606138 33.627438 452.402130 -9.386084 33.425766 456.148102 56.598358 33.829109 448.656158
599 437 616 427 638 428 655 440 636 445 616 445 758 442 775 432 797 432 814 444 795 450 776 449 958 215 -56.053352 47.576126 17.840340 0.017780 0.007178 0.033770 27.166397 28.888058 435.848358 -6.018631 27.764898 436.076691 60.351421 30.011217 435.620026
632 430 651 419 673 420 691 431 672 437 651 437 792 434 810 424 832 425 849 436 831 443 811 441 365 0 76.199036 -1.802109 18.203798 -0.047042 0.008283 0.029421 42.178677 25.902735 438.409058 8.989369 24.932812 438.706909 75.367981 26.872658 438.111206
632 433 651 423 673 424 691 436 672 441 651 441 792 439 810 429 832 430 849 441 830 447 810 446 269 303 98.231392 65.586212 24.001186 0.031418 0.027756 0.030214 41.993336 27.667192 438.207428 8.816463 26.649906 439.112915 75.170212 28.684477 437.301941
593 443 609 433 628 432 644 442 628 449 609 449 744 443 762 433 783 434 801 444 782 450 763 449 1118 477 -91.361252 106.419838 21.207592 -0.297877 0.146704 0.017629 23.458162 31.228712 454.958679 -9.387498 31.372932 459.827087 56.303822 31.084494 450.090271
599 290 619 277 644 275 665 286 643 295 620 296 780 282 800 270 824 269 845 281 824 290 801 289 649 118 12.888312 25.200583 18.285089 -0.189149 0.074218 -0.019709 30.202394 -32.461983 391.822876 -2.904858 -31.579815 394.208496 63.309647 -33.344147 389.437225
652 287 674 278 700 279 720 291 697 297 673 296 833 298 852 289 874 291 891 303 872 309 852 307 310 258 88.977203 55.641209 22.959087 -0.121147 -0.065826 0.057801 50.539112 -28.855040 394.396576 17.461468 -30.899321 392.335022 83.616753 -26.810760 396.458130
566 315 585 303 608 302 627 312 607 320 586 322 745 305 764 293 788 292 808 303 788 312 766 312 951 550 -53.870502 122.315514 23.578625 -0.319716 0.145523 -0.016187 16.501842 -23.166779 389.265930 -16.350687 -21.875778 393.913971 49.354370 -24.457779 384.617889
633 284 655 271 681 271 701 285 679 292 655 292 816 288 835 276 859 277 877 291 858 298 836 297 322 100 86.001907 20.411533 20.193766 -0.109352 -0.061475 0.022517 43.480103 -31.387144 389.184631 10.346355 -32.244236 387.189697 76.613853 -30.530050 391.179535
588 297 608 285 633 284 653 296 632 304 609 305 769 294 790 282 815 282 836 295 815 303 791 302 706 212 0.311094 46.311493 19.495928 0.052977 0.058306 0.001402 25.602194 -27.815748 383.093567 -7.546175 -27.913511 385.026367 58.750565 -27.717983 381.160767
610 312 632 303 657 303 678 313 655 320 632 320 795 316 816 307 840 308 860 318 839 324 816 323 580 622 29.251234 137.506226 27.314161 0.139999 0.020001 0.021458 34.452435 -20.533010 378.898041 1.261883 -21.289507 379.510132 67.642982 -19.776516 378.285980
612 302 634 291 660 291 682 304 658 311 634 311 799 306 820 295 846 296 866 308 844 315 821 314 428 217 62.506226 46.770668 21.463491 0.071810 -0.003458 0.022090 35.329861 -23.636236 373.581451 2.133345 -24.364923 373.440399 68.526375 -22.907547 373.722504
611 307 633 295 659 295 680 307 658 314 633 314 798 309 820 298 845 299 865 312 843 319 820 317 497 334 47.287086 73.042419 22.983782 0.121501 0.018279 0.020779 35.059719 -22.402866 374.336975 1.867604 -23.127871 374.900482 68.251831 -21.677860 373.773438
622 302 645 291 671 291 692 303 669 310 645 310 809 307 830 296 855 298 874 310 853 317 830 316 444 252 58.991642 54.618778 21.949709 0.042776 -0.006889 0.031823 39.450340 -23.763721 378.079926 6.263126 -24.814991 377.828674 72.637558 -22.712450 378.331146
625 297 648 284 675 285 697 299 673 305 648 305 812 303 833 291 859 292 878 307 857 314 833 312 299 41 91.038116 7.191244 19.347248 0.003964 -0.031599 0.036278 40.645847 -25.215261 376.769897 7.479454 -26.417320 375.718689 73.812241 -24.013203 377.821136
615 304 637 294 663 294 684 306 661 312 637 312 801 309 822 298 847 299 867 311 846 318 822 317 548 361 35.928604 79.187973 23.097076 0.110150 0.018030 0.026408 36.424950 -23.013447 376.781799 3.237095 -23.921345 377.330933 69.612808 -22.105551 376.232666
589 299 609 287 634 287 655 299 633 306 610 307 771 299 792 286 818 287 839 299 817 307 793 306 926 38 -49.221268 8.002643 15.050221 0.014627 0.062364 0.007500 25.974247 -26.182228 379.336884 -7.165084 -26.446224 381.404419 59.113579 -25.918232 377.269379
