531 239 544 231 560 230 574 238 560 242 545 243 648 234 661 225 678 225 692 232 678 237 663 237 425 192 54.431168 44.747108 17.022209 -0.503759 0.021808 -0.042933 -10.546836 -63.763878 587.708923 -43.713966 -62.219822 588.051086 22.620293 -65.307938 587.366760
533 240 546 233 562 232 575 239 562 244 547 244 650 236 663 227 679 226 692 233 679 238 664 239 394 222 60.601730 50.691673 17.509914 -0.505521 0.020593 -0.044356 -9.889771 -63.263882 590.749146 -43.055725 -61.684406 591.039551 23.276182 -64.843353 590.458740
533 243 545 236 561 236 574 242 561 246 546 247 649 239 662 231 678 230 691 236 678 241 663 242 619 591 15.945997 123.498291 27.377388 -0.507189 0.017309 -0.040403 -10.375962 -61.807217 592.369690 -43.549385 -60.380203 592.586975 22.797462 -63.234230 592.152405
527 242 539 234 555 233 569 241 555 245 541 246 644 237 657 228 673 227 687 233 673 239 658 240 1120 58 -83.789017 17.908772 18.394941 -0.488696 0.015006 -0.055044 -13.191061 -62.258869 587.411316 -46.342915 -60.384678 587.452087 19.960793 -64.133057 587.370605
531 246 543 240 558 239 571 245 558 249 544 249 646 242 659 235 674 234 687 239 674 244 659 244 562 890 27.346159 182.616318 33.845940 -0.515557 0.019219 -0.040213 -12.318420 -60.448788 596.267212 -45.490982 -59.011459 596.540649 20.854141 -61.886120 595.993713
528 243 541 235 557 234 571 242 557 246 542 247 645 238 658 229 675 228 689 235 675 241 660 241 146 151 109.897011 36.787991 14.305091 -0.478406 0.023310 -0.045023 -12.298536 -61.769558 587.903137 -45.461491 -60.149967 588.296875 20.864418 -63.389153 587.509399
525 243 538 236 554 235 567 243 554 247 539 248 642 239 655 230 671 228 685 235 672 241 656 241 1303 90 -120.168701 24.138622 20.293844 -0.479659 0.013064 -0.055054 -14.154712 -61.506500 588.359619 -47.307396 -59.646645 588.346802 18.997971 -63.366356 588.372498
528 247 541 240 556 239 570 246 556 250 542 251 644 242 658 233 673 233 687 239 673 244 659 244 501 480 39.383820 101.622963 24.088058 -0.518302 0.022843 -0.050036 -12.826577 -59.641411 590.076721 -45.982288 -57.862038 590.380432 20.329134 -61.420788 589.773010
528 248 540 241 555 240 569 247 556 251 541 252 643 242 656 234 672 233 686 239 672 244 658 245 810 576 -22.034834 120.435837 28.253372 -0.523590 0.015610 -0.058387 -13.394068 -59.532150 591.577515 -46.539627 -57.549355 591.576294 19.751492 -61.514950 591.578796
531 250 543 243 557 242 571 249 558 252 544 253 645 244 658 236 673 235 687 241 674 246 659 246 283 869 82.816460 178.609619 31.585829 -0.533839 0.022046 -0.056411 -12.379091 -58.662258 595.105225 -45.524456 -56.687233 595.314453 20.766272 -60.637283 594.895935
529 247 541 239 557 238 571 246 558 250 543 251 646 242 659 233 675 232 689 238 675 244 660 245 145 113 110.087387 29.278898 13.430396 -0.490409 0.024630 -0.051358 -12.032960 -59.569916 587.295593 -45.184994 -57.736515 587.670837 21.119076 -61.403313 586.920349
527 247 539 240 555 239 569 247 556 251 541 252 643 243 657 233 673 232 688 239 674 245 658 245 913 227 -42.592537 51.413113 20.935820 -0.494736 0.015787 -0.054490 -13.101589 -59.114788 586.935669 -46.254063 -57.252289 587.000122 20.050884 -60.977283 586.871277
531 250 543 243 558 242 572 249 559 253 544 254 647 245 660 237 675 236 689 242 676 247 661 248 344 551 70.616730 115.734734 24.708643 -0.517902 0.022093 -0.048415 -11.616771 -58.067871 591.060303 -44.775616 -56.346207 591.354248 21.542076 -59.789539 590.766418
529 250 541 243 556 242 570 249 557 252 542 253 645 245 658 238 673 237 687 243 674 247 659 248 128 764 113.612511 157.939041 28.197510 -0.527034 0.024049 -0.039884 -12.679996 -58.055134 592.018738 -45.849628 -56.586170 592.439636 20.489637 -59.524097 591.597839
530 250 542 244 557 243 570 249 557 253 543 253 645 246 658 239 673 238 687 243 673 248 659 248 48 781 129.523102 161.339706 28.075500 -0.508799 0.023592 -0.038450 -12.581693 -58.079269 595.143433 -45.753448 -56.662357 595.575378 20.590063 -59.496181 594.711487
528 250 540 242 556 242 570 249 556 253 541 254 644 245 658 237 674 236 688 242 674 248 659 248 624 391 14.907298 83.971481 22.839218 -0.501014 0.022742 -0.043776 -12.749141 -57.666420 587.507751 -45.914398 -56.088261 587.874878 20.416115 -59.244583 587.140625
557 240 569 234 584 234 597 241 584 244 570 244 671 242 684 235 700 235 713 242 699 246 685 245 50 546 129.073120 114.897690 22.718426 -0.473521 0.036870 0.024008 2.477426 -62.644402 605.748535 -30.695850 -63.127430 607.112366 35.650703 -62.161377 604.384705
521 247 533 239 548 237 562 244 549 249 534 251 637 238 650 229 666 228 680 234 667 240 651 241 972 137 -54.343842 33.596889 19.255756 -0.506923 0.032723 -0.075895 -16.972094 -60.902798 588.841858 -50.065968 -58.222649 589.256470 16.121780 -63.582943 588.427307
530 248 542 241 556 240 570 247 557 251 543 251 644 242 657 235 673 234 687 240 673 245 658 245 598 630 20.130215 131.216309 28.134554 -0.520782 0.033592 -0.046241 -12.853913 -59.884224 596.211365 -46.005722 -58.134232 596.885742 20.297895 -61.634216 595.537048
527 248 539 240 555 239 568 247 555 251 541 252 643 242 656 233 672 232 686 239 672 244 657 245 1106 237 -80.965469 53.290161 22.395824 -0.500363 0.031522 -0.054692 -13.551043 -59.691669 592.885620 -46.691090 -57.695297 593.443726 19.589003 -61.688042 592.327515
493 222 507 215 524 215 539 222 524 225 508 226 627 219 643 212 660 211 675 218 660 222 643 222 857 717 -31.348690 148.276276 31.775173 -0.467992 0.025242 -0.020493 -22.552797 -62.516441 507.905945 -55.740379 -61.668106 508.557373 10.634785 -63.364780 507.254517
483 229 497 220 514 219 530 227 515 231 498 233 620 222 636 213 654 212 670 220 654 225 637 225 1390 731 -137.324646 150.769104 35.496063 -0.512215 0.021386 -0.046746 -25.946497 -59.398041 498.638489 -59.108398 -57.735622 498.928833 7.215404 -61.060455 498.348145
487 225 502 217 520 216 536 225 520 229 503 230 625 221 641 211 660 210 677 218 660 224 643 224 425 411 54.479923 88.026154 22.026440 -0.539670 0.022839 -0.037671 -22.944147 -59.750416 492.076935 -56.117519 -58.360096 492.469452 10.229225 -61.140736 491.684448
484 231 499 222 518 221 534 230 518 235 500 236 625 226 641 216 661 215 677 223 661 229 642 230 923 315 -44.561298 68.798637 23.010460 -0.536236 0.015232 -0.042369 -23.215570 -56.452408 486.154053 -56.387531 -54.980118 486.267578 9.956392 -57.924694 486.040527
489 230 504 221 523 220 539 229 523 234 505 235 630 226 646 216 666 215 683 223 666 229 647 230 523 156 34.937321 37.582390 16.824917 -0.517591 0.020822 -0.031975 -20.922388 -56.863430 486.716064 -54.103565 -55.673779 487.108185 12.258790 -58.053085 486.323975
489 236 504 227 523 227 539 235 523 239 506 240 630 231 645 221 664 220 681 228 664 234 647 234 1366 662 -132.567963 137.145584 33.766247 -0.546708 0.012909 -0.041099 -21.258553 -54.576111 489.494354 -54.433323 -53.164555 489.538025 11.916215 -55.987663 489.450684
494 249 508 242 526 242 541 249 526 254 509 254 633 245 648 236 666 235 682 242 666 248 649 248 388 891 61.943676 182.903336 32.758526 -0.570040 0.021957 -0.036286 -20.033747 -48.204399 491.799561 -53.209499 -46.861874 492.155396 13.142006 -49.546925 491.443726
481 256 498 245 517 243 534 250 517 256 498 258 625 244 642 235 662 234 681 242 663 247 644 247 1253 701 -110.090927 144.910873 33.936378 -0.598524 0.011026 -0.069001 -22.522186 -45.702286 473.252899 -55.648357 -43.440998 472.932098 10.603986 -47.963573 473.573700
483 249 499 240 518 239 535 249 518 254 500 255 626 245 643 233 663 231 680 239 663 247 644 248 1398 154 -139.043777 36.737568 22.362448 0.516956 -0.083150 -0.033513 -21.758951 -46.397427 468.529388 -54.833363 -44.637554 466.174438 11.315461 -48.157295 470.884308
486 256 502 246 521 245 538 251 521 257 503 259 629 246 646 237 665 237 683 245 666 249 647 249 242 742 90.940422 153.532791 28.422218 -0.592524 0.020682 -0.055434 -21.003010 -45.370880 477.059296 -54.151402 -43.439564 477.176758 12.145382 -47.302197 476.941833
492 255 507 246 526 245 542 255 526 259 508 260 634 250 650 240 670 239 687 247 670 253 652 253 1134 580 -86.456497 121.059845 30.412163 -0.582628 0.008888 -0.046585 -18.970190 -44.851154 481.768097 -52.138714 -43.307354 481.608765 14.198332 -46.394951 481.927460
494 253 510 246 528 246 544 254 528 259 511 259 637 252 653 242 672 241 688 248 672 254 654 255 458 789 48.002518 162.710007 30.874445 0.544353 -0.083975 -0.009744 -17.529314 -44.068146 471.824188 -50.618446 -43.020802 469.260590 15.559816 -45.115494 474.387817
490 260 506 250 526 249 542 256 525 262 507 263 633 252 650 242 670 242 689 250 671 255 652 255 1071 699 -73.903397 144.609131 32.729366 -0.599161 0.005983 -0.054729 -18.765188 -42.885700 474.094940 -51.921177 -41.118359 473.753632 14.390802 -44.653038 474.436249
488 253 503 242 524 242 541 253 524 258 505 259 631 249 648 237 669 235 686 244 669 252 650 253 999 167 -59.705708 39.511654 20.113550 0.531825 -0.078217 -0.026578 -19.259300 -44.356750 465.180878 -52.353523 -42.842102 462.936340 13.834921 -45.871395 467.425415
495 259 510 251 528 251 544 260 528 264 511 264 636 256 652 246 671 245 688 252 671 258 653 259 554 884 28.935503 181.434692 33.657791 -0.613351 0.009580 -0.035724 -18.076412 -42.521019 481.939362 -51.259220 -41.313526 481.885345 15.106395 -43.728512 481.993408
495 257 510 248 528 248 544 258 528 262 511 262 637 254 653 244 673 243 689 251 673 257 655 258 164 585 106.414604 122.546341 24.337006 0.560589 -0.082371 -0.013123 -17.179466 -42.282883 467.844391 -50.271832 -41.123775 465.372253 15.912899 -43.441994 470.316498
496 259 511 251 530 251 546 260 529 264 512 265 639 258 655 248 674 247 691 254 674 260 656 261 5 763 138.069000 157.804611 27.389816 0.565977 -0.084968 -0.006217 -16.562153 -40.963364 468.026855 -49.649715 -39.991158 465.413910 16.525412 -41.935566 470.639801
497 260 512 252 530 252 546 261 530 265 513 265 639 258 655 248 674 247 690 254 674 260 656 261 440 794 51.582661 163.707367 30.873842 0.577819 -0.073756 -0.009678 -16.529188 -40.879581 468.673889 -49.644699 -39.888340 466.451294 16.586323 -41.870823 470.896515
490 260 506 249 527 248 544 257 526 263 507 264 634 253 651 242 672 241 691 251 672 257 653 257 1289 304 -117.337372 66.436752 25.094492 -0.601392 0.002643 -0.049008 -18.121922 -41.891743 468.040894 -51.287941 -40.335804 467.648773 15.044098 -43.447685 468.433014
494 257 509 248 529 248 546 258 529 263 511 263 638 256 654 244 674 243 692 251 674 258 656 259 628 319 14.095928 69.740700 21.219515 0.569612 -0.073873 -0.011150 -16.607792 -41.396839 461.428253 -49.722458 -40.367035 459.210602 16.506874 -42.426643 463.645905
618 248 631 241 647 242 661 250 647 253 632 253 735 250 749 243 765 243 779 250 765 254 749 254 384 208 62.586967 47.930115 17.126200 -0.499655 0.066999 0.033019 38.215580 -55.875145 586.141663 5.101441 -56.381413 588.541077 71.329720 -55.368877 583.742310
613 251 626 245 642 246 655 253 641 256 627 256 730 253 744 246 760 246 773 253 759 257 744 257 1255 583 -110.514862 121.590538 31.252796 -0.508608 0.062651 0.031593 35.195957 -54.231720 586.937988 2.071102 -54.717751 589.189087 68.320808 -53.745693 584.686890
613 249 626 242 643 243 656 251 642 255 627 255 731 252 745 244 761 244 775 251 761 256 745 256 832 27 -26.531424 11.930490 15.848898 -0.471151 0.064953 0.033279 35.658085 -54.903282 584.667419 2.540038 -55.468399 586.998840 68.776131 -54.338169 582.336060
612 246 625 240 640 240 653 246 640 249 625 250 726 244 738 237 753 237 765 242 752 247 739 247 21 464 134.821075 98.707649 20.659651 -0.447696 0.052024 -0.007762 34.319725 -60.895458 609.032715 1.160072 -60.266186 610.645508 67.479378 -61.524731 607.419922
600 249 613 243 629 242 642 250 629 253 614 254 716 248 730 240 746 240 760 246 746 251 731 251 886 399 -37.185699 85.417831 24.693800 -0.488064 0.064819 -0.000696 28.090387 -57.169884 592.446533 -5.046060 -56.632980 594.507446 61.226837 -57.706783 590.385681
601 248 614 241 629 241 643 248 629 252 614 252 717 246 731 239 747 238 760 245 747 250 731 250 27 178 133.564392 42.184906 14.162731 -0.473157 0.069561 0.000599 28.424133 -57.904106 591.288452 -4.701859 -57.387127 593.515808 61.550125 -58.421082 589.061157
601 251 613 245 629 245 642 252 629 256 614 256 717 252 730 244 746 244 760 250 746 255 731 255 1401 396 -139.586411 84.560356 27.911379 -0.482669 0.061063 0.009955 28.126019 -55.370605 591.719116 -5.016488 -55.208519 593.745789 61.268528 -55.532692 589.692383
605 254 619 246 635 247 648 255 634 258 619 259 723 253 736 245 752 245 766 252 752 257 737 257 477 182 44.089520 42.744179 17.125509 -0.485233 0.067390 0.008160 31.219995 -53.999432 589.181213 -1.909832 -53.727539 591.394836 64.349823 -54.271328 586.967590
606 257 619 250 634 250 648 258 634 261 619 261 722 256 736 249 752 248 765 255 751 260 736 260 919 519 -43.720543 109.115417 27.646412 -0.504159 0.064779 0.007820 31.134985 -52.466919 591.204834 -2.000653 -52.184898 593.328430 64.270622 -52.748936 589.081299
608 255 621 248 637 248 651 256 637 260 622 260 725 255 739 247 755 247 769 254 755 259 740 259 197 144 99.754868 35.378437 14.470561 -0.480331 0.069177 0.015676 32.734867 -52.967602 588.587341 -0.388044 -52.927002 590.917725 65.857780 -53.008202 586.256958
607 257 620 251 636 251 649 258 635 262 621 262 724 257 738 249 753 249 767 256 753 260 738 260 429 429 53.688587 91.581276 22.463268 -0.500432 0.069346 0.011949 32.025978 -52.025330 590.427551 -1.098361 -51.841438 592.730591 65.150314 -52.209221 588.124512
606 256 619 249 635 249 649 257 635 261 620 261 723 256 737 248 753 248 766 254 752 259 737 259 1418 327 -142.981964 70.915756 26.443178 -0.486169 0.058937 0.007284 31.589800 -52.660900 589.591736 -1.557624 -52.426914 591.529053 64.737221 -52.894886 587.654419
595 243 607 236 621 236 634 243 621 246 607 247 708 241 721 234 737 234 750 240 737 244 722 244 1338 404 -127.058022 86.173698 27.692190 -0.490203 0.064593 0.001784 23.989752 -61.991413 602.169922 -9.147141 -61.533184 604.242615 57.126644 -62.449642 600.097290
589 251 602 244 617 243 630 250 617 254 603 255 705 247 718 239 734 238 748 244 734 249 719 250 978 474 -55.461826 100.192154 26.994614 -0.486093 0.072689 -0.020587 21.502388 -57.485516 594.143616 -11.609562 -56.254276 596.298218 54.614338 -58.716751 591.988953
592 257 605 250 619 250 633 256 620 260 606 261 707 253 720 246 736 245 750 250 736 255 721 256 20 706 135.073792 146.532501 26.183060 -0.493160 0.077501 -0.016409 23.022009 -54.281162 596.877441 -10.080762 -53.137207 599.213562 56.124779 -55.425117 594.541321
591 259 604 252 619 252 632 259 619 262 605 263 707 255 720 247 736 246 750 252 736 258 721 258 835 571 -27.006823 119.434883 28.298641 -0.522096 0.072632 -0.018506 22.570967 -52.503864 591.136353 -10.542717 -51.302349 593.281067 55.684650 -53.705379 588.991577
589 254 601 246 617 246 630 253 617 258 602 258 706 250 719 242 735 241 749 248 735 253 720 254 748 276 -9.773849 61.181328 21.002649 -0.505664 0.075512 -0.012366 21.632784 -54.979095 588.377014 -11.476923 -53.965904 590.674866 54.742493 -55.992287 586.079102
590 257 603 249 618 249 631 256 618 260 604 261 706 253 719 244 735 244 749 250 736 256 721 256 975 472 -54.865768 99.798447 26.929771 -0.508949 0.072404 -0.017344 22.212353 -53.922432 592.344666 -10.902443 -52.773163 594.500854 55.327148 -55.071705 590.188477
592 254 604 247 620 247 633 254 620 258 605 259 708 252 722 244 738 243 752 249 738 255 723 255 548 183 29.972454 42.905319 17.601398 -0.480098 0.072064 -0.008140 23.217176 -54.586319 590.293396 -9.902020 -53.763306 592.529724 56.336372 -55.409332 588.057068
595 259 607 253 622 253 636 259 622 263 608 263 710 257 724 250 739 249 753 255 739 260 724 260 366 789 66.295341 162.757278 30.287409 -0.507311 0.071232 -0.005828 24.580736 -51.986031 594.406677 -8.541110 -51.213905 596.621765 57.702583 -52.758160 592.191528
502 138 520 131 540 133 556 144 538 147 519 146 649 150 664 142 682 143 696 153 681 157 664 156 159 102 107.301254 27.097872 13.268373 -0.334396 -0.088142 0.042390 -12.944958 -91.567108 473.859589 -45.992554 -93.430763 471.224670 20.102638 -89.703453 476.494507
388 140 404 129 425 129 442 140 424 145 405 145 542 142 561 132 582 133 600 144 581 148 561 147 1406 178 -140.629120 41.476368 22.961903 -0.472436 -0.035457 -0.001378 -58.234352 -88.483917 447.996399 -91.418648 -88.712791 446.851990 -25.050056 -88.255035 449.140808
401 139 417 130 437 130 455 139 437 144 418 144 554 139 573 130 594 130 613 139 594 144 574 144 1129 107 -85.567619 27.587585 19.572037 -0.446183 -0.048939 -0.027856 -53.573261 -90.985603 454.478302 -86.726311 -90.447983 452.704620 -20.420214 -91.523232 456.251984
502 169 518 161 535 163 549 172 534 174 518 174 637 175 651 167 667 168 680 176 666 180 651 179 109 879 117.415977 180.675232 30.704067 -0.367302 -0.060662 0.022669 -17.974560 -84.145424 501.905212 -51.110550 -85.246490 500.073975 15.161430 -83.044365 503.736481
386 178 402 170 421 171 437 179 420 183 403 183 539 180 557 172 577 173 595 181 576 185 557 184 1401 885 -139.477554 181.197128 39.085209 -0.521819 -0.042988 -0.010846 -60.275093 -72.834892 451.174225 -93.448013 -72.854980 449.719330 -27.102175 -72.814804 452.629120
435 166 449 159 466 161 481 170 466 172 450 171 574 174 591 167 609 168 626 176 608 180 590 179 827 616 -25.406124 128.331940 29.275860 -0.427846 -0.006211 0.047636 -46.388485 -81.455215 481.073639 -79.555573 -83.031975 481.206909 -13.221396 -79.878456 480.940369
491 179 510 171 529 171 546 180 527 183 509 184 639 185 654 179 672 181 689 191 672 193 655 191 188 656 101.658371 136.565125 26.112520 -0.476150 -0.096594 0.023490 -17.206375 -74.061592 469.778961 -50.250328 -75.559837 466.878601 15.837578 -72.563347 472.679321
456 157 472 150 490 151 506 159 489 163 472 162 596 163 612 156 630 157 645 164 629 169 612 168 590 531 21.698856 111.655914 25.821321 -0.386324 -0.052553 0.019623 -37.370983 -89.208847 496.933807 -70.524216 -90.176819 495.357025 -4.217758 -88.240875 498.510559
403 155 418 145 437 145 452 153 436 158 419 159 548 152 564 144 583 145 598 154 582 158 565 157 1020 719 -63.758354 148.587769 32.860950 -0.388043 -0.037728 -0.024978 -59.552425 -90.110718 483.837006 -92.723679 -89.542244 482.457001 -26.381172 -90.679192 485.217010
412 179 429 170 451 171 469 181 450 186 430 186 565 180 583 169 605 168 623 177 604 185 584 185 638 41 12.045689 14.796865 14.930922 0.535492 -0.161276 0.010089 -47.692276 -72.235497 446.312500 -80.474754 -71.156479 441.144897 -14.909793 -73.314522 451.480133
435 188 453 178 473 177 491 185 472 190 453 192 583 185 600 177 620 177 637 188 620 191 601 190 274 520 84.528275 109.644447 23.553623 -0.457789 -0.072166 -0.032477 -41.516903 -72.450844 467.614380 -74.619598 -71.949516 465.060944 -8.414210 -72.952179 470.167786
494 171 510 161 530 161 546 169 528 175 510 176 638 169 653 161 671 161 686 171 671 175 654 175 104 313 118.284149 68.824203 17.738855 -0.345766 -0.032951 -0.010423 -18.274445 -84.171104 492.773987 -51.459625 -84.019196 491.642487 14.910738 -84.323006 493.905487
550 175 566 162 587 163 602 179 585 186 566 186 668 180 683 165 703 164 718 177 703 188 684 188 478 567 43.976395 118.827827 25.929281 0.400279 0.010311 0.010823 2.506451 -92.469032 564.995850 -30.694700 -92.886490 565.258179 35.707603 -92.051575 564.733521
513 188 526 181 542 181 556 187 542 192 527 193 632 185 645 178 660 178 673 184 660 189 646 189 4 779 138.271393 160.967072 27.749043 -0.358022 -0.031614 -0.040036 -20.040405 -90.036003 579.431213 -53.202480 -88.921288 578.168823 13.121673 -91.150719 580.693604
494 176 507 168 523 168 537 176 523 180 508 181 620 174 635 166 653 165 669 173 653 178 636 178 1322 152 -123.932762 36.381374 21.831804 -0.432637 0.007028 -0.023339 -25.745054 -89.860054 540.419495 -58.940159 -89.059418 540.480591 7.450049 -90.660683 540.358398
498 177 513 168 531 167 547 175 531 181 514 181 631 173 646 165 664 165 679 173 664 178 647 178 185 107 102.132652 28.072620 13.548527 -0.342887 -0.009905 -0.027260 -20.719633 -88.107559 528.515137 -53.910618 -87.275986 528.039062 12.471352 -88.939140 528.991211
448 186 464 176 483 176 499 186 482 191 464 192 592 185 608 175 627 176 643 186 627 191 609 190 1246 100 -108.832878 26.144121 20.158642 -0.387786 -0.026632 -0.015380 -39.448620 -76.256874 489.211792 -72.637924 -75.928276 488.251831 -6.259311 -76.585464 490.171722
439 212 454 203 473 202 489 212 473 217 455 218 579 208 595 198 614 197 631 205 614 212 596 212 1344 344 -128.264389 74.313339 26.359453 -0.429354 -0.023030 -0.049887 -45.236954 -66.216438 496.017578 -78.392418 -64.772797 494.926453 -12.081489 -67.660080 497.108734
501 232 519 222 539 222 556 233 538 237 519 237 647 236 664 227 684 228 700 239 683 243 664 242 471 516 45.356884 108.752739 24.719246 -0.523765 -0.029113 0.027267 -13.168917 -51.896713 475.581909 -46.347916 -53.008438 474.890747 20.010082 -50.784985 476.273071
475 216 491 209 510 210 525 220 509 223 491 222 615 222 631 214 650 214 666 222 649 227 631 226 1109 539 -81.494743 112.970222 29.315777 0.561245 -0.092011 0.048780 -27.416811 -59.786530 482.871307 -60.446400 -60.485371 479.536987 5.612776 -59.087685 486.205597
579 313 590 307 603 306 614 313 603 316 590 317 682 312 694 305 708 305 720 312 708 315 694 315 1131 545 -85.867783 114.144646 29.593258 -0.592866 0.049959 0.003846 11.712539 -23.124340 659.153015 -21.451805 -22.767233 660.752502 44.876884 -23.481447 657.553528
592 310 603 304 617 304 629 310 617 314 604 314 696 309 707 303 721 303 733 309 721 313 708 313 17 256 135.570114 57.604500 15.881251 -0.580134 0.038638 0.002283 20.370907 -24.824848 659.717163 -12.809728 -24.534674 660.950378 53.551540 -25.115023 658.483887
574 320 585 313 598 312 610 319 598 322 586 323 677 317 689 310 703 310 715 316 703 320 690 320 964 508 -52.670567 106.918465 27.682196 -0.596398 0.057909 -0.008504 8.834088 -19.608889 659.295471 -24.315531 -18.786669 661.023560 41.983707 -20.431110 657.567383
574 319 585 312 598 311 610 318 598 322 586 322 677 316 689 309 703 309 715 316 703 320 690 320 1164 345 -92.473862 74.603447 25.233753 -0.581768 0.056589 -0.008744 8.740171 -20.071272 660.546021 -24.411739 -19.266006 662.237732 41.892082 -20.876537 658.854309
575 320 586 313 599 313 610 319 599 323 586 323 678 318 690 311 704 311 716 318 704 321 691 321 92 577 120.728943 121.002365 23.694782 -0.591367 0.062369 0.000662 9.295563 -19.125219 660.693420 -23.846544 -18.551405 662.650757 42.437668 -19.699036 658.736084
573 322 584 315 597 315 608 321 597 324 584 325 676 319 687 312 701 312 713 318 701 322 688 322 1295 709 -118.440216 146.470261 34.387177 -0.597183 0.050392 -0.008978 7.883955 -18.419077 663.120728 -25.278646 -17.653639 664.609192 41.046558 -19.184513 661.632263
572 322 583 315 596 314 607 320 596 324 583 325 675 319 686 311 700 311 712 318 700 321 687 322 1260 435 -111.541992 92.340034 27.902845 -0.587424 0.055280 -0.013721 7.221814 -18.647476 662.203735 -25.930685 -17.694214 663.804565 40.374313 -19.600739 660.602844
572 322 583 315 596 315 608 321 596 325 584 326 675 319 687 312 701 312 713 319 701 323 688 322 406 338 58.241535 73.609566 20.237127 -0.589057 0.061037 -0.008280 7.519795 -18.087057 660.144165 -25.623846 -17.248226 661.975830 40.663437 -18.925886 658.312500
571 324 581 317 594 316 606 323 594 326 582 327 674 321 685 314 699 314 712 320 699 324 686 324 112 471 116.728645 100.044243 21.400259 -0.586246 0.058895 -0.009021 6.465077 -17.173710 659.875610 -26.682482 -16.334354 661.634705 39.612637 -18.013065 658.116516
569 326 580 319 593 318 604 325 593 328 581 329 672 322 684 315 698 315 710 321 698 325 685 325 1177 655 -94.989700 135.859344 32.400318 -0.593039 0.055325 -0.018978 5.527540 -16.078075 661.695862 -27.622137 -14.955772 663.244751 38.677216 -17.200380 660.147034
568 325 579 317 592 317 604 324 592 327 579 328 671 321 683 313 697 313 709 320 697 324 684 324 960 228 -51.937561 51.586586 21.258570 -0.575780 0.055689 -0.021301 4.908904 -16.905056 659.126953 -28.238518 -15.718948 660.676575 38.056324 -18.091164 657.577393
568 325 579 318 592 318 604 324 592 328 580 329 671 322 683 315 697 314 710 321 697 325 684 325 269 353 85.485275 76.644272 19.705708 -0.580627 0.057003 -0.017264 5.090750 -16.382824 657.761902 -28.056820 -15.307502 659.387268 38.238323 -17.458147 656.136475
577 304 588 297 602 298 614 304 602 308 589 308 682 305 694 298 709 299 721 305 708 309 695 309 650 261 9.708646 58.267365 20.034573 -0.551712 0.032895 0.020958 11.275036 -27.447330 646.476257 -21.905157 -27.814606 647.700806 44.455227 -27.080053 645.251709
578 317 589 310 602 310 613 317 601 320 589 321 681 317 693 310 707 310 719 317 707 320 693 320 1405 503 -140.357925 105.703773 30.381891 -0.600361 0.041623 0.011422 11.012282 -20.237257 656.831848 -22.162525 -20.191532 658.242432 44.187088 -20.282982 655.421265
580 318 591 312 604 312 615 319 604 322 591 322 682 319 694 313 708 313 720 319 708 322 695 322 756 762 -11.256333 157.221115 32.158974 -0.608699 0.045167 0.018811 12.205885 -19.199738 660.683716 -20.960403 -19.343807 662.276245 45.372173 -19.055668 659.091187
580 319 591 313 605 313 616 319 604 323 592 323 683 320 695 313 709 313 721 320 709 323 696 323 996 598 -59.013252 124.687935 29.942915 -0.607501 0.045416 0.017954 12.621902 -18.543913 659.138062 -20.544525 -18.659796 660.729980 45.788330 -18.428030 657.546082
580 319 591 311 605 311 616 319 604 322 591 323 684 319 696 312 710 312 722 319 710 323 696 323 342 20 70.896187 10.798907 12.562336 -0.575558 0.051032 0.018995 12.746469 -18.855762 655.106873 -20.410473 -18.977728 656.885071 45.903412 -18.733797 653.328674
576 318 587 312 601 312 612 319 600 322 588 322 679 318 691 311 705 311 718 318 705 322 692 321 1328 149 -125.126442 35.785427 21.801538 -0.593965 0.045566 0.007481 10.216612 -19.430521 658.070923 -22.953836 -19.228287 659.567627 43.387058 -19.632757 656.574219
579 318 590 311 603 312 615 319 603 322 590 322 682 319 694 311 709 311 721 318 708 322 695 322 693 28 1.106868 12.199531 14.984813 -0.584687 0.048648 0.013218 11.970218 -19.152966 655.422119 -21.193600 -19.108271 657.071045 45.134037 -19.197660 653.773254
579 320 590 312 603 312 615 320 603 323 590 323 682 319 694 312 708 312 721 319 708 323 695 323 770 6 -14.208327 7.812301 14.973429 -0.579892 0.052524 0.012376 11.797725 -18.647659 656.292053 -21.360094 -18.544199 658.054993 44.955544 -18.751120 654.529114
582 322 593 316 606 316 618 322 606 325 593 326 685 321 696 314 710 314 722 320 710 324 697 324 585 570 22.701714 119.365715 26.680580 -0.586929 0.047563 0.002276 13.510095 -17.523361 661.793274 -19.658148 -17.144394 663.304443 46.678337 -17.902330 660.282104
580 326 590 319 604 319 615 325 603 328 591 329 683 324 694 317 708 317 720 323 708 327 695 327 939 718 -47.652939 148.431763 32.321251 -0.606620 0.047320 -0.003189 12.150416 -15.511260 659.737732 -21.018190 -14.949733 661.182617 45.319023 -16.072786 658.292786
578 322 589 315 603 315 615 322 603 326 590 326 682 321 694 314 708 314 720 320 708 325 695 325 1362 78 -131.902634 21.736855 20.396111 -0.576823 0.041797 -0.001485 11.752832 -17.296137 656.290344 -21.423740 -16.860300 657.588318 44.929405 -17.731974 654.992432
578 326 589 320 603 319 614 326 602 329 590 330 681 325 693 318 707 317 719 324 707 328 694 328 1173 847 -94.151619 173.804672 36.762066 -0.608460 0.044463 -0.006742 11.443035 -15.081007 660.773499 -21.729229 -14.435365 662.093933 44.615299 -15.726649 659.453003
578 324 589 317 603 316 614 324 602 327 590 328 682 323 693 315 708 315 720 321 708 326 694 326 733 49 -6.841858 16.329023 15.719904 -0.577801 0.048081 -0.003000 11.544118 -16.362085 655.829224 -21.623232 -15.819508 657.309814 44.711468 -16.904663 654.348633
582 327 593 321 606 321 617 327 606 330 594 330 685 326 696 320 710 320 721 326 709 329 697 329 371 855 65.315857 175.797714 31.827436 -0.608409 0.049949 0.006022 13.548127 -14.370239 666.202942 -19.615952 -14.068933 667.819336 46.712204 -14.671546 664.586548
579 328 590 322 603 321 615 328 603 331 591 331 682 327 694 320 707 320 719 326 707 329 694 329 937 866 -47.222321 177.680725 35.690342 -0.608899 0.045684 -0.001935 11.866308 -13.963652 662.362244 -21.304857 -13.455658 663.767700 45.037476 -14.471644 660.956787
580 327 591 321 604 321 615 327 604 331 591 331 682 326 694 320 708 320 720 326 708 329 695 329 1183 649 -96.184052 134.670532 32.301498 -0.602567 0.043523 -0.000587 12.189590 -14.127972 662.023499 -20.984713 -13.687334 663.376648 45.363895 -14.568608 660.670349
580 328 590 322 604 321 615 328 603 331 591 331 682 327 694 320 708 320 720 326 708 330 695 330 583 746 23.138565 154.148071 30.689484 -0.603799 0.047378 -0.000501 12.008614 -13.863595 661.890259 -21.160053 -13.387354 663.364075 45.177280 -14.339837 660.416382
580 325 591 319 605 319 616 326 604 329 592 329 683 325 695 318 709 318 721 324 709 328 696 328 913 240 -42.589642 53.982189 21.232874 -0.583131 0.044998 0.004163 12.700980 -15.159134 658.933289 -20.470884 -14.866250 660.382812 45.872845 -15.452017 657.483704
578 330 589 324 602 324 613 330 602 333 590 333 681 329 692 322 706 322 718 328 706 332 693 332 1164 899 -92.350525 184.085587 37.892857 -0.610081 0.043274 -0.003893 11.108925 -12.579855 663.441406 -22.065512 -12.033668 664.752197 44.283360 -13.126042 662.130615
616 310 629 303 643 304 654 311 641 315 628 314 721 316 732 309 746 311 757 319 745 322 732 320 789 38 -17.979069 14.126417 15.825876 -0.377894 0.016344 0.071321 36.826904 -22.646126 673.799133 3.709885 -24.854996 674.770508 69.943924 -20.437256 672.827820
588 318 600 312 613 312 625 319 613 322 600 322 692 321 704 314 718 314 730 321 717 325 704 324 1039 268 -67.636627 59.450840 22.676670 -0.584216 0.039982 0.034674 17.953300 -18.348272 658.304932 -15.206331 -19.057886 659.884460 51.112930 -17.638659 656.725403
588 321 599 316 612 316 623 322 612 325 600 325 691 324 703 318 716 318 728 324 716 327 703 327 1241 854 -107.670845 175.153076 37.355915 -0.611497 0.035600 0.029910 17.436333 -16.615408 663.535767 -15.733699 -17.197226 664.939392 50.606361 -16.033590 662.132141
589 320 600 313 614 314 625 321 613 324 600 324 692 323 704 315 718 316 730 323 718 327 704 326 950 154 -49.965687 36.967754 19.503834 -0.581410 0.041055 0.035016 18.212734 -17.313799 658.133179 -14.945097 -18.026384 659.748718 51.370564 -16.601213 656.517578
589 322 600 315 613 316 625 323 613 326 600 326 692 324 704 317 718 318 730 325 717 328 704 328 494 485 40.776779 102.614670 24.157644 -0.601598 0.044560 0.037326 18.027195 -16.237268 657.972717 -15.123210 -16.970898 659.725464 51.177597 -15.503641 656.219971
590 321 601 315 614 315 626 322 614 325 601 325 693 324 705 317 719 317 731 324 718 327 705 327 1081 307 -75.979012 67.136490 23.835829 -0.595895 0.042013 0.034035 18.593378 -16.605907 658.760315 -14.564329 -17.266413 660.400391 51.751087 -15.945402 657.120239
588 318 599 312 613 312 624 320 612 323 600 323 692 321 704 314 718 315 730 322 718 326 704 325 141 15 110.860916 9.914077 11.165537 -0.579942 0.050061 0.043227 17.867697 -18.051716 656.430725 -15.266526 -18.938454 658.404724 51.001919 -17.164978 654.456726
587 321 598 314 611 315 623 322 611 325 598 325 690 323 702 316 716 316 728 323 715 327 702 327 1257 141 -111.010933 34.240940 21.165695 -0.583221 0.042071 0.031050 16.741571 -16.859882 658.717590 -16.419132 -17.437132 660.328186 49.902275 -16.282633 657.106934
587 324 598 318 612 318 623 325 611 328 599 328 690 327 702 320 716 320 728 327 716 330 703 330 931 812 -46.041332 167.012268 34.418140 -0.600056 0.044365 0.034012 17.105762 -14.664833 659.551880 -16.048717 -15.298307 661.266113 50.260242 -14.031358 657.837585
48 125 63 117 81 116 97 122 81 127 65 128 189 114 204 105 222 103 239 108 223 114 206 116 1180 281 -95.669472 61.947472 23.873423 0.197658 -0.432002 -0.097027 -262.329010 -125.499077 565.876831 -292.342346 -121.011978 552.400024 -232.315659 -129.986176 579.353638
493 221 510 210 532 210 548 220 530 226 510 227 644 222 662 212 684 213 703 225 684 229 663 228 895 209 -39.017513 47.865177 20.409658 -0.488147 -0.003640 0.014346 -14.194174 -54.763168 451.301361 -47.395420 -55.249733 451.299255 19.007074 -54.276600 451.303497
565 200 584 189 605 189 621 199 602 205 582 205 716 204 734 195 756 197 775 208 756 213 736 211 377 61 63.946087 18.883394 13.722530 -0.463692 0.015046 0.045701 16.928984 -63.031139 451.014343 -16.238087 -64.380524 451.841553 50.096054 -61.681755 450.187164
549 213 567 204 588 205 604 216 586 220 567 219 698 222 715 213 734 214 749 226 733 230 715 228 335 412 72.375298 88.270012 21.475014 -0.483945 -0.011486 0.064641 9.099018 -58.756100 472.181213 -24.035643 -60.908653 472.323914 42.233681 -56.603542 472.038483
517 220 534 209 555 210 572 223 554 227 534 227 667 227 685 216 706 217 722 230 704 235 685 234 1248 32 -109.245682 12.704853 18.617579 -0.400731 -0.017772 0.042013 -4.591156 -55.367493 466.431885 -37.761887 -56.841671 466.133362 28.579573 -53.893311 466.730377
528 220 547 209 569 210 585 221 566 227 546 227 680 226 698 217 720 220 737 233 719 237 699 234 92 311 120.669724 68.435127 17.616585 -0.409763 -0.008933 0.059354 1.220672 -55.040638 463.675537 -31.925179 -57.015537 463.785400 34.366520 -53.065742 463.565674
511 233 527 224 546 224 562 234 545 238 527 239 658 238 675 229 695 230 712 241 694 245 675 244 885 631 -36.935215 131.266464 29.988705 -0.397089 0.000753 0.038989 -8.758702 -51.210476 475.537079 -41.938602 -52.466133 475.815094 24.421196 -49.954819 475.259064
472 223 488 212 507 213 523 226 506 230 488 230 617 229 634 218 656 219 673 231 655 236 635 235 1415 82 -142.440002 22.500107 20.825695 -0.384602 0.004976 0.039031 -26.513958 -55.197430 472.873047 -59.693386 -56.430027 473.280365 6.665471 -53.964832 472.465759
475 228 491 219 511 220 527 231 510 235 492 235 621 234 639 225 660 225 677 236 659 241 639 240 1309 294 -121.316292 64.450264 24.993605 -0.402254 -0.024957 0.029417 -24.901276 -53.092445 475.432007 -58.081715 -54.207287 474.819519 8.279165 -51.977608 476.044525
480 231 497 220 519 220 535 232 517 237 497 237 629 234 647 223 669 224 688 236 669 241 648 240 904 243 -40.799461 54.579674 21.243998 -0.601986 -0.037908 0.005913 -20.045755 -49.556660 448.190308 -53.226860 -50.108822 447.063843 13.135351 -49.004498 449.316742
497 233 515 222 536 222 552 233 534 238 514 239 647 236 665 227 686 229 704 240 686 245 666 243 415 479 56.483410 101.469528 23.516455 -0.453835 -0.016522 0.030349 -13.219507 -50.434063 464.940125 -46.404835 -51.529709 464.635010 19.965822 -49.338417 465.245209
540 210 557 201 577 201 593 210 575 215 557 215 688 214 705 206 725 207 741 217 724 221 705 220 31 814 132.910645 167.869934 28.721088 -0.438911 0.011827 0.042794 4.781488 -61.770767 473.749512 -28.391125 -63.061306 474.436432 37.954102 -60.480225 473.062592
511 224 528 215 549 217 565 229 547 233 528 232 659 233 677 223 697 224 714 235 696 240 677 239 434 272 52.659462 60.552181 18.907665 -0.517269 -0.027995 0.040540 -7.801726 -52.642925 463.312317 -40.967140 -54.164352 462.764404 25.363688 -51.121502 463.860260
500 248 516 240 536 242 553 254 535 257 516 255 646 259 664 249 684 250 701 260 683 265 664 264 1201 605 -99.772873 125.965950 31.410938 0.546887 -0.025814 0.068523 -13.017437 -40.948174 454.993439 -46.135468 -42.881268 453.572601 20.100594 -39.015083 456.414307
507 241 525 231 546 233 563 247 544 251 524 249 657 253 675 241 697 243 714 255 695 260 675 259 11 79 136.723709 22.628628 11.798451 0.555651 -0.027991 0.073850 -8.306321 -42.664791 444.294373 -41.410271 -44.738731 442.749390 24.797626 -40.590847 445.839386
507 257 525 249 547 252 563 266 544 269 525 267 657 273 676 261 697 262 714 273 696 279 676 278 241 427 91.069130 91.282631 21.217972 0.582002 -0.024381 0.084341 -8.116897 -34.656769 440.599365 -41.197392 -37.069527 439.044037 24.963598 -32.244011 442.154694
504 241 521 232 541 234 557 247 539 251 520 249 651 254 669 244 690 245 707 257 688 262 669 261 1058 284 -71.410927 62.603020 23.163511 -0.454874 -0.040703 0.066813 -11.238057 -44.683079 470.052887 -44.343044 -47.125626 469.244507 21.866928 -42.240532 470.861298
640 254 668 238 703 234 734 245 704 258 671 261 928 240 958 226 993 228 1021 244 991 253 958 251 468 547 45.960293 114.880539 25.408464 0.083782 -0.114247 -0.012125 45.102352 -22.624924 233.260818 12.116314 -22.065037 229.496872 78.088394 -23.184811 237.024780
509 243 526 234 547 236 564 249 545 253 526 252 658 257 676 246 697 248 714 259 695 265 676 264 664 260 6.924733 58.062550 20.101053 0.424649 -0.007544 0.081949 -8.166192 -42.405174 455.729431 -41.260307 -44.989853 454.917877 24.927923 -39.820496 456.540985
507 243 525 235 545 237 562 250 543 253 524 252 656 257 674 247 694 248 711 259 693 264 674 263 1235 444 -106.569107 94.131470 27.948978 0.428682 0.004975 0.075275 -9.205886 -42.550072 457.920837 -42.317696 -45.006237 457.553528 23.905924 -40.093903 458.288116
638 224 653 215 669 214 683 221 668 226 653 228 763 221 777 214 794 214 810 222 795 226 778 225 351 654 69.247810 136.086121 27.106895 -0.461581 0.080809 0.012065 48.948906 -66.468910 548.045166 15.852907 -66.246986 550.721985 82.044899 -66.690826 545.368347
612 240 628 231 647 231 664 240 647 244 629 245 756 241 773 232 792 232 809 241 792 246 774 245 295 650 80.381683 135.324417 26.658169 -0.508017 0.055627 0.026756 36.934029 -50.098228 481.374542 3.791107 -50.489349 483.362854 70.076950 -49.707111 479.386261
614 245 630 237 649 238 665 247 648 250 630 250 758 249 775 241 794 242 810 251 793 255 775 254 126 732 114.003059 151.616180 27.453537 -0.501964 0.065652 0.052973 37.900749 -46.992771 485.470856 4.811557 -48.141346 487.989929 70.989944 -45.844193 482.951813
581 243 597 235 615 235 631 243 614 247 597 248 722 246 739 237 759 238 776 247 758 251 740 250 844 358 -28.843756 77.336945 23.488939 -0.473188 0.069606 0.043970 22.149212 -48.814861 489.374634 -10.945211 -49.682991 491.936859 55.243633 -47.946732 486.812378
589 252 606 244 625 243 640 251 623 256 605 256 732 253 750 246 770 247 788 256 769 259 750 258 171 809 105.072624 166.809891 29.500153 -0.511429 0.083445 0.046084 26.272642 -44.339798 481.931763 -6.784679 -45.109234 484.961792 59.329964 -43.570358 478.901733
592 254 608 245 627 245 643 253 625 258 608 258 734 255 752 247 772 248 789 258 771 261 752 260 628 673 14.174737 139.698608 29.308544 -0.504130 0.078869 0.043289 27.278000 -43.357330 482.214630 -5.795340 -44.086903 485.074982 60.351341 -42.627758 479.354279
588 255 605 246 624 245 640 254 622 259 604 259 732 256 749 248 770 248 788 258 770 262 751 261 1290 509 -117.490562 106.948586 29.785198 -0.498383 0.061988 0.034170 25.918962 -42.713760 478.165802 -7.204413 -43.298897 480.415070 59.042339 -42.128624 475.916534
595 254 612 244 632 244 649 254 631 259 612 259 740 257 758 247 779 248 797 259 779 263 759 262 196 252 99.977745 56.722042 16.932020 -0.483315 0.081892 0.049616 29.504946 -42.434277 475.554260 -3.550710 -43.371975 478.554932 62.560600 -41.496578 472.553619
593 255 610 245 630 244 647 254 629 259 610 260 737 257 755 248 776 248 794 259 776 263 756 262 422 195 55.028339 45.341515 17.071617 -0.483181 0.077510 0.048160 28.557673 -42.453827 477.497742 -4.511653 -43.379948 480.347595 61.626999 -41.527706 474.647888
598 257 615 248 635 248 652 257 633 261 615 262 742 261 760 252 781 253 799 264 780 267 761 266 591 439 21.479540 93.474251 23.725468 -0.505909 0.066367 0.056867 30.724255 -40.960400 477.663971 -2.356503 -42.221478 480.239380 63.805012 -39.699326 475.088562
606 261 624 252 644 252 661 261 643 265 624 265 755 264 773 256 794 257 811 267 793 271 774 269 148 806 109.645164 166.228851 29.284842 -0.550718 0.074417 0.061774 34.913895 -38.418770 467.124878 1.860376 -39.701889 470.019348 67.967415 -37.135651 464.230377
555 266 571 257 591 258 607 267 590 272 572 272 707 269 724 259 745 260 762 269 744 274 725 274 689 830 2.080752 170.693787 33.285282 -0.504718 0.048495 0.029969 12.033624 -35.762280 458.236420 -21.118383 -36.317451 460.024078 45.185631 -35.207111 456.448730
554 268 570 259 590 259 607 269 590 274 571 274 706 270 723 260 744 260 762 270 743 275 724 275 754 607 -10.893170 126.590866 28.604406 -0.521115 0.041856 0.024012 11.768152 -35.131329 458.607391 -21.398876 -35.538795 460.137695 44.935181 -34.723862 457.077118
568 270 584 261 604 262 621 272 604 276 585 276 719 273 737 264 757 264 774 273 756 278 737 278 269 760 85.575882 157.076111 29.005806 -0.542750 0.053433 0.032462 17.800955 -34.129726 461.570312 -15.340559 -34.685173 463.542877 50.942471 -33.574276 459.597717
573 264 590 253 611 253 629 264 610 269 591 269 728 266 747 255 770 256 789 266 769 272 748 271 13 18 136.312469 10.572707 10.417340 -0.447706 0.061780 0.030520 21.085014 -35.973724 445.664124 -12.042306 -36.501419 447.869049 54.212334 -35.446033 443.459167
569 271 587 262 608 261 625 270 607 275 587 275 723 271 743 263 765 263 784 273 764 277 744 276 340 660 71.436333 137.277496 27.173809 -0.604222 0.055928 0.028979 19.194952 -33.103714 443.508759 -13.945989 -33.463848 445.535583 52.335896 -32.743580 441.481964
572 268 590 258 611 258 629 268 610 273 590 273 727 270 746 260 769 261 788 271 768 276 747 275 27 383 133.610031 82.697250 18.847055 -0.575714 0.060041 0.037061 20.673912 -33.881817 442.110046 -12.450539 -34.486588 444.338165 53.798363 -33.277042 439.881897
571 275 589 267 609 267 626 274 608 278 589 279 724 276 743 269 765 270 784 278 764 281 744 280 1347 871 -128.743576 178.458176 38.420738 -0.613080 0.035780 0.027238 19.693674 -31.276821 446.063354 -13.478613 -31.772486 447.446594 52.865959 -30.781157 444.680084
569 272 587 263 607 263 625 272 606 277 587 277 722 274 742 265 764 266 783 275 763 280 743 279 561 492 27.456390 103.963593 24.745111 -0.605337 0.050137 0.033999 18.941067 -32.168343 444.123138 -14.204677 -32.740383 446.018402 52.086811 -31.596304 442.227875
572 276 590 268 610 268 627 277 609 281 590 281 725 279 745 271 766 271 785 280 766 284 745 283 885 620 -36.937664 129.092636 29.737350 -0.643893 0.038938 0.031526 19.986708 -30.066067 441.370758 -13.177861 -30.639620 442.901123 53.151276 -29.492516 439.840393
536 278 550 269 569 269 584 278 569 283 551 284 676 276 693 266 713 265 731 273 713 280 694 280 1293 342 -118.124252 73.944305 25.988329 -0.454623 0.063004 -0.008824 0.690397 -33.813076 484.686920 -32.448391 -33.063000 486.640778 33.829185 -34.563148 482.733032
569 283 585 270 605 269 622 279 604 285 585 287 710 276 727 265 749 266 767 277 749 282 729 282 783 41 -16.785391 14.722363 15.856143 -0.491661 0.071944 -0.010486 16.955135 -32.635983 484.496643 -16.163712 -31.726692 486.704559 50.073982 -33.545269 482.288757
554 301 568 293 586 292 601 301 586 306 569 306 692 299 708 290 727 289 744 297 727 303 709 303 1409 628 -141.125443 130.404358 33.263710 -0.518730 0.053621 -0.008781 8.475990 -23.659967 498.164825 -24.680908 -22.930019 499.791748 41.632889 -24.389915 496.537903
568 300 583 289 602 289 617 300 601 305 584 305 708 298 724 286 744 286 761 296 744 302 725 302 683 210 3.135736 48.171726 19.079771 -0.516588 0.076480 0.000907 15.716298 -24.183697 494.388000 -17.393578 -23.571302 496.821259 48.826176 -24.796093 491.954773
568 297 583 286 602 286 618 297 602 302 584 303 709 296 725 284 746 283 763 294 746 300 727 300 873 10 -34.687447 8.549864 15.722056 -0.511246 0.076211 0.002473 16.078817 -25.013350 489.744781 -17.031597 -24.459269 492.184692 49.189232 -25.567430 487.304901
563 303 577 292 597 292 612 303 596 308 579 308 703 301 719 289 740 288 757 298 740 305 721 305 1306 129 -120.756523 31.844309 21.204151 -0.501921 0.066901 -0.005555 13.463881 -22.707134 491.986481 -19.667698 -21.984785 494.068878 46.595459 -23.429483 489.904114
563 305 577 294 596 294 612 305 596 310 578 311 703 304 719 292 740 291 757 301 740 308 721 308 1168 238 -93.293022 53.455925 22.814287 -0.513676 0.066490 -0.000103 13.430039 -21.432686 490.541718 -19.703003 -20.874949 492.651245 46.563080 -21.990423 488.432190
562 306 576 295 596 295 612 306 595 311 578 312 703 305 719 293 740 292 757 302 740 309 721 309 989 135 -57.724480 33.192913 19.318529 -0.504885 0.068962 -0.000818 13.139490 -20.898119 488.986267 -19.988049 -20.306452 491.171631 46.267029 -21.489786 486.800934
564 306 579 295 599 294 615 304 598 310 580 311 704 303 721 292 742 292 761 302 743 308 723 308 1181 129 -95.902145 31.908535 20.406548 -0.490632 0.068064 -0.002011 14.200765 -21.161274 485.849976 -18.928629 -20.554020 488.002655 47.330158 -21.768526 483.697266
570 310 584 301 603 301 619 311 603 316 585 316 711 310 728 300 748 300 765 309 747 315 729 315 36 615 131.872162 128.540741 24.205769 -0.549938 0.081057 0.017525 16.673233 -18.230925 488.830597 -16.420313 -18.062101 491.541382 49.766777 -18.399748 486.119812
560 315 574 306 592 305 608 315 592 319 576 320 699 313 715 303 735 302 752 311 735 316 717 317 1365 792 -132.340195 162.836853 36.730415 -0.544076 0.060845 -0.005042 11.645181 -17.035255 494.740295 -21.499277 -16.340055 496.616791 44.789639 -17.730453 492.863800
562 316 577 307 595 307 611 317 595 321 578 322 703 316 719 306 739 305 757 314 739 320 721 320 386 788 62.318417 162.549377 30.392174 -0.562585 0.072421 0.010393 13.046967 -15.679672 489.877838 -20.071337 -15.348069 492.250122 46.165268 -16.011274 487.505585
567 312 581 303 601 303 616 314 600 318 582 319 709 313 725 303 746 302 763 312 746 318 727 318 129 425 113.338211 90.944931 20.457617 -0.540463 0.079775 0.019514 15.544573 -16.972443 486.524750 -17.551022 -16.890436 489.214447 48.640167 -17.054449 483.835022
556 315 572 304 591 303 606 312 590 318 572 319 696 310 713 300 734 299 752 308 734 314 715 314 989 742 -57.589348 153.148987 33.188702 -0.605228 0.060202 -0.016735 10.505126 -17.600557 485.508057 -22.636841 -16.492052 487.222961 43.647095 -18.709063 483.793152
559 310 575 299 595 298 612 309 594 315 575 316 701 307 719 296 740 295 759 306 740 312 721 312 936 60 -47.202923 18.398554 17.266567 -0.564204 0.056561 -0.006390 12.571834 -18.813711 478.739838 -20.580614 -18.096954 480.460602 45.724281 -19.530468 477.019073
563 315 579 305 598 304 614 314 597 319 579 320 705 312 722 302 743 302 761 312 743 317 723 317 443 399 50.898220 85.645447 21.867090 -0.579166 0.068682 0.004016 13.982098 -16.626011 482.775269 -19.146334 -16.110035 484.966278 47.110527 -17.141987 480.584290
563 316 578 307 597 308 613 318 597 322 579 322 705 317 721 307 741 306 759 315 741 321 722 321 822 585 -24.418850 122.208260 28.535595 0.461173 0.006669 -0.004173 13.455792 -14.846726 473.684082 -19.748011 -14.763180 473.929138 46.659595 -14.930273 473.439026
569 314 584 304 603 305 619 316 603 320 585 320 710 316 727 304 748 304 766 313 748 320 729 320 342 275 70.952950 61.192314 18.389179 0.460359 0.007548 0.001771 16.100542 -15.559061 469.747528 -17.103291 -15.672483 469.976105 49.304375 -15.445640 469.518951
566 320 580 312 599 312 615 322 599 326 581 326 707 321 723 311 743 310 760 318 743 324 724 325 826 715 -25.185249 147.896957 31.531666 0.475146 0.013700 -0.007617 14.297943 -13.066447 473.003357 -18.902866 -12.928992 473.500275 47.498753 -13.203902 472.506439
563 316 579 305 599 305 616 316 599 321 580 322 706 314 723 303 745 302 764 312 745 319 725 319 1005 99 -60.913857 26.070328 18.598009 -0.579549 0.043302 -0.006381 14.613591 -15.733789 475.104492 -18.560301 -15.128582 476.403046 47.787483 -16.338999 473.805939
569 337 583 329 600 328 614 336 599 340 583 341 693 334 706 325 722 325 736 333 722 337 707 337 94 555 120.326378 116.653671 23.204836 -0.514657 0.025859 -0.016466 12.265152 -7.802264 566.828979 -20.924400 -7.063303 567.512451 45.454704 -8.541224 566.145508
531 330 544 323 560 323 573 332 560 335 545 335 652 332 666 323 683 323 698 331 683 335 667 335 907 206 -41.404202 47.266151 20.417677 -0.555927 0.018000 0.004405 -8.928428 -9.722861 564.855530 -42.127686 -9.699799 565.462524 24.270830 -9.745923 564.248596
526 336 539 328 555 328 568 336 555 340 540 341 647 336 662 327 679 327 694 336 679 340 663 340 1125 538 -84.676331 112.764381 29.395021 -0.407124 0.046884 0.004871 -11.729668 -7.411914 574.833313 -44.898106 -7.256670 576.379333 21.438770 -7.567159 573.287292
526 335 538 328 554 329 568 337 554 341 539 341 647 337 661 329 678 329 693 336 678 341 662 341 1084 508 -76.530769 106.856812 28.447895 -0.477338 0.012937 0.007906 -11.919575 -6.941123 569.418579 -45.120644 -7.093193 569.893494 21.281494 -6.789054 568.943665
544 341 559 333 575 333 589 341 574 345 559 345 667 341 682 333 700 334 715 342 699 346 683 345 406 723 58.327248 149.693726 29.034517 -0.600345 0.024764 0.012450 -0.686060 -4.131753 556.218567 -33.878498 -4.281236 557.112671 32.506378 -3.982270 555.324524
540 338 554 329 571 329 585 337 570 342 554 343 664 338 679 330 696 330 712 339 696 343 679 342 1362 377 -131.836075 80.825592 27.228369 -0.527042 0.017271 0.007774 -2.629083 -5.848616 556.288147 -35.828079 -5.947309 556.901855 30.569912 -5.749922 555.674438
533 338 546 330 563 330 577 339 562 343 547 343 656 339 670 330 688 331 702 339 687 344 671 344 1350 253 -129.477661 56.326729 24.318354 -0.429983 0.014254 0.008115 -7.063595 -5.709466 564.336365 -40.264011 -5.870493 564.852234 26.136820 -5.548438 563.820496
539 344 552 337 569 337 582 346 568 349 553 349 661 347 676 339 693 340 707 348 692 352 676 351 789 865 -17.794960 177.559143 34.723129 -0.575359 0.020652 0.028463 -4.271504 -1.587272 563.801392 -37.456348 -2.289017 564.714233 28.913342 -0.885526 562.888550
542 343 555 335 571 336 584 344 570 348 556 348 663 344 677 336 694 336 708 344 693 348 678 348 777 659 -15.454800 136.855347 29.939384 -0.623487 0.015541 0.007863 -3.141276 -2.845000 566.412537 -36.341213 -2.933750 566.974609 30.058662 -2.756250 565.850525
535 340 548 333 564 334 578 343 564 347 549 346 657 344 671 335 688 335 703 342 688 348 672 348 859 390 -31.819159 83.653114 24.315865 0.421441 -0.020675 0.020914 -6.327479 -3.603911 549.476807 -39.518147 -4.135347 548.666382 26.863188 -3.072476 550.287231
540 340 553 332 570 333 583 342 569 345 554 345 662 343 676 334 694 334 708 342 693 347 677 346 1059 339 -71.597519 73.471672 24.426662 -0.603864 0.012515 0.013674 -3.582766 -4.078370 562.860229 -36.782047 -4.383584 563.383911 29.616514 -3.773157 562.336548
561 339 575 332 592 332 606 340 591 343 576 344 685 340 699 332 715 332 728 339 714 344 699 343 170 647 105.235397 134.795776 25.792013 -0.525864 0.022663 0.005483 8.045927 -5.244427 565.119080 -25.150066 -5.224875 565.884155 41.241920 -5.263979 564.354065
571 340 585 334 601 334 614 342 600 344 585 344 693 342 706 335 722 335 734 341 721 345 707 345 387 833 62.129601 171.441818 31.426823 -0.605896 0.027971 0.018421 12.671657 -4.284503 573.223022 -20.515099 -4.586458 574.275513 45.858410 -3.982548 572.170532
552 330 567 322 584 322 598 330 583 334 567 335 675 331 690 323 708 324 723 333 707 336 691 335 952 273 -50.336864 60.483650 22.235788 -0.586475 0.027025 0.021343 3.615165 -9.664578 556.692017 -29.570520 -10.077544 557.740540 36.800850 -9.251613 555.643494
561 328 575 321 591 321 605 329 591 333 575 333 683 329 697 321 713 321 727 329 713 334 697 333 417 311 56.048340 68.268143 19.690355 -0.564770 0.015101 0.006964 7.575735 -10.951268 568.609985 -25.624607 -11.032517 569.148743 40.776077 -10.870020 568.071228
549 332 562 325 578 326 592 334 578 338 563 337 670 336 684 328 701 328 715 335 700 340 685 339 966 545 -53.060001 114.229424 28.540421 -0.548050 0.009902 0.020046 0.695867 -8.046850 568.196899 -32.500851 -8.591742 568.687317 33.892586 -7.501960 567.706421
543 335 556 328 572 328 586 337 572 340 557 340 664 338 679 329 695 329 710 337 695 341 679 341 1283 435 -116.115196 92.328217 28.049604 -0.595391 0.012220 0.010738 -2.347864 -6.726356 566.439392 -35.548412 -6.944919 566.924622 30.852684 -6.507793 565.954163
547 329 560 321 577 322 591 332 576 335 561 335 668 333 683 324 700 324 714 333 699 338 683 337 660 12 7.664862 9.054547 14.408639 -0.557016 0.011265 0.022541 -0.028944 -9.413384 566.758667 -33.223484 -10.022169 567.316711 33.165596 -8.804599 566.200562
544 332 557 324 574 324 587 334 573 337 558 337 665 335 680 326 697 326 711 334 696 339 680 338 1231 173 -105.834099 40.578178 21.731005 -0.571657 0.007460 0.014316 -1.694769 -8.472131 566.924866 -34.895370 -8.853104 567.291504 31.505835 -8.091159 566.558228
546 332 560 324 576 325 590 334 575 337 560 337 668 336 682 327 699 327 713 335 698 340 683 339 1339 294 -127.281349 64.434853 25.185030 -0.589814 0.005070 0.020907 -0.472939 -8.121097 565.012695 -33.670288 -8.727484 565.370300 32.724411 -7.514709 564.655090
