636 454 658 446 682 447 701 455 679 463 656 463 817 466 836 462 857 465 875 477 856 481 835 477 93 459 153.170975 96.086967 56.835842 -0.929412 0.025852 0.109664 44.537731 43.290703 437.644897 11.528725 40.529045 439.955414 77.546738 46.052357 435.334381
480 448 499 442 518 443 535 452 516 454 498 453 637 457 658 451 680 452 700 461 678 464 658 462 1433 642 -112.836227 136.117798 51.700581 -0.992907 0.009987 0.072541 -25.621248 40.861614 448.237701 -58.744156 38.983040 449.617432 7.501658 42.740189 446.857971
631 428 653 423 675 424 696 432 674 435 652 434 816 437 839 431 861 433 883 440 861 444 838 442 761 220 19.969425 51.086140 44.473362 -1.038152 0.099523 0.094190 40.006626 28.732517 397.697052 7.086082 27.710226 401.910431 72.927162 29.754807 393.483673
647 464 665 452 688 454 706 469 686 477 665 476 810 476 830 463 855 465 875 479 854 488 831 486 836 482 5.534555 102.848030 51.659157 -0.825744 0.136543 0.105280 46.060272 48.011147 446.302521 13.320434 46.678940 451.677246 78.800110 49.343353 440.927765
631 458 651 450 673 451 690 461 670 467 649 466 803 475 824 471 846 476 865 489 844 492 822 487 919 405 -11.101164 87.951813 48.718922 -0.952533 0.093173 0.176852 39.755573 46.058117 433.371613 7.163415 42.430737 438.582458 72.347733 49.685493 428.160767
625 446 642 439 662 442 677 453 659 457 640 455 779 469 798 464 819 468 836 480 816 483 796 479 1059 278 -39.156223 63.392063 43.844967 -0.876959 0.062718 0.192087 34.911114 45.695160 465.556519 2.339660 40.996845 469.982117 67.482567 50.393475 461.130951
603 459 620 449 642 450 658 464 640 471 620 470 756 469 774 457 798 458 818 471 798 479 776 478 1361 94 -99.512924 28.107986 36.001453 -0.711251 0.124740 0.084681 26.376081 47.934769 471.976013 -6.467678 46.773426 476.719238 59.219841 49.096107 467.232758
575 359 594 350 616 349 635 358 615 364 594 365 749 354 767 344 788 344 807 353 788 360 768 360 956 330 -18.590370 73.310501 46.200817 -0.456064 0.099731 -0.006651 15.972280 -0.485410 407.219635 -17.069660 0.469010 410.362701 49.014217 -1.439830 404.076538
529 326 550 315 575 315 596 327 574 334 551 334 716 325 736 313 760 312 780 323 760 332 737 332 712 127 29.541052 32.645271 42.099155 -0.370469 0.050246 -0.001155 2.152233 -11.302480 377.821747 -31.011129 -10.959563 379.444519 35.315594 -11.645395 376.198975
562 336 581 327 603 327 623 337 603 343 582 343 740 338 760 328 784 328 804 338 783 345 760 344 761 671 20.781994 139.799026 57.860928 -0.368616 0.065460 0.016608 12.115473 -7.322948 392.979858 -21.014502 -7.465660 395.203369 45.245449 -7.180235 390.756348
529 327 548 320 569 320 587 328 568 333 548 333 706 325 724 318 744 318 763 326 744 332 724 331 792 773 14.804243 159.956039 60.644245 -0.417142 0.054387 0.002938 -1.106197 -11.572558 400.210480 -34.262482 -11.296130 401.983643 32.050087 -11.848986 398.437347
597 335 616 328 639 329 658 338 638 343 617 342 771 344 792 336 813 338 832 347 812 352 791 350 366 849 99.612457 173.622910 66.259750 -0.379723 0.050990 0.061937 25.020298 -6.273894 407.095245 -8.078995 -7.961808 409.131775 58.119591 -4.585980 405.058716
557 311 574 303 594 304 611 315 593 320 574 319 721 322 741 315 764 317 783 327 763 332 741 330 1239 559 -74.426544 119.207420 50.766712 -0.311037 0.104774 0.086572 7.379654 -15.034348 416.259399 -25.521410 -17.318188 420.114746 40.280720 -12.750508 412.404083
550 311 570 304 592 305 611 316 590 321 569 320 728 321 747 313 769 315 787 326 767 331 747 329 795 286 13.330535 64.170876 46.164387 -0.379093 0.066253 0.074500 7.279730 -14.501290 397.788727 -25.762165 -16.500498 400.395660 40.321625 -12.502082 395.181824
555 316 574 310 595 312 613 321 594 325 573 324 730 327 749 321 769 322 786 331 768 336 748 334 730 835 27.239000 171.964935 62.973606 -0.421997 0.057185 0.076582 8.292659 -12.678665 403.943939 -24.762844 -14.748529 406.312286 41.348160 -10.608802 401.575592
552 306 572 297 596 300 615 313 593 318 571 316 731 318 751 308 774 310 793 322 772 329 750 327 681 22 35.513397 11.898165 39.226788 -0.324545 0.078513 0.080305 8.480820 -15.776577 394.423950 -24.516636 -17.972078 397.408447 41.478275 -13.581076 391.439423
590 327 609 319 631 320 650 332 630 337 609 335 761 340 782 332 805 334 824 345 803 350 781 348 595 667 53.768761 138.512451 59.051296 -0.359470 0.074512 0.090111 21.861885 -8.174217 408.566162 -11.118629 -10.656157 411.513245 54.842400 -5.692279 405.619080
587 323 606 315 628 317 646 329 627 333 606 332 758 338 779 329 803 331 822 343 800 348 778 346 389 612 94.613998 127.073624 59.043217 -0.323688 0.083163 0.096501 20.768984 -9.406543 409.163452 -12.169101 -12.104186 412.382904 53.707069 -6.708899 405.944000
580 324 600 316 622 317 641 329 620 333 599 332 755 336 775 328 796 330 814 342 794 346 774 344 1176 635 -61.767803 133.967148 53.519539 -0.407279 0.049416 0.086615 18.315695 -9.349596 403.187347 -14.726428 -11.812801 405.357697 51.357819 -6.886390 401.017029
579 317 598 309 620 311 638 322 619 327 597 326 751 331 772 322 796 324 816 335 794 341 771 339 377 347 96.521652 74.911293 51.271542 -0.256181 0.097790 0.089369 17.736624 -12.005514 406.062622 -15.178835 -14.518977 409.642395 50.652081 -9.492051 402.482880
575 315 595 305 619 307 638 321 617 327 594 325 747 329 769 318 795 320 815 332 793 340 769 338 889 30 -5.814037 14.097998 37.823936 -0.133206 0.096656 0.082605 16.745567 -12.533491 401.586670 -16.191608 -15.047751 404.960205 49.682743 -10.019231 398.213165
579 321 598 311 621 313 639 327 619 332 597 331 751 335 773 324 797 326 817 340 795 346 772 344 199 339 131.886322 72.801781 52.437805 -0.302617 0.107706 0.093883 17.732929 -10.090742 402.260590 -15.136104 -12.614155 406.237885 50.601959 -7.567328 398.283295
572 326 592 316 616 318 635 331 614 336 592 335 748 338 769 328 792 330 811 342 790 348 768 346 1411 368 -108.957199 82.155045 43.740612 -0.358102 0.047968 0.078181 15.840959 -8.679351 399.423462 -17.225758 -10.934677 401.439758 48.907673 -6.424024 397.407166
578 321 597 311 621 313 640 327 619 332 597 330 750 336 772 325 797 327 817 340 795 346 772 344 849 192 2.428195 45.843403 42.948223 -0.223540 0.084052 0.090775 17.754927 -10.144923 402.228088 -15.197167 -12.816167 405.323822 50.707020 -7.473680 399.132355
577 327 597 318 620 320 639 333 618 337 596 336 755 340 775 330 799 333 817 345 796 351 775 349 257 456 120.569107 95.990601 55.453457 -0.383371 0.078797 0.091859 17.651842 -7.857115 395.934387 -15.313050 -10.330966 399.057770 50.616737 -5.383264 392.811005
573 328 594 319 618 321 637 335 615 339 593 337 751 341 772 331 795 333 814 346 793 351 771 349 923 352 -11.991690 77.538612 47.114113 -0.374218 0.058055 0.082974 16.568525 -7.505062 396.998260 -16.468151 -9.835512 399.387115 49.605202 -5.174611 394.609406
577 327 597 319 620 321 639 334 618 339 596 337 751 343 773 333 797 334 818 346 795 353 772 351 423 747 88.099426 153.730835 62.782452 -0.007859 0.060096 0.082749 17.565399 -7.645518 399.349701 -15.465924 -10.380524 401.352478 50.596722 -4.910512 397.346924
600 268 619 258 643 258 663 269 642 276 620 276 774 271 795 260 819 260 839 270 818 279 795 278 834 319 5.638395 70.779480 46.836407 0.004188 0.083752 0.023043 26.064587 -32.654079 400.170319 -7.015034 -33.424068 402.946198 59.144207 -31.884094 397.394470
605 264 625 252 651 252 671 266 649 272 626 273 782 267 803 254 829 254 849 267 828 275 804 274 791 31 13.666135 13.999659 38.626465 -0.004598 0.050647 0.023809 28.631613 -33.511402 393.526855 -4.521217 -34.297691 395.209503 61.784443 -32.725109 391.844208
610 268 630 257 655 257 675 270 654 276 631 276 789 272 809 260 834 261 853 273 832 280 810 279 665 378 39.334946 81.876137 49.920536 -0.088599 0.090773 0.039221 30.503626 -32.194572 395.992157 -2.539087 -33.359749 399.055023 63.546337 -31.029396 392.929291
609 265 629 254 654 254 674 267 653 273 630 273 789 270 810 258 835 259 854 270 833 278 810 277 1289 368 -84.708611 81.787743 44.702724 0.018081 0.015404 0.029765 30.315271 -32.660355 390.471466 -2.870896 -33.653084 390.973907 63.501438 -31.667627 389.969055
624 266 645 258 669 259 689 270 668 275 645 275 803 275 825 265 849 266 868 276 847 283 824 282 51 613 161.796310 126.252731 61.738426 0.094617 -0.008740 0.052769 35.569553 -31.300442 390.434265 2.412194 -33.035461 390.061798 68.726913 -29.565420 390.806702
621 274 642 265 666 266 687 279 665 284 642 283 803 284 824 273 848 273 867 285 846 292 823 291 456 609 81.291748 126.685226 58.425789 -0.170182 0.108797 0.066039 34.643608 -28.347488 391.147247 1.706710 -30.217604 394.918579 67.580505 -26.477371 387.375885
619 271 640 261 665 262 686 277 663 282 640 281 803 281 824 268 848 268 867 281 847 289 824 288 1403 279 -107.527481 64.624420 41.161808 0.031306 -0.037824 0.043876 33.893867 -28.486591 379.949310 0.744748 -29.922791 378.671478 67.042984 -27.050392 381.227142
624 269 646 260 671 261 692 275 670 280 646 279 807 279 829 268 855 268 875 279 853 288 829 287 488 258 74.299065 57.738937 47.754284 0.091081 -0.068878 0.046294 36.000355 -28.823561 378.570831 2.909741 -30.252823 376.219604 69.090965 -27.394299 380.922058
623 267 645 257 671 258 693 272 670 278 645 277 807 277 829 265 855 265 876 277 853 286 829 285 1295 87 -86.407448 26.532366 36.314152 0.046877 -0.063938 0.042515 36.038879 -29.653801 378.085358 2.931882 -31.013887 375.932129 69.145874 -28.293713 380.238617
626 271 648 262 674 264 696 277 673 283 648 282 810 282 833 271 859 271 879 283 857 291 832 290 619 362 48.449028 78.590408 49.808353 0.082872 -0.048030 0.049083 37.095242 -27.846148 377.763214 3.968649 -29.406759 376.104004 70.221832 -26.285536 379.422455
660 220 682 212 706 215 726 229 703 234 680 232 847 240 869 229 894 229 915 241 893 249 869 248 46 676 162.903610 138.629944 63.647961 0.374614 0.200069 0.055080 46.921398 -42.914268 364.310577 14.420649 -45.913216 370.415283 79.422142 -39.915325 358.205872
596 243 617 234 642 236 662 251 639 255 616 253 786 257 807 246 830 248 849 260 828 267 806 265 1045 718 -35.580849 149.899078 57.016415 0.177522 -0.001362 0.058088 26.384630 -36.991985 374.919067 -6.764294 -38.905602 374.703400 59.533554 -35.078373 375.134735
618 245 640 238 664 241 685 254 662 258 639 256 806 264 828 255 853 256 873 267 851 274 827 272 637 870 45.786636 178.569534 64.745964 0.298569 0.054345 0.082732 33.604317 -34.964035 370.898956 0.560836 -37.933228 372.267151 66.647797 -31.994843 369.530792
617 243 639 235 665 238 687 251 663 256 639 254 807 259 830 248 856 249 877 260 854 268 829 267 574 388 57.440022 83.569199 50.935017 0.284489 0.073298 0.056394 33.618309 -35.961315 366.053345 0.554437 -38.149677 368.186646 66.682182 -33.772949 363.920013
616 246 637 239 661 241 682 253 660 257 637 255 804 262 826 253 850 254 870 264 848 271 825 269 1128 567 -52.349895 120.446861 51.879551 -0.354714 0.050292 0.090213 33.421852 -36.206295 380.215088 0.392143 -38.841316 382.372559 66.451561 -33.571274 378.057648
611 298 633 288 659 289 682 301 659 308 634 307 801 301 823 287 849 286 870 295 848 306 824 307 278 420 116.330307 88.972534 54.219219 0.141727 -0.031919 -0.001044 31.890911 -20.256311 367.173279 -1.296999 -20.146780 366.119598 65.078819 -20.365841 368.226959
566 287 586 278 608 279 628 289 608 295 586 295 748 288 767 277 790 276 809 286 789 293 768 293 964 795 -19.342648 164.801315 59.940876 -0.403518 0.084776 0.016572 13.909898 -25.347597 386.825714 -19.172781 -25.322437 389.670929 46.992577 -25.372759 383.980469
619 302 640 293 662 295 680 308 660 312 638 310 806 314 827 302 850 302 871 313 849 320 827 319 259 814 120.816597 166.416168 66.064621 0.194658 0.064450 0.048298 32.758297 -17.268019 369.012787 -0.339221 -19.067442 370.981537 65.855812 -15.468596 367.044037
624 296 646 287 671 289 692 304 669 308 645 306 811 310 833 298 858 299 878 311 856 318 833 317 5 308 170.389694 66.119934 53.047512 0.170148 -0.018311 0.063812 35.913319 -18.461084 372.573456 2.781473 -20.516613 371.789062 69.045166 -16.405554 373.357849
623 295 646 283 671 285 690 301 667 306 644 304 811 307 832 293 859 293 881 307 858 316 834 315 160 60 139.135239 17.804325 44.463478 -0.342803 0.126243 0.080455 34.623005 -18.668869 365.061523 1.785940 -20.568344 369.608917 67.460068 -16.769394 360.514130
555 216 571 207 589 206 605 214 589 220 572 221 696 211 711 202 730 201 746 210 730 216 712 216 653 246 41.482227 55.875259 46.096855 -0.227281 0.024261 -0.028567 0.964623 -67.832222 500.978943 -32.216972 -66.800888 501.670074 34.146217 -68.863556 500.287781
512 377 531 365 555 363 576 373 556 382 533 384 698 367 719 354 745 353 767 364 745 373 721 374 908 81 -9.498569 24.187035 39.187992 -0.290904 0.073741 -0.044515 -3.855662 4.515262 374.897064 -36.938240 6.324214 377.094879 29.226915 2.706310 372.699249
445 436 465 426 488 425 510 433 489 440 467 442 640 416 660 404 683 400 705 406 685 417 662 420 1106 847 -47.472721 175.457367 60.364616 -0.128972 -0.011213 -0.113401 -24.960918 22.341406 361.257446 -57.950668 26.064371 360.644745 8.028834 18.618443 361.870178
462 353 477 340 497 338 515 347 498 357 479 359 629 338 649 326 673 325 695 335 674 345 651 345 1260 242 -79.171623 56.915905 41.191216 -0.339890 0.157807 -0.054380 -27.491898 -5.052956 394.175476 -60.239662 -2.410205 398.987885 5.255868 -7.695706 389.363068
552 388 572 381 594 382 614 391 594 396 572 396 735 397 756 390 779 391 798 400 777 406 755 404 624 896 48.417347 183.644669 65.620277 -0.448585 0.035735 0.054710 9.414886 13.394350 387.183716 -23.720238 11.900913 388.730591 42.550011 14.887787 385.636871
537 366 557 356 580 357 600 368 579 374 557 373 721 373 742 364 766 366 786 377 765 383 742 381 887 48 -5.384089 17.632624 38.374023 -0.313236 0.032640 0.047074 4.426551 4.889482 382.441193 -28.724243 3.521002 383.749512 37.577347 6.257962 381.132874
550 371 570 361 595 363 615 375 593 381 570 380 734 382 756 372 781 374 801 386 779 393 755 391 110 361 149.615494 76.861290 53.792728 -0.369582 0.067749 0.069880 9.110719 7.600885 381.607971 -23.938725 5.747282 384.226776 42.160160 9.454490 378.989197
549 371 570 361 595 362 615 375 593 381 570 380 732 383 754 372 780 374 800 387 777 393 754 391 881 281 -3.771738 63.446278 45.337757 -0.373239 0.047062 0.069817 8.996453 7.804043 383.370697 -24.092093 5.830035 385.322906 42.084999 9.778052 381.418488
567 367 588 357 613 359 633 373 611 378 587 377 750 382 772 372 798 375 818 388 795 394 771 391 178 205 135.818832 46.380398 48.625736 -0.324266 0.089531 0.097717 15.128206 7.160066 382.370728 -17.787964 4.458426 385.803864 48.044376 9.861706 378.937592
566 366 587 358 610 360 630 372 608 377 586 375 748 383 770 375 794 377 814 390 792 394 769 392 1150 259 -57.277515 59.928680 42.563324 -0.319528 0.047808 0.100326 14.555981 7.352379 385.595245 -18.445724 4.335461 387.679749 47.557686 10.369297 383.510712
568 371 588 364 611 365 631 376 610 381 588 379 749 387 771 380 794 383 813 394 792 398 769 395 807 588 11.489544 123.611206 55.034378 -0.356576 0.067375 0.101798 14.969090 9.002652 389.225128 -17.991226 6.096103 392.005280 47.929405 11.909202 386.445007
570 369 591 360 615 362 635 375 613 380 590 378 753 388 775 379 800 382 819 395 797 400 774 397 992 261 -25.870008 59.846405 43.868710 -0.339639 0.049341 0.111802 16.220354 8.765953 383.508514 -16.739197 5.408911 385.735138 49.179905 12.122996 381.281860
570 375 590 367 614 370 633 381 612 385 590 384 752 394 774 386 798 389 817 402 795 405 773 402 1148 585 -56.292641 124.047722 52.256142 -0.377597 0.036973 0.111006 16.008757 11.092231 386.892578 -16.971727 7.730344 388.775391 48.989239 14.454117 385.009735
568 368 589 359 614 362 634 376 612 380 588 378 751 389 774 379 800 382 820 396 797 401 773 398 1007 107 -29.128855 29.599356 39.179050 -0.399368 0.033336 0.115736 15.915038 8.938512 382.175751 -17.052408 5.423831 384.007172 48.882484 12.453193 380.344360
580 370 601 361 626 364 646 378 623 382 600 380 764 392 787 383 812 386 831 400 809 405 785 401 120 283 147.487381 61.548588 51.398499 -0.359956 0.047250 0.123607 20.007540 9.844478 381.117249 -12.910089 6.118931 383.377686 52.925171 13.570024 378.856812
581 375 602 367 626 370 646 384 624 388 601 385 765 398 787 390 812 393 831 406 809 411 786 408 464 487 79.481873 102.711586 54.741230 -0.377060 0.033776 0.128080 20.274321 11.937471 381.870880 -12.643053 8.005538 383.753967 53.191696 15.869404 379.987823
573 372 595 363 619 366 639 380 617 384 594 382 758 394 780 385 805 388 825 402 802 406 779 403 1182 189 -63.763920 46.255836 40.233074 -0.332814 0.006362 0.117602 17.849340 10.485513 380.366364 -15.127569 6.695973 381.216339 50.826248 14.275052 379.516388
577 377 598 370 622 372 642 385 620 388 597 386 761 400 784 393 808 396 827 408 805 412 782 409 1141 583 -54.904934 123.633240 52.251976 -0.418495 0.012403 0.127344 18.992373 12.581398 382.140656 -13.944965 8.571467 383.410217 51.929710 16.591328 380.871063
578 378 599 370 623 373 642 386 621 390 598 387 763 401 785 394 809 397 828 409 806 413 783 410 1334 463 -93.481606 100.609978 47.167843 -0.369722 0.002200 0.125481 19.365215 12.934811 382.179199 -13.581411 8.886634 383.010895 52.311840 16.982988 381.347473
