549 272 563 265 580 265 594 271 579 277 563 277 681 274 695 269 713 269 728 277 713 282 696 280 351 477 106.090553 91.574699 53.071560 0.062105 -0.602894 0.031763 6.257795 -33.484013 397.263214 -21.079090 -33.872353 378.419006 33.594681 -33.095669 416.107391
549 267 562 257 579 258 591 270 577 277 561 276 683 273 696 263 714 263 728 273 714 282 697 282 747 341 27.318630 64.959679 48.088276 0.003438 0.765537 0.057491 2.631467 -31.031038 356.431335 -21.259897 -32.799526 379.423401 26.522833 -29.262548 333.439270
549 272 563 264 579 266 591 276 577 282 562 281 682 280 696 271 713 271 726 280 712 287 696 287 653 353 46.012283 67.259865 48.895771 -0.007640 0.761627 0.061697 2.491745 -28.943380 356.906036 -21.481857 -30.706371 379.812775 26.465347 -27.180389 333.999329
551 266 564 258 581 259 593 270 579 277 563 276 686 275 699 265 717 265 730 275 716 284 700 283 296 724 117.084312 140.454346 57.985691 -0.007653 0.769923 0.071433 3.383414 -30.674353 355.043976 -20.379946 -32.723824 378.145111 27.146772 -28.624880 331.942871
549 272 564 264 581 264 595 270 579 275 563 276 676 271 691 265 708 266 723 274 708 278 692 277 971 209 -17.252073 38.996582 44.250168 0.041539 -0.541760 0.011794 5.587879 -36.923431 427.996185 -22.860569 -36.931530 410.871796 34.036327 -36.915333 445.120605
553 274 568 266 585 265 598 272 583 277 567 278 681 274 695 268 712 269 727 277 712 281 696 280 67 188 162.493378 34.099255 49.491219 0.072256 -0.466395 0.018846 7.700332 -39.709087 470.621521 -21.953913 -39.762695 455.682251 37.354576 -39.655483 485.560822
545 265 560 257 577 257 590 265 575 270 559 270 669 268 682 261 699 263 712 272 698 276 683 274 1209 238 -64.568962 44.934990 43.304752 -0.102254 0.053286 0.054301 2.060097 -51.581821 564.572083 -31.048752 -53.289658 566.428711 35.168945 -49.873989 562.715454
550 272 564 263 580 263 593 272 578 276 563 277 671 274 684 266 700 267 712 277 699 281 684 279 1091 156 -41.125103 28.596539 42.521904 -0.084914 0.071456 0.046610 3.367409 -49.543053 577.251282 -29.716709 -50.986393 579.683838 36.451527 -48.099712 574.818665
549 270 564 261 582 260 595 269 579 275 563 276 674 270 687 263 704 264 718 275 704 279 688 277 682 217 40.214230 40.345329 46.198006 -0.087193 0.111861 0.045797 4.473566 -48.737518 555.094360 -28.489134 -50.090931 558.861084 37.436264 -47.384109 551.327576
553 265 567 258 584 259 596 267 582 271 567 271 676 271 689 265 704 266 717 275 703 279 689 277 426 298 91.135880 56.180485 49.291462 -0.049704 0.015102 0.065034 5.682762 -51.409836 573.355774 -27.448090 -53.554333 573.910278 38.813614 -49.265339 572.801270
551 274 567 265 584 265 597 273 582 279 565 279 675 275 689 268 705 270 719 280 705 284 690 282 668 621 43.092220 120.356209 53.762653 -0.116415 0.080062 0.049469 5.670848 -47.134869 562.530762 -27.387190 -48.616890 565.274719 38.728886 -45.652843 559.786804
546 268 559 258 576 259 588 271 574 278 559 277 678 274 692 263 710 263 724 273 709 281 693 281 1118 239 -46.474392 45.058800 43.889973 0.018401 0.781692 0.043556 1.356453 -30.490311 352.802765 -22.181650 -32.020069 376.173187 24.894556 -28.960552 329.432312
552 275 564 265 580 266 592 278 578 285 563 284 684 281 697 271 715 271 728 282 714 290 698 290 518 719 72.940918 139.645142 56.510628 -0.000138 0.789668 0.056921 3.076708 -28.216713 355.342194 -20.253820 -29.913679 378.908417 26.407236 -26.519749 331.775970
556 273 570 264 587 264 600 272 585 277 569 277 677 273 690 267 706 268 719 278 705 281 690 279 772 826 22.460798 161.046448 56.909237 -0.144860 0.086574 0.049294 6.884643 -49.204803 576.333313 -26.155815 -50.625507 579.311462 39.925102 -47.784100 573.355164
549 273 562 263 578 264 590 276 576 284 561 283 681 279 694 268 712 268 726 279 712 288 695 288 1422 329 -106.900414 63.133644 43.662560 0.014857 0.800669 0.046741 2.163871 -28.549616 351.718079 -20.921883 -30.127596 375.532288 25.249626 -26.971636 327.903839
554 280 569 271 586 270 599 279 584 285 568 285 677 280 690 273 707 274 721 284 707 288 691 287 781 407 20.573505 78.060371 49.098103 -0.106483 0.122147 0.044310 6.669486 -44.031940 560.012268 -26.255682 -45.280895 564.127258 39.594654 -42.782986 555.897278
558 273 572 264 588 264 601 272 587 277 572 277 678 273 691 266 707 268 720 278 706 281 692 280 417 735 93.027374 142.731918 57.435749 -0.134167 0.109807 0.052803 7.767391 -49.515869 579.862305 -25.191622 -51.015663 583.605774 40.726402 -48.016075 576.118774
552 274 566 267 583 266 597 272 582 277 566 278 681 274 696 268 713 270 728 278 713 281 696 280 699 8 36.785213 -1.038472 42.223850 0.064511 -0.633987 0.022150 6.941969 -33.174381 398.428101 -19.804865 -33.204720 378.751587 33.688801 -33.144047 418.104645
551 286 566 276 583 276 596 284 581 290 565 291 674 285 688 277 704 279 718 289 704 293 689 291 1289 829 -80.338203 162.062607 53.745106 -0.128380 0.081027 0.031359 5.247786 -41.498680 561.822632 -27.831951 -42.363426 564.569031 38.327522 -40.633930 559.076233
561 267 576 260 592 260 605 268 590 273 575 272 684 273 698 266 713 268 725 277 712 280 698 279 1345 274 -91.602654 52.176678 43.124111 -0.051970 -0.018784 0.060767 10.549139 -50.474575 573.109497 -22.588547 -52.506260 572.538879 43.686825 -48.442890 573.680115
527 263 544 252 565 253 581 265 563 272 544 272 675 269 692 257 713 257 729 268 712 276 693 275 998 38 -22.660614 5.147791 40.917061 0.047312 -0.617733 0.015694 2.613693 -32.970711 362.383850 -24.451973 -32.989204 343.148224 29.679359 -32.952213 381.619476
556 277 571 270 588 270 601 277 586 282 570 282 677 280 689 275 704 277 718 286 705 289 690 287 552 501 66.129539 96.492538 52.264023 -0.129875 -0.071507 0.052457 7.414091 -46.247189 580.619019 -25.660414 -48.135727 578.367310 40.488594 -44.358654 582.870728
575 277 590 269 606 269 618 276 603 282 588 282 693 281 707 274 723 276 737 286 723 290 708 288 356 625 105.130882 120.893883 55.779690 -0.190365 0.075192 0.064421 17.114082 -46.105381 580.036255 -15.928586 -47.991352 582.716736 50.156750 -44.219410 577.355835
574 273 589 265 605 265 617 272 603 277 587 278 692 276 706 269 724 271 738 280 724 284 707 282 350 377 106.266068 71.766388 51.226933 -0.160393 0.113587 0.061074 16.637320 -48.465248 575.152283 -16.292336 -50.177521 579.059387 49.566975 -46.752972 571.245178
571 273 586 265 603 265 615 274 599 279 584 278 692 278 705 271 722 273 735 283 722 287 706 285 2 125 175.403214 21.567482 48.729973 -0.096870 0.044213 0.068605 15.406788 -46.767700 568.669739 -17.687578 -48.968616 570.244080 48.501152 -44.566788 567.095398
583 271 596 265 612 265 623 273 610 277 596 277 696 279 708 273 723 274 734 283 721 286 708 284 145 402 147.033875 76.550957 52.966301 -0.274097 0.003202 0.081306 20.237751 -51.147694 617.070557 -12.857885 -53.796345 617.542908 53.333385 -48.499039 616.598206
534 284 546 276 562 277 574 286 561 293 546 292 665 287 677 278 694 278 707 286 694 294 678 294 1210 826 -64.630630 161.403900 54.181561 0.052829 -0.737770 0.014993 -0.185844 -27.082001 374.564270 -24.755039 -26.917553 352.228485 24.383350 -27.246450 396.900055
541 275 556 267 573 268 586 278 571 282 555 281 678 282 693 273 711 274 725 283 710 289 694 288 633 99 49.929810 16.932491 44.319149 -0.007126 0.669404 0.061678 1.233356 -29.445786 373.235474 -24.747080 -31.266716 393.833069 27.213791 -27.624857 352.637878
554 275 569 267 585 267 598 275 583 280 567 281 675 278 688 271 704 273 717 282 704 286 689 284 112 271 153.564987 50.576202 50.747189 -0.237466 0.017755 0.053703 6.100011 -46.673817 571.400085 -27.051950 -48.369705 572.194458 39.251972 -44.977928 570.605713
552 280 566 272 583 272 596 280 581 284 565 285 672 282 685 276 700 278 714 286 701 290 686 288 824 816 12.118844 159.108139 56.400318 -0.259109 -0.007700 0.044601 4.758616 -44.644379 575.063599 -28.412382 -46.141266 575.001648 37.929615 -43.147491 575.125610
549 281 564 273 581 273 594 281 579 286 563 286 670 283 683 276 698 278 712 287 699 291 684 289 1142 570 -51.169308 110.641212 49.866844 -0.223249 0.000358 0.040472 3.569750 -44.037731 574.559448 -29.607983 -45.368767 574.720642 36.747482 -42.706699 574.398315
573 267 586 259 602 258 615 267 601 272 586 272 688 268 700 261 715 261 727 271 715 275 701 274 228 717 130.603729 139.012329 58.279610 -0.250395 -0.021789 0.018724 15.255330 -55.766800 612.906982 -17.935852 -56.472065 612.268494 48.446514 -55.061539 613.545410
544 275 560 268 578 268 594 275 578 278 560 279 680 278 696 273 715 273 731 282 714 285 697 283 1244 186 -71.540451 34.663651 42.124344 0.006175 -0.427639 0.036540 5.746281 -33.901863 420.050018 -24.446869 -35.035069 406.278687 35.939430 -32.768654 433.821320
550 281 563 273 579 275 592 284 578 289 563 288 680 290 693 281 710 281 724 290 709 296 694 295 1418 731 -106.011284 142.756531 51.127911 -0.014769 0.722156 0.066124 2.449566 -27.308884 375.992310 -22.400475 -29.147552 397.938934 27.299608 -25.470213 354.045685
548 278 562 270 578 272 591 282 577 286 561 285 683 288 697 279 715 279 728 288 714 294 698 294 289 514 118.427193 98.852875 54.142487 -0.020244 0.689571 0.074688 2.937922 -27.908066 372.639404 -22.595079 -29.971169 393.766846 28.470924 -25.844961 351.511963
542 276 557 270 573 271 587 279 572 283 556 282 683 285 698 278 715 278 729 286 714 291 698 290 77 390 160.552109 74.118568 53.167675 -0.008728 0.670054 0.067654 2.117903 -28.273104 367.977539 -23.837271 -30.260035 388.591614 28.073076 -26.286173 347.363434
546 281 560 273 577 274 589 285 575 291 559 290 680 289 694 280 711 280 725 289 711 297 694 296 1393 572 -101.077400 111.242203 48.340736 -0.007283 0.701100 0.057043 2.079252 -27.088385 373.836578 -23.243996 -28.748743 395.250031 27.402500 -25.428024 352.423126
553 279 568 273 584 274 597 281 582 284 567 284 675 285 688 280 702 282 715 290 702 292 688 291 405 544 95.368881 104.889793 53.975346 -0.147062 -0.022837 0.066383 5.603741 -43.767929 576.109375 -27.519434 -46.018044 575.516113 38.726917 -41.517815 576.702576
546 281 560 273 576 274 589 284 575 290 559 289 682 288 695 279 712 279 726 288 712 295 696 295 786 643 19.634365 124.810158 53.434986 -0.003598 0.713731 0.053240 2.253300 -27.245935 371.193146 -22.803881 -28.825806 392.923340 27.310480 -25.666067 349.462952
543 276 557 267 574 268 587 280 572 286 556 285 680 284 694 274 712 274 726 284 711 292 695 291 1439 37 -110.348793 5.309616 38.152191 0.004079 0.718887 0.055506 1.501361 -28.228340 364.085419 -23.439720 -29.962427 385.937073 26.442442 -26.494255 342.233765
519 278 537 268 557 270 572 283 554 288 536 286 664 290 682 278 703 279 719 292 701 298 682 297 699 350 36.864994 66.703178 48.553776 0.092979 -0.741714 0.081641 -0.219408 -23.949680 334.181915 -24.607395 -25.320194 311.689545 24.168579 -22.579166 356.674316
514 279 531 270 549 270 562 279 546 284 529 284 649 282 664 275 683 276 699 286 683 290 665 289 1049 430 -32.709949 82.834816 47.854809 -0.173201 0.118310 0.058454 -9.546915 -39.415485 504.116730 -42.463749 -41.002285 508.181671 23.369921 -37.828682 500.051819
532 281 549 273 566 273 578 280 562 286 546 286 661 286 677 280 696 281 713 291 696 295 678 293 65 894 163.055756 173.938568 62.570721 -0.218079 0.218380 0.091683 -2.406128 -38.278477 508.495026 -34.687637 -40.486603 515.950745 29.875381 -36.070347 501.039276
515 284 530 274 549 275 563 288 547 293 530 292 658 293 674 283 693 284 709 295 692 302 674 300 452 692 86.057983 134.243256 56.421917 0.079056 -0.787692 0.069831 -2.534900 -22.418787 332.019196 -25.892708 -23.520456 308.444672 20.822906 -21.317120 355.593719
505 277 518 268 535 268 548 277 534 282 518 283 630 280 645 272 663 273 678 283 662 288 645 286 1119 365 -46.643837 70.017067 46.215824 -0.082015 0.233928 0.060752 -18.129156 -42.035103 524.861389 -50.369427 -43.713737 532.627136 14.111115 -40.356464 517.095642
517 277 534 267 553 267 567 277 550 283 532 283 654 281 669 273 688 274 704 285 688 290 670 288 943 199 -11.686917 36.992981 44.239456 -0.135381 0.115466 0.062909 -7.316063 -39.682152 500.514801 -40.234669 -41.499908 504.467102 25.602545 -37.864395 496.562500
527 280 544 270 562 270 574 280 558 285 541 286 660 285 675 276 695 278 710 289 694 293 677 292 628 151 50.936134 27.228310 45.312733 -0.151220 0.226774 0.078337 -3.860087 -37.615299 495.192505 -36.115604 -39.616192 502.817322 28.395430 -35.614403 487.567719
512 285 529 276 547 276 560 285 544 290 527 290 647 288 663 281 681 282 697 293 681 296 664 294 1076 748 -38.004417 145.844696 53.572388 -0.209928 0.127017 0.060962 -10.319311 -36.122585 501.186707 -43.196323 -37.684998 505.570801 22.557703 -34.560177 496.802582
526 283 543 275 560 274 573 282 557 287 540 288 658 288 674 281 693 283 709 293 693 296 675 294 996 483 -22.159126 93.289536 49.165825 -0.171263 0.192626 0.079340 -4.484642 -36.709305 501.212860 -36.973270 -38.767540 507.755981 28.003988 -34.651066 494.669769
526 273 542 264 559 264 572 271 556 278 540 278 655 276 671 269 690 270 707 280 690 285 672 283 822 111 12.352059 19.463633 43.364239 -0.149749 0.319050 0.082193 -5.482460 -41.599880 494.195801 -36.904694 -43.485291 504.762146 25.939774 -39.714474 483.629425
529 281 546 273 564 273 578 280 561 286 544 286 665 283 680 277 698 279 714 288 698 292 681 290 528 663 70.939461 128.561096 55.411873 -0.064322 0.097504 0.048341 -1.898772 -38.446217 504.114380 -34.907207 -39.943127 507.394928 31.109665 -36.949303 500.833832
520 279 536 271 552 270 565 277 549 283 533 284 650 278 666 272 685 273 701 281 685 286 667 285 902 262 -3.519826 49.438248 45.660824 -0.158948 0.286266 0.048418 -8.249042 -39.559521 492.966034 -40.067123 -40.389484 502.425446 23.569042 -38.729557 483.506622
527 283 543 276 562 276 577 283 560 287 542 287 666 288 682 283 701 284 718 293 701 295 683 293 356 672 105.141846 130.203415 56.649593 0.061060 -0.590812 0.062845 0.187990 -27.438881 383.469147 -27.328209 -28.822418 364.935303 27.704189 -26.055344 402.003021
523 282 540 273 557 272 571 280 555 285 538 286 656 282 673 275 692 276 709 286 692 290 674 289 582 545 60.174633 105.232323 52.891575 -0.132680 0.174659 0.044390 -5.257359 -38.551662 499.512695 -37.925232 -39.630199 505.361298 27.410517 -37.473122 493.664093
397 304 409 295 425 292 438 299 426 306 411 308 524 285 536 274 552 271 567 276 555 284 540 287 1188 622 -60.303764 120.978653 50.542820 -0.027088 -0.650711 -0.195045 -63.020008 -32.222618 470.223602 -88.853951 -26.515238 450.158875 -37.186069 -37.929996 490.288300
474 267 490 256 508 255 524 265 508 273 490 275 620 260 635 248 655 245 673 254 657 265 638 266 1346 178 -91.823883 33.162292 41.341061 0.067522 -0.788792 -0.052242 -14.571097 -31.453016 330.635620 -37.933655 -29.055836 307.162140 8.791460 -33.850197 354.109100
565 281 581 274 599 275 611 284 595 288 578 287 694 295 710 290 728 293 743 304 727 307 710 303 146 896 146.950272 174.400833 62.103302 -0.179649 0.110926 0.145179 13.896978 -35.552837 516.979675 -18.756649 -39.991852 521.053406 46.550606 -31.113825 512.905945
529 277 546 271 565 272 581 279 564 283 546 283 681 290 698 286 716 288 731 298 714 300 696 297 1044 846 -31.618711 165.229935 55.585510 0.050072 -0.541043 0.110137 3.169753 -26.188311 365.337372 -25.102009 -29.222530 348.189178 31.441513 -23.154093 382.485565
545 270 563 261 582 262 596 274 578 278 560 277 682 283 696 275 714 278 729 291 714 294 697 291 194 8 137.198853 -1.450602 45.368778 -0.066820 -0.000860 0.120855 6.372301 -40.527988 506.921692 -26.590391 -44.529163 507.027100 39.334991 -36.526810 506.816315
556 279 571 272 587 273 600 283 585 286 570 285 686 292 701 285 719 287 733 297 717 300 701 298 37 795 168.600143 154.306290 60.912743 -0.153829 0.104121 0.114423 9.240922 -37.669399 520.874146 -23.568104 -41.173866 524.595154 42.049950 -34.164936 517.153076
507 330 522 321 539 320 552 327 537 334 521 335 636 327 650 320 668 320 683 329 668 334 652 333 864 381 4.063812 72.978157 48.099991 -0.318938 0.090721 0.009671 -15.897771 -17.831871 535.876770 -48.965652 -17.671148 538.884949 17.170111 -17.992596 532.868591
492 352 503 343 517 342 529 348 517 355 504 356 603 345 617 337 634 337 648 345 634 350 618 350 1276 790 -77.762398 154.327072 53.104229 -0.222646 0.329364 -0.004197 -31.436642 -8.374094 565.010864 -62.863720 -7.036835 575.646179 -0.009560 -9.711354 554.375549
535 335 548 324 564 323 576 331 563 337 548 339 654 331 668 323 684 324 697 335 684 339 668 337 793 243 18.149179 45.585865 45.987968 -0.236581 0.113464 0.021191 -5.368947 -17.094170 585.895325 -38.353836 -17.346609 589.702271 27.615944 -16.841732 582.088379
555 337 571 327 589 326 602 335 586 342 569 343 686 337 700 329 718 331 733 341 718 346 702 345 429 63 90.484543 9.635306 44.923267 -0.015137 0.039574 0.032354 9.668438 -13.243131 535.606812 -23.493006 -14.306997 536.928345 42.829880 -12.179265 534.285278
523 354 535 344 551 343 564 351 551 357 536 359 642 347 655 338 672 338 686 348 672 353 657 353 800 75 16.718117 12.314979 42.834938 -0.157301 0.195415 -0.022054 -11.931848 -7.018120 565.886353 -44.497974 -5.785879 572.249390 20.634281 -8.250360 559.523315
516 350 528 340 543 338 555 345 542 352 528 353 631 341 644 333 661 333 675 341 661 346 645 346 970 178 -17.060465 32.855442 43.682632 -0.420701 0.145943 -0.020152 -17.527113 -10.606373 585.459351 -50.377487 -8.956569 590.008057 15.323263 -12.256176 580.910645
551 354 565 345 581 345 594 353 580 359 564 359 673 355 686 348 703 349 716 359 702 363 687 362 207 300 134.682068 56.397907 50.692318 -0.101316 0.174648 0.040241 4.184207 -4.096537 565.255737 -28.489199 -5.130574 571.081421 36.857613 -3.062500 559.429993
529 352 544 342 562 341 575 349 559 355 543 357 659 347 673 337 691 337 708 346 692 352 675 352 562 158 64.061134 28.560972 45.853313 -0.315301 0.143554 -0.012183 -4.038383 -7.268239 520.256775 -36.902031 -6.127788 524.865479 28.825262 -8.408689 515.648132
555 357 570 349 586 348 599 355 584 360 569 361 681 357 695 351 713 352 728 361 713 364 697 363 316 542 113.065079 104.421013 54.492584 -0.002512 -0.535538 0.043969 7.910859 -2.068594 447.249054 -20.614517 -3.481130 430.311920 36.436237 -0.656057 464.186218
548 355 564 346 581 345 594 353 578 359 562 360 678 354 693 347 711 348 727 357 711 362 694 361 531 410 70.283928 78.450577 50.710526 -0.264128 0.168011 0.035183 5.481239 -4.129486 525.677307 -27.238405 -4.547825 531.317322 38.200882 -3.711146 520.037292
535 353 551 344 568 342 581 350 566 356 549 358 665 349 679 340 697 341 713 349 698 354 681 354 865 310 3.848410 58.915649 46.779655 -0.296949 0.136104 -0.003394 -0.966053 -6.417356 523.449646 -33.865852 -5.641601 527.872437 31.933746 -7.193113 519.026855
533 354 545 345 560 344 572 350 560 356 546 358 649 347 662 339 678 339 692 347 678 352 663 352 1256 876 -73.765556 171.345200 54.820518 -0.323376 0.122931 -0.021436 -7.623542 -7.581003 582.998596 -40.572407 -6.229970 586.885315 25.325323 -8.932037 579.111877
563 340 579 332 597 332 610 340 594 345 578 345 693 344 707 338 725 340 740 349 725 353 708 351 278 144 120.528107 25.556150 47.362823 -0.025454 -0.480423 0.060853 12.385869 -8.045342 444.757843 -17.001230 -10.186771 429.448639 41.772968 -5.903914 460.067078
542 350 558 341 576 342 591 353 574 358 557 357 689 357 705 347 724 346 741 356 724 363 706 363 446 128 87.119446 22.524055 46.020454 -0.094221 0.704314 0.031384 3.349425 -2.471366 343.400909 -21.945372 -2.371698 364.911896 28.644222 -2.571035 321.889923
547 356 563 346 581 346 594 354 578 360 562 361 677 356 690 348 707 350 722 360 708 364 692 363 773 864 22.270824 168.574127 57.606335 -0.218877 -0.004908 0.026853 5.381538 -3.452518 536.758301 -27.810955 -4.354702 536.693848 38.574028 -2.550333 536.822754
536 351 551 340 570 340 583 349 567 355 550 356 665 348 678 339 696 340 711 351 696 356 680 354 1395 4 -101.607582 -1.262767 37.815422 -0.152598 0.079009 0.009084 -0.841103 -6.716536 534.366028 -33.941166 -6.817003 536.999573 32.258961 -6.616069 531.732544
555 351 571 343 588 342 602 351 586 356 569 357 687 353 701 345 719 347 734 356 719 361 702 360 424 263 91.525391 49.246227 48.656116 -0.127465 0.110031 0.039547 9.434171 -5.142910 523.876526 -23.544239 -6.217247 527.595337 42.412582 -4.068573 520.157654
548 349 564 339 583 339 596 349 580 355 563 355 680 350 693 341 711 343 726 354 712 359 695 357 544 58 67.616905 8.738783 44.114552 -0.119870 -0.015539 0.029113 6.562617 -6.271651 526.888733 -26.624138 -7.266751 526.431946 39.749374 -5.276551 527.345520
543 352 558 343 576 342 589 351 573 357 557 358 674 351 687 343 705 344 721 353 706 358 689 358 1268 326 -76.279930 62.413738 44.566078 -0.119891 0.112036 0.011185 2.969249 -5.350013 523.087891 -30.025564 -5.497219 526.813477 35.964062 -5.202808 519.362244
553 355 567 346 584 346 597 355 583 360 567 360 676 357 690 349 707 350 720 360 706 364 690 363 222 446 131.733536 85.329102 53.301155 -0.130434 0.098901 0.038202 6.072361 -3.326023 561.358337 -26.946266 -4.374873 564.709412 39.090988 -2.277174 558.007263
553 270 566 261 582 261 595 270 581 275 566 275 672 272 686 265 703 266 716 275 702 280 686 278 931 689 -9.186543 134.039932 53.383381 -0.026201 0.194292 0.050025 4.457975 -49.365261 566.468628 -28.080833 -50.930805 572.897827 36.996784 -47.799713 560.039429
555 268 570 262 587 262 601 268 585 272 569 272 688 272 702 267 719 269 734 277 719 279 703 277 707 707 35.357567 137.422485 55.111511 -0.007040 0.641543 0.065391 6.014055 -34.373215 395.292694 -20.522585 -36.324684 415.156158 32.550694 -32.421745 375.429199
560 267 574 259 590 259 603 268 589 272 574 273 682 271 696 263 712 265 725 274 711 278 696 277 1368 562 -96.108765 109.241051 48.311340 0.005159 0.219677 0.056939 9.011076 -49.377476 555.844238 -23.342375 -51.270664 563.071289 41.364529 -47.484287 548.617249
566 272 582 264 600 264 613 272 597 277 581 277 698 277 712 270 729 272 744 282 729 285 713 283 35 771 168.992218 149.550858 60.480991 0.045069 -0.167039 0.059200 15.292584 -42.717972 514.913635 -17.392256 -44.548111 509.353851 47.977425 -40.887833 520.473450
559 274 575 265 593 265 606 274 590 279 574 279 690 278 705 270 723 272 738 283 723 286 706 284 531 686 70.348312 133.119278 55.818886 -0.014397 0.221620 0.062467 11.197651 -42.240456 515.472717 -21.130840 -44.243561 522.781311 43.526142 -40.237350 508.164093
564 270 578 261 595 262 609 272 594 277 578 277 688 275 702 267 720 268 734 279 719 283 703 282 592 221 58.110664 41.064182 46.832523 0.022397 0.301948 0.062220 11.474105 -45.289242 533.474426 -20.165276 -47.433876 543.318726 43.113483 -43.144608 523.630127
582 269 598 260 616 260 629 269 613 274 597 274 710 275 725 268 743 269 759 280 743 284 726 281 10 101 173.806900 16.820211 48.235947 0.039109 0.336101 0.070597 21.508121 -43.919739 512.370361 -9.757895 -46.433567 523.264221 52.774139 -41.405910 501.476471
557 275 572 266 589 267 603 277 587 281 571 281 684 279 698 271 715 273 729 283 714 287 698 286 771 480 22.578922 92.511688 50.511505 0.015015 0.210143 0.053240 8.906212 -43.220329 536.352356 -23.521442 -45.026455 543.262146 41.333866 -41.414204 529.442627
585 268 600 260 617 261 630 270 615 275 599 274 712 276 727 269 745 270 760 281 745 285 728 283 109 410 154.193939 78.106178 53.338562 0.006146 0.251842 0.081830 22.921108 -44.295513 520.637146 -9.126324 -47.006554 528.893738 54.968540 -41.584473 512.380493
555 271 570 263 587 263 599 270 584 275 568 275 679 275 694 268 713 270 728 279 712 282 695 281 1238 313 -70.317795 59.814281 44.512295 -0.092273 0.378910 0.085004 6.561222 -43.372746 507.240204 -24.173040 -45.548138 519.618896 37.295486 -41.197357 494.861481
553 281 569 272 587 272 600 282 584 286 567 287 685 285 699 277 717 278 732 289 717 293 700 291 517 848 73.169846 165.195999 58.904461 -0.032954 0.206057 0.058416 8.153678 -38.379086 511.361328 -24.292524 -40.191349 518.181824 40.599880 -36.566818 504.540833
555 282 570 273 587 272 601 280 585 286 569 286 682 283 698 276 717 277 733 287 717 291 699 289 817 593 13.458695 114.931702 52.316502 -0.041155 0.292528 0.050381 8.091319 -39.139240 512.443970 -23.661560 -40.588837 522.046753 39.844196 -37.689644 502.841217
559 275 574 267 591 266 604 274 589 279 573 280 684 277 700 270 718 272 734 281 718 285 701 283 879 172 1.032473 31.592726 44.138290 -0.040028 0.390328 0.060265 9.029012 -41.427807 503.633728 -21.619862 -43.120747 516.296265 39.677887 -39.734867 490.971191
573 265 588 256 605 257 618 266 603 271 587 271 698 270 712 261 729 262 742 272 728 277 712 276 105 175 154.934464 31.555290 49.013962 0.050283 0.298148 0.051350 16.366447 -48.378891 536.516907 -15.330637 -50.304302 546.219849 48.063530 -46.453480 526.813965
552 272 568 263 587 263 600 272 584 277 567 278 686 275 700 267 719 268 734 279 719 283 702 281 592 290 58.126759 54.731358 48.109615 -0.015029 0.238887 0.052725 8.275649 -42.698399 505.707245 -23.940523 -44.372334 513.573364 40.491821 -41.024467 497.841125
548 274 564 264 583 264 597 274 581 279 563 279 680 275 694 267 712 269 727 280 712 284 695 282 986 68 -20.267550 11.080249 41.547047 0.057252 -0.259147 0.034198 6.920236 -42.138802 507.405975 -25.156946 -43.015980 498.871063 38.997417 -41.261627 515.940857
550 276 566 266 584 266 598 275 581 280 565 281 682 278 697 270 715 271 730 282 715 285 698 284 1201 747 -62.859512 145.748642 52.775433 -0.009678 0.214677 0.046123 6.954253 -41.722878 512.110901 -25.453314 -43.207741 519.189331 39.361820 -40.238014 505.032471
553 275 567 266 584 266 597 276 583 281 567 281 677 279 691 270 709 271 723 281 708 286 692 285 1083 48 -39.559586 7.197910 40.572803 0.025326 0.328270 0.049090 5.759728 -42.862686 527.535950 -25.632812 -44.599529 538.215454 37.152271 -41.125843 516.856445
570 282 585 274 601 273 615 281 599 286 584 287 697 285 712 278 731 279 746 288 730 292 713 291 343 855 107.769447 166.440521 60.117619 -0.027749 0.263687 0.051094 15.388907 -39.038052 518.861023 -16.625444 -40.593315 527.534058 47.403259 -37.482788 510.187958
565 279 581 270 599 271 612 280 596 284 580 284 698 284 712 277 728 279 742 289 728 292 713 290 26 715 170.768707 138.451324 59.500561 0.041670 0.269170 0.062474 13.944254 -38.722912 507.133453 -18.001101 -40.955471 515.912354 45.889610 -36.490353 498.354523
530 275 545 268 563 268 577 273 561 278 545 279 662 275 676 270 694 271 709 278 694 281 677 280 1105 652 -43.793140 126.853165 51.614967 0.042231 -0.573207 0.016118 -0.954750 -33.742668 408.844452 -28.849010 -33.857925 390.831757 26.939510 -33.627415 426.857117
543 267 559 258 577 258 590 266 574 272 557 272 674 269 689 262 707 264 722 273 707 277 690 276 858 725 5.337094 141.111069 54.504303 -0.171916 0.128576 0.058057 3.378206 -47.186031 522.231079 -29.497540 -48.732475 526.630371 36.253952 -45.639591 517.831848
543 268 559 261 577 262 590 269 574 273 558 273 673 273 687 267 704 269 719 278 704 281 688 279 1074 859 -37.580845 167.829391 55.639294 0.049459 -0.525656 0.050018 3.668702 -36.889488 427.454742 -25.014572 -38.051956 410.767090 32.351978 -35.727020 444.142395
566 261 581 252 599 255 611 268 596 274 579 272 704 276 718 266 736 268 748 279 734 287 717 285 113 755 153.479065 146.445328 59.699104 -0.036742 0.786602 0.123811 9.014481 -30.301310 348.035217 -14.208979 -33.535702 371.546265 32.237938 -27.066914 324.524170
550 264 566 256 584 256 597 264 581 270 564 270 681 268 696 262 713 264 729 273 713 277 697 275 1325 764 -87.511566 149.217102 52.317856 -0.068716 0.073971 0.062078 6.985540 -47.765224 523.009949 -26.064631 -49.737392 525.531128 40.035709 -45.793060 520.488770
554 262 571 253 589 253 602 263 585 268 569 268 687 267 701 260 719 262 734 272 719 276 702 274 310 253 114.190697 47.172440 49.180973 -0.051569 0.190482 0.079858 9.124182 -47.470394 511.662415 -23.375034 -49.939613 518.007751 41.623398 -45.001179 505.317047
560 257 574 249 591 249 604 259 589 264 573 264 684 264 698 255 715 257 729 267 714 272 698 270 376 31 101.015541 3.253653 44.661053 -0.003906 0.225636 0.075629 9.462284 -52.150032 540.218506 -22.806746 -54.623070 547.645081 41.731312 -49.676991 532.791992
548 266 564 258 582 258 595 266 579 272 562 272 680 270 695 262 713 264 728 274 713 278 696 276 1420 326 -106.503441 62.537785 43.619488 -0.043149 0.157311 0.055300 5.970067 -45.969601 513.054810 -26.774256 -47.684353 518.291992 38.714390 -44.254848 507.817566
554 260 570 251 589 251 602 261 585 266 568 266 687 266 702 258 720 260 735 271 720 275 703 273 266 40 122.889915 4.946557 45.512665 0.088055 -0.162387 0.068865 9.656439 -47.368450 505.329254 -23.033512 -49.403675 499.871735 42.346390 -45.333225 510.786774
546 269 563 260 581 260 594 269 578 274 561 274 679 273 693 265 711 266 726 277 711 281 695 279 1309 696 -84.346008 135.734955 51.158916 -0.042244 0.123156 0.056279 5.419032 -44.764290 515.222961 -27.481890 -46.540516 519.338074 38.319954 -42.988064 511.107849
546 265 563 255 581 256 595 265 578 271 561 271 680 269 694 260 712 262 727 273 712 277 695 276 1167 419 -56.175507 80.752289 46.916363 -0.004405 0.170423 0.056215 5.515933 -46.191956 508.754120 -27.155649 -48.036118 514.386719 38.187515 -44.347790 503.121490
548 266 564 257 582 257 596 266 579 271 563 271 681 270 695 263 713 265 728 275 713 279 696 277 798 572 17.231735 110.756622 52.046146 -0.031704 0.174234 0.066054 6.173002 -45.774708 513.028198 -26.457083 -47.863544 518.813904 38.803085 -43.685875 507.242523
548 271 564 262 582 262 595 271 579 276 562 276 680 275 695 267 713 269 728 279 713 283 696 281 730 511 30.738548 98.618553 51.340599 -0.055504 0.186797 0.064342 5.891836 -43.388554 511.466309 -26.667206 -45.338535 517.684509 38.450878 -41.438572 505.248108
546 266 562 257 580 257 594 266 577 271 561 271 679 269 694 261 712 263 727 273 712 277 695 276 1195 463 -61.732731 89.490440 47.556366 -0.025698 0.179010 0.057168 5.296694 -45.941341 508.818634 -27.323597 -47.752098 514.751343 37.916985 -44.130589 502.885895
544 270 560 261 578 261 591 270 575 275 558 275 677 273 691 265 709 267 724 277 709 281 692 279 1332 430 -88.981354 83.065773 46.092403 -0.031023 0.184369 0.050743 3.988420 -44.126003 510.553833 -28.611191 -45.705734 516.663635 36.588032 -42.546272 504.444031
544 265 560 256 579 256 592 265 576 271 559 271 678 269 692 261 710 262 726 273 710 277 694 275 1129 404 -48.623127 77.750153 46.875381 -0.017788 0.189851 0.055487 4.446475 -45.870411 506.946350 -28.110949 -47.644882 513.225281 37.003899 -44.095940 500.667389
548 264 564 255 582 255 595 265 579 270 562 270 681 269 696 260 714 262 729 273 714 277 697 275 472 17 81.923737 0.558948 43.804089 -0.039725 0.246609 0.070605 5.945459 -45.741047 502.075806 -26.173019 -47.897491 510.219055 38.063938 -43.584602 493.932526
543 267 559 258 578 258 591 267 575 272 558 272 677 270 691 262 709 264 725 274 709 278 692 277 1299 471 -82.410110 91.159912 47.056767 -0.023992 0.190655 0.054219 3.954447 -45.148643 507.563293 -28.600239 -46.861359 513.873474 36.509132 -43.435928 501.253082
550 264 566 255 585 255 598 264 581 269 565 269 684 268 699 261 718 262 733 273 717 277 700 275 92 552 157.607315 106.218956 56.072647 -0.069799 0.209379 0.076410 7.442187 -46.140556 504.042358 -24.941589 -48.413208 511.019867 39.825966 -43.867901 497.064850
545 266 561 257 579 256 592 266 576 271 559 271 679 269 693 261 711 263 727 273 711 277 694 275 1327 499 -87.971062 96.728867 47.400635 -0.028386 0.203743 0.056409 4.685188 -45.563068 504.463440 -27.780418 -47.326302 511.203979 37.150795 -43.799831 497.722870
516 294 533 285 551 285 566 294 549 299 531 299 650 296 664 289 681 291 696 301 681 305 665 303 827 211 11.381193 39.275215 45.183956 -0.206657 -0.061974 0.040771 -8.850264 -33.883656 527.787781 -41.964081 -35.438385 525.885742 24.263552 -32.328926 529.689758
513 296 529 288 548 288 564 295 547 299 529 300 646 297 661 291 678 292 693 301 678 304 662 302 1080 334 -38.896351 63.844913 45.884933 0.005898 -0.444697 0.042262 -8.103821 -27.206999 439.373627 -38.050495 -28.521255 425.089752 21.842854 -25.892740 453.657501
518 287 534 278 552 278 566 288 549 293 532 293 650 290 664 282 681 284 696 295 681 299 665 297 919 144 -6.927614 26.079269 43.370945 -0.053960 0.063683 0.050511 -8.872871 -36.298515 521.405579 -41.968079 -37.916073 523.562012 24.222338 -34.680958 519.249084
546 292 560 283 578 284 591 294 575 299 559 298 670 299 684 291 701 293 714 303 699 308 684 306 287 157 118.741592 28.138470 47.547386 0.052889 -0.220651 0.070634 2.965849 -33.749012 539.130798 -29.351997 -35.879543 531.811157 35.283695 -31.618477 546.450439
534 292 550 283 568 283 581 293 565 297 548 297 667 298 682 290 700 292 714 303 699 306 683 305 150 590 146.083527 113.793144 56.414772 -0.077983 0.125674 0.074635 -0.680467 -32.641613 511.867065 -33.531391 -34.946186 516.117371 32.170456 -30.337036 507.616730
521 293 537 285 555 285 568 294 552 299 535 299 655 299 670 291 687 293 702 303 687 307 671 305 1214 298 -65.549156 56.823570 44.384129 -0.027404 0.107932 0.056563 -6.643329 -31.701462 506.762024 -39.601940 -33.525700 510.362274 26.315281 -29.877226 503.161774
530 290 545 282 562 282 574 289 559 294 544 295 657 294 672 287 690 288 706 297 690 301 673 299 1016 29 -26.241814 3.379806 40.638386 -0.069973 0.298774 0.058183 -4.614695 -34.193420 506.889771 -36.293739 -35.749828 516.717041 27.064350 -32.637012 497.062500
530 296 543 288 559 288 572 296 558 300 543 301 656 300 670 293 688 294 702 303 687 307 671 306 864 790 4.159224 153.990829 55.669994 -0.103043 0.153385 0.056003 -5.452559 -32.814816 532.653748 -38.216068 -34.401272 537.810791 27.310951 -31.228355 527.496643
535 294 551 285 569 285 582 295 566 300 549 299 669 301 684 293 702 294 717 305 701 309 685 307 197 39 136.609558 4.692171 45.923859 -0.073519 0.207100 0.080832 -0.163907 -30.731438 500.453583 -32.551903 -33.139359 507.365845 32.224091 -28.323517 493.541351
527 291 544 282 562 282 575 293 558 297 542 296 662 298 677 290 694 292 709 303 694 307 678 305 580 327 60.521458 62.050339 48.869164 -0.031309 0.170476 0.075539 -3.485741 -32.047890 502.036560 -36.115036 -34.452892 507.702637 29.143555 -29.642887 496.370453
522 298 538 289 556 289 569 298 553 303 537 303 655 302 670 294 688 295 703 305 687 309 671 308 1335 225 -89.625694 42.462841 42.279469 -0.088827 0.196512 0.052938 -6.594502 -29.906500 503.022980 -39.114475 -31.361256 509.572388 25.925468 -28.451744 496.473572
527 296 541 287 558 287 572 297 557 301 541 301 653 301 667 293 684 294 698 304 683 308 667 307 1103 656 -43.394527 127.643837 51.701454 -0.034316 0.161036 0.059122 -6.876143 -32.691868 538.543213 -39.593628 -34.553490 543.896729 25.841341 -30.830244 533.189697
525 294 541 285 559 285 572 295 556 299 539 299 660 300 675 292 693 294 708 305 693 309 676 307 496 310 77.219955 58.614510 49.077633 -0.045546 0.176507 0.074957 -4.567077 -30.799593 500.177002 -37.163342 -33.139397 506.056519 28.029186 -28.459789 494.297516
516 296 532 287 551 287 566 297 549 301 531 302 651 300 665 293 682 295 697 306 682 309 666 307 1271 665 -76.797363 129.563614 50.821800 -0.066423 -0.102942 0.050829 -8.379637 -30.756477 512.403564 -41.365940 -32.552643 509.051361 24.606667 -28.960312 515.755737
519 295 535 286 554 286 567 296 551 300 534 300 654 300 669 292 687 294 702 305 686 308 670 306 1288 482 -80.220314 93.329758 47.328865 -0.026371 0.153993 0.061205 -7.280015 -30.865805 504.434235 -40.029995 -32.821323 509.550323 25.469965 -28.910284 499.318146
543 301 558 293 573 293 586 301 571 306 556 306 667 306 682 299 700 300 715 309 699 313 683 312 118 402 152.402512 76.528923 53.134445 -0.085980 0.313287 0.070828 0.748318 -28.965797 515.318909 -30.759422 -30.831427 525.631104 32.256058 -27.100166 505.006714
530 299 546 290 563 290 577 299 561 304 544 304 664 304 678 296 696 298 711 308 696 312 679 310 931 876 -9.142920 171.079971 56.844482 -0.083558 0.148019 0.063528 -2.652177 -29.351662 508.569000 -35.427414 -31.244743 513.544922 30.123058 -27.458580 503.593079
531 302 547 293 565 294 578 304 562 308 545 308 664 308 678 301 695 303 710 314 695 317 679 315 287 471 118.814842 90.334023 53.359074 -0.048989 0.120159 0.072645 -2.239373 -27.120045 512.148315 -35.117466 -29.425776 516.182434 30.638718 -24.814314 508.114136
531 294 547 284 565 285 578 295 562 299 545 299 666 299 681 291 699 293 714 303 699 307 682 306 510 89 74.384659 14.851360 44.900055 -0.054346 0.209500 0.068903 -1.769529 -30.940371 497.332062 -34.170303 -33.020443 504.290710 30.631245 -28.860296 490.373413
538 304 553 295 570 296 583 306 568 310 552 310 663 310 678 302 695 304 709 314 694 318 678 317 46 526 166.747849 101.031464 55.877892 -0.048741 0.219294 0.074140 -1.318294 -27.959932 536.715454 -33.637581 -30.222200 543.989075 31.000992 -25.697666 529.441833
564 317 578 309 594 309 608 317 593 322 578 322 684 319 697 312 714 312 726 321 713 326 697 325 34 672 169.167969 129.940628 58.654873 -0.086383 0.045954 0.034893 11.158879 -24.272223 573.614136 -21.990709 -25.362904 575.187256 44.308468 -23.181541 572.040955
564 307 578 300 594 300 607 308 593 313 577 313 682 311 696 303 712 304 725 313 711 318 696 317 885 494 -0.085444 95.377777 50.060680 -0.100501 0.034917 0.041216 10.930443 -29.546602 580.661865 -22.225977 -30.854023 581.887451 44.086864 -28.239183 579.436279
564 306 578 299 594 299 608 307 593 312 578 312 683 310 697 303 713 304 726 312 712 317 697 316 622 469 52.203350 90.211266 51.235821 -0.098196 0.037692 0.043099 11.249602 -29.984987 579.163025 -21.900843 -31.351606 580.482117 44.400047 -28.618370 577.843994
566 307 580 300 596 300 609 308 595 313 579 313 685 311 698 304 715 306 727 314 714 318 698 317 214 710 133.385834 137.614365 58.237236 -0.139410 0.048226 0.049501 12.075618 -29.510719 582.136780 -21.050060 -31.036369 583.846008 45.201298 -27.985069 580.427551
564 307 578 299 595 299 608 307 593 312 578 312 683 310 697 303 713 304 726 313 712 317 697 316 748 506 27.158283 97.642868 51.135960 -0.105108 0.032952 0.043170 11.364856 -29.986656 580.553284 -21.791046 -31.359318 581.720154 44.520756 -28.613995 579.386414
562 314 575 306 591 306 604 314 590 319 575 319 679 317 693 309 709 310 722 319 708 323 693 322 1292 512 -81.008667 99.275276 47.859211 -0.108644 0.025901 0.036462 9.481249 -26.546795 586.470398 -23.690392 -27.708061 587.394165 42.652889 -25.385529 585.546631
560 309 573 302 589 301 602 309 588 314 573 314 677 311 691 304 707 305 720 314 706 318 691 317 1017 617 -26.303482 119.848724 51.515194 -0.138787 0.044501 0.034091 8.269114 -29.408073 588.250244 -24.883621 -30.433500 589.800781 41.421852 -28.382647 586.699707
562 310 576 303 592 303 605 310 591 315 576 315 680 312 693 305 709 306 721 314 708 318 693 317 406 733 95.214134 142.326782 57.467236 -0.171730 0.023394 0.027454 9.734401 -29.390722 592.383301 -23.448868 -30.231129 593.234192 42.917671 -28.550318 591.532410
558 306 571 298 587 298 600 306 586 311 571 311 675 308 688 300 705 300 718 309 704 314 689 313 1194 93 -61.620205 16.201872 40.714424 -0.082920 0.042367 0.025398 7.105834 -31.032801 583.135498 -26.058500 -31.816547 584.575012 40.270168 -30.249052 581.695984
559 309 573 301 589 301 602 309 588 313 573 314 677 311 690 304 706 305 719 313 705 317 690 316 978 898 -18.483215 175.475967 56.958973 -0.165683 0.042701 0.034874 8.050544 -29.884937 590.189148 -25.103933 -30.919876 591.695557 41.205021 -28.849997 588.682800
582 305 596 298 613 298 626 307 611 311 596 311 700 310 713 303 729 304 741 313 728 317 713 316 242 174 127.693306 31.469021 48.142273 -0.063203 -0.095220 0.043398 21.263269 -30.382866 585.467957 -11.759972 -31.920078 582.359558 54.286510 -28.845652 588.576355
580 303 594 295 610 296 623 304 609 309 593 309 698 307 711 300 727 301 739 310 726 314 711 313 86 181 158.713806 32.728233 49.243336 -0.062052 -0.058496 0.040554 19.878803 -31.864481 584.598389 -13.241960 -33.269272 582.700623 52.999565 -30.459690 586.496094
563 306 577 299 593 299 606 307 592 311 577 311 681 309 695 302 711 303 724 312 710 316 695 315 1095 677 -41.798920 131.796875 52.139954 -0.096035 0.055266 0.041044 10.383496 -30.669287 586.434204 -22.742731 -31.940947 588.330383 43.509724 -29.397627 584.538025
575 306 589 298 605 298 618 306 604 311 588 311 693 308 707 301 723 302 735 311 722 315 707 314 477 570 81.058548 110.098503 54.008183 -0.093704 -0.019415 0.033970 17.239578 -31.085505 585.970276 -15.939841 -32.241707 585.379517 50.418995 -29.929302 586.561035
572 306 585 298 602 298 615 306 601 311 585 311 690 309 704 301 720 302 733 311 719 315 704 314 155 614 145.094940 118.551018 56.827839 -0.099631 0.000295 0.032993 15.494061 -30.907709 586.047424 -17.692696 -32.000744 586.111755 48.680817 -29.814674 585.983154
569 314 582 307 598 307 611 315 597 319 582 319 686 319 700 313 716 314 729 323 715 327 700 325 467 766 83.092659 148.913040 57.698135 -0.151495 0.055579 0.065267 13.387015 -25.624321 589.287415 -19.696098 -27.641125 591.287354 46.470131 -23.607515 587.287476
564 304 578 296 594 296 607 305 593 309 577 309 682 308 695 300 712 301 725 310 711 315 695 314 1433 107 -109.139435 19.169970 39.485153 -0.047099 0.065459 0.047079 10.713965 -31.154251 580.861572 -22.382988 -32.664082 583.068787 43.810921 -29.644417 578.654419
568 306 582 299 598 299 611 308 597 312 581 312 686 311 700 304 716 306 729 315 715 319 700 317 134 803 149.314636 155.970062 60.456738 -0.135856 0.062527 0.062144 13.135652 -29.907722 586.990906 -19.940416 -31.821465 589.197937 46.211720 -27.993980 584.783875
567 304 581 296 598 297 611 305 596 310 581 310 686 309 699 301 716 303 729 312 715 316 699 315 140 289 148.001694 54.164406 50.905972 -0.064148 0.072819 0.057485 12.754978 -30.937351 582.504333 -20.307087 -32.764622 584.978333 45.817043 -29.110081 580.030334
565 303 579 295 596 295 609 304 594 309 579 309 683 308 697 300 714 301 727 310 713 315 697 313 550 8 66.412209 -1.160071 43.151760 -0.046564 0.085766 0.051891 11.498584 -31.401840 579.949341 -21.539570 -33.055138 582.831482 44.536739 -29.748545 577.067261
538 267 551 258 567 258 579 265 566 270 551 271 652 266 665 259 681 260 694 269 680 273 666 272 1175 84 -57.844364 14.403691 40.666172 -0.147297 0.062855 0.024864 -5.354284 -55.635059 603.589478 -38.483406 -56.303696 605.728088 27.774837 -54.966423 601.450806
540 269 553 261 568 261 580 268 567 273 553 273 653 270 666 263 682 264 694 272 681 276 667 275 1382 423 -98.924934 81.720047 45.651466 -0.158801 0.053865 0.029169 -4.738780 -54.345875 607.532654 -37.881447 -55.168087 609.389343 28.403887 -53.523659 605.676025
552 289 565 281 580 281 593 288 579 292 565 293 666 289 678 283 693 283 705 291 692 295 678 294 331 738 110.128220 143.255951 58.026848 -0.268741 -0.006377 0.017971 2.288549 -43.494156 614.826782 -30.910263 -44.111958 614.697266 35.487362 -42.876350 614.956238
556 271 569 263 585 263 598 271 584 276 569 276 671 274 683 266 699 267 711 277 698 281 684 279 316 125 112.967796 21.823738 46.774513 -0.158413 -0.005352 0.036650 5.327171 -52.137657 606.385986 -27.854916 -53.363304 606.305237 38.509258 -50.912014 606.466736
556 273 569 266 584 266 597 273 583 277 569 278 670 275 683 269 698 270 710 278 697 282 683 280 298 746 116.691765 144.813629 58.380424 -0.239001 0.005704 0.035645 4.865190 -51.505226 609.189270 -28.318094 -52.654812 609.517578 38.048473 -50.355644 608.860962
553 271 566 263 582 263 595 271 581 275 566 276 668 273 681 266 696 267 708 276 695 279 681 278 650 309 46.598537 58.542114 48.100079 -0.186911 0.006146 0.032026 3.569884 -52.730042 606.907654 -29.617327 -53.768085 607.209595 36.757095 -51.691994 606.605713
554 274 567 266 583 266 595 273 582 278 567 278 669 275 681 269 696 270 709 279 696 282 682 281 435 842 89.473236 163.940628 59.304070 -0.255098 0.011282 0.035744 3.962933 -51.496311 611.024963 -29.218683 -52.622574 611.546021 37.144550 -50.370049 610.503967
547 301 559 293 574 293 586 300 573 304 559 305 659 301 671 295 686 296 699 304 686 307 672 306 849 482 7.069957 92.971497 50.062771 -0.301007 0.029179 0.027229 -1.438133 -36.714230 620.324829 -34.616703 -37.459831 621.413940 31.740438 -35.968632 619.235718
556 294 568 286 584 286 596 293 583 298 568 298 669 295 681 289 696 290 708 299 695 302 681 301 511 305 74.236206 57.636375 48.891678 -0.297354 0.005895 0.035882 4.216988 -40.121136 615.941162 -28.966036 -41.265961 616.309814 37.400013 -38.976311 615.572510
550 273 563 265 578 265 591 272 577 277 563 277 664 275 676 268 692 269 704 278 691 281 677 280 849 193 7.002538 35.727818 44.713795 -0.223523 0.027497 0.039443 1.256622 -51.834351 609.324768 -31.909977 -53.031052 610.375610 34.423222 -50.637646 608.273926
548 273 560 264 576 264 588 272 575 276 560 277 661 273 674 266 689 267 702 276 689 280 674 279 1195 267 -61.778454 50.667740 43.928688 -0.228736 0.030042 0.030251 -0.214134 -52.400143 609.749146 -33.388908 -53.282013 610.852051 32.960636 -51.518272 608.646240
548 287 561 280 576 280 588 286 575 291 561 292 660 288 673 282 688 283 700 291 687 294 673 293 760 626 24.800209 121.421661 53.282257 -0.293777 0.037653 0.032077 -0.427965 -44.507553 619.054626 -33.592457 -45.374680 620.441772 32.736526 -43.640430 617.667480
550 273 563 265 578 265 590 272 577 277 563 277 663 274 676 268 692 269 704 278 691 281 676 280 207 263 134.673431 49.069134 50.007500 -0.230493 0.048171 0.041293 1.065311 -51.975735 611.268616 -32.072987 -53.150391 613.010193 34.203609 -50.801079 609.527100
548 277 560 269 575 269 588 276 574 280 560 281 660 277 673 271 688 272 700 280 687 284 673 282 1054 722 -33.636028 140.676788 53.228172 -0.268118 0.040186 0.032362 -0.685316 -50.708618 617.536926 -33.846203 -51.592110 618.997986 32.475571 -49.825130 616.075928
547 271 560 263 575 262 588 270 574 275 560 276 661 272 673 264 689 265 702 275 689 278 674 277 660 137 44.570023 24.481375 44.854328 -0.188857 0.052709 0.032840 -0.513174 -53.128036 608.243042 -33.654167 -54.046585 610.084290 32.627819 -52.209488 606.401733
549 280 562 272 577 272 589 279 576 284 562 284 662 281 675 274 690 276 702 284 689 288 675 286 505 409 75.453499 78.231277 50.853931 -0.247206 0.038244 0.036511 0.353378 -48.497845 615.738281 -32.805267 -49.541195 617.143738 33.512024 -47.454498 614.332825
547 277 560 268 575 268 587 276 574 280 559 281 659 277 672 270 688 271 700 280 687 284 673 282 982 168 -19.448866 30.884483 43.422813 -0.233758 0.041114 0.031279 -1.011758 -50.556072 614.628601 -34.172474 -51.426003 616.101624 32.148960 -49.686146 613.155640
569 269 583 261 598 261 611 269 597 274 582 274 682 274 694 267 709 268 721 278 708 281 694 280 178 147 140.412704 26.068766 48.041107 -0.225536 -0.028737 0.059915 12.486302 -53.885384 620.703247 -20.645538 -55.963688 619.981140 45.618141 -51.807079 621.425354
566 282 579 274 594 274 606 282 593 286 579 286 678 285 690 279 705 281 717 290 704 293 690 291 98 447 156.389786 85.425980 54.091881 -0.287911 -0.005674 0.058437 10.099298 -46.857262 623.135315 -23.048697 -48.796780 623.226929 43.247292 -44.917740 623.043701
553 283 566 275 581 275 594 282 580 287 566 287 666 284 678 277 693 279 705 287 693 291 679 290 1423 180 -107.134010 33.621284 40.898556 -0.242537 0.000184 0.031424 2.704145 -46.841362 619.232727 -30.484356 -47.873672 619.364685 35.892647 -45.809052 619.100830
550 236 565 225 584 226 598 237 582 243 565 243 680 240 695 229 714 230 728 241 713 247 696 246 1370 194 -96.592285 36.351082 41.487736 0.018957 0.094786 0.040294 6.981312 -62.144592 523.042603 -26.047544 -63.509899 526.171509 40.010170 -60.779289 519.913635
532 236 547 225 565 225 579 236 564 242 547 242 662 237 676 227 695 227 710 238 695 244 678 244 1258 68 -74.351723 11.302227 39.853146 -0.000376 0.153687 0.029154 -2.412944 -62.612640 520.286926 -35.212334 -63.575787 525.369446 30.386444 -61.649494 515.204407
572 228 587 218 606 219 620 231 604 235 586 235 702 236 716 226 734 228 747 239 733 244 716 243 300 51 116.131958 7.153130 45.504520 0.045227 -0.119566 0.058350 18.089361 -65.238358 526.604492 -14.822062 -67.079849 522.603638 51.000786 -63.396870 530.605286
565 229 581 220 599 221 613 232 597 237 580 237 695 237 710 227 727 228 741 240 726 245 710 243 466 149 83.147568 26.699951 46.284584 0.037258 -0.064343 0.056204 14.760967 -65.342682 531.916016 -18.322754 -67.166466 529.747864 47.844688 -63.518902 534.084167
566 237 582 228 601 229 614 240 598 244 581 244 697 245 712 235 729 237 742 248 728 253 712 252 474 589 81.659500 113.859482 54.378529 0.014364 -0.037521 0.062061 15.552333 -61.457829 532.893799 -17.565203 -63.507717 531.634277 48.669868 -59.407940 534.153320
565 239 581 230 600 231 613 242 597 247 580 246 696 246 711 237 729 239 742 250 727 255 711 253 583 598 59.988159 115.731110 53.866299 0.024002 -0.044970 0.059636 15.008291 -60.190170 530.481750 -18.103949 -62.150425 528.966309 48.120529 -58.229919 531.997192
564 237 580 227 599 228 613 240 596 245 579 244 696 244 710 234 728 236 742 247 727 253 710 251 626 143 51.331944 25.642078 45.177120 0.067308 -0.146422 0.052286 14.617263 -59.956196 519.216736 -18.187172 -61.520828 514.319763 47.421700 -58.391563 524.113770
549 248 563 239 582 240 595 251 580 256 563 255 678 256 693 246 712 248 725 259 710 264 693 263 1155 675 -53.729717 131.449692 51.729282 -0.019628 0.099578 0.070188 5.778131 -54.527168 522.407898 -27.180580 -56.819420 525.728821 38.736839 -52.234921 519.086914
579 242 596 233 615 235 628 247 612 251 594 250 711 255 726 245 744 247 757 258 742 263 726 262 320 12 112.146080 -0.555474 44.658134 0.057173 -0.221504 0.080048 21.905096 -54.350136 506.161804 -10.383254 -56.772926 498.802979 54.193447 -51.927345 513.520630
540 251 556 242 574 243 588 255 572 260 555 259 672 260 687 250 706 252 720 263 705 269 687 267 1187 451 -60.144817 87.107010 47.384083 0.010987 0.124234 0.073214 2.305791 -51.560795 512.759827 -30.554386 -54.006016 516.857300 35.165970 -49.115578 508.662354
569 243 585 234 604 235 617 247 601 252 584 251 700 253 714 244 732 245 745 257 730 262 714 260 372 191 101.848221 34.942390 47.647335 0.056784 -0.185127 0.068630 16.667440 -55.646141 516.892029 -15.892451 -57.735073 510.723602 49.227333 -53.557205 523.060425
554 252 570 245 588 246 604 253 587 256 570 256 680 257 696 251 713 252 729 260 713 263 697 261 585 868 59.653469 169.212997 58.851154 -0.507934 -0.002243 0.053318 8.919862 -56.900311 551.410339 -24.238689 -58.613247 551.778992 42.078415 -55.187374 551.041687
561 247 577 238 596 239 609 251 593 255 576 255 693 256 708 246 726 248 739 259 724 264 708 263 76 213 160.709656 39.058475 49.897884 0.079825 -0.208778 0.061216 13.021058 -53.220230 508.519012 -19.401381 -54.959312 501.567688 45.443497 -51.481152 515.470337
551 256 566 246 585 247 599 258 583 263 566 262 682 261 697 252 715 253 729 264 714 269 697 268 851 753 6.735498 146.651459 55.066135 0.032850 -0.099200 0.044293 7.862657 -51.264183 519.630615 -25.146416 -52.677734 516.319641 40.871731 -49.850632 522.941589
543 257 559 248 577 248 592 259 576 264 558 264 675 263 690 253 708 254 721 265 706 270 690 269 1299 666 -82.364616 129.784546 50.665936 0.032704 -0.130095 0.036929 4.218144 -50.490395 518.914551 -28.683527 -51.642139 514.588684 37.119816 -49.338650 523.240417
553 259 569 250 587 251 601 262 585 267 568 266 686 266 700 256 718 258 732 268 717 274 701 272 197 895 136.809250 174.244370 61.767185 0.021779 -0.018343 0.057556 8.981163 -49.176216 520.137878 -24.163086 -51.079418 519.508423 42.125412 -47.273014 520.767334
549 257 564 248 583 248 597 259 581 265 564 264 681 263 696 253 714 254 728 265 713 271 696 270 637 477 49.222633 91.808105 51.290474 0.079016 -0.193042 0.041086 7.111628 -49.491581 509.500916 -25.448896 -50.593277 503.085480 39.672153 -48.389885 515.916382
552 254 567 245 586 245 600 257 584 262 566 261 685 261 700 251 718 252 732 263 717 269 700 268 301 37 115.929855 4.380896 45.239174 0.101086 -0.257958 0.046515 8.750217 -49.508522 498.331146 -23.321394 -50.602711 489.800385 40.821827 -48.414330 506.861908
552 254 567 245 586 245 600 257 584 262 567 261 685 261 700 251 718 252 732 263 717 269 700 268 33 47 169.221008 6.142931 47.093250 0.108842 -0.272116 0.049575 8.815557 -49.261414 497.009827 -23.128412 -50.395302 488.017792 40.759525 -48.127525 506.001862
531 257 546 248 564 248 578 258 563 264 546 264 662 261 677 251 695 251 710 262 694 268 677 267 1340 689 -90.511642 134.373718 50.836300 -0.008481 0.079531 0.033920 -2.530831 -51.710094 523.590942 -35.611607 -52.823799 526.233215 30.549944 -50.596390 520.948669
530 338 542 331 557 331 569 339 556 343 542 343 639 342 652 335 667 336 679 345 666 349 652 347 1071 453 -37.079041 87.408493 48.143501 -0.277313 0.021914 0.049815 -12.507502 -13.605113 633.719543 -45.663467 -15.137073 634.665405 20.648464 -12.073153 632.773682
533 338 546 331 561 331 573 339 559 343 545 343 644 342 657 336 672 338 684 346 671 350 657 348 315 897 113.346733 174.736816 61.069351 -0.310583 0.023838 0.062509 -10.081016 -13.235419 629.548096 -43.212143 -15.154399 630.646057 23.050114 -11.316441 628.450195
534 329 547 321 562 321 574 330 560 334 546 334 645 334 657 327 673 328 685 337 672 341 657 339 9 320 174.056824 60.197819 52.295551 -0.213574 0.040730 0.067415 -9.606679 -18.561060 626.129456 -42.708939 -20.636471 627.708252 23.495583 -16.485649 624.550598
534 330 547 323 562 323 574 331 561 336 546 336 645 335 658 328 673 330 686 339 672 343 658 341 568 411 62.927120 78.678848 50.498611 -0.207287 0.028970 0.060707 -9.210397 -17.546280 624.554810 -42.340389 -19.446808 625.717285 23.919594 -15.645751 623.392395
536 334 549 327 564 327 576 336 562 340 548 340 647 340 660 333 675 335 687 344 674 348 660 346 1357 650 -93.901001 126.662674 50.008598 -0.189403 0.025745 0.067802 -8.151054 -14.815975 625.520569 -41.268837 -16.971262 626.582031 24.966730 -12.660688 624.459106
534 330 547 322 563 323 574 331 561 336 547 335 645 335 658 328 674 329 686 338 673 342 658 341 1272 386 -77.061287 74.301506 45.651684 -0.102514 0.054706 0.059312 -8.990024 -17.603926 620.412476 -42.086895 -19.474815 622.324646 24.106850 -15.733035 618.500305
539 332 552 324 567 325 579 333 565 337 551 337 650 337 663 331 679 332 691 342 677 345 663 343 1314 770 -85.322937 150.396576 52.497410 -0.200739 0.030969 0.069559 -6.182579 -16.218086 622.490723 -39.291508 -18.407249 623.742065 26.926352 -14.028923 621.239319
540 332 553 324 569 325 580 333 567 337 553 337 652 338 665 331 680 333 692 342 679 345 665 344 942 792 -11.349743 154.450638 55.221260 -0.210592 0.029946 0.072366 -5.205567 -16.151751 621.536560 -38.308975 -18.430212 622.774475 27.897842 -13.873288 620.298584
540 332 553 324 569 325 581 333 567 337 553 337 653 338 666 332 682 333 694 343 680 346 666 344 599 887 56.874157 172.987839 59.115631 -0.229439 0.038326 0.077327 -4.764284 -15.797739 616.670349 -37.846054 -18.194464 618.223328 28.317488 -13.401014 615.117371
546 326 559 318 575 318 587 328 573 332 558 331 658 333 672 326 687 327 699 337 686 341 671 339 318 207 112.589249 38.067520 48.279762 -0.094348 0.063004 0.083125 -1.594468 -18.814344 610.596863 -34.618958 -21.466879 612.812012 31.430021 -16.161810 608.381714
544 329 557 322 573 322 585 331 571 335 557 335 657 336 670 329 686 331 698 340 685 344 670 342 573 491 61.951588 94.528923 51.948158 -0.115331 0.042124 0.078121 -2.395548 -17.154528 612.919250 -35.469810 -19.658867 614.462341 30.678713 -14.650187 611.376099
542 329 555 321 570 322 582 330 568 334 554 334 654 335 667 328 682 329 694 338 681 342 667 340 1046 689 -32.053013 134.133789 52.667210 -0.145627 0.039910 0.068456 -4.302374 -17.854021 617.320496 -37.403179 -20.020424 618.804810 28.798431 -15.687618 615.836243
541 329 554 322 569 322 581 331 568 335 553 335 653 335 666 328 682 330 694 339 681 343 666 341 1137 454 -50.202175 87.660431 47.750988 -0.091041 0.053061 0.068566 -4.612525 -17.333284 612.693054 -37.692703 -19.523928 614.553772 28.467655 -15.142641 610.832336
546 324 560 317 575 317 587 326 573 330 559 330 659 331 672 324 688 325 700 335 687 339 672 337 680 27 40.567585 2.709447 42.693836 -0.080107 0.068523 0.074482 -1.230123 -19.740488 609.035095 -34.265114 -22.115778 611.402954 31.804869 -17.365198 606.667175
548 330 562 322 577 323 589 331 575 336 561 335 661 336 675 330 690 331 702 341 689 344 674 343 310 861 114.332527 167.602036 60.434181 -0.180610 0.030503 0.077401 0.145683 -16.851639 615.392822 -32.944595 -19.313667 616.630310 33.235962 -14.389609 614.155273
550 338 563 331 579 331 591 340 577 344 562 344 662 343 675 336 691 337 703 346 690 350 676 349 1128 454 -48.412624 87.653084 47.807037 -0.078317 0.024291 0.054118 0.905474 -12.477700 612.158325 -32.240967 -14.240229 613.033936 34.051914 -10.715173 611.282715
551 332 564 324 580 325 592 334 578 338 564 338 664 338 677 330 693 332 705 341 692 345 677 344 390 266 98.286613 49.812702 48.923378 -0.092320 0.059277 0.067860 1.741938 -15.673322 608.843689 -31.328272 -17.829628 610.910400 34.812149 -13.517015 606.777039
550 335 563 327 578 328 590 336 577 340 562 340 662 340 675 333 691 334 703 343 689 347 675 346 1149 779 -52.512424 152.044601 53.691540 -0.133305 0.017140 0.057025 0.709441 -14.598634 616.311340 -32.436611 -16.447546 617.004395 33.855492 -12.749722 615.618225
553 332 566 325 581 326 593 334 580 338 565 338 665 338 678 332 694 333 706 342 693 346 678 344 71 805 161.841949 156.314789 60.886093 -0.141179 0.060398 0.074452 2.437733 -15.538023 614.692993 -30.614857 -17.856979 616.862854 35.490322 -13.219067 612.523132
548 331 561 323 577 324 589 332 576 337 561 337 661 336 674 329 690 330 703 339 689 344 675 342 888 281 -0.731649 53.190247 46.099674 -0.061432 0.060237 0.058518 0.138711 -16.363031 605.980957 -32.949116 -18.241222 608.037170 33.226536 -14.484840 603.924805
564 281 578 273 596 273 609 281 594 286 578 286 692 285 707 277 725 278 739 288 724 292 708 291 1042 56 -31.405325 8.749050 40.976200 -0.002627 0.281206 0.052068 12.457458 -38.974628 515.593140 -19.398708 -40.667870 524.806030 44.313625 -37.281384 506.380249
559 284 573 277 590 276 604 284 589 289 573 289 688 286 703 280 720 281 735 290 719 294 703 292 818 803 13.308846 156.528275 56.197075 -0.042210 0.214166 0.045882 10.264606 -38.276768 521.695618 -22.147049 -39.638191 528.780151 42.676262 -36.915340 514.611084
555 283 569 275 586 275 600 283 585 288 569 288 685 285 700 278 717 279 732 288 717 292 700 291 982 436 -19.386345 83.968582 48.383110 -0.022881 0.263262 0.045887 8.196396 -38.162693 510.968597 -23.829887 -39.568756 519.623047 40.222679 -36.756630 502.314117
567 281 582 273 600 273 614 283 598 287 581 287 699 287 715 279 733 281 748 291 732 295 715 294 179 201 140.226456 36.765633 49.034344 -0.013934 0.304045 0.072144 14.640656 -36.884609 498.683990 -16.956133 -39.171505 508.632477 46.237446 -34.597713 488.735474
566 287 580 280 597 280 612 288 596 292 580 292 697 291 712 285 729 286 744 295 728 299 712 297 811 792 14.698152 154.343735 56.037071 -0.025685 0.240371 0.058170 14.049123 -35.512955 512.662842 -18.145477 -37.322666 520.587036 46.243725 -33.703239 504.738708
566 291 581 284 598 284 612 292 597 296 581 296 698 297 713 291 730 292 744 301 729 304 713 303 1236 611 -69.850601 118.838997 50.040302 -0.007610 0.309671 0.066985 13.863024 -32.404358 501.889587 -17.689089 -34.552738 512.009277 45.415138 -30.255978 491.769897
568 287 583 279 601 280 616 289 600 293 583 293 702 294 718 287 736 289 751 298 734 302 717 300 252 457 125.770935 87.532410 53.317921 -0.011423 0.305268 0.074269 15.506377 -33.427689 495.253967 -16.073158 -35.795940 505.238159 47.085915 -31.059437 485.269775
562 290 577 282 596 282 610 292 594 297 577 296 696 296 712 288 731 289 746 299 730 304 712 303 891 94 -1.371789 16.152670 42.619892 0.003237 0.349443 0.062946 12.560472 -31.666191 484.534821 -18.573130 -33.731236 495.892395 43.694073 -29.601147 473.177277
570 288 585 280 603 281 617 291 601 296 584 295 705 295 720 287 739 288 754 298 738 303 720 302 770 133 22.696814 23.778847 44.095261 0.000298 0.355545 0.066474 16.146358 -32.351425 485.235260 -14.909923 -34.512600 496.785004 47.202641 -30.190250 473.685547
565 293 580 285 598 286 612 294 596 298 580 298 699 298 714 291 733 293 747 302 731 306 714 304 922 617 -7.413789 119.771194 52.106812 -0.007988 0.312924 0.063415 13.946555 -31.165810 493.905853 -17.580103 -33.194714 504.128998 45.473213 -29.136906 483.682678
565 298 580 291 598 291 612 300 597 304 580 304 701 304 717 297 735 298 750 307 734 311 717 310 85 819 159.061478 159.099274 61.058025 -0.026272 0.317930 0.062525 14.316354 -28.208723 487.005066 -17.160685 -30.111021 497.403961 45.793392 -26.306427 476.606171
557 303 572 295 589 296 604 304 588 308 572 308 693 306 708 299 726 300 741 309 725 313 708 312 1051 738 -33.035778 143.843552 53.542992 -0.006438 0.322170 0.041762 10.342814 -26.759871 486.979462 -21.125187 -28.088165 497.494232 41.810814 -25.431576 476.464691
560 298 575 289 594 290 609 300 593 305 575 304 697 303 713 294 733 295 748 305 732 311 714 309 304 386 115.414749 73.511520 51.679977 -0.011267 0.349804 0.054037 12.217240 -27.921934 476.014954 -18.929230 -29.614206 487.398865 43.363708 -26.229664 464.631042
550 294 565 285 584 285 599 295 583 300 566 300 687 297 703 288 722 289 738 299 721 304 703 303 1397 154 -101.970268 28.450115 40.579250 0.009976 0.374448 0.037763 7.467172 -30.192465 472.432220 -23.413761 -31.478260 484.567871 38.348106 -28.906670 460.296539
561 300 575 293 593 293 607 301 592 305 576 305 696 304 711 297 729 298 744 307 728 311 711 310 641 881 48.521523 171.833664 58.743023 -0.019892 0.315969 0.049967 12.019409 -27.993347 489.419006 -19.500919 -29.520773 499.748352 43.539738 -26.465921 479.089661
595 287 611 280 630 281 644 290 628 294 610 293 731 298 747 292 765 294 779 304 763 308 747 305 3 404 175.269455 76.831223 53.887634 0.009851 0.331446 0.099869 28.551517 -31.408432 486.907074 -2.683629 -34.712334 497.677826 59.786667 -28.104530 476.136292
585 287 600 279 619 280 634 290 617 295 600 294 722 295 738 287 756 289 771 299 755 304 737 302 340 295 108.235321 55.516075 49.771507 0.007211 0.340678 0.075304 23.721930 -32.141273 482.714996 -7.482263 -34.631649 493.790009 54.926125 -29.650896 471.639984
571 296 585 288 603 289 617 297 602 301 585 301 705 301 721 295 738 297 753 306 737 309 720 307 1051 878 -33.003117 171.574051 56.134190 -0.017320 0.284783 0.062625 16.784389 -29.667377 495.355713 -15.018840 -31.636063 504.695862 48.587620 -27.698692 486.015564
568 293 583 285 601 285 616 294 600 298 583 299 704 298 720 290 738 292 753 301 737 305 720 304 1291 351 -80.847389 67.384384 44.885559 0.004090 0.324190 0.054212 15.743873 -30.605471 484.026398 -15.683339 -32.395161 494.594604 47.171085 -28.815783 473.458191
576 288 592 280 611 280 625 290 609 295 591 295 713 295 729 287 748 289 763 299 746 304 729 302 381 230 100.067764 42.674660 48.313118 0.000379 0.340278 0.070796 19.717253 -31.994522 481.559265 -11.502078 -34.300365 492.631561 50.936584 -29.688683 470.486969
534 338 549 329 568 328 583 337 567 342 550 343 671 338 687 330 705 331 720 340 704 345 687 343 1279 460 -78.435898 88.964767 46.977722 -0.103021 0.122503 0.018173 0.768346 -11.587934 495.325226 -32.182384 -11.979692 499.406342 33.719074 -11.196177 491.244080
576 338 591 330 609 331 623 340 607 345 590 344 715 345 730 337 747 338 761 347 746 352 730 351 17 655 172.544266 126.559471 58.446098 -0.071507 0.247128 0.056253 19.844439 -9.306459 485.872559 -12.300041 -10.861120 494.050262 51.988918 -7.751799 477.694824
565 342 580 334 598 334 612 343 596 347 580 347 702 347 718 341 736 343 750 352 734 355 718 354 1223 587 -67.271294 114.074593 49.677055 -0.075052 0.222431 0.055106 14.732346 -7.632554 488.005035 -17.604853 -9.168854 495.387787 47.069542 -6.096254 480.622284
579 339 595 330 615 331 630 341 613 345 595 345 720 346 736 338 755 340 770 351 754 355 736 353 346 305 107.044624 57.501720 49.919228 -0.058932 0.279424 0.067664 22.097603 -8.200790 473.675598 -9.744737 -10.144006 482.886932 53.939945 -6.257575 464.464264
565 344 581 336 600 336 615 345 598 349 581 349 705 349 721 342 740 344 755 354 738 357 721 355 870 528 2.905071 102.100082 50.783386 -0.071916 0.252593 0.054061 15.552332 -6.689929 478.778381 -16.551294 -8.163792 487.129700 47.655960 -5.216066 470.427063
568 343 584 334 603 334 617 344 601 349 584 349 710 348 726 340 744 341 759 352 743 356 726 355 86 540 158.797562 103.837158 55.887909 -0.085621 0.290187 0.057537 16.855398 -7.242103 472.712769 -14.907835 -8.713297 482.277924 48.618633 -5.770910 463.147614
565 352 580 344 598 344 612 352 597 357 580 357 704 355 720 349 738 350 753 359 737 363 720 361 1277 818 -77.954704 159.873978 53.616241 -0.080681 0.251355 0.039131 14.920225 -3.494315 478.573273 -17.216599 -4.443584 486.872833 47.057049 -2.545045 470.273682
562 346 578 336 598 337 614 347 597 352 578 352 705 351 722 342 742 343 758 354 741 359 722 357 1423 179 -107.134247 33.423210 40.880047 -0.035548 0.331302 0.037042 14.524833 -5.579224 457.471344 -16.852118 -6.592592 468.288910 45.901783 -4.565856 446.653778
554 334 570 324 589 323 605 333 588 339 570 340 695 334 711 324 731 325 747 336 730 341 712 340 948 77 -12.709572 12.831912 41.950272 -0.059964 0.276899 0.018224 10.701800 -12.760816 470.600586 -21.233103 -13.084027 479.689972 42.636703 -12.437604 461.511200
568 334 584 325 603 325 619 334 602 339 584 340 710 336 726 328 746 330 761 340 745 344 727 343 252 208 125.712852 38.211731 48.709290 -0.063461 0.279158 0.034990 17.256407 -11.788590 469.783569 -14.643352 -12.642303 478.961578 49.156166 -10.934877 460.605530
571 340 587 331 606 331 622 340 605 345 587 345 714 343 730 335 749 337 765 347 748 351 730 349 74 429 161.157730 81.841042 53.908192 -0.076888 0.274548 0.042202 18.637217 -9.060027 468.961914 -13.295433 -10.093980 478.006042 50.569866 -8.026074 459.917786
567 342 583 333 602 333 618 341 601 347 583 347 711 344 728 336 747 337 762 347 746 351 728 350 1162 363 -55.194374 69.656006 45.911018 -0.051183 0.244378 0.026563 17.337517 -8.391804 467.366730 -14.869339 -9.058001 475.418671 49.544373 -7.725607 459.314758
574 341 590 333 609 333 625 342 608 347 590 347 717 346 734 338 753 340 769 350 752 354 734 352 414 448 93.556938 85.881943 52.142475 -0.069393 0.267894 0.046863 20.114166 -7.934474 467.640472 -11.870721 -9.163589 476.473145 52.099052 -6.705359 458.807831
575 344 591 336 610 336 625 344 609 349 591 349 718 348 735 341 754 343 769 352 752 356 735 354 266 610 123.022888 117.849312 56.062546 -0.081369 0.257102 0.047619 20.500546 -6.804620 468.821594 -11.576257 -8.020942 477.316254 52.577347 -5.588299 460.326965
574 348 590 340 609 340 624 348 608 352 590 353 716 351 733 344 751 346 767 355 750 359 733 357 520 787 72.559097 153.115875 57.756756 -0.085386 0.251441 0.041322 20.077379 -5.427366 472.663483 -12.055911 -6.428685 480.970642 52.210670 -4.426048 464.356354
562 350 577 342 597 342 612 350 596 355 578 356 706 352 722 344 741 346 757 355 741 359 723 358 1159 418 -54.585026 80.547684 46.947674 -0.051889 0.300099 0.021028 14.478772 -4.589950 459.527100 -17.235128 -5.020859 469.355743 46.192673 -4.159041 449.698425
571 349 587 341 606 341 622 349 605 354 587 354 715 352 732 345 751 347 766 357 750 360 732 359 535 555 69.522392 107.174713 53.369354 -0.068729 0.265561 0.040334 18.819971 -4.656092 465.206024 -13.194642 -5.677193 473.957123 50.834583 -3.634991 456.454956
563 349 579 340 599 340 615 350 598 355 579 355 707 352 724 343 744 344 760 354 743 359 724 358 848 350 7.238002 66.824776 47.625870 -0.060607 0.307160 0.027787 15.283440 -4.891304 458.651306 -16.355120 -5.492322 468.711121 46.921997 -4.290286 448.591492
571 353 587 345 606 345 622 353 605 357 587 358 715 356 732 349 751 351 766 360 750 363 732 362 216 779 133.004257 151.283173 59.501869 -0.086427 0.262067 0.040138 19.005770 -3.221172 467.153381 -13.039604 -4.163142 475.800140 51.051140 -2.279202 458.506622
571 349 587 340 607 341 623 350 605 355 587 355 716 353 733 345 753 346 769 356 752 361 733 359 68 415 162.347488 79.063095 53.686436 -0.076642 0.304005 0.040941 18.789852 -4.441629 457.353516 -12.865722 -5.394912 467.332275 50.445427 -3.488346 447.374756
544 333 556 324 572 323 585 330 571 336 557 337 661 329 674 321 690 322 704 331 690 336 675 334 486 21 79.140930 1.362674 43.790936 -0.220478 0.134754 0.007362 -1.178440 -18.232510 589.212708 -34.082558 -17.983728 593.664307 31.725677 -18.481293 584.761108
591 365 605 357 621 356 636 363 621 368 605 369 720 361 734 354 751 355 766 363 751 367 735 366 1135 815 -49.720280 159.163879 54.445034 -0.104224 0.232198 -0.007615 26.364428 0.176769 524.918823 -5.949119 0.826537 532.532776 58.677975 -0.472998 517.304932
592 366 606 358 623 357 637 364 622 370 606 371 722 363 736 356 753 357 768 365 753 370 737 369 926 859 -8.152691 167.708603 56.560974 -0.102397 0.209285 -0.002137 27.090590 1.088571 523.356201 -5.390245 1.513057 530.239136 59.571426 0.664085 516.473267
593 370 607 361 625 361 639 368 624 373 608 374 725 367 739 360 757 361 772 369 756 373 740 372 400 858 96.436325 167.081268 59.818172 -0.113973 0.144869 0.001837 28.257212 2.978624 521.447998 -4.600094 3.191326 526.234619 61.114517 2.765921 516.661377
588 369 603 360 621 359 636 366 620 372 604 373 722 364 737 356 754 357 769 365 754 370 737 369 1341 444 -90.767639 85.846161 46.295475 -0.071705 0.244493 -0.018935 25.794270 1.833422 507.499420 -6.417569 2.744817 515.507324 58.006107 0.922027 499.491516
596 371 610 363 627 362 642 369 627 375 610 376 728 369 743 362 760 363 775 371 760 376 743 375 164 754 143.338043 146.288864 59.362991 -0.107956 0.237068 0.006829 29.155045 3.879558 513.636963 -3.121192 4.077872 521.432129 61.431278 3.681244 505.841766
584 373 598 364 615 363 630 371 615 376 598 378 716 369 731 361 749 362 764 370 748 375 731 375 1278 506 -78.226326 98.075401 47.835346 -0.086570 0.306860 -0.011696 22.689585 4.066497 502.726776 -8.962861 4.885626 512.727356 54.342030 3.247368 492.726227
590 369 605 360 623 359 638 368 623 373 606 374 723 367 739 358 757 358 772 367 757 373 739 372 1092 122 -41.331875 21.862804 41.886387 -0.067963 0.351436 -0.011003 25.931160 2.517097 494.308868 -5.242966 3.267009 505.718140 57.105286 1.767186 482.899628
594 370 609 361 628 360 643 369 627 375 610 376 728 369 743 360 762 361 777 370 761 376 744 375 505 131 75.388649 23.166430 45.708553 -0.075449 0.360089 0.000221 27.868858 3.465189 492.841125 -3.207387 3.904023 504.530182 58.945103 3.026356 481.152069
595 379 610 370 627 369 642 377 627 382 610 383 728 377 743 369 761 370 776 378 761 383 744 382 777 779 21.455641 151.741013 56.008198 -0.100150 0.263117 -0.001176 28.932615 7.404000 506.696289 -3.130353 7.877141 515.316101 60.995583 6.930859 498.076416
596 375 611 366 629 365 644 374 628 380 611 380 731 374 746 366 764 366 779 375 764 381 747 380 548 378 66.896202 72.126045 50.012383 -0.074362 0.338991 0.002101 28.987373 5.756414 493.753662 -2.328572 6.102381 504.787781 60.303322 5.410448 482.719574
599 380 613 371 631 370 646 378 631 383 614 384 732 378 748 371 766 372 781 381 765 385 748 384 272 788 121.871376 153.111557 59.319702 -0.112949 0.274049 0.010421 30.685333 8.097659 505.159088 -1.279917 8.266830 514.145386 62.650585 7.928487 496.172791
596 380 611 372 628 372 643 379 628 384 611 385 730 379 745 371 763 372 778 380 762 385 745 384 1013 762 -25.474302 148.566330 54.223843 -0.085754 0.291764 -0.003355 29.188221 8.299378 502.148834 -2.613964 8.821280 511.683411 60.990406 7.777477 492.614258
591 376 606 367 624 366 639 375 624 381 607 381 726 375 741 366 759 366 775 375 759 381 742 380 912 515 -5.449195 99.559380 50.281216 -0.070878 0.321279 -0.004559 26.803555 6.096582 495.472076 -4.702617 6.619922 505.943329 58.309727 5.573242 485.000854
592 374 606 364 625 363 640 373 624 379 607 380 726 372 741 363 760 363 776 372 760 379 743 378 954 19 -13.916135 1.348458 40.839413 -0.062501 0.383329 -0.009275 26.419657 4.831801 484.802765 -4.374701 5.524886 497.203827 57.214016 4.138716 472.401672
592 376 606 367 624 366 639 375 624 381 607 382 727 375 742 366 760 366 776 376 760 382 743 381 455 348 85.381218 66.107903 50.036289 -0.073076 0.339848 -0.001303 26.743622 6.117311 490.802094 -4.562871 6.567904 501.859222 58.050114 5.666718 479.744965
597 379 612 370 630 369 645 378 630 383 613 384 732 378 748 369 766 370 781 379 765 384 748 383 71 392 161.745605 74.509819 53.242058 -0.096275 0.349989 0.005159 29.470465 7.442646 491.659668 -1.722484 7.828372 503.035553 60.663414 7.056920 480.283783
596 383 611 375 628 374 643 382 628 387 611 388 730 381 745 374 763 374 778 383 763 388 746 387 554 886 65.821671 172.753052 59.377365 -0.097664 0.305998 -0.002137 29.041891 9.540387 500.007294 -2.621609 10.102034 509.990631 60.705391 8.978742 490.023956
591 382 605 373 623 372 638 380 623 385 606 386 725 379 740 371 759 372 774 380 758 385 741 384 1153 593 -53.351170 115.205910 50.224037 -0.083218 0.312775 -0.009997 26.585316 8.518339 496.051208 -5.007817 9.272902 506.242584 58.178448 7.763776 485.859802
598 376 613 367 632 366 647 375 631 381 613 382 733 376 749 367 768 367 783 377 767 382 750 381 162 178 143.601349 32.196033 48.714516 -0.088116 0.380404 0.006706 29.561148 6.302242 484.109924 -1.270826 6.634658 496.432190 60.393120 5.969826 471.787659
552 345 568 336 587 335 603 344 586 349 568 349 701 345 718 338 737 339 753 349 736 352 718 351 1175 882 -57.658207 172.467545 55.436005 -0.232490 0.071969 0.027307 11.818803 -7.634239 458.998596 -21.288130 -8.255507 461.469360 44.925735 -7.012970 456.527832
589 337 607 328 628 328 645 338 626 343 607 343 742 343 760 334 780 336 796 347 779 351 760 350 263 282 123.542885 52.878258 50.010418 -0.017696 -0.178898 0.050286 29.007832 -8.823685 436.940002 -3.625311 -10.536160 431.048889 61.640976 -7.111209 442.831085
582 332 600 322 621 322 638 333 620 338 600 338 735 337 753 328 773 330 789 341 772 346 753 344 901 169 -3.342682 31.016455 43.945755 -0.020296 -0.192071 0.045480 26.212540 -11.156356 437.297974 -6.347569 -12.721117 430.977356 58.772648 -9.591596 443.618622
587 340 604 331 624 331 641 341 623 345 604 345 738 346 755 338 775 340 790 350 773 354 755 352 598 644 57.016308 124.854805 54.624279 -0.030980 -0.152852 0.053238 27.795425 -7.899132 446.220459 -4.975421 -9.737348 441.195282 60.566273 -6.060916 451.245605
588 341 605 332 626 332 643 342 625 347 605 347 741 347 759 338 779 340 794 351 777 355 758 353 489 432 78.640289 82.773949 51.379272 -0.015943 -0.188856 0.052494 28.483917 -7.289071 437.068146 -4.085045 -9.070751 430.851410 61.052879 -5.507390 443.284882
588 344 606 335 626 335 643 344 625 349 606 349 741 349 758 341 778 343 794 353 777 358 758 356 708 617 35.137733 119.596550 53.439514 -0.021330 -0.181560 0.051194 28.676891 -6.195510 439.959412 -3.938897 -7.949313 433.984955 61.292679 -4.441708 445.933868
590 348 608 339 628 339 644 348 627 354 608 354 744 353 761 345 781 346 796 356 779 361 761 359 1036 659 -30.071623 128.183380 52.174229 -0.018002 -0.211412 0.045909 29.314787 -4.588323 434.658844 -3.116038 -6.163705 427.707611 61.745613 -3.012941 441.610046
586 344 605 334 626 334 644 345 625 350 605 350 742 350 760 340 781 342 797 353 780 358 760 356 1161 222 -55.028427 41.726616 43.307541 -0.033746 0.298709 0.035932 27.115923 -5.761586 428.468994 -4.597513 -6.770463 438.256744 58.829361 -4.752709 418.681274
590 349 608 341 629 341 646 350 628 354 608 355 746 355 763 347 783 349 799 359 782 363 763 361 1019 653 -26.692762 126.981056 52.169044 -0.025883 -0.209642 0.049403 29.708941 -3.816332 431.216064 -2.728698 -5.533643 424.330566 62.146580 -2.099021 438.101562
596 344 614 335 636 336 653 347 634 351 614 351 752 352 770 344 791 346 807 357 789 361 770 359 8 373 174.268036 70.694977 53.282730 -0.062025 0.299558 0.058312 31.009649 -4.836560 428.917847 -0.661352 -6.435653 438.764191 62.680649 -3.237468 419.071533
587 349 604 340 625 340 642 349 624 354 605 354 741 354 758 346 778 348 794 358 777 362 758 360 1344 586 -91.331032 113.975266 48.905010 -0.031079 -0.216558 0.047014 28.083456 -4.138389 432.669495 -4.309452 -5.797745 425.562744 60.476364 -2.479033 439.776215
577 346 595 335 617 336 635 347 616 352 595 352 733 351 751 341 773 342 789 354 771 360 752 358 1305 200 -83.666359 37.486485 42.003582 -0.032514 0.301755 0.031766 23.232988 -5.056863 425.465424 -8.455147 -5.933706 435.347351 54.921124 -4.180021 415.583466
579 345 597 335 620 335 637 346 618 352 597 352 736 351 754 340 776 342 792 353 774 359 754 357 1343 26 -91.262825 3.052446 38.546444 -0.033239 0.318818 0.032330 24.092260 -5.281989 422.951416 -7.422348 -6.162609 433.373199 55.606869 -4.401369 412.529633
589 353 607 344 628 344 646 354 627 359 607 359 745 359 763 351 783 353 799 363 781 367 762 365 291 752 118.085037 145.996368 58.535072 -0.004937 -0.204093 0.054664 29.320215 -2.107756 429.888580 -3.146189 -3.926049 423.166534 61.786621 -0.289463 436.610626
590 352 608 343 629 343 646 353 627 358 608 357 745 358 763 350 784 352 800 363 782 366 763 364 265 684 123.238983 132.506042 57.438404 -0.002813 -0.205798 0.057722 29.508944 -2.482838 429.407654 -2.940278 -4.394488 422.628784 61.958168 -0.571188 436.186523
594 355 611 346 632 346 650 356 631 360 611 360 749 361 767 353 787 355 803 365 786 369 767 367 52 773 165.612427 149.960892 60.412140 0.000377 -0.213243 0.058069 30.945246 -1.403350 427.997223 -1.451924 -3.314535 420.973694 63.342419 0.507834 435.020782
591 352 610 341 632 342 650 354 630 359 609 358 749 358 767 348 789 349 806 361 787 367 767 365 383 13 99.619469 -0.305984 44.284306 -0.054333 0.346640 0.040499 28.839165 -2.320939 419.433594 -2.364417 -3.328450 430.742065 60.042747 -1.313428 408.125153
592 355 611 345 633 346 651 357 631 362 611 362 751 362 769 352 791 353 807 365 789 370 769 368 88 173 158.314255 31.145267 49.082813 -0.069298 0.342032 0.044788 29.381151 -0.904320 419.213959 -1.868407 -1.971541 430.389191 60.630711 0.162900 408.038727
590 354 609 343 631 344 649 355 629 361 608 361 749 360 767 349 789 351 806 362 787 368 767 366 668 119 42.975113 20.922554 44.471355 -0.052127 0.317824 0.035071 28.774612 -1.633219 419.997833 -2.747530 -2.504815 430.397583 60.296757 -0.761624 409.598114
590 359 608 350 630 350 648 360 629 365 608 365 748 363 766 354 787 356 804 366 786 371 766 370 835 542 9.867698 104.844566 51.260471 -0.077595 0.174628 0.033085 29.505278 0.262083 430.878326 -3.176714 -0.605367 436.683044 62.187267 1.129533 425.073608
547 318 562 310 579 311 593 320 578 324 561 324 678 326 693 319 711 321 725 331 709 335 693 333 382 443 99.918617 84.865448 52.249214 -0.126264 0.070583 0.080042 5.246167 -19.646036 522.747253 -27.769999 -22.144102 525.247681 38.262333 -17.147968 520.246826
561 322 576 315 594 316 608 325 592 329 576 328 693 332 708 326 726 328 739 338 724 341 708 339 68 442 162.353790 84.411118 54.186169 -0.098178 0.087051 0.094698 12.428672 -16.431919 516.905762 -20.502043 -19.421068 519.937744 45.359386 -13.442772 513.873840
562 331 577 323 595 324 609 333 593 337 577 337 696 339 711 332 729 334 743 344 727 348 711 346 477 441 81.028458 84.546829 51.620579 -0.069415 0.180380 0.078664 12.964445 -12.507871 505.534271 -19.599768 -14.893867 511.570709 45.528656 -10.121875 499.497833
562 333 577 325 595 326 610 335 594 340 577 340 697 340 712 332 731 334 745 344 729 348 712 347 652 297 46.198059 56.166847 47.865520 -0.054912 0.234095 0.061090 13.052857 -11.624443 497.331787 -19.185146 -13.419862 505.080811 45.290863 -9.829025 489.582794
563 340 579 333 597 333 611 342 595 346 578 346 698 347 713 340 731 342 745 351 730 355 713 353 786 831 19.678221 162.048248 56.914597 -0.084317 0.152890 0.062150 13.980839 -8.464551 505.256378 -18.773054 -10.303010 510.390808 46.734734 -6.626093 500.121979
565 337 580 329 599 330 613 339 597 343 580 343 701 344 717 337 735 339 749 349 733 353 716 351 844 434 8.052954 83.459816 49.205498 -0.059123 0.230638 0.063324 14.797683 -9.524096 493.533630 -17.462202 -11.380293 501.176544 47.057568 -7.667898 485.890717
561 340 577 331 595 332 610 341 594 345 577 345 698 346 714 338 732 340 746 350 730 354 713 352 1185 432 -59.751572 83.341949 47.044876 -0.053917 0.229326 0.054835 13.199817 -8.719088 491.437225 -19.086441 -10.317888 499.026764 45.486073 -7.120287 483.847687
563 342 579 334 597 335 611 344 595 348 578 348 699 349 715 341 733 343 748 353 732 357 715 355 593 713 58.026600 138.517899 55.932507 -0.077440 0.196293 0.061770 14.080559 -7.392130 495.601654 -18.424030 -9.175361 502.146240 46.585148 -5.608901 489.057068
561 343 576 336 594 336 609 345 593 349 576 349 698 350 713 343 731 344 746 354 730 358 713 356 119 793 152.294891 153.977066 60.365067 -0.083417 0.221915 0.062150 12.923020 -6.854131 492.793121 -19.404461 -8.591406 500.173889 45.250500 -5.116856 485.412384
539 343 554 336 571 335 586 343 570 348 554 349 677 346 692 339 710 340 724 349 709 353 692 352 1366 655 -95.689384 127.660393 50.045094 -0.052608 0.245241 0.032787 2.482220 -7.933444 486.934814 -29.711634 -8.797512 495.019897 34.676075 -7.069376 478.849701
540 342 555 333 573 333 588 342 572 347 555 347 677 346 693 339 711 340 726 350 710 354 693 352 431 798 90.258324 155.222061 58.514603 -0.088048 0.202720 0.051578 3.108772 -8.226098 489.774780 -29.372704 -9.629007 496.523499 35.590248 -6.823189 483.026062
540 335 556 326 575 326 590 337 573 341 555 341 679 340 696 332 715 333 730 344 714 349 696 347 503 53 75.768135 7.714948 44.277340 -0.051801 0.299963 0.049931 3.765066 -10.637618 471.004028 -27.916645 -12.013448 480.849609 35.446777 -9.261788 461.158417
542 335 557 326 577 327 592 337 575 342 557 342 682 340 698 332 717 333 732 343 716 348 698 347 511 105 74.189552 18.021376 45.189964 -0.050075 0.313160 0.046860 4.630482 -10.660039 469.455597 -26.923895 -11.931360 479.715454 36.184856 -9.388717 459.195740
547 337 562 327 581 328 596 338 580 344 562 343 687 342 703 333 723 334 738 345 722 350 704 349 210 158 134.052414 28.273706 48.045418 -0.064662 0.316634 0.052336 6.858912 -9.863094 467.302216 -24.651140 -11.233138 477.684845 38.368965 -8.493052 456.919556
546 343 561 335 580 335 595 344 579 349 561 349 685 348 701 340 720 342 735 352 719 356 701 354 900 682 -3.024170 132.628113 53.446877 -0.066328 0.222992 0.045535 6.559267 -7.184086 481.399017 -25.789583 -8.437523 488.784180 38.908115 -5.930650 474.013885
538 343 554 334 573 335 589 343 572 348 554 348 683 346 699 339 717 340 731 350 716 354 699 352 1241 521 -70.865784 101.016327 48.343395 -0.043645 -0.161866 0.039506 5.027245 -7.685425 472.338623 -27.717800 -9.107729 467.018982 37.772289 -6.263122 477.658264
542 343 558 334 577 334 592 343 576 348 558 348 683 347 699 338 718 340 733 350 717 354 699 353 1198 409 -62.341843 78.796837 46.538219 -0.043749 0.258423 0.035530 5.185153 -7.640634 473.359436 -26.896526 -8.620073 481.866272 37.266830 -6.661195 464.852600
551 344 566 335 585 335 600 345 584 349 566 349 691 348 707 341 726 342 741 352 725 356 707 355 7 727 174.549454 140.812714 59.840988 -0.074872 0.248640 0.049334 8.936202 -6.973673 476.940094 -23.208010 -8.285510 485.161316 41.080414 -5.661836 468.718903
551 347 567 338 585 338 600 348 584 352 567 352 692 351 708 344 726 345 741 355 725 359 707 357 89 861 158.275925 167.421692 61.810474 -0.083738 0.220364 0.048306 9.194190 -5.568503 479.595245 -23.169737 -6.852182 486.908813 41.558117 -4.284824 472.281708
547 347 563 338 582 338 598 348 581 353 563 353 689 351 706 343 725 344 740 355 724 359 706 357 580 617 60.589108 119.492088 54.236645 -0.065809 0.224986 0.039336 7.964503 -5.515871 472.737579 -24.378300 -6.565077 480.180817 40.307304 -4.466665 465.294342
538 303 554 295 572 295 587 304 570 308 553 308 673 309 688 303 705 305 719 314 704 318 687 316 1092 498 -41.244160 96.339005 48.845604 -0.108234 -0.058943 0.061664 2.185037 -27.223223 513.730103 -30.899157 -29.370024 511.889709 35.269230 -25.076422 515.570496
546 304 562 296 581 297 595 306 579 310 562 309 681 312 696 305 714 307 728 318 712 321 696 319 361 436 104.092598 83.461784 52.250435 -0.083106 -0.063134 0.074396 6.345227 -25.877178 510.768158 -26.701736 -28.427706 508.780029 39.392189 -23.326653 512.756287
542 308 558 301 576 301 591 310 575 314 557 314 677 315 692 309 710 311 724 320 709 324 692 322 715 567 33.734196 109.698509 52.470493 -0.082622 -0.062642 0.063434 4.368242 -24.259695 511.495209 -28.704779 -26.446651 509.507233 37.441261 -22.072737 513.483215
540 305 556 296 575 297 590 307 573 311 556 311 676 312 692 305 710 307 724 317 708 321 691 319 795 70 17.711145 11.320523 42.773533 -0.013197 -0.198875 0.063248 4.088207 -24.979689 497.434998 -28.396175 -27.107975 490.893219 36.572590 -22.851400 503.976776
529 311 545 303 563 303 577 312 561 316 544 316 663 316 679 310 696 312 710 321 695 324 678 322 823 769 12.306719 149.797806 55.536644 -0.098473 -0.043598 0.054542 -2.386747 -23.591442 514.206543 -35.510712 -25.469309 512.851440 30.737217 -21.713575 515.561646
541 306 557 298 576 298 590 308 574 313 556 312 677 314 692 306 710 308 724 318 709 323 692 321 123 42 151.324341 5.226005 46.440228 0.025591 -0.253141 0.067080 4.372557 -23.866962 490.273926 -27.700211 -25.961809 481.936737 36.445324 -21.772116 498.611145
539 311 555 304 574 304 589 313 572 317 555 317 675 319 690 313 708 315 722 325 707 328 690 326 64 553 163.175049 106.394180 56.265526 -0.023895 -0.142003 0.071915 3.289787 -21.823061 502.589539 -29.495287 -24.256884 497.923157 36.074860 -19.389236 507.255890
539 314 555 306 573 307 588 315 572 319 555 319 674 321 689 314 707 316 721 326 705 329 689 327 610 614 54.623241 118.922348 53.994293 -0.056588 -0.110272 0.063322 2.941455 -21.272810 508.626160 -29.995338 -23.472054 505.035828 35.878250 -19.073566 512.216492
543 303 559 295 577 295 592 306 575 310 558 309 678 312 693 305 711 307 725 317 710 321 693 319 44 128 167.052673 22.195984 48.523941 0.019757 -0.220623 0.079681 4.907926 -25.170109 496.291565 -27.387575 -27.719484 489.007294 37.203426 -22.620731 503.575867
534 319 550 312 567 312 582 320 566 325 549 325 670 325 685 318 702 319 716 328 701 332 685 331 1216 625 -65.870552 121.595726 50.423973 -0.049952 0.053925 0.050191 0.170345 -19.074947 506.121582 -32.944427 -20.694639 507.951385 33.285114 -17.455256 504.291779
531 321 547 313 566 313 581 322 564 327 547 326 668 327 683 320 701 322 715 331 700 335 683 333 1200 413 -62.738586 79.590767 46.599800 -0.015935 -0.205859 0.054852 -0.063005 -17.697941 496.587463 -32.517147 -19.559725 489.818298 32.391140 -15.836158 503.356659
533 320 549 311 568 311 583 321 566 326 548 326 670 325 685 316 704 318 718 328 703 333 685 331 1293 82 -81.307823 14.103841 39.894302 0.006287 -0.265732 0.043092 1.012138 -18.252563 486.528748 -30.996746 -19.638626 477.806946 33.021023 -16.866501 495.250549
532 319 548 310 567 310 582 321 565 325 547 325 669 325 684 317 703 318 718 328 702 333 685 331 968 130 -16.673985 23.346209 42.806675 -0.007547 0.235765 0.049927 -0.449230 -18.331665 487.606171 -32.694469 -19.944065 495.365295 31.796011 -16.719267 479.847015
530 319 546 310 565 311 580 321 563 326 545 326 667 325 682 316 701 317 716 328 700 333 682 331 1233 76 -69.378883 12.866425 40.156906 -0.002162 0.255015 0.042709 -1.471359 -18.269049 485.556122 -33.572365 -19.662348 493.931305 30.629646 -16.875751 477.180939
528 324 544 315 563 316 578 325 561 330 544 330 665 329 681 321 699 322 713 332 698 337 681 335 1133 370 -49.426414 71.018867 46.221180 -0.020719 0.193741 0.044671 -2.132149 -16.488085 493.292755 -34.682835 -17.895100 499.698456 30.418537 -15.081071 486.887085
529 321 545 312 564 312 579 322 562 327 544 327 666 326 681 317 700 319 715 329 699 334 681 332 1044 114 -31.789473 20.239033 42.037243 -0.009137 0.244276 0.042646 -1.922745 -17.702507 486.880737 -34.111908 -19.067215 494.915344 30.266418 -16.337799 478.846130
531 326 546 318 565 318 579 327 563 331 546 331 667 331 683 323 701 324 715 333 699 338 683 337 1185 448 -59.747841 86.511154 47.341011 -0.020870 0.185675 0.040939 -1.232509 -15.797114 495.416473 -33.838951 -17.084070 501.558411 31.373934 -14.510158 489.274536
529 317 543 309 561 309 576 316 560 322 544 322 663 317 678 310 695 311 710 320 695 324 678 323 353 453 105.687279 86.822533 52.614902 -0.044003 0.160594 0.019395 -3.098046 -21.732937 506.691986 -35.869446 -22.256889 512.013672 29.673353 -21.208986 501.370270
521 318 537 309 555 309 570 318 554 323 537 324 657 320 672 311 691 312 707 321 691 326 673 325 1337 100 -90.052528 17.705099 39.953442 -0.017425 0.264722 0.020521 -5.759942 -20.163828 487.281586 -37.801193 -20.761068 495.974182 26.281309 -19.566586 478.588989
539 317 555 308 574 308 590 318 573 323 555 323 676 321 691 313 710 314 725 324 709 329 692 328 272 28 121.694084 2.574554 45.253197 -0.013336 0.274413 0.039171 2.888098 -19.578253 486.313568 -29.049208 -20.801916 495.317474 34.825405 -18.354589 477.309631
545 358 562 350 581 351 597 361 580 366 561 365 695 368 711 361 731 362 745 373 729 377 711 375 772 663 22.422775 128.760223 53.892342 -0.119605 0.038802 0.078409 8.878016 1.230470 457.491394 -24.199963 -1.286654 458.930511 41.955994 3.747593 456.052307
543 364 560 356 579 356 595 366 578 370 559 370 692 373 709 366 729 368 744 379 727 383 709 380 1133 738 -49.340565 143.910461 53.032330 -0.081044 -0.149131 0.077797 8.402842 3.505275 452.597382 -24.333611 0.736944 447.778595 41.139294 6.273605 457.416168
549 367 565 360 585 360 601 369 583 373 565 373 699 377 716 370 735 372 750 382 733 386 715 383 288 867 118.708382 168.772537 60.682240 -0.119866 0.109797 0.076688 10.442035 5.077937 453.013306 -22.465792 2.763134 456.791718 43.349861 7.392740 449.234894
541 363 559 354 579 355 596 366 578 371 558 370 694 372 711 364 732 366 748 377 730 381 711 379 825 345 11.810130 65.815636 47.676559 -0.068988 0.233943 0.059493 7.715680 3.104828 437.385193 -24.526806 1.416605 445.139648 39.958164 4.793052 429.630737
543 368 560 359 580 360 597 370 579 374 560 373 695 376 713 369 732 372 748 382 731 385 712 383 688 491 39.085117 94.622780 51.231987 -0.093664 0.128750 0.065458 8.627800 5.148167 444.778900 -24.231520 3.185095 449.134491 41.487122 7.111238 440.423340
541 375 558 368 577 368 594 377 576 380 558 380 692 383 709 377 728 379 743 388 726 391 709 389 1140 899 -50.694881 175.806259 55.968616 -0.075717 -0.178525 0.068617 7.980115 7.876393 447.513611 -24.619526 5.390373 441.713379 40.579758 10.362412 453.313843
538 371 556 363 576 364 592 373 574 377 555 377 691 380 708 372 728 374 744 385 726 388 708 386 612 601 54.222530 116.349007 53.741226 -0.086189 0.210533 0.058149 6.478432 6.386433 440.965271 -25.937992 4.773182 447.974731 38.894855 7.999685 433.955841
539 371 557 363 577 364 594 373 576 377 557 377 693 380 710 372 730 375 746 385 729 388 710 386 441 553 88.212784 106.701851 53.917728 -0.082617 0.231195 0.061846 7.068818 6.294509 437.857910 -25.190145 4.578212 445.537292 39.327782 8.010806 430.178497
539 370 557 361 577 362 594 374 576 378 556 378 693 379 711 370 732 371 748 382 730 388 711 386 374 431 101.506531 82.482025 52.076935 -0.132488 0.121564 0.064115 7.489042 5.863323 442.561707 -25.403126 4.013886 446.714355 40.381210 7.712759 438.409058
533 370 552 360 573 361 590 372 571 377 551 377 689 378 707 368 728 370 744 381 726 386 707 384 1223 123 -67.379532 22.167789 41.089081 -0.065855 -0.174393 0.059423 6.421626 5.442625 433.466278 -26.221430 3.291982 427.777222 39.064682 7.593267 439.155334
535 377 553 369 573 370 590 379 572 383 552 383 690 384 708 377 727 379 744 389 726 392 707 390 841 881 8.753747 171.996887 57.497505 -0.132210 -0.034829 0.057069 6.336877 8.414117 445.160980 -26.793859 6.449765 444.133728 39.467613 10.378469 446.188202
531 375 549 366 569 366 586 377 568 382 548 381 689 380 706 370 727 371 743 381 726 387 707 386 1386 363 -99.734283 69.838814 44.516041 -0.083228 0.048235 0.034439 5.009829 6.549768 435.477631 -28.136717 5.474819 437.124023 38.156376 7.624718 433.831238
543 380 561 371 582 372 599 382 581 387 561 386 698 386 716 377 737 378 753 388 735 393 716 392 195 557 137.128082 107.293388 55.523750 -0.090673 -0.084821 0.043873 9.867899 9.306358 437.990387 -23.185728 7.726265 435.248016 42.921528 10.886453 440.732758
520 381 538 371 560 371 577 382 558 387 538 387 676 384 695 375 716 376 733 387 715 392 695 390 1371 273 -96.772697 51.999821 42.943684 -0.066044 0.209801 0.019877 0.288332 8.718254 428.782257 -32.182133 8.292705 435.713898 32.758797 9.143804 421.850647
524 386 541 377 562 377 579 386 561 391 541 391 678 389 695 381 716 382 733 393 715 397 695 395 692 821 38.366745 159.990799 57.314903 -0.110400 0.105789 0.030243 1.126788 11.093652 441.975494 -31.877443 10.287005 445.529327 34.131020 11.900298 438.421661
553 355 570 345 590 344 607 353 589 359 570 360 701 354 717 346 736 347 751 357 735 362 717 360 188 184 138.432938 33.405701 48.663651 -0.124419 -0.191510 0.002713 12.872641 -3.434382 459.816040 -19.725784 -3.917568 453.517731 45.471066 -2.951196 466.114349
521 371 537 361 556 360 573 368 556 374 538 375 669 368 686 359 706 360 722 369 705 374 687 373 1208 598 -64.286140 116.241173 49.974064 -0.115325 0.062252 -0.009286 -1.671414 2.930608 457.643280 -34.810551 3.357071 459.686646 31.467724 2.504145 455.599915
522 374 539 365 558 364 575 372 558 378 539 379 672 371 689 363 709 363 725 372 708 377 690 377 1398 465 -102.096558 90.052254 46.329185 -0.106714 0.083363 -0.011227 -0.605714 4.450755 453.166718 -33.693237 4.969873 455.906403 32.481812 3.931637 450.427032
533 379 550 370 570 369 587 378 570 384 551 384 685 379 702 370 722 371 739 381 721 386 702 384 19 742 172.166885 143.793625 60.043888 -0.116151 0.129483 0.009022 4.420658 7.327172 449.178680 -28.505157 7.278189 453.473785 37.346474 7.376155 444.883575
526 381 543 372 564 371 581 380 563 386 544 387 679 380 696 371 717 371 734 381 716 387 697 386 1006 445 -24.156380 85.770844 48.400223 -0.076573 0.194060 -0.007264 1.630322 7.879395 439.321747 -30.950647 8.364670 445.709595 34.211292 7.394122 432.933899
