582 339 602 330 625 330 645 340 624 344 602 344 756 345 776 337 799 338 818 349 797 353 776 351 696 560 11.993369 102.345596 63.660641 -0.353146 0.036022 0.051065 24.830271 -10.353049 411.817841 -8.310399 -11.803594 413.284668 57.970940 -8.902504 410.351013
562 285 583 272 608 271 629 282 607 289 584 290 745 283 766 273 791 274 811 287 790 292 767 290 796 413 -7.818402 73.270401 60.041889 -0.304958 0.015411 0.011363 19.001760 -32.191833 395.867645 -14.197013 -32.485878 396.428528 52.200535 -31.897785 395.306763
538 306 557 295 579 293 599 300 579 307 558 309 713 297 733 289 756 290 776 300 756 304 734 303 1231 738 -94.536949 137.227020 67.692322 -0.318153 0.036713 -0.020190 7.811370 -26.939112 410.098694 -25.364548 -26.087896 411.191193 40.987286 -27.790327 409.006195
539 292 557 279 581 277 600 286 580 294 559 296 713 282 733 272 757 272 777 284 757 290 735 289 1052 348 -58.709988 60.309032 58.328716 -0.295182 0.041013 -0.025009 8.187596 -32.906597 412.460999 -24.979191 -31.888996 413.680939 41.354385 -33.924202 411.241028
536 298 555 286 577 284 596 291 577 299 556 302 710 288 729 279 752 280 772 290 752 295 731 294 1030 725 -54.543427 134.759781 67.484306 -0.346471 0.042835 -0.026912 6.727381 -30.825790 415.715820 -26.435377 -29.706442 416.956024 39.890141 -31.945141 414.475586
543 295 561 284 583 282 603 290 583 297 562 299 717 286 736 278 758 279 778 289 758 294 737 293 523 626 46.372650 115.463272 65.353767 -0.393094 0.059354 -0.012818 9.230485 -31.462475 415.949677 -23.913914 -30.665720 417.786438 42.374886 -32.259232 414.112946
535 296 553 285 575 282 594 290 575 297 554 300 708 285 727 276 750 277 769 287 750 292 728 291 1369 598 -121.912216 109.515160 64.223068 -0.330689 0.034696 -0.034351 5.969759 -31.770662 416.571350 -27.195845 -30.462440 417.515228 39.135361 -33.078884 415.627472
544 295 563 283 585 281 604 289 585 296 564 299 719 286 738 277 761 278 781 289 761 294 739 292 223 564 106.088211 103.369904 64.010139 -0.343744 0.060982 -0.011818 9.917968 -31.581421 414.107788 -23.223433 -30.852451 416.025024 43.059368 -32.310394 412.190582
544 292 563 279 586 277 606 286 586 294 564 296 720 283 739 273 763 274 783 286 763 292 740 290 270 357 96.853516 62.473801 58.964424 -0.310015 0.062341 -0.010444 10.334243 -32.600063 412.661621 -22.804787 -31.940832 414.643982 43.473274 -33.259300 410.679291
545 296 563 285 585 283 604 290 585 298 564 300 717 287 736 279 758 281 778 290 758 295 737 294 237 791 103.176620 148.184830 69.508377 -0.395632 0.063719 -0.008167 9.595963 -31.310034 419.491791 -23.541246 -30.633078 421.498444 42.733173 -31.986990 417.485138
541 285 560 272 583 271 601 282 582 291 560 292 718 280 737 268 760 268 780 280 761 288 739 287 502 165 50.807167 24.447777 54.183773 -0.279490 0.061991 -0.005876 9.135430 -34.614883 411.924988 -24.005447 -34.136738 413.928284 42.276310 -35.093025 409.921692
546 292 564 281 586 279 605 287 586 295 565 297 719 284 738 276 760 277 780 288 760 293 739 291 78 626 134.899490 115.683884 65.591301 -0.385993 0.066139 -0.002958 10.137621 -32.362587 416.993286 -22.995348 -31.848394 419.114960 43.270588 -32.876778 414.871582
536 291 555 279 577 276 597 285 577 293 556 295 709 281 728 271 751 272 771 283 751 289 729 288 1349 339 -117.789177 58.384712 57.951897 -0.325294 0.037840 -0.026620 6.595671 -33.640427 417.697998 -26.573925 -32.569824 418.789490 39.765266 -34.711033 416.606506
537 292 555 280 578 277 597 286 578 294 556 296 709 282 729 272 752 273 771 284 752 290 730 288 1140 399 -76.244835 70.335518 59.518711 -0.366033 0.047194 -0.023292 6.798366 -33.350334 418.614349 -26.360983 -32.310875 420.005981 39.957714 -34.389793 417.222687
539 295 557 285 578 282 597 289 578 296 558 299 709 285 728 277 750 278 769 288 750 292 729 291 1126 763 -73.662521 142.215408 68.354721 -0.393216 0.046086 -0.023111 6.919042 -32.376301 423.942322 -26.242218 -31.331930 425.283875 40.080299 -33.420673 422.600739
514 284 532 272 554 269 574 276 555 284 534 287 690 270 710 261 733 262 754 272 733 276 711 276 1067 800 -61.945869 149.550430 69.283623 -0.347189 0.049072 -0.041514 -1.432129 -36.388470 405.272827 -34.569061 -34.758537 406.631775 31.704802 -38.018398 403.913849
495 299 512 287 533 284 551 291 533 300 513 302 663 284 681 275 704 275 724 285 704 291 683 290 1286 400 -105.290154 70.460587 59.465031 -0.237322 0.053094 -0.054607 -11.661031 -32.339138 426.023804 -44.770031 -30.336517 427.554535 21.447971 -34.341763 424.493073
517 303 534 291 556 288 575 295 556 303 536 306 686 289 705 280 727 281 747 291 727 296 706 295 73 589 135.914795 108.380600 64.696564 -0.396348 0.073254 -0.033489 -2.370978 -30.112934 422.422516 -35.469540 -28.555500 424.571747 30.727585 -31.670368 420.273285
504 302 522 289 544 286 563 294 544 302 523 305 673 285 691 275 715 275 735 285 715 291 693 291 1059 365 -60.112019 63.662266 58.737301 -0.364991 0.060818 -0.061967 -7.279801 -31.355719 422.966003 -40.360912 -28.981808 424.567322 25.801311 -33.729630 421.364716
517 304 535 293 556 290 575 296 557 304 536 307 685 290 704 282 726 282 746 292 726 297 705 296 147 769 121.093185 143.885483 69.022820 -0.400154 0.064435 -0.041092 -2.399458 -29.957827 426.345032 -35.508640 -28.208609 428.156647 30.709723 -31.707045 424.533417
585 335 608 326 632 326 653 335 631 341 607 341 771 342 791 335 813 338 831 350 812 353 791 350 41 732 142.201096 136.632263 68.181999 -0.295257 -0.033212 0.053606 28.249325 -11.135212 399.087708 -4.889967 -13.049834 398.262360 61.388618 -9.220591 399.913025
621 305 643 297 667 297 687 306 665 310 643 310 800 320 818 315 838 320 854 332 836 332 818 328 93 138 132.187332 19.319309 53.747227 -0.289769 -0.159359 0.085725 40.634434 -20.507141 403.355865 7.967984 -24.057789 398.575134 73.300888 -16.956491 408.136627
621 317 644 309 668 310 688 321 665 325 642 324 802 338 822 333 844 337 862 350 842 352 821 348 244 543 101.922241 99.212975 63.489590 -0.435957 -0.066767 0.126534 40.639816 -14.307797 397.892761 7.768913 -18.838299 396.652649 73.510719 -9.777296 399.132874
621 314 644 306 668 308 688 319 665 323 642 322 802 336 822 330 843 335 861 348 841 350 820 345 89 561 132.747406 102.843979 64.008904 -0.441044 -0.064203 0.129269 40.953316 -15.405756 402.376160 8.088212 -20.007448 401.249725 73.818420 -10.804064 403.502625
620 312 643 304 667 306 687 317 665 321 641 320 800 334 820 329 842 333 860 347 840 349 819 344 335 459 83.865799 82.581795 61.403660 -0.443316 -0.076153 0.127774 40.645500 -15.984696 402.301575 7.801376 -20.624828 400.787476 73.489624 -11.344564 403.815643
614 306 637 297 661 298 682 310 659 314 635 313 792 324 811 318 832 322 848 336 829 338 810 334 607 59 29.977869 3.465686 51.556778 -0.340858 -0.139351 0.099148 38.200436 -19.414139 407.058807 5.475372 -23.406195 403.097321 70.925499 -15.422082 411.020264
594 321 615 313 638 314 658 323 636 327 614 327 772 335 790 329 811 333 828 344 809 346 790 343 1097 819 -67.924561 153.287155 69.728439 -0.412666 -0.064790 0.087435 30.012962 -15.147593 410.449554 -2.998200 -18.400736 408.952942 63.024124 -11.894452 411.946198
594 311 617 302 643 303 663 315 639 320 616 319 777 329 797 322 820 326 837 340 817 343 796 339 440 271 63.082188 45.408546 56.787815 -0.382592 -0.066346 0.105195 31.347954 -17.487526 401.643951 -1.603501 -21.302818 400.159119 64.299408 -13.672235 403.128784
590 315 612 306 637 307 657 318 634 323 611 322 771 331 790 325 812 329 829 342 810 344 789 340 1285 520 -105.158073 94.155464 62.376072 -0.416858 -0.085089 0.093403 29.258276 -16.590878 405.123810 -3.685654 -20.174810 403.023224 62.202206 -13.006946 407.224396
575 320 596 311 620 312 640 321 618 326 596 326 752 332 772 327 793 331 811 343 791 345 771 341 1407 764 -129.564301 142.273544 68.228981 -0.434064 -0.061046 0.084883 22.780399 -15.774435 410.229492 -10.245917 -18.932903 408.870758 55.806717 -12.615967 411.588196
592 315 613 307 636 307 656 317 634 322 612 321 769 330 787 325 808 329 825 341 806 343 787 339 157 592 119.202431 108.931313 64.724487 -0.368198 -0.051102 0.105453 29.193453 -17.151274 413.122864 -3.786204 -20.874859 412.104584 62.173107 -13.427689 414.141113
581 312 603 302 628 302 648 314 625 319 602 319 763 324 783 316 805 319 823 332 803 336 782 333 825 194 -13.465551 30.013784 54.714733 -0.313708 -0.035406 0.080300 26.209833 -19.153568 405.899353 -6.868241 -21.955784 405.158936 59.287907 -16.351351 406.639801
586 319 607 311 631 312 650 321 629 326 606 326 763 334 783 328 804 332 821 344 802 347 782 343 803 780 -9.415433 145.732239 68.939453 -0.430122 -0.050574 0.099914 27.132368 -15.702566 413.033264 -5.867645 -19.267298 412.110535 60.132381 -12.137836 413.956024
572 312 595 302 620 303 640 314 617 319 594 319 753 327 774 319 796 324 814 338 794 340 773 336 1335 344 -115.006851 59.378918 58.080639 -0.419286 -0.078548 0.088184 22.798620 -18.062494 404.224548 -10.178290 -21.437101 402.302307 55.775532 -14.687887 406.146790
571 309 594 298 619 299 639 311 617 316 593 316 752 323 772 315 796 319 813 334 793 337 772 333 1345 149 -116.887573 20.870594 53.345726 -0.393824 -0.082017 0.085790 22.502102 -19.377804 404.544006 -10.472116 -22.675529 402.449860 55.476322 -16.080080 406.638184
537 315 558 302 583 300 604 312 582 319 559 321 718 314 739 303 764 305 784 319 763 324 740 322 669 83 17.630421 8.173823 52.105785 -0.385543 -0.011440 0.015269 9.445917 -20.977676 402.416931 -23.752928 -21.544491 402.142975 42.644760 -20.410860 402.690918
538 323 558 313 581 312 600 319 580 326 558 328 715 321 735 314 757 316 776 326 756 330 735 328 1262 621 -100.638802 114.109634 64.838028 -0.422570 -0.007432 0.010461 8.305979 -18.596601 413.369232 -24.896141 -18.985054 413.202026 41.508099 -18.208151 413.536407
537 316 558 303 582 302 603 312 581 319 558 321 717 315 737 306 761 308 781 322 760 326 738 323 859 150 -20.204885 21.308989 53.629398 -0.424715 -0.009582 0.023553 8.909844 -20.652191 405.851318 -24.284395 -21.477436 405.706238 42.104084 -19.826948 405.996399
540 320 560 309 584 307 604 316 583 323 560 325 719 319 739 312 762 314 781 327 761 330 739 328 748 497 1.683760 89.880264 62.104866 -0.475588 -0.003751 0.029146 9.630722 -19.010765 408.835846 -23.560022 -19.971397 408.941772 42.821468 -18.050133 408.729919
542 312 562 300 587 299 607 309 585 316 563 317 721 313 742 305 765 308 785 321 764 325 742 322 294 133 92.203835 18.232395 53.518665 -0.397329 0.002870 0.039204 10.572670 -21.528175 406.941284 -22.606829 -22.776934 407.289276 43.752167 -20.279417 406.593292
582 366 604 357 628 357 648 367 626 372 603 372 763 376 783 370 805 373 822 385 803 388 782 385 287 866 93.188004 162.969025 71.300751 -0.433208 -0.023496 0.077349 26.193989 1.591749 406.490936 -6.904075 -1.060546 406.283142 59.292049 4.244045 406.698730
560 328 583 317 610 317 633 326 608 332 583 333 758 333 780 326 804 329 823 342 802 345 779 342 501 726 50.693542 135.219498 67.790932 -0.380129 -0.046187 0.044497 20.361149 -13.280715 371.508636 -12.776216 -15.009804 370.290039 53.498512 -11.551627 372.727203
530 336 552 327 576 326 599 334 576 340 552 341 729 337 751 329 775 331 796 341 774 345 751 343 1068 785 -62.136448 146.588135 68.919273 -0.496756 0.004885 0.019631 9.241798 -11.124545 361.527527 -23.956360 -11.710387 361.841736 42.439957 -10.538704 361.213348
551 323 575 311 603 311 626 324 601 330 575 330 753 331 776 321 802 324 823 338 800 343 775 340 210 385 108.774117 68.032234 59.675568 0.185264 0.037106 0.044797 17.473274 -13.502921 352.275024 -15.675539 -15.094849 353.362030 50.622086 -11.910995 351.188019
544 320 568 307 596 307 618 322 594 329 568 329 747 325 769 312 796 312 817 326 795 335 770 334 805 73 -9.419402 6.131868 51.790649 0.166301 0.018189 0.018373 15.144969 -15.144615 349.014832 -18.048773 -15.801908 349.565338 48.338711 -14.487324 348.464325
544 319 568 306 596 306 618 320 594 328 568 328 747 323 769 310 796 311 817 325 795 333 770 332 955 17 -39.228710 -4.999874 50.352345 0.165016 0.025675 0.015167 15.162672 -15.720170 349.577118 -18.027412 -16.291616 350.384216 48.352757 -15.148724 348.770020
551 321 576 309 604 309 627 322 602 328 575 329 752 329 775 319 801 322 822 337 799 342 775 338 488 382 53.471378 67.302055 59.454414 -0.262090 -0.016373 0.053200 18.191238 -15.094325 367.215729 -14.962443 -16.910572 366.908661 51.344917 -13.278079 367.522827
553 315 577 302 606 302 629 316 603 323 577 323 752 324 775 312 803 315 824 331 801 336 775 333 504 38 50.480053 -0.629767 51.102421 0.178029 0.050267 0.042403 17.977825 -16.024097 354.184753 -15.155403 -17.571768 355.718903 51.111050 -14.476427 352.650604
554 324 578 314 604 313 626 323 603 329 578 330 752 330 774 323 798 326 819 339 797 342 773 339 534 664 44.163174 122.961037 66.269554 -0.400258 -0.013816 0.052983 18.329025 -14.445518 373.692322 -14.826686 -16.247913 373.593292 51.484737 -12.643125 373.791382
554 327 577 317 602 316 623 325 601 332 577 333 751 328 772 320 796 322 816 333 795 338 772 336 636 711 23.845444 132.190765 67.355057 -0.347924 0.021882 0.031796 17.807367 -14.903416 375.790710 -15.372962 -15.812664 376.684357 50.987698 -13.994166 374.897064
556 320 579 309 606 308 628 320 604 326 579 327 753 326 775 317 800 320 820 334 798 338 774 335 425 468 65.956482 84.314255 61.573906 -0.350560 -0.008546 0.050952 18.846241 -15.998917 374.209076 -14.314720 -17.704790 374.224640 52.007202 -14.293043 374.193481
556 326 579 317 604 316 626 324 603 330 579 331 750 331 772 324 795 327 815 338 794 342 771 339 897 833 -28.145014 156.150650 70.174751 -0.414935 -0.015801 0.046217 18.287249 -14.352201 378.919434 -14.878529 -15.949863 378.723663 51.453026 -12.754539 379.115173
551 316 574 304 601 303 623 315 599 322 574 323 746 321 768 311 793 313 814 328 792 332 768 330 1332 244 -114.354324 39.635090 55.656818 -0.299405 -0.049552 0.033063 17.075294 -17.826553 374.712738 -16.071060 -19.151852 373.255890 50.221649 -16.501257 376.169586
563 315 587 303 613 303 635 315 611 322 586 322 758 323 779 314 804 317 824 331 802 335 779 332 87 440 133.212692 78.953140 61.075207 -0.343726 -0.006344 0.061709 21.210831 -17.656979 378.913513 -11.930738 -19.700455 379.055725 54.352402 -15.613503 378.771332
557 314 581 301 609 301 631 314 606 321 581 321 753 321 775 311 801 314 821 329 799 334 775 330 752 231 1.036215 37.355743 55.651108 -0.328817 -0.032204 0.048974 19.571957 -18.066172 375.931610 -13.576345 -19.836468 375.146912 52.720257 -16.295874 376.716278
558 315 582 303 609 302 632 315 607 321 582 322 753 322 775 313 801 316 821 331 799 335 775 332 783 338 -5.190438 58.467861 58.229763 -0.370221 -0.038323 0.052484 19.761597 -17.625412 377.438446 -13.373923 -19.560175 376.514526 52.897118 -15.690648 378.362366
553 313 577 300 604 300 626 312 602 320 576 320 746 318 767 307 793 310 813 325 791 330 767 327 1414 157 -130.618668 22.416010 53.502930 -0.289069 -0.058393 0.030013 17.661049 -19.100159 380.100952 -15.472722 -20.360409 378.333282 50.794819 -17.839911 381.868622
562 321 584 311 609 310 631 319 608 325 584 326 753 325 774 319 797 322 817 334 796 337 774 334 881 761 -24.921911 141.941956 68.436989 -0.435600 -0.025590 0.047298 20.006985 -16.468491 385.949554 -13.150579 -18.171200 385.463470 53.164551 -14.765780 386.435638
560 320 582 310 607 309 628 318 606 324 582 325 750 324 771 318 794 320 814 332 793 335 771 332 1236 631 -95.472015 116.097054 65.094444 -0.409931 -0.033100 0.041077 19.033453 -16.905254 385.639618 -14.125810 -18.452801 384.847168 52.192715 -15.357709 386.432068
560 321 582 311 607 310 628 319 605 325 582 326 750 325 771 318 794 321 813 333 792 336 770 333 780 682 -4.785287 126.393234 66.574821 -0.439823 -0.020153 0.045064 18.982492 -16.602491 387.382233 -14.182520 -18.195223 387.058411 52.147503 -15.009761 387.706024
550 334 573 319 602 320 624 335 600 344 573 344 754 335 776 319 804 319 827 333 804 344 778 344 482 23 54.865017 -3.580657 50.750351 0.151287 0.006199 -0.005502 17.223289 -11.225807 344.241638 -15.980385 -11.059340 344.460510 50.426964 -11.392274 344.022797
555 335 578 321 606 321 628 335 604 343 578 344 757 335 778 321 806 321 828 335 806 344 780 343 250 371 100.824448 65.248062 59.314659 0.174159 0.014194 -0.001622 18.404512 -11.266978 348.609528 -14.796920 -11.254334 349.083130 51.605946 -11.279623 348.135956
545 334 568 319 596 317 620 331 595 339 569 341 742 330 764 316 792 317 815 332 792 339 766 338 910 98 -30.321686 11.016141 52.340958 0.134503 0.029656 -0.019052 14.968252 -12.663674 355.941650 -18.215965 -12.099207 356.965668 48.152470 -13.228142 354.917603
558 336 580 324 607 323 628 335 605 343 580 344 757 335 778 323 804 324 825 337 803 344 779 343 360 409 78.920235 72.696747 60.177605 0.195947 0.034547 -0.008022 18.886871 -11.288259 356.624420 -14.297127 -11.135677 357.790009 52.070869 -11.440839 355.458862
555 341 577 329 602 328 624 338 601 346 577 347 752 338 773 327 798 328 819 339 798 346 774 345 874 637 -23.460268 117.461243 65.433205 -0.323450 0.007812 -0.006736 18.273064 -11.121106 374.601959 -14.929999 -10.859747 374.820984 51.476124 -11.382465 374.382904
554 335 576 322 602 321 624 332 601 341 576 342 750 332 771 320 797 320 818 333 797 340 772 340 906 297 -29.636812 50.311302 57.169685 0.194868 0.050371 -0.021851 17.155685 -12.320952 360.293121 -15.999249 -11.762761 362.024750 50.310619 -12.879145 358.561523
556 331 579 316 606 315 627 328 604 337 579 338 752 328 773 315 799 315 821 329 799 337 775 336 636 138 24.164690 19.050108 53.457382 0.180800 0.038677 -0.015550 18.192766 -13.808586 361.621552 -14.983279 -13.410971 362.945007 51.368813 -14.206203 360.298096
564 330 586 317 612 316 634 326 611 334 587 336 757 327 779 316 804 318 825 331 803 336 780 335 154 599 119.795341 110.314972 64.895866 -0.372277 0.027687 0.008891 21.222990 -15.003236 380.535645 -11.967945 -15.122513 381.488098 54.413925 -14.883960 379.583191
550 322 571 309 597 307 619 320 596 329 572 330 745 318 765 305 790 304 811 317 791 326 767 326 1178 134 -83.656784 17.991589 53.071056 0.228576 0.059981 -0.035845 15.449145 -17.175003 362.938232 -17.674992 -16.222624 365.046356 48.573280 -18.127380 360.830139
561 326 582 314 607 313 628 324 606 332 582 333 754 323 774 312 799 312 819 324 799 332 776 331 107 530 129.183807 96.714005 63.247414 -0.343125 0.031921 -0.001281 19.643814 -16.734367 382.801819 -13.544222 -16.512611 383.833679 52.831848 -16.956121 381.769958
558 328 580 316 605 315 625 325 604 333 580 335 751 323 771 313 796 314 816 326 796 332 773 331 417 652 67.445457 120.649605 66.040955 -0.378251 0.019275 -0.008051 18.788048 -16.224520 383.614838 -14.409608 -15.843936 384.189697 51.985703 -16.605104 383.039948
559 326 580 314 605 313 625 322 604 331 580 332 752 321 772 311 796 312 817 323 796 330 774 329 509 398 49.284794 70.450890 59.831272 -0.340480 0.014232 -0.009404 19.010883 -17.145313 384.132904 -14.189146 -16.759399 384.543701 52.210911 -17.531225 383.722076
564 331 584 321 608 319 628 327 607 334 585 336 752 325 772 318 794 319 814 328 794 334 772 332 270 849 96.579399 159.620758 70.897507 -0.375402 0.021907 -0.007970 19.786009 -15.638233 392.140594 -13.409886 -15.244849 392.801880 52.981907 -16.031618 391.479279
559 321 580 308 606 307 627 319 604 328 580 329 753 318 772 306 797 307 818 319 797 327 774 326 522 216 46.800018 34.507973 55.410065 0.246188 0.058145 -0.023331 18.386667 -17.348324 367.081055 -14.753327 -16.818300 369.085907 51.526665 -17.878347 365.076233
557 323 579 309 604 308 625 319 603 328 579 330 750 318 770 306 795 307 815 319 795 327 772 326 676 262 16.138134 43.514469 56.443558 0.253815 0.062285 -0.028357 17.718603 -17.273088 368.556763 -15.408900 -16.603270 370.719971 50.846104 -17.942909 366.393524
559 330 579 319 602 317 623 324 602 332 580 334 745 323 764 315 786 316 806 326 786 331 765 329 1399 884 -128.039658 165.971893 71.143761 -0.308988 -0.013176 -0.021567 17.661406 -16.643276 395.067322 -15.532887 -16.005617 394.527039 50.855698 -17.280933 395.607635
561 332 581 322 604 320 624 326 604 334 581 336 747 325 767 317 789 318 809 328 789 333 768 332 824 862 -13.638790 161.912994 70.917091 -0.398099 0.008554 -0.016041 18.385433 -15.731351 394.015747 -14.813967 -15.156921 394.187683 51.584831 -16.305780 393.843781
561 332 581 322 604 320 624 327 603 335 581 337 746 325 765 317 788 319 807 328 788 333 766 332 886 882 -25.984011 165.831314 71.369087 -0.400632 0.008111 -0.017452 18.155638 -15.705899 396.380066 -15.043109 -15.088595 396.527710 51.354385 -16.323204 396.232452
560 328 581 316 605 314 626 323 604 331 581 333 750 321 770 312 793 314 813 324 793 330 771 329 555 500 40.076878 90.568306 62.280651 -0.378543 0.016798 -0.011594 18.951096 -17.006733 390.196991 -14.246884 -16.526609 390.669495 52.149075 -17.486856 389.724487
562 329 582 318 605 316 626 324 605 332 582 334 749 322 768 314 791 315 810 325 791 331 769 329 762 635 -1.178241 117.121864 65.444481 -0.398784 0.009312 -0.016313 18.880503 -16.809147 394.834076 -14.318530 -16.220919 395.028534 52.079536 -17.397375 394.639587
483 344 505 333 530 332 553 341 530 348 506 349 696 339 721 329 748 330 773 340 748 346 722 345 1188 799 -86.016655 149.292984 69.194778 0.195584 0.031308 -0.015428 -3.199127 -8.761414 323.433746 -36.383781 -8.353835 324.516418 29.985529 -9.168992 322.351105
496 337 517 324 543 321 567 329 544 337 519 340 701 323 725 313 753 314 777 325 753 330 726 329 1249 705 -98.099426 130.702148 66.882324 -0.398295 0.050477 -0.034100 -0.495691 -13.851534 349.483276 -33.639725 -12.420329 350.891907 32.648342 -15.282738 348.074646
520 322 542 307 569 305 593 315 569 324 544 327 723 311 747 299 775 300 798 313 774 319 748 318 744 293 2.593165 49.601803 57.159142 -0.414508 0.046136 -0.023135 7.387048 -18.420729 354.939392 -25.774181 -17.361780 356.270233 40.548275 -19.479679 353.608521
539 325 562 311 590 309 614 319 590 328 563 330 748 317 771 306 799 307 822 320 798 326 772 325 400 395 70.970566 69.912567 59.816692 -0.389658 0.035450 -0.007847 14.665798 -16.517672 349.330200 -18.517405 -16.037291 350.427399 47.849003 -16.998053 348.233002
531 330 553 317 579 315 602 322 579 330 555 333 733 318 755 309 781 310 803 321 781 326 756 324 770 679 -2.794249 125.805832 66.507393 -0.476685 0.030350 -0.027849 10.517151 -16.048941 358.980103 -22.660027 -14.923470 359.733612 43.694328 -17.174414 358.226593
523 304 545 286 574 284 598 298 574 308 547 310 727 292 750 276 780 276 804 292 780 301 753 300 933 133 -34.916733 17.915600 53.177578 0.096390 0.006857 -0.040252 8.582805 -23.333527 340.308655 -24.594353 -22.010380 340.600281 41.759964 -24.656675 340.016998
518 321 539 309 564 308 586 317 564 325 540 327 718 316 739 306 764 306 786 317 764 324 741 323 1320 627 -112.180473 115.265594 64.952591 0.200529 0.026966 -0.023618 5.261237 -17.275118 352.196198 -27.922318 -16.585775 353.163788 38.444790 -17.964460 351.228607
530 332 551 320 577 317 599 325 577 334 553 336 725 321 747 312 772 313 795 324 772 330 748 328 612 848 28.543594 159.253754 70.690697 -0.436931 0.045312 -0.020106 8.954975 -15.512100 370.962585 -24.209692 -14.542342 372.275635 42.119640 -16.481857 369.649536
524 332 546 320 571 317 593 324 571 332 547 335 721 319 744 310 769 311 792 322 769 327 745 326 1056 753 -59.731380 140.275574 68.149544 -0.421894 0.040273 -0.028369 7.353623 -15.877048 367.224640 -25.811502 -14.685246 368.326294 40.518749 -17.068851 366.122986
531 315 554 299 582 297 605 311 581 319 555 321 732 308 755 294 783 295 806 310 783 318 757 316 167 46 117.517273 1.116932 51.476337 0.174309 -0.002287 -0.009843 10.558868 -19.228338 346.972992 -22.644253 -18.896545 346.925842 43.761990 -19.560129 347.020142
529 323 551 310 578 307 601 317 578 326 553 328 730 314 753 303 780 305 802 318 779 324 754 322 391 433 72.739830 77.420250 60.743156 -0.370052 0.051790 -0.008726 9.979856 -17.906763 363.304016 -23.179693 -17.309225 364.930939 43.139404 -18.504303 361.677094
530 328 551 315 577 313 600 321 577 329 553 332 727 318 750 309 775 310 798 322 775 327 750 325 469 779 57.029991 145.700378 69.093483 -0.426272 0.047907 -0.011863 9.404700 -16.663635 368.242126 -23.760290 -15.947841 369.701813 42.569691 -17.379431 366.782440
535 306 556 292 583 291 604 305 581 314 557 315 733 302 754 287 781 287 803 300 781 310 756 310 179 26 115.141174 -2.838080 50.984848 0.170764 -0.011670 -0.014842 10.826131 -22.030018 353.412323 -22.372778 -21.506601 353.068695 44.025040 -22.553432 353.755920
538 314 559 301 584 300 605 310 583 318 559 320 736 308 757 298 782 299 804 311 782 318 758 316 274 459 96.000938 82.612038 61.436218 -0.343226 0.040455 -0.001301 12.017881 -21.087599 372.098602 -21.160002 -20.817001 373.407959 45.195766 -21.358196 370.789215
526 310 547 297 573 295 595 306 572 315 548 317 724 303 745 292 771 292 793 305 771 313 747 312 1031 212 -54.456543 33.465813 55.041351 0.248466 0.023592 -0.026051 7.815174 -21.362970 356.122040 -25.369240 -20.603825 357.004120 40.999588 -22.122114 355.239990
527 316 548 304 572 302 593 310 571 319 548 321 721 308 741 298 766 299 787 310 766 316 743 315 1368 621 -121.726097 114.057083 64.781448 -0.289206 0.003842 -0.024794 7.383737 -21.181330 377.478912 -25.810698 -20.351250 377.486481 40.578171 -22.011410 377.471344
539 306 560 292 586 291 606 303 584 312 560 314 734 301 755 289 781 290 803 304 781 312 757 310 2 149 150.284439 21.536409 54.062599 0.222074 0.000569 -0.005497 11.602509 -22.396101 359.753326 -21.601799 -22.217171 359.792236 44.806816 -22.575031 359.714417
527 313 548 301 574 299 595 309 573 318 549 320 724 306 745 296 770 297 792 308 770 316 747 315 1092 345 -66.665787 59.696842 58.234604 0.253169 0.028482 -0.026926 7.895741 -20.427925 358.515045 -25.283707 -19.662655 359.563049 41.075188 -21.193195 357.467041
537 319 558 308 581 306 602 314 581 322 558 324 730 312 750 304 774 305 795 316 774 321 751 320 491 720 52.686253 134.039734 67.650742 -0.357708 0.033845 -0.006956 10.634756 -19.750673 379.560425 -22.550447 -19.325785 380.619354 43.819962 -20.175562 378.501495
534 313 555 300 580 298 600 308 579 317 555 319 730 306 751 296 776 297 798 309 776 316 752 314 295 354 91.881767 61.869045 58.878315 -0.314202 0.040377 -0.006511 10.302033 -21.890678 374.967804 -22.875240 -21.469194 376.252502 43.479309 -22.312160 373.683105
541 368 563 357 589 356 611 368 588 374 564 375 743 367 765 355 791 355 813 365 790 372 766 372 1420 291 -131.886948 48.871758 56.749794 0.106156 0.047660 -0.025582 13.422657 -0.710648 347.343842 -19.733635 0.052881 348.967682 46.578949 -1.474178 345.720001
531 349 554 335 582 335 604 350 580 358 554 359 735 349 757 333 785 333 809 346 785 356 759 356 1034 82 -54.980927 7.795415 51.886700 0.115715 0.039330 -0.021832 10.854246 -6.590594 342.726288 -22.317015 -5.942986 344.070770 44.025509 -7.238203 341.381805
542 357 563 347 588 346 610 354 588 361 564 363 742 353 764 344 790 345 812 355 789 361 765 360 480 861 54.795998 161.886078 71.076462 -0.394464 0.058659 0.003404 13.678738 -5.192284 364.801453 -19.469511 -4.923234 366.720001 46.826988 -5.461335 362.882935
513 340 533 327 557 325 579 334 557 343 534 345 705 330 727 318 753 318 775 329 753 336 728 336 1423 421 -132.556183 74.539185 59.901241 0.145752 0.010467 -0.038304 2.133857 -12.366271 361.049286 -31.044828 -11.124508 361.488037 35.312542 -13.608035 360.610565
536 321 557 306 583 305 604 318 582 327 557 329 731 316 752 302 780 303 802 317 780 325 754 324 309 47 89.267700 1.243986 51.424793 0.195191 -0.002521 -0.013077 10.795705 -17.384485 357.443176 -22.406174 -16.944876 357.402252 43.997581 -17.824095 357.484131
521 199 542 185 568 183 590 195 567 203 543 205 709 193 730 181 756 183 777 196 755 202 731 201 582 155 34.897800 22.433582 53.898529 0.310368 0.020215 -0.016409 4.652117 -61.673931 373.989319 -28.541533 -61.241161 374.733643 37.845768 -62.106697 373.245026
530 219 554 205 582 203 607 213 582 221 556 224 741 210 765 199 793 201 817 213 793 219 766 218 702 577 10.790277 105.699326 64.069763 -0.193539 0.029062 -0.014083 12.318471 -51.618656 346.399323 -20.869081 -51.060932 347.313019 45.506023 -52.176380 345.485626
545 216 568 204 596 202 619 212 595 220 569 222 756 211 779 201 805 202 828 214 805 220 779 218 307 527 89.398140 96.022491 63.067894 0.314733 0.034756 -0.015168 16.253426 -50.032200 336.796478 -16.927711 -49.717037 338.009918 49.434563 -50.347359 335.583038
551 223 574 210 601 208 625 217 601 225 575 227 758 216 781 207 808 209 830 221 807 226 782 224 169 680 116.766167 126.301247 66.852455 -0.243694 0.035096 0.002147 18.340462 -50.798214 353.796051 -14.843928 -50.727509 354.958313 51.524853 -50.868919 352.633820
545 213 569 198 598 196 622 208 597 217 570 219 752 207 776 194 805 195 828 210 804 217 777 215 583 195 34.676579 30.331213 54.868164 0.261197 0.035148 -0.017953 16.407124 -51.585827 339.779877 -16.771978 -51.148151 341.010834 49.586224 -52.023506 338.548889
550 218 573 205 600 203 624 212 600 220 575 222 756 211 780 202 806 203 828 216 805 221 780 219 253 618 100.090019 114.017502 65.303848 -0.254099 0.031108 0.000624 18.060961 -52.745857 355.551727 -15.127868 -52.635818 356.576019 51.249790 -52.855892 354.527435
549 211 572 196 601 194 624 206 600 214 573 217 753 204 776 192 804 194 827 208 803 215 777 213 384 210 74.256630 33.391670 55.338200 0.285764 0.039025 -0.014704 17.104969 -53.331238 346.153931 -16.071171 -53.033627 347.501099 50.281109 -53.628853 344.806763
549 210 571 198 597 196 620 205 596 214 572 216 754 204 775 194 801 195 822 207 801 213 776 212 702 426 10.874407 75.883896 60.407372 0.326391 0.056030 -0.022118 16.439262 -53.722618 346.866943 -16.705858 -53.302448 348.812195 49.584381 -54.142792 344.921692
540 203 563 188 590 187 613 199 589 209 563 210 745 198 767 185 794 185 816 198 794 207 769 206 1237 89 -95.368980 9.076946 51.948120 0.272965 0.048455 -0.029361 13.991007 -55.705074 345.552246 -19.160858 -54.960915 347.272614 47.142872 -56.449238 343.831879
549 213 571 201 596 200 617 209 595 217 571 219 747 208 768 199 792 200 813 211 792 217 769 216 562 833 38.498787 156.316742 70.353569 -0.181853 0.003606 -0.009987 16.036057 -56.321198 370.069580 -17.166889 -55.980553 370.158569 49.239002 -56.661846 369.980560
544 211 566 199 591 197 613 205 591 214 566 216 746 203 767 194 792 195 813 206 792 212 768 211 1008 511 -50.047588 92.515709 62.305641 -0.196524 -0.001739 -0.021264 14.894527 -56.889378 364.410950 -18.302753 -56.193542 364.284424 48.091808 -57.585213 364.537445
526 208 549 192 577 189 600 200 576 210 550 213 728 196 751 183 779 183 802 198 779 205 753 203 1057 53 -59.540314 2.057871 51.171051 0.283821 0.023347 -0.039863 9.219292 -55.862469 347.662628 -23.950333 -54.666248 348.613770 42.388916 -57.058689 346.711487
525 211 546 199 571 197 592 205 570 214 547 216 723 203 744 194 769 195 790 206 769 212 745 210 1131 500 -74.510674 90.282745 61.973190 -0.096273 -0.013502 -0.029001 7.666167 -57.646557 369.095215 -25.521671 -56.706810 368.601349 40.854004 -58.586300 369.589111
532 215 553 203 578 200 600 207 578 215 555 218 730 203 752 194 777 195 799 206 777 212 753 210 640 667 23.074211 123.500847 66.285736 -0.293586 0.036096 -0.022710 10.114885 -56.738033 367.862946 -23.059954 -55.820316 368.934143 43.289726 -57.655750 366.791779
535 206 557 193 583 190 605 200 582 209 558 211 737 197 759 187 785 188 807 200 785 207 760 205 411 327 68.820152 56.480301 58.161533 -0.213677 0.028287 -0.014732 11.928335 -58.596836 363.176086 -21.259655 -58.011486 364.056030 45.116325 -59.182190 362.296173
554 244 579 233 608 233 633 244 607 250 579 251 774 249 799 240 827 242 850 255 825 260 799 257 648 899 21.353458 169.306015 71.908447 -0.317914 0.021693 0.042680 20.948103 -38.733494 332.742432 -12.218980 -40.012875 333.673737 54.115189 -37.454109 331.811127
563 276 585 266 610 265 631 276 609 282 585 282 751 280 771 271 795 273 814 284 794 289 771 287 437 769 63.401535 143.741714 68.868027 -0.307145 -0.011103 0.031187 19.956230 -33.768009 390.439240 -13.230532 -34.843361 390.234161 53.142994 -32.692657 390.644318
576 221 602 207 631 208 655 224 628 231 601 230 779 234 802 222 830 226 850 243 827 248 802 245 319 202 87.191971 31.844269 55.178864 -0.107405 -0.072212 0.058593 27.301151 -47.593472 358.206360 -5.760331 -49.661041 355.920929 60.362633 -45.525902 360.491791
559 242 582 229 609 228 631 240 607 248 582 249 753 243 775 231 801 232 823 247 800 253 776 251 1422 167 -132.215729 24.386576 53.741203 0.211057 0.057659 0.003684 19.182795 -43.541351 363.684448 -13.966820 -43.863926 365.570892 52.332409 -43.218773 361.798004
589 232 612 220 639 220 662 233 637 239 612 239 784 242 807 232 833 236 853 251 830 255 806 251 55 449 139.573654 80.746078 61.310577 -0.224898 0.006732 0.074960 30.494755 -46.538368 374.011658 -2.616457 -48.979122 374.511688 63.605965 -44.097614 373.511627
580 231 603 221 629 220 650 230 627 236 603 237 775 237 797 230 821 233 842 245 820 249 797 246 893 670 -27.258451 123.967773 66.223450 -0.316515 0.003071 0.057257 27.152344 -48.085609 377.218414 -5.998353 -49.938213 377.616943 60.303040 -46.233006 376.819916
578 219 602 206 629 207 650 221 626 228 601 228 771 230 793 219 819 223 839 239 817 243 793 240 290 232 92.944420 37.782242 55.921970 -0.195561 -0.008132 0.071684 26.659145 -51.717815 380.114624 -6.459569 -54.107182 380.078461 59.777859 -49.328449 380.150787
579 223 602 211 628 211 649 223 626 230 601 230 770 232 792 223 817 227 836 241 815 245 791 242 213 521 108.101532 94.884377 62.972542 -0.285053 -0.006059 0.072801 26.584925 -51.286678 384.527069 -6.531925 -53.697742 384.670807 59.701775 -48.875614 384.383301
581 217 603 204 629 205 649 218 627 225 603 225 764 224 784 212 809 215 828 229 807 235 784 233 254 202 100.122856 31.876493 55.213558 0.033227 -0.033301 0.041256 25.908773 -54.409336 388.814941 -7.249385 -55.759991 387.687164 59.066933 -53.058681 389.942719
565 217 587 205 612 205 633 216 610 223 586 224 753 222 774 213 799 216 819 230 798 234 775 231 1382 333 -124.350746 57.183632 57.788754 -0.321498 -0.014125 0.048791 20.798769 -54.666870 387.373505 -12.363586 -56.333237 387.170868 53.961124 -53.000507 387.576141
571 222 593 211 618 211 638 220 616 227 593 227 759 228 780 222 803 225 822 238 801 241 779 237 527 665 45.555176 123.161964 66.297546 -0.391291 -0.002493 0.068214 22.918585 -53.135006 392.008820 -10.209883 -55.356941 392.365570 56.047054 -50.913074 391.652100
571 215 594 201 620 202 641 215 617 221 593 222 759 223 780 213 806 216 825 232 804 236 780 233 447 98 61.786015 11.245682 52.588100 -0.312172 -0.008985 0.069720 23.330145 -55.213833 390.066406 -9.793322 -57.535744 390.131409 56.453613 -52.891918 390.001373
573 214 596 202 621 202 642 213 619 220 595 220 761 222 782 214 807 217 826 232 804 236 782 232 380 334 74.983292 57.877842 58.347862 -0.353425 -0.011786 0.073442 23.998671 -55.670742 391.735352 -9.115283 -58.125095 391.778748 57.112621 -53.216389 391.691986
574 211 597 198 623 199 644 212 620 219 596 219 761 220 783 210 808 214 827 230 806 234 782 230 190 29 112.951195 -2.251174 51.051739 -0.252140 -0.006457 0.073551 24.422077 -56.397434 391.471710 -8.692749 -58.838543 391.565887 57.536903 -53.956322 391.377533
574 218 595 207 619 207 640 216 618 223 595 224 759 223 780 216 803 220 822 233 801 236 779 232 574 678 36.197906 125.705551 66.587761 -0.367244 -0.001195 0.062824 23.564436 -55.594601 396.930756 -9.575581 -57.639946 397.270630 56.704453 -53.549255 396.590912
575 211 597 198 623 198 644 211 621 218 596 218 761 220 782 210 807 213 826 229 805 233 782 230 202 91 110.529411 9.984973 52.549095 -0.267475 -0.010804 0.073039 24.541727 -57.072697 394.323486 -8.573159 -59.514603 394.291595 57.656612 -54.630791 394.355377
577 208 600 195 626 195 646 208 623 215 599 215 762 217 783 208 808 212 827 228 806 231 783 227 13 235 148.048218 38.511929 56.142590 -0.289674 -0.011347 0.078314 25.244289 -58.156353 395.688873 -7.857340 -60.772026 395.691528 58.345921 -55.540684 395.686188
567 220 588 210 611 209 632 217 610 224 588 225 749 223 769 217 792 220 811 232 791 235 769 232 1380 734 -124.176292 136.363342 67.515770 -0.335055 -0.012298 0.046305 20.520405 -56.114708 402.761963 -12.646661 -57.690834 402.616486 53.687473 -54.538586 402.907440
571 215 592 204 617 204 637 215 615 222 592 222 755 222 776 213 800 216 819 230 798 234 776 231 421 206 66.898201 32.583511 55.221436 -0.342523 0.016817 0.068177 22.379883 -56.367836 396.951294 -10.743896 -58.491138 397.882172 55.503662 -54.244530 396.020447
574 212 596 200 622 200 642 212 619 218 596 219 761 221 782 213 806 216 825 231 804 234 781 230 301 324 90.704865 55.942478 58.147488 -0.372811 -0.005658 0.078006 24.039349 -56.360584 393.221527 -9.065131 -58.923164 393.515167 57.143829 -53.798000 392.927856
552 244 576 232 604 232 628 244 603 250 577 251 754 250 777 240 804 243 825 257 802 261 777 258 370 458 76.903572 82.366989 61.360722 -0.285286 -0.024031 0.041016 18.543304 -41.716152 361.546112 -14.624252 -43.172195 360.952148 51.710861 -40.260109 362.140045
553 234 576 222 603 222 625 234 602 242 576 242 754 236 775 225 801 226 822 238 800 246 776 245 659 325 19.484959 55.962444 57.980648 0.286660 0.048365 0.007456 17.655636 -44.946075 354.342255 -15.509696 -45.418747 355.890442 50.820969 -44.473404 352.794067
563 233 586 221 614 221 636 233 612 240 586 240 763 239 786 229 812 232 832 245 810 250 786 248 291 440 92.629601 78.852005 60.966316 -0.211697 -0.008833 0.043836 21.856920 -46.277355 366.487732 -11.314822 -47.752525 366.350189 55.028664 -44.802181 366.625275
565 233 589 221 616 221 638 233 614 239 588 239 764 240 786 232 812 235 832 249 810 252 786 249 156 469 119.469902 84.645073 61.741749 -0.274613 -0.021939 0.056196 22.373253 -46.028755 368.627625 -10.771537 -47.969601 368.163239 55.518044 -44.087914 369.092010
564 228 588 216 615 215 636 228 612 235 587 236 764 231 785 220 811 222 831 235 809 242 786 240 320 275 86.952362 46.257854 56.948887 0.265033 0.044647 0.022130 21.327120 -47.076645 357.719421 -11.836718 -47.997864 359.087189 54.490959 -46.155430 356.351624
566 235 589 224 616 224 638 234 614 240 589 241 763 241 785 234 810 237 830 250 808 253 784 250 484 715 54.081596 133.055939 67.533211 -0.320303 -0.030916 0.051455 22.382145 -45.919125 372.424255 -10.763371 -47.760544 371.686981 55.527660 -44.077705 373.161560
560 226 583 213 611 213 633 226 609 233 583 234 759 230 780 217 806 219 826 233 805 240 781 238 998 142 -47.852631 19.660452 53.361172 -0.174932 -0.009115 0.024079 20.637075 -49.868290 369.869537 -12.556761 -50.690060 369.638184 53.830914 -49.046520 370.100891
562 231 585 220 611 219 634 228 610 235 585 236 758 234 780 227 804 230 824 242 802 246 780 243 1174 749 -83.203682 139.427261 67.989540 -0.359637 -0.034882 0.037023 20.861702 -48.353939 374.355286 -12.300623 -49.762432 373.440979 54.024029 -46.945450 375.269623
573 223 596 212 622 212 644 223 620 229 596 229 769 230 790 222 814 225 834 239 813 243 790 239 144 467 121.858253 84.256111 61.699646 -0.339391 -0.024964 0.056828 24.634594 -50.428825 376.199097 -8.506888 -52.417866 375.703583 57.776077 -48.439789 376.694611
562 230 585 219 610 218 633 227 609 233 585 234 757 233 778 226 802 229 821 241 800 244 778 241 838 786 -16.381561 146.899612 69.066299 -0.350171 -0.034306 0.036104 20.660841 -49.344494 378.097992 -12.503219 -50.715839 377.190186 53.824902 -47.973148 379.005768
569 215 592 202 618 202 640 215 616 223 592 223 766 217 786 205 811 206 831 219 811 227 787 226 237 86 103.569412 8.980355 52.409142 -0.185853 -0.001116 0.018607 23.099102 -54.142025 371.321228 -10.099958 -54.759708 371.341644 56.298164 -53.524338 371.300842
558 216 582 202 610 202 632 215 608 223 582 224 760 218 781 205 807 207 828 221 806 228 782 227 794 240 -7.324142 39.112000 55.846977 -0.227513 -0.019442 0.016489 20.423185 -53.325500 366.531403 -12.770885 -53.941364 365.953491 53.617256 -52.709641 367.109314
577 227 600 216 626 216 649 225 625 231 600 232 772 234 793 227 816 231 835 244 814 246 792 242 145 736 121.509445 137.370514 68.223503 -0.357470 -0.043798 0.054706 26.028002 -49.388012 378.256958 -7.096174 -51.421688 377.155701 59.152176 -47.354340 379.358246
576 215 600 201 629 201 651 216 626 223 600 223 773 224 794 213 820 216 840 232 818 237 794 234 283 48 94.439499 1.454329 51.462929 -0.223196 -0.055211 0.051992 26.455761 -52.670387 373.514069 -6.654007 -54.584461 371.889526 59.565529 -50.756317 375.138641
572 226 595 214 621 214 644 224 620 230 595 231 767 231 789 223 813 226 832 240 811 243 788 240 800 703 -8.775723 130.529831 67.073479 -0.366726 -0.047999 0.042322 24.360544 -50.181053 377.316284 -8.777062 -51.842999 376.013763 57.498154 -48.519108 378.618805
581 223 604 212 630 211 653 222 629 227 604 228 775 230 796 223 820 227 839 240 818 243 796 239 131 616 124.361420 113.683083 65.320465 -0.352793 -0.048085 0.057211 27.438524 -50.854813 379.348511 -5.674560 -52.992203 378.117737 60.551609 -48.717422 380.579285
564 227 586 216 611 215 632 223 610 230 586 231 756 227 776 220 799 222 818 233 798 237 776 234 1141 689 -76.605347 127.596436 66.551903 -0.330769 -0.036612 0.016947 20.720734 -51.980030 384.002350 -12.457307 -52.731598 382.901245 53.898773 -51.228462 385.103424
568 222 591 210 618 209 640 219 616 226 591 227 762 225 784 217 808 220 828 234 806 237 784 234 591 352 32.997612 61.327393 58.671806 -0.335445 -0.044349 0.035920 23.068213 -52.355049 379.987152 -10.083044 -53.769508 378.740936 56.219467 -50.940586 381.233398
570 216 593 203 620 203 642 215 618 222 593 223 764 222 785 212 810 215 830 230 808 234 785 231 375 180 76.063774 27.472536 54.615379 -0.303169 -0.048224 0.042406 23.701090 -53.764191 379.139923 -9.435803 -55.390629 377.775909 56.837986 -52.137749 380.503967
578 224 599 214 623 213 644 221 622 228 599 229 763 225 783 218 805 221 823 232 804 236 783 233 103 838 129.807953 157.531570 70.719849 -0.267972 -0.036767 0.025908 24.749130 -53.684830 392.838501 -8.422302 -54.697140 391.747192 57.920559 -52.672523 393.929840
545 231 569 216 598 216 621 232 596 241 569 241 750 231 772 215 801 215 823 229 801 240 774 240 62 165 138.339325 24.665915 54.418640 0.192720 -0.024126 -0.007443 15.933909 -44.749149 341.414642 -17.260355 -44.426605 340.642334 49.128174 -45.071693 342.186951
548 237 572 224 600 223 624 234 599 242 573 243 755 234 778 222 805 224 827 237 804 243 778 241 130 681 124.524139 126.518028 66.897522 -0.312255 0.010779 -0.000587 17.494410 -45.223171 353.542938 -15.708486 -45.148556 353.892029 50.697304 -45.297783 353.193848
552 233 575 220 603 218 627 228 603 236 576 238 756 228 779 217 806 219 828 232 805 238 780 236 193 677 111.993355 125.696983 66.766876 -0.257577 -0.003641 -0.004016 18.609114 -47.553211 357.889801 -14.595214 -47.436813 357.753174 51.813442 -47.669605 358.026459
542 233 565 220 592 218 616 227 592 236 566 238 744 225 767 215 794 216 816 229 793 234 768 233 781 556 -4.914023 101.513641 63.518253 -0.248224 -0.014134 -0.023334 14.954875 -48.542038 361.108185 -18.237646 -47.833218 360.548035 48.147396 -49.250854 361.668304
536 225 559 212 586 211 608 221 585 230 560 232 740 219 760 208 786 208 808 220 786 227 762 227 1157 454 -79.657402 81.187012 60.843616 0.291450 0.063969 -0.038749 12.330772 -49.144203 349.478943 -20.781872 -48.184071 351.757233 45.443417 -50.104340 347.200684
549 219 571 206 599 205 620 217 597 226 572 227 750 215 770 203 796 203 817 216 796 225 772 224 61 308 138.458588 52.902210 57.887527 0.279092 0.032529 -0.021379 16.247335 -51.276653 354.610199 -16.932487 -50.725857 355.774475 49.427158 -51.827454 353.445923
546 228 567 218 592 216 613 224 591 232 568 233 742 222 762 213 785 214 805 223 785 229 763 229 636 793 23.799757 148.381927 69.343903 -0.198126 -0.025214 -0.028566 14.607317 -52.137486 375.905121 -18.573475 -51.278027 374.979889 47.788109 -52.996941 376.830353
543 232 564 220 589 218 611 224 589 232 565 235 736 221 757 213 780 214 801 224 780 229 757 227 1366 701 -121.372795 129.854324 66.722855 -0.208061 -0.028717 -0.038949 13.206837 -51.773220 376.486572 -19.959246 -50.588562 375.406219 46.372921 -52.957878 377.566895
545 232 566 220 591 217 614 225 592 233 568 236 740 222 761 213 785 214 806 225 785 230 761 229 937 695 -36.025597 128.882294 66.806320 -0.270643 -0.013853 -0.032140 14.303362 -51.422310 375.516754 -18.881241 -50.430168 374.918945 47.487965 -52.414452 376.114594
539 228 561 215 587 212 610 221 587 230 562 232 735 218 756 208 781 208 802 220 781 226 757 225 1330 355 -114.018295 61.553379 58.350105 -0.142595 -0.040179 -0.042624 12.784361 -52.661480 372.953857 -20.363602 -51.346699 371.524323 45.932323 -53.976261 374.383423
542 231 563 219 588 217 610 224 588 232 565 235 735 221 755 212 779 213 800 224 779 229 756 227 1377 786 -123.608452 146.632385 68.778587 -0.230885 -0.021922 -0.035817 12.884584 -52.060123 377.702179 -20.291086 -50.965378 376.844238 46.060257 -53.154869 378.560120
538 219 560 205 586 204 608 215 585 225 561 226 737 213 756 200 782 200 803 212 782 221 759 221 1351 91 -118.048882 9.415336 51.935780 0.239060 0.042707 -0.043607 12.234179 -52.555309 358.894501 -20.909096 -51.290634 360.470428 45.377453 -53.819981 357.318573
550 232 571 221 596 218 618 225 596 234 573 236 743 222 764 214 788 216 808 226 787 231 764 230 366 870 77.469772 163.719681 71.355598 -0.292568 0.006867 -0.022024 15.798353 -51.761333 379.967743 -17.397688 -51.007362 380.086304 48.994392 -52.515308 379.849213
547 231 568 219 593 216 616 224 593 232 570 235 741 221 762 212 786 214 807 225 785 230 762 228 716 707 7.932734 131.361298 67.215340 -0.288468 -0.004072 -0.027158 14.878576 -52.109936 378.356537 -18.313803 -51.240086 378.094055 48.070957 -52.979786 378.619019
551 223 573 211 597 209 618 218 597 227 573 228 746 216 766 207 790 208 810 219 790 225 767 224 23 424 145.953552 75.825615 60.721302 0.294661 0.042973 -0.025590 15.844105 -52.389648 366.676910 -17.319485 -51.761204 368.206940 49.007694 -53.018089 365.146851
548 219 570 204 598 202 621 214 597 223 571 225 743 212 765 200 792 201 813 216 791 222 767 221 258 59 99.406784 3.638708 51.743069 0.281604 0.049397 -0.023991 15.604391 -52.998898 362.080627 -17.550697 -52.442520 363.809814 48.759480 -53.555271 360.351410
547 228 568 216 593 214 615 221 593 229 569 232 737 218 757 210 781 211 801 222 781 226 758 225 1218 755 -91.960243 140.590164 68.111580 -0.261887 -0.018172 -0.032517 14.265590 -53.935257 384.119812 -18.916321 -52.946629 383.382874 47.447498 -54.923882 384.856750
546 228 567 216 592 213 614 220 592 228 568 231 737 217 757 209 781 211 801 221 780 226 758 224 1207 646 -89.711212 119.073227 65.473740 -0.251966 -0.022596 -0.033566 13.991743 -53.988895 383.113342 -19.186033 -52.980408 382.231506 47.169521 -54.997387 383.995209
543 226 565 213 590 210 612 218 590 227 566 230 736 215 757 206 781 207 802 219 781 224 758 223 1237 395 -95.539467 69.497612 59.369915 -0.231606 -0.029738 -0.036018 13.570420 -54.187454 378.935120 -19.598339 -53.116383 377.819000 46.739182 -55.258522 380.051270
542 224 564 211 590 208 613 217 590 226 566 228 736 215 757 205 783 206 804 219 782 224 758 222 710 311 9.346985 53.172817 57.613865 -0.254499 -0.015745 -0.026721 13.586784 -54.417789 378.301758 -19.602146 -53.606377 377.672363 46.775715 -55.229202 378.931152
540 266 561 255 586 253 607 260 586 268 562 270 732 257 752 249 775 250 795 260 775 265 753 264 760 678 -0.804325 125.613335 66.488480 -0.340922 -0.034784 -0.036372 11.944565 -39.968380 384.549561 -21.218611 -38.979374 383.213440 45.107742 -40.957390 385.885651
542 263 563 252 587 250 609 257 587 265 564 267 733 254 752 246 775 248 795 258 775 263 753 261 284 621 93.921310 114.594490 65.360069 -0.349446 -0.019735 -0.028808 12.333292 -41.056828 386.418793 -20.851484 -40.233143 385.611450 45.518066 -41.880512 387.226135
511 248 531 237 554 234 575 240 554 247 532 250 693 235 713 228 736 229 757 238 736 242 714 240 1415 866 -131.212616 162.409805 70.698647 -0.348618 0.015041 -0.039529 -0.902554 -48.454220 394.466614 -34.077972 -47.082298 394.729401 32.272865 -49.826138 394.203827
543 237 564 225 589 223 611 231 589 239 565 241 732 230 752 222 776 223 795 235 775 239 753 237 329 517 85.027107 94.037056 62.813606 -0.329820 -0.020589 -0.015336 12.653010 -50.512112 388.983582 -20.540960 -50.123837 388.229126 45.846981 -50.900387 389.738037
543 237 563 227 587 225 608 233 587 241 564 243 730 231 749 222 772 223 791 233 772 239 750 238 458 503 59.372066 91.208755 62.405190 -0.267428 -0.020983 -0.025912 11.985618 -51.166351 394.029205 -21.200850 -50.408920 393.226501 45.172085 -51.923782 394.831909
545 239 566 226 591 224 613 233 590 241 567 243 731 232 751 223 775 225 795 237 775 241 752 239 259 375 99.031792 66.033409 59.406872 -0.318504 -0.023002 -0.015935 13.018374 -50.310989 392.805084 -20.173550 -49.911430 391.970703 46.210297 -50.710548 393.639465
539 240 559 229 582 227 603 233 582 241 560 243 722 232 741 224 764 225 783 235 764 240 742 238 1294 607 -106.996979 111.329422 64.481384 -0.283986 -0.036697 -0.029474 9.848199 -50.979084 398.343201 -23.320087 -50.185699 397.003418 43.016483 -51.772469 399.682953
536 234 557 220 583 219 605 229 582 238 558 240 723 228 743 217 768 218 788 231 767 237 744 236 601 18 31.194332 -4.626919 50.565559 -0.210850 -0.022528 -0.019261 10.077456 -52.280201 394.286530 -23.112825 -51.724014 393.476959 43.267738 -52.836388 395.096100
532 239 552 227 576 224 597 232 576 240 553 243 715 230 734 220 757 221 777 232 757 237 735 236 1432 307 -134.283096 52.025059 57.131454 -0.324144 -0.038265 -0.041978 7.285589 -51.829975 398.957458 -25.866140 -50.665192 397.485809 40.437317 -52.994759 400.429138
527 237 548 225 572 222 593 230 572 238 549 241 711 227 731 218 754 219 774 230 754 235 732 233 1220 424 -92.173698 75.232185 60.082363 -0.332739 -0.022184 -0.039247 5.769329 -52.584606 398.307739 -27.402056 -51.427162 397.370117 38.940712 -53.742046 399.245392
541 235 559 226 579 224 597 232 579 239 559 240 710 228 727 219 747 219 764 227 747 234 729 234 94 454 131.812332 81.714012 61.411030 -0.063607 -0.081180 -0.049966 7.020006 -54.410919 414.193298 -26.034111 -52.841084 411.450897 40.074120 -55.980751 416.935669
525 240 545 227 569 225 590 233 569 241 546 244 708 230 727 220 751 221 770 232 751 237 729 236 1331 270 -114.169876 44.769367 56.287960 -0.279218 -0.030229 -0.043018 4.723066 -51.872139 400.345184 -28.436161 -50.602081 399.156799 37.882294 -53.142193 401.533569
527 238 547 225 571 223 592 233 571 241 548 243 709 230 729 220 753 221 773 233 753 239 730 237 901 146 -28.557999 20.498354 53.509964 -0.283523 -0.008221 -0.026281 5.335917 -52.091228 401.193665 -27.856392 -51.268757 400.801483 38.528225 -52.913704 401.585846
537 235 557 223 581 221 601 231 580 239 557 241 718 229 738 219 761 220 781 232 761 238 739 237 4 110 149.908295 13.834744 53.115616 -0.264630 0.008619 -0.010680 8.810180 -53.251736 405.256836 -24.391525 -52.863605 405.493042 42.011883 -53.639862 405.020630
536 248 556 236 579 234 599 241 579 248 557 251 713 238 733 230 755 232 775 242 755 247 733 245 592 842 32.525673 158.078949 70.555847 -0.393334 -0.003268 -0.024217 7.622676 -49.775719 410.848511 -25.572351 -49.013329 410.586700 40.817703 -50.538105 411.110352
533 241 553 229 577 227 597 235 576 243 554 246 715 232 734 223 757 224 777 235 757 241 735 240 518 279 47.560665 46.949505 56.940216 -0.320692 -0.007407 -0.025483 7.423671 -51.671947 405.600983 -25.769550 -50.879410 405.224731 40.616890 -52.464489 405.977234
533 246 551 236 573 234 592 240 572 247 552 250 705 237 723 230 744 231 763 240 744 245 724 244 1278 878 -103.964973 164.847168 71.062820 -0.271313 -0.011510 -0.028431 4.697413 -51.418457 420.270874 -28.491877 -50.537613 419.766144 37.886703 -52.299301 420.775604
528 239 548 226 572 224 592 233 571 242 549 244 710 231 729 220 752 221 772 233 753 239 730 238 669 90 17.626520 9.555996 52.275566 -0.290417 -0.003960 -0.026667 5.534659 -52.496666 406.039490 -27.658173 -51.642651 405.782166 38.727489 -53.350685 406.296814
532 237 552 225 576 223 596 232 575 241 553 243 714 230 733 220 756 221 776 233 756 239 734 238 212 33 108.572357 -1.472268 51.137012 -0.253774 0.005428 -0.017314 7.073998 -52.967831 406.822998 -26.125380 -52.376358 406.928741 40.273373 -53.559307 406.717255
527 243 547 231 570 229 590 237 570 245 548 248 707 234 726 225 749 226 768 236 749 242 727 241 1020 422 -52.385242 74.936432 60.140610 -0.327231 -0.016618 -0.035155 4.656975 -51.447495 408.849030 -28.522961 -50.390671 408.117889 37.836910 -52.504314 409.580170
647 186 674 174 703 175 728 190 701 195 673 194 857 200 879 189 904 192 923 207 901 211 878 209 9 586 148.648407 107.819969 64.657959 -0.169008 -0.110803 0.050824 49.473129 -55.939522 339.023163 16.514143 -57.924721 335.512634 82.432114 -53.954323 342.533691
582 185 606 171 636 171 660 186 634 194 607 195 784 188 807 174 835 175 856 189 833 198 808 197 852 88 -18.777784 9.070364 52.129375 -0.094429 -0.051815 -0.002320 28.900919 -61.957253 356.164886 -4.259274 -61.961533 354.444061 62.061111 -61.952969 357.885681
596 183 620 170 649 170 673 185 647 192 620 192 795 189 817 177 845 178 867 193 843 200 818 199 77 176 135.349152 26.830462 54.677429 0.101761 -0.034568 0.018504 33.125351 -61.763069 357.189545 -0.053965 -62.317940 356.012756 66.304665 -61.208202 358.366333
575 193 598 181 625 180 648 191 624 198 599 199 773 192 795 182 820 183 840 196 818 201 795 200 1046 491 -57.596039 88.547806 61.800274 -0.216871 -0.060623 -0.009291 25.785942 -61.913399 368.326599 -7.356687 -61.824848 366.297302 58.928570 -62.001953 370.355896
518 227 537 214 561 212 581 222 560 230 538 232 690 222 708 212 731 213 749 226 731 231 710 230 803 238 -9.113458 38.712631 55.793663 -0.206681 -0.078811 -0.024402 -0.385446 -57.855099 418.004150 -33.477718 -57.320831 415.325409 32.706825 -58.389366 420.682892
555 237 576 227 600 225 621 233 599 241 577 242 738 235 757 227 779 228 797 239 778 244 757 242 732 847 4.671745 158.996811 70.602386 -0.295396 -0.056406 -0.007264 15.932108 -50.419159 397.534668 -17.219410 -50.456127 395.654449 49.083626 -50.382187 399.414856
557 230 579 219 603 218 625 226 603 234 579 235 745 228 765 220 788 221 807 232 787 237 766 236 1025 438 -53.388840 78.093201 60.526009 -0.314819 -0.040514 -0.001248 17.341467 -50.941353 382.295593 -15.836298 -51.110577 380.966339 50.519234 -50.772129 383.624817
578 242 600 232 624 231 646 239 624 245 601 246 766 243 787 235 810 237 831 246 810 251 788 249 565 782 37.930393 146.245148 69.115005 -0.436815 -0.026402 0.011103 24.841284 -45.347305 376.158875 -8.350125 -45.892754 375.389191 58.032696 -44.801857 376.928558
544 254 566 244 590 242 613 250 590 256 567 258 733 250 753 242 777 243 797 253 776 257 754 255 940 755 -36.655834 140.727997 68.259972 -0.468556 -0.006040 -0.008443 12.693586 -42.081638 376.469879 -20.509470 -41.857567 376.212097 45.896641 -42.305710 376.727661
561 254 581 243 604 243 624 253 603 260 581 261 730 255 749 246 772 246 791 257 771 264 750 262 1232 870 -94.809433 163.290344 70.893341 -0.422072 -0.005368 0.014795 15.661334 -44.369301 409.285095 -17.539427 -44.883148 409.214233 48.862095 -43.855457 409.355957
547 246 569 235 594 233 616 242 593 248 570 250 734 244 755 236 778 237 798 249 777 253 755 251 871 625 -22.856771 115.093292 65.143753 -0.372032 -0.030546 0.003891 13.942158 -45.827785 387.257263 -19.247095 -46.140488 386.290131 47.131409 -45.515083 388.224396
547 241 568 232 591 230 612 237 591 242 569 244 734 235 754 228 776 229 795 237 775 241 754 240 428 293 65.457169 49.758469 57.327816 -0.357313 0.007297 -0.011203 13.015929 -48.010723 383.002106 -20.185947 -47.603790 383.173523 46.217808 -48.417652 382.830688
541 246 563 235 588 234 611 243 588 249 564 251 733 242 754 233 779 234 800 245 778 250 755 249 712 571 8.804253 104.509644 63.918896 -0.411926 -0.000862 -0.005753 12.409375 -44.672626 374.289154 -20.794884 -44.492775 374.222565 45.613636 -44.852482 374.355774
545 251 567 241 592 239 615 248 592 254 568 256 734 249 756 240 780 242 800 253 778 257 756 256 649 818 21.199650 153.311813 69.943321 -0.434817 -0.007654 0.004195 13.427509 -43.002918 380.004700 -19.776058 -43.192257 379.788269 46.631077 -42.813576 380.221100
533 243 554 232 579 230 600 240 578 247 554 249 722 239 742 228 766 229 786 239 766 246 743 245 1339 463 -115.868896 82.873863 60.964756 0.237945 0.034371 -0.025940 8.622829 -45.949799 374.200684 -24.551348 -45.231949 375.432861 41.797005 -46.667648 372.968506
553 226 576 212 603 212 625 225 601 232 576 233 743 229 764 217 790 219 810 233 788 239 765 237 138 28 123.296463 -2.422847 51.055241 0.092168 -0.029384 0.016956 16.825134 -50.228874 373.996704 -16.360586 -50.746059 372.996674 50.010853 -49.711685 374.996765
537 236 560 224 586 222 609 233 585 240 560 242 730 234 751 224 777 226 798 239 776 244 752 242 949 414 -38.256279 73.392006 59.984474 -0.146900 -0.050455 -0.003954 11.702313 -47.870762 374.306885 -21.460062 -47.862808 372.628662 44.864689 -47.878712 375.985138
557 238 579 227 604 227 626 236 603 243 579 244 747 240 768 231 792 233 811 245 790 249 768 247 378 716 75.168335 133.305939 67.614044 -0.393768 -0.024931 0.020203 17.710333 -46.649910 378.316833 -15.477606 -47.464314 377.640747 50.898270 -45.835510 378.992920
558 245 579 234 604 234 626 243 603 249 580 250 747 246 767 238 790 240 809 251 789 255 767 253 361 862 78.468910 162.142532 71.164238 -0.320784 -0.025888 0.019681 17.845058 -45.204014 384.334808 -15.342349 -45.982933 383.593903 51.032467 -44.425095 385.075684
541 240 563 228 589 227 610 238 588 245 563 246 729 241 749 231 774 233 793 245 772 250 750 248 1075 406 -63.317848 71.749908 59.723186 -0.225262 -0.066133 0.002429 12.086303 -47.546021 387.588531 -21.046133 -47.872128 385.421753 45.218739 -47.219910 389.755310
532 373 550 360 572 357 591 363 572 372 552 376 707 353 726 343 749 343 769 352 750 358 728 358 1192 345 -86.559456 59.647266 58.181225 -0.444393 0.039270 -0.086056 5.223597 -3.691238 411.877014 -27.835201 -0.646300 412.512482 38.282394 -6.736176 411.241516
525 323 543 310 566 306 586 313 566 323 545 326 699 304 718 294 741 294 762 305 742 311 720 310 799 171 -8.280382 25.485252 54.170765 -0.493719 0.035600 -0.074938 2.581891 -23.051928 416.566956 -30.511013 -20.380499 417.098755 35.674793 -25.723358 416.035187
539 333 557 321 580 318 599 326 580 335 558 337 716 320 735 311 757 311 777 321 758 327 736 327 185 330 113.778175 57.184704 58.354931 -0.464764 0.021739 -0.049188 8.317799 -17.546034 413.038879 -24.839869 -15.806976 413.362000 41.475468 -19.285089 412.715759
539 335 557 324 578 321 597 328 578 336 558 339 708 322 726 315 747 315 766 324 748 330 728 329 646 645 21.892847 119.153900 65.748940 -0.445241 0.003342 -0.052569 6.596353 -17.100197 427.365143 -26.563162 -15.388271 427.090302 39.755867 -18.812122 427.639984
536 343 554 331 576 327 595 333 576 342 556 345 705 325 724 317 746 317 765 326 746 332 725 331 586 750 33.770550 139.916229 68.327660 -0.523615 0.033328 -0.066358 5.654658 -15.175534 424.957794 -27.460720 -12.790365 425.450012 38.770035 -17.560705 424.465546
536 341 554 329 576 325 595 330 576 339 556 343 707 322 726 315 747 315 767 324 748 329 727 328 500 584 50.971596 107.181641 64.347366 -0.506364 0.031874 -0.066952 6.005597 -16.053522 421.943024 -27.109903 -13.664021 422.405121 39.121098 -18.443024 421.480927
544 333 562 322 583 320 601 327 582 335 563 338 709 323 726 314 746 315 765 324 747 330 727 329 1027 671 -53.916531 124.098793 66.176178 -0.369871 0.003884 -0.045525 7.551166 -17.608536 435.104706 -25.619387 -16.108063 434.954376 40.721718 -19.109011 435.255035
539 335 557 324 578 322 597 328 578 337 558 339 708 324 726 316 748 316 766 326 748 331 728 331 783 664 -5.372069 122.837593 66.136642 -0.420551 0.004949 -0.045928 6.660284 -16.726791 426.705597 -26.509628 -15.212822 426.549164 39.830196 -18.240761 426.862061
539 335 557 324 578 322 596 328 578 337 558 339 708 323 726 315 747 316 766 325 748 331 728 330 814 621 -11.515150 114.331734 65.077164 -0.403657 0.000031 -0.047888 6.551432 -16.829283 426.572510 -26.615829 -15.282396 426.256958 39.718693 -18.376171 426.888031
542 336 560 325 581 322 599 329 581 338 561 340 705 324 722 316 743 316 761 325 744 331 724 331 21 734 146.178711 137.037094 68.241180 -0.319642 -0.022558 -0.058589 6.631175 -16.873777 435.951233 -26.508776 -15.081218 434.907166 39.771126 -18.666336 436.995270
537 333 556 321 578 319 597 327 578 335 557 338 715 321 733 312 755 312 775 322 756 329 735 328 75 248 135.706909 41.048080 56.424801 -0.437411 0.025251 -0.041195 7.718311 -17.253733 413.126099 -25.448364 -15.749167 413.643372 40.884987 -18.758299 412.608826
531 339 550 327 572 323 592 329 573 338 551 342 707 321 726 313 748 313 768 323 749 328 727 328 927 360 -33.849583 62.740440 58.686489 -0.482882 0.025770 -0.064721 5.238739 -16.275543 414.191589 -27.887091 -14.008219 414.505066 38.364567 -18.542868 413.878082
538 341 556 329 577 326 596 332 577 340 557 344 704 325 722 317 744 317 763 326 744 332 724 331 1262 813 -100.745773 152.020645 69.494843 -0.452549 0.030018 -0.060594 5.569112 -15.665978 429.629120 -27.561100 -13.501821 430.144043 38.699322 -17.830135 429.114197
529 336 547 324 569 320 589 326 570 335 549 339 703 318 722 309 744 309 764 319 745 325 723 324 1349 219 -117.722321 34.690331 55.041389 -0.448783 0.015733 -0.073087 3.903747 -17.566114 414.888794 -29.209862 -15.106928 414.858124 37.017357 -20.025303 414.919434
528 331 547 318 570 315 589 323 570 332 548 335 704 317 722 306 745 306 765 317 746 324 725 323 1247 47 -97.334946 0.778956 50.924107 -0.400794 -0.006841 -0.064447 4.138430 -18.899658 414.831696 -28.997602 -16.862917 414.187744 37.274464 -20.936399 415.475616
530 339 549 327 571 323 591 329 571 338 550 342 705 321 724 312 746 312 766 322 747 328 725 327 924 502 -33.331890 90.780273 62.132195 -0.504678 0.027925 -0.068171 4.605890 -16.463903 415.816101 -28.510756 -14.068206 416.144745 37.722538 -18.859600 415.487457
546 294 564 283 585 281 603 288 585 297 565 299 720 284 737 275 758 275 777 285 759 291 739 291 250 397 100.809959 70.381844 59.945271 -0.356972 0.007709 -0.040971 10.078459 -32.608055 418.017181 -23.097809 -31.231539 418.027466 43.254726 -33.984573 418.006897
531 325 550 312 573 309 594 315 574 324 552 327 711 307 731 298 754 298 775 309 754 314 732 313 1080 524 -64.378273 95.046906 62.582516 -0.430911 0.021781 -0.065485 6.247064 -21.260450 402.028168 -26.879923 -19.001028 402.267578 39.374050 -23.519873 401.788788
537 318 556 306 579 303 599 312 579 320 557 323 718 307 736 297 759 298 779 308 760 315 738 314 353 334 80.354584 57.891228 58.362274 -0.402115 0.019965 -0.037497 8.273724 -22.500040 403.985382 -24.901535 -21.157131 404.383453 41.448982 -23.842951 403.587311
539 315 558 301 582 299 603 308 582 317 560 320 719 303 738 292 762 293 783 305 763 311 740 310 8 171 149.078568 25.877403 54.592987 -0.362679 0.040380 -0.032923 9.292210 -23.892078 404.089386 -23.868040 -22.582741 405.204346 42.452457 -25.201418 402.974396
536 341 557 328 581 326 603 334 581 343 558 346 727 331 747 321 771 322 791 334 771 340 748 338 893 604 -27.221680 110.935867 64.622673 -0.373746 -0.014603 -0.033523 10.338181 -12.985489 386.734985 -22.844694 -11.987906 386.055817 43.521057 -13.983071 387.414124
515 319 535 305 559 302 579 312 558 322 536 324 702 307 721 296 746 297 767 309 746 316 723 315 1296 100 -107.112373 11.219681 52.183426 -0.309425 0.001630 -0.041751 1.578617 -21.796019 392.344116 -31.597446 -20.423800 392.184631 34.754681 -23.168236 392.503601
510 342 530 329 554 327 576 336 555 343 532 346 696 332 717 321 742 322 764 333 742 338 719 338 1334 599 -114.949989 109.729965 64.265999 -0.318022 0.014041 -0.035668 0.060534 -12.679239 386.738373 -33.120094 -11.441550 387.009949 33.241161 -13.916929 386.466797
520 326 541 311 567 308 589 321 567 330 542 332 706 318 728 304 755 304 777 319 755 326 730 325 748 7 1.956763 -6.871782 50.220295 0.143156 0.005749 -0.027071 4.136816 -17.126923 373.435638 -29.055304 -16.244858 373.690094 37.328934 -18.008987 373.181183
546 328 567 314 594 313 614 326 592 334 568 336 736 325 756 312 782 313 803 326 782 334 758 333 136 90 123.659790 9.820240 52.560070 0.139913 0.008233 -0.007860 13.634012 -15.099215 371.769592 -19.568653 -14.858166 372.060303 46.836678 -15.340263 371.478912
532 335 553 322 578 319 599 329 578 337 554 340 719 327 740 316 765 317 786 329 764 335 741 334 1171 381 -82.401840 66.765991 59.065586 0.179699 0.038463 -0.033482 8.249081 -14.079237 376.963196 -24.912683 -13.088346 378.332550 41.410847 -15.070128 375.593842
544 340 564 328 588 326 609 334 588 342 565 344 727 333 748 324 772 326 792 337 771 341 748 340 445 896 61.739285 168.814301 71.944038 -0.394657 0.018520 -0.008547 11.955363 -12.823580 397.017120 -21.242632 -12.427333 397.560913 45.153358 -13.219826 396.473328
534 332 554 320 578 319 598 328 577 336 555 338 720 326 739 316 763 317 783 327 763 334 741 333 1226 466 -93.390724 83.522240 61.097839 0.205355 0.044707 -0.030730 8.145898 -14.832764 381.243591 -25.010237 -13.971889 382.821320 41.302032 -15.693639 379.665863
547 339 567 328 590 326 610 334 589 342 567 344 719 332 739 323 762 324 781 335 761 341 740 339 131 833 124.240517 156.530411 70.583633 -0.288618 0.006458 -0.017381 10.989412 -13.418104 413.249207 -22.209732 -12.818259 413.377960 44.188557 -14.017949 413.120483
533 327 554 313 580 311 601 322 579 331 555 333 717 320 737 307 763 308 784 322 763 328 739 327 1332 29 -114.234543 -2.817341 50.442158 0.100623 0.015798 -0.032718 8.319090 -16.915119 383.152924 -24.863829 -15.857159 383.731079 41.502007 -17.973082 382.574738
536 332 557 319 582 317 603 326 581 335 558 337 721 325 741 314 766 315 787 328 766 334 743 332 901 341 -28.666643 59.001720 58.239540 0.188047 0.032476 -0.025760 9.208368 -15.063806 381.419098 -23.968006 -14.314808 382.570984 42.384743 -15.812802 380.267212
547 335 566 325 588 323 607 330 588 337 567 339 726 328 745 321 766 322 785 332 766 337 745 335 288 805 93.023048 150.923889 69.820709 0.130354 0.019510 -0.019523 11.408862 -14.375060 397.237701 -21.783323 -13.770896 397.925781 44.601048 -14.979225 396.549622
542 332 562 320 587 318 608 327 587 335 563 337 726 326 747 316 771 318 792 331 771 335 747 333 374 399 76.140694 70.715271 59.927589 0.184920 0.025242 -0.012652 11.183825 -14.761924 384.007294 -22.007792 -14.421535 384.879303 44.375439 -15.102313 383.135284
540 324 560 311 585 310 605 321 584 330 560 331 727 321 746 309 771 310 791 322 771 330 748 329 513 86 48.662876 8.843523 52.261818 0.053131 0.009678 -0.009218 10.494282 -17.056295 377.273499 -22.707565 -16.758890 377.602814 43.696129 -17.353703 376.944183
537 326 557 313 582 311 602 322 581 331 558 333 724 321 743 309 767 310 787 322 767 330 745 329 706 155 10.229648 22.372108 53.832340 0.101043 0.012044 -0.021549 9.638064 -16.701916 379.777161 -23.556641 -16.007847 380.212463 42.832767 -17.395983 379.341827
537 328 558 315 582 313 602 324 581 333 558 334 723 323 743 312 767 312 787 325 767 332 744 331 753 290 0.804406 49.004982 57.081573 -0.304559 -0.007936 -0.016037 9.852013 -16.978476 393.550629 -23.347527 -16.494011 393.210724 43.051552 -17.462938 393.890533
542 335 562 323 585 321 606 329 585 337 563 339 723 328 743 319 767 321 787 332 766 337 744 335 443 668 62.264187 123.795967 66.415146 -0.394403 0.013171 -0.011250 10.641124 -14.702042 399.852539 -22.558773 -14.252990 400.205902 43.841019 -15.151093 399.499176
544 334 563 323 585 322 605 329 585 336 564 338 723 327 742 319 763 320 782 330 763 335 742 334 152 826 120.066742 155.137833 70.402641 -0.301793 0.006219 -0.015501 10.561664 -15.468869 407.695312 -22.638554 -14.931041 407.821625 43.761879 -16.006697 407.569000
534 322 554 309 578 308 598 319 577 328 554 329 717 317 736 305 760 305 780 318 760 325 738 325 1359 29 -119.605835 -2.830726 50.427746 0.181087 0.031684 -0.029963 7.736329 -18.408602 386.020386 -25.437004 -17.514402 387.156189 40.909660 -19.302801 384.884583
542 332 562 322 584 320 603 327 583 335 562 336 723 326 741 318 763 320 782 329 763 334 742 333 556 750 39.738651 139.931107 68.343674 -0.413373 0.013865 -0.008543 10.152451 -15.910144 406.503510 -23.048023 -15.540684 406.893036 43.352924 -16.279604 406.113953
531 226 555 213 584 212 608 225 583 231 556 232 740 225 764 212 792 213 814 227 790 233 764 232 1109 861 -70.335197 161.574249 70.740707 0.228454 0.016201 -0.000450 11.888574 -46.021339 336.205444 -21.311897 -46.067707 336.740417 45.089046 -45.974972 335.670502
519 230 540 219 566 217 589 228 566 234 542 235 720 226 743 216 769 216 792 227 769 233 744 232 1439 781 -135.939743 145.614380 68.624222 -0.175143 0.006629 -0.012878 6.403917 -48.220337 355.836487 -26.797422 -47.775688 356.018127 39.605255 -48.664986 355.654846
535 170 558 157 585 157 608 169 584 177 558 178 735 176 758 165 785 168 805 183 783 188 758 185 920 240 -32.390167 39.049534 55.779720 -0.265945 -0.027914 0.038590 11.891306 -66.310303 357.997253 -21.276075 -67.698654 357.250977 45.058685 -64.921951 358.743561
508 180 532 164 561 163 584 179 559 187 532 188 713 181 737 166 766 167 790 183 765 191 738 190 1355 62 -118.828468 3.687211 51.230270 -0.139458 -0.028325 0.001266 4.320730 -61.808987 344.284912 -28.870758 -61.916370 343.350464 37.512218 -61.701607 345.219360
565 185 589 173 618 174 640 189 615 195 588 195 768 196 791 184 818 186 839 201 816 208 791 205 248 478 101.162704 86.376541 61.910931 0.240043 0.020644 0.051199 22.195532 -58.420315 348.257416 -10.958941 -60.185074 348.732971 55.350006 -56.655560 347.781891
549 190 570 180 593 180 614 189 593 195 570 196 739 190 759 181 783 182 802 192 782 198 760 197 1317 789 -111.673920 147.254501 68.883377 -0.192290 0.060465 0.027444 13.914478 -63.347771 372.745148 -19.217384 -64.060387 374.826355 47.046341 -62.635151 370.663940
524 167 547 153 575 153 598 166 573 174 547 175 724 172 748 160 775 162 797 178 774 184 748 181 1262 90 -100.342957 9.262006 51.959030 0.296470 0.043351 0.030680 8.277197 -65.937889 349.774658 -24.881142 -67.153046 351.042603 41.435535 -64.722733 348.506744
569 168 594 155 623 157 645 173 619 179 592 177 769 188 793 178 820 182 839 200 816 204 791 199 235 238 103.882599 38.994225 56.096851 0.305385 0.076261 0.101223 23.378557 -62.713470 352.609741 -9.562013 -66.396790 354.587524 56.319126 -59.030151 350.631958
567 173 592 163 619 164 641 177 616 183 590 182 768 190 790 182 816 186 836 200 813 204 789 201 806 400 -9.800527 70.698555 59.721249 -0.169874 -0.045375 0.089817 23.417543 -64.110069 364.987183 -9.619699 -67.200661 363.742767 56.454784 -61.019482 366.231567
565 171 589 161 617 162 639 175 614 181 588 180 765 188 787 179 813 183 832 198 810 202 786 198 1338 256 -115.554634 42.001553 55.944668 -0.152020 -0.065041 0.082261 22.543242 -64.796822 364.859528 -10.479509 -67.676468 362.919128 55.565994 -61.917171 366.799927
568 170 593 158 621 160 643 174 617 180 591 179 768 188 791 179 817 183 837 199 814 203 790 199 885 202 -25.406212 31.563663 54.876743 -0.151104 -0.051158 0.094207 23.761930 -64.887360 364.286591 -9.252632 -68.125603 362.833282 56.776493 -61.649120 365.739899
568 169 594 157 622 159 644 174 619 180 592 179 769 189 792 180 819 184 838 201 815 205 791 200 1264 97 -100.744728 10.643187 52.127743 -0.185434 -0.067073 0.100089 24.049225 -64.358406 362.909973 -8.915557 -67.860481 361.007812 57.014008 -60.856335 364.812134
569 177 593 168 620 169 642 180 617 186 592 185 768 195 790 189 815 193 834 208 812 210 789 205 1029 727 -54.345604 135.155182 67.533348 -0.281660 -0.055072 0.100257 23.598431 -62.757782 367.654175 -9.390817 -66.291313 366.318787 56.587681 -59.224255 368.989563
570 170 596 158 624 160 646 175 621 181 594 179 770 191 793 181 820 186 840 203 817 207 792 202 773 199 -3.123628 31.026831 54.863762 -0.180600 -0.062134 0.106461 24.743233 -64.309326 364.732452 -8.210319 -68.001808 363.003662 57.696781 -60.616852 366.461243
574 177 598 167 625 169 646 181 622 186 597 185 772 197 794 190 819 195 838 210 816 212 793 207 450 774 60.812572 144.722534 68.982353 -0.277657 -0.040286 0.115371 25.242920 -62.863232 369.815033 -7.715857 -66.819916 369.025543 58.201698 -58.906551 370.604523
565 168 590 156 618 157 640 172 615 178 589 177 764 186 787 175 814 179 833 196 811 200 786 197 1257 45 -99.323196 0.379092 50.870258 0.252055 0.040966 0.084413 22.389816 -64.280548 357.861420 -10.669713 -67.220192 358.854218 55.449345 -61.340900 356.868591
555 182 577 170 603 170 623 182 600 189 577 190 741 190 761 180 785 183 803 198 783 202 761 199 736 12 4.341218 -5.878567 50.347973 -0.228540 -0.053912 0.050739 16.633663 -67.371170 390.274261 -16.480591 -69.243362 388.692902 49.747917 -65.498978 391.855621
527 200 549 188 574 188 595 198 573 204 549 205 714 204 735 195 760 198 779 211 758 215 735 212 1384 442 -124.809349 78.705032 60.431400 -0.230169 -0.050429 0.029907 6.711811 -61.304569 387.000793 -26.436199 -62.480129 385.455780 39.859821 -60.129013 388.545807
527 199 548 187 574 186 595 197 572 204 548 205 714 203 735 194 760 197 779 210 758 214 735 211 1213 335 -90.731560 57.662323 57.927471 -0.204541 -0.046443 0.032851 6.609315 -61.716587 387.555176 -26.541971 -62.956345 386.135742 39.760601 -60.476826 388.974640
530 198 551 186 576 185 596 197 574 204 551 205 717 200 738 189 762 191 782 203 761 210 738 208 940 294 -36.398991 49.702087 57.078773 0.304608 0.023270 0.022582 7.247101 -60.984344 377.624268 -25.940392 -61.839256 378.271606 40.434593 -60.129429 376.976898
521 317 544 304 570 302 593 312 570 321 544 323 727 312 749 302 776 303 798 315 776 322 750 320 1367 565 -121.495956 103.000198 63.423744 0.152785 0.031500 -0.016471 7.756513 -17.957262 342.123230 -25.427364 -17.492311 343.206604 40.940392 -18.422213 341.039856
513 329 534 317 558 315 579 323 558 331 534 333 710 322 731 314 757 315 779 326 756 331 732 330 1134 810 -75.280205 151.491745 69.490402 0.177106 0.017977 -0.010426 2.896442 -15.003571 356.369843 -30.301220 -14.711943 356.994202 36.094105 -15.295199 355.745483
543 329 563 319 587 317 609 325 587 332 564 334 733 324 754 317 777 318 798 329 777 333 754 332 503 848 50.227699 159.307785 70.748878 -0.357099 0.021095 0.001427 12.351775 -15.592982 381.454987 -20.845695 -15.515636 382.148956 45.549244 -15.670329 380.761017
523 318 545 304 572 302 595 313 571 322 546 324 722 313 745 301 772 303 794 316 771 322 746 321 1209 215 -89.868950 33.969925 55.019100 0.190562 0.027681 -0.013554 7.445862 -18.169657 353.215424 -25.743229 -17.809704 354.171600 40.634953 -18.529610 352.259216
560 311 581 299 606 298 627 309 605 317 581 318 754 310 774 300 799 302 819 314 798 321 775 319 127 409 125.272491 72.812256 60.301975 0.105856 0.017180 0.008391 18.755350 -20.263567 365.694153 -14.443399 -20.571829 366.248779 51.954102 -19.955305 365.139557
562 307 584 295 611 294 632 306 609 314 584 315 760 309 782 298 807 300 828 314 806 320 782 318 438 292 63.468361 49.556057 57.298222 0.230867 0.053641 0.014460 20.176174 -20.513142 358.196838 -12.977636 -21.193424 359.906128 53.329983 -19.832859 356.487549
560 314 581 304 606 302 627 310 605 318 582 319 753 312 773 305 797 306 817 317 796 322 774 320 1055 665 -59.483414 122.900192 66.015709 -0.326183 0.006957 0.014874 19.155062 -20.434156 380.786224 -14.045315 -20.881960 381.092987 52.355438 -19.986353 380.479462
559 314 581 303 605 302 626 310 604 318 581 319 752 312 773 304 797 307 817 318 796 322 773 320 850 742 -18.744287 138.205719 67.992706 -0.362314 0.013416 0.018379 18.956642 -20.426138 380.837372 -14.239669 -20.943281 381.382477 52.152954 -19.908997 380.292267
561 313 582 302 608 300 629 309 607 316 583 317 752 312 773 305 798 308 818 320 796 324 773 321 614 721 28.216480 134.176208 67.609344 -0.458402 0.005683 0.031630 19.465242 -20.360729 381.962738 -13.722725 -21.331938 382.381378 52.653210 -19.389521 381.544098
572 292 595 278 622 278 644 290 620 297 595 298 768 295 789 286 815 289 835 304 813 308 789 305 119 164 127.000488 24.440201 54.363960 -0.390215 -0.012488 0.044636 24.577805 -26.702116 376.788605 -8.591798 -28.226267 376.670013 57.747406 -25.177963 376.907196
563 299 585 288 609 286 630 295 608 303 585 304 758 297 778 289 802 291 822 303 801 308 779 306 1006 461 -49.621857 82.644043 61.093998 -0.422147 0.010179 0.020468 20.243883 -25.253937 373.316711 -12.952383 -25.843206 373.786041 53.440151 -24.664667 372.847351
574 292 597 279 624 278 646 289 623 297 597 298 771 294 792 285 817 288 837 303 816 307 792 304 637 55 24.011995 2.661000 51.443748 -0.318483 -0.029723 0.033386 25.496775 -26.926325 375.818787 -7.675150 -28.171694 375.023804 58.668701 -25.680956 376.613800
581 293 603 281 629 280 651 290 627 298 603 299 777 294 797 286 821 289 840 302 820 307 797 304 467 523 57.570492 95.153358 62.885471 -0.237152 -0.033729 0.028531 27.193300 -26.734299 374.388733 -5.979269 -27.804655 373.391388 60.365868 -25.663944 375.386047
582 308 604 297 629 296 650 305 628 313 604 314 770 311 791 304 814 307 833 320 812 323 791 320 464 814 58.005173 152.613708 69.945053 -0.431336 -0.018410 0.042432 26.835154 -21.596638 388.441559 -6.334695 -23.091581 388.148376 60.005001 -20.101694 388.734741
593 303 616 292 641 291 662 301 639 308 616 308 784 309 804 302 827 305 845 318 825 321 804 318 312 318 88.519897 54.752304 57.996090 -0.384874 -0.041968 0.054318 30.879480 -22.433756 381.414459 -2.248099 -24.456535 380.398804 64.007057 -20.410976 382.430084
578 302 601 290 627 289 649 300 626 307 601 308 772 307 793 299 818 303 837 317 816 320 793 317 960 288 -40.374382 48.507454 56.922573 -0.326781 -0.062140 0.042607 26.446806 -22.714512 377.964752 -6.664639 -24.436874 376.168823 59.558250 -20.992149 379.760651
579 307 601 297 626 296 648 305 625 311 601 313 770 311 790 305 813 308 833 320 812 323 790 320 618 555 27.513220 101.396996 63.581005 -0.438869 -0.025418 0.044924 26.160154 -21.591135 386.049561 -7.001141 -23.216967 385.554810 59.321449 -19.965303 386.544312
577 304 598 293 622 292 642 301 621 308 598 310 767 302 786 294 809 295 828 306 808 312 787 310 987 346 -45.777988 59.946350 58.314903 -0.204987 0.001327 0.009380 24.731318 -24.492092 386.518250 -8.472012 -24.796871 386.593811 57.934647 -24.187313 386.442688
578 304 600 294 624 293 646 301 623 307 600 308 766 307 787 301 810 304 829 316 808 319 787 315 1427 426 -133.354721 75.524467 60.020378 -0.378229 -0.045300 0.037831 25.302567 -22.995611 386.609680 -7.845119 -24.502333 385.376648 58.450253 -21.488890 387.842682
582 306 604 296 628 295 650 304 627 310 604 311 768 311 788 305 811 308 830 320 810 323 788 319 1295 615 -107.200371 112.908554 64.674889 -0.412874 -0.025410 0.052128 26.631264 -22.103949 392.002869 -6.518519 -23.956804 391.535522 59.781048 -20.251093 392.470215
592 309 615 297 642 296 664 307 640 315 615 316 784 311 805 301 830 303 850 316 829 322 805 319 616 473 27.956779 85.206833 61.593224 -0.354857 -0.009540 0.025917 31.635975 -21.655575 385.468475 -1.556309 -22.553703 385.309448 64.828262 -20.757446 385.627502
595 302 618 288 645 288 666 302 642 309 617 310 787 304 808 291 833 293 853 306 832 314 809 313 389 224 73.254143 36.153534 55.675091 0.229344 0.067520 0.004239 31.480053 -23.243185 371.616760 -1.649133 -23.638491 373.821381 64.609238 -22.847879 369.412109
591 300 614 286 642 286 664 300 640 307 614 308 783 305 804 293 830 295 850 311 829 317 805 314 478 158 55.585548 23.077501 54.026806 -0.238105 -0.014282 0.036778 31.545021 -24.342411 384.342834 -1.634074 -25.607986 384.017883 64.724113 -23.076836 384.667786
580 301 603 287 630 286 652 298 629 307 603 308 775 300 796 289 822 290 843 304 821 311 797 309 715 397 8.304387 70.151314 59.697060 -0.193876 -0.006909 0.007791 27.538961 -24.998940 377.273804 -5.664056 -25.278191 377.070862 60.741982 -24.719687 377.476776
568 296 590 284 616 283 637 295 614 304 590 305 764 295 784 283 810 283 830 295 810 304 786 304 982 155 -44.676888 22.235275 53.685017 0.023257 -0.043054 -0.011932 22.061129 -25.168177 359.373810 -11.110554 -24.755514 357.949432 55.232811 -25.580841 360.798218
576 291 598 277 625 277 646 293 623 301 598 301 772 295 792 280 819 281 839 295 818 305 794 304 493 5 52.686741 -7.140267 50.307899 0.196591 0.025812 0.010942 24.715197 -25.964602 360.645874 -8.476610 -26.409508 361.461731 57.907005 -25.519695 359.830017
571 300 594 286 621 284 643 296 620 304 594 306 763 298 784 286 810 287 831 302 809 308 785 306 1401 209 -128.061462 32.690022 54.771088 -0.288123 -0.031333 -0.003850 23.883781 -25.540899 378.546387 -9.304603 -25.563667 377.502197 57.072163 -25.518131 379.590546
572 304 594 292 620 290 642 301 619 309 594 310 768 302 788 291 813 293 834 306 813 312 789 310 1018 349 -51.946697 60.523342 58.371120 0.162563 0.045897 -0.012910 23.619606 -22.981537 364.833679 -9.547557 -22.678478 366.385162 56.786770 -23.284597 363.282196
573 310 594 298 620 296 642 306 620 313 595 315 766 307 787 299 812 301 832 313 811 318 788 315 503 560 50.388157 102.441277 63.763660 -0.378712 0.014112 0.014993 23.976965 -21.663151 376.471436 -9.220894 -22.061480 377.022003 57.174824 -21.264822 375.920868
579 308 600 297 625 296 645 306 623 313 600 314 771 307 791 298 815 300 834 311 814 317 792 315 37 736 142.994614 137.424057 68.281151 -0.363605 0.045533 0.026951 25.619589 -22.431355 381.606262 -7.539263 -23.034470 383.245270 58.778442 -21.828239 379.967255
576 305 597 293 622 292 643 301 621 309 597 310 766 302 786 293 810 295 830 306 810 312 787 310 373 540 76.261070 98.556664 63.347969 -0.374671 0.024490 0.013637 24.705564 -24.305489 386.063324 -8.486357 -24.597172 386.941345 57.897484 -24.013805 385.185333
573 304 595 292 620 291 641 300 619 307 595 309 763 300 784 291 808 293 827 305 807 310 784 308 671 347 17.085461 60.300465 58.507835 -0.363049 0.017153 0.007546 23.822063 -24.867090 386.148254 -9.376984 -25.009922 386.750336 57.021111 -24.724260 385.546143
579 304 600 293 624 291 646 300 624 307 600 309 768 301 788 293 812 295 831 306 811 310 789 308 84 630 133.703644 116.470726 65.685112 -0.380871 0.035052 0.018449 25.655342 -24.828243 388.725311 -7.523737 -25.207037 389.976227 58.834423 -24.449448 387.474426
579 308 600 297 624 296 645 303 623 310 600 312 763 305 784 298 807 300 826 311 806 315 784 312 853 768 -19.355583 143.338013 68.621719 -0.398423 0.005556 0.012788 25.101585 -23.458481 393.831085 -8.100042 -23.835686 394.094208 58.303215 -23.081278 393.567993
581 306 602 295 626 293 648 302 626 308 603 310 768 303 789 296 812 298 831 310 811 313 789 311 148 669 120.949966 124.139671 66.596863 -0.401004 0.024853 0.022417 26.216724 -24.034603 391.220459 -6.969741 -24.595797 392.170868 59.403187 -23.473410 390.270081
573 306 594 294 619 292 641 301 619 308 595 310 761 301 782 293 806 294 825 306 805 310 782 308 1154 580 -79.130791 106.067596 63.901253 -0.389845 -0.000171 0.000526 23.560797 -24.480429 388.325012 -9.644012 -24.498547 388.322845 56.765602 -24.462311 388.327179
578 306 600 295 624 293 646 301 624 308 600 310 765 303 786 295 809 297 829 309 808 313 786 310 684 663 14.323223 122.689217 66.165230 -0.410623 0.007939 0.014144 25.447815 -24.102182 391.410339 -7.752692 -24.505346 391.761688 58.648323 -23.699020 391.059021
582 307 602 296 626 294 647 302 626 309 603 311 761 303 781 296 804 298 823 309 803 313 781 311 1288 875 -105.952675 164.249847 70.984726 -0.354335 0.006015 0.010503 25.558661 -24.451332 401.328308 -7.643746 -24.757795 401.585022 58.761066 -24.144867 401.071564
574 303 596 291 621 289 642 298 620 306 596 308 763 299 784 289 808 291 827 303 807 308 784 306 913 394 -31.083412 69.460785 59.518608 -0.352257 0.005182 0.003021 24.277878 -25.690943 389.885651 -8.926345 -25.759207 390.071686 57.482098 -25.622681 389.699615
571 303 592 291 617 289 639 297 617 305 593 307 759 298 779 290 803 291 823 304 802 308 780 305 1356 418 -119.225754 73.980042 59.864243 -0.368963 -0.019175 -0.002416 22.922056 -25.518162 388.354736 -10.276626 -25.555864 387.717804 56.120739 -25.480459 388.991669
553 360 572 348 595 347 615 356 594 362 573 364 722 353 740 343 763 344 782 356 762 360 742 359 317 785 87.265030 146.960449 69.320145 -0.327485 0.098998 0.003400 12.179302 -5.277116 419.546753 -20.864189 -4.854785 422.788513 45.222794 -5.699448 416.305023
553 341 573 325 597 324 616 338 595 346 574 348 716 330 734 314 758 314 778 329 759 337 737 337 886 153 -25.577848 21.887962 53.687752 -0.302451 0.212181 -0.013868 11.005613 -13.464445 413.512054 -21.457062 -11.961011 420.329254 43.468288 -14.967879 406.694885
558 351 578 338 601 336 621 345 600 352 578 354 729 340 748 330 771 331 790 345 771 348 749 347 187 374 113.355789 65.871651 59.421051 -0.430859 0.116141 0.004728 14.855206 -9.542293 417.552826 -18.128990 -8.877046 421.315796 47.839401 -10.207541 413.789886
567 358 586 344 609 343 628 355 607 363 586 364 722 350 740 337 762 338 781 352 762 359 741 358 1382 263 -124.311752 43.361912 56.090958 -0.448064 0.159083 0.016813 15.588301 -6.422108 444.439026 -17.199612 -5.798311 449.647034 48.376213 -7.045906 439.231018
568 358 588 346 611 345 630 354 610 360 588 362 734 352 752 343 774 344 792 356 774 361 753 359 213 852 107.917122 160.241379 71.000694 -0.444526 0.085422 0.020017 18.066120 -5.716713 429.709778 -15.013066 -5.739131 432.595367 51.145306 -5.694295 426.824188
570 359 589 344 613 343 632 356 611 364 590 365 725 351 743 337 766 337 785 352 766 360 745 359 1351 177 -118.096794 26.396307 54.021641 -0.419771 0.162356 0.009875 16.957375 -6.034098 441.785706 -15.815560 -5.238513 447.064087 49.730309 -6.829683 436.507294
564 341 584 327 607 326 626 339 606 346 584 347 732 334 750 320 774 321 793 335 774 342 753 341 277 11 95.653732 -5.848463 50.568726 -0.222458 0.172999 0.007212 16.226967 -12.632782 417.141541 -16.483381 -12.234381 422.836639 48.937313 -13.031183 411.446442
560 348 580 338 601 337 620 345 600 351 580 352 730 344 747 335 769 336 787 346 769 351 749 350 462 561 58.544006 102.659058 63.809799 -0.398447 0.086855 0.014373 14.808208 -9.211830 418.147247 -18.269707 -9.109310 421.045624 47.886124 -9.314351 415.248840
562 347 581 337 603 336 621 345 602 350 581 351 732 343 750 335 771 336 789 347 771 351 751 350 501 755 50.677387 140.945633 68.494301 -0.381489 0.076160 0.018855 15.705798 -9.541759 422.293671 -17.398098 -9.675825 424.877014 48.809696 -9.407692 419.710327
553 350 572 339 595 338 613 347 593 354 572 355 723 345 741 336 763 337 781 348 763 353 743 352 863 829 -21.378937 155.377701 70.095886 -0.375724 0.055043 0.003943 12.407505 -8.753694 421.894257 -20.747355 -8.542244 423.702637 45.562363 -8.965144 420.085876
565 352 584 336 608 335 627 349 606 358 585 359 720 342 738 326 762 326 781 342 762 350 740 350 1047 85 -57.568775 8.381330 51.952522 -0.289198 0.246111 -0.002667 14.407730 -9.123497 431.626923 -17.803373 -7.869525 439.591370 46.618832 -10.377469 423.662506
568 342 588 330 611 329 630 338 609 345 588 346 739 336 757 325 779 327 798 339 779 344 759 342 688 497 13.619964 89.910011 62.136894 -0.442888 0.091381 0.015940 18.567043 -12.075296 417.640778 -14.497333 -11.926178 420.687805 51.631420 -12.224415 414.593781
588 333 608 322 630 321 648 329 628 335 608 337 760 329 777 321 797 324 814 336 797 339 778 336 185 876 113.473976 164.994125 71.597740 -0.386504 0.086593 0.041168 26.212904 -14.936646 419.787872 -6.841285 -15.719436 422.848480 59.267094 -14.153857 416.727234
593 344 613 334 635 333 654 341 634 347 613 348 769 340 786 331 807 332 824 343 807 347 787 346 104 457 129.821289 82.301414 61.478455 -0.388411 0.126534 0.032727 28.470295 -10.592152 411.247131 -4.454864 -10.844089 415.540161 61.395454 -10.340216 406.954102
559 358 578 346 601 345 619 355 599 362 579 363 724 352 742 340 764 341 782 354 764 359 743 358 1347 851 -117.676567 159.481720 70.371132 -0.392981 0.116201 0.008194 13.654864 -5.849018 424.660767 -19.327793 -5.365966 428.464813 46.637520 -6.332070 420.856750
568 354 589 337 614 338 632 355 610 363 588 363 721 353 739 337 764 338 783 355 763 364 741 363 1323 65 -112.464165 4.295435 51.320114 -0.384382 0.166195 0.045944 16.192493 -6.118067 444.058441 -16.525961 -6.553898 449.704010 48.910950 -5.682236 438.412903
551 238 574 223 601 222 622 235 599 242 574 243 733 233 755 220 781 222 803 238 780 243 756 241 696 240 12.171657 39.160583 55.899288 -0.325915 0.096019 0.030781 14.796201 -49.242596 387.718567 -18.241444 -49.730412 391.010345 47.833843 -48.754780 384.426819
542 256 569 236 602 236 624 257 596 267 567 268 716 257 740 239 771 241 796 264 771 274 742 271 951 199 -38.534363 30.938583 54.768749 -0.440517 0.065472 0.060466 12.363130 -41.986595 397.661499 -20.712019 -43.456615 400.197845 45.438278 -40.516571 395.125122
552 253 577 237 606 239 627 258 601 267 575 266 724 261 746 244 774 246 795 265 772 275 747 273 904 10 -29.079037 -6.356762 50.209789 -0.588151 0.060151 0.079607 13.774235 -40.312904 387.248230 -19.270138 -42.232075 389.883698 46.818607 -38.393734 384.612732
540 244 561 231 586 229 606 240 584 247 561 249 716 235 735 222 760 223 780 237 759 242 737 241 861 471 -20.781603 84.690460 61.413940 -0.235951 0.110452 -0.000771 8.802133 -49.616222 400.686493 -24.201269 -49.160667 404.309692 41.805534 -50.071777 397.063293
568 248 587 233 611 233 629 249 609 256 588 257 724 244 742 226 766 225 786 240 766 250 744 250 1223 574 -92.854080 104.848671 63.718895 -0.363137 0.142749 0.003440 16.129593 -50.708401 430.847412 -16.740986 -49.969994 435.488464 49.000172 -51.446812 426.206360
562 253 580 234 606 235 624 254 604 263 581 264 715 248 732 227 758 225 779 243 759 255 736 256 1368 219 -121.502121 34.680912 55.031246 0.345300 -0.095336 -0.023080 13.677910 -49.101368 429.725433 -19.368868 -47.810661 426.758240 46.724689 -50.392075 432.692596
566 260 586 247 611 247 630 259 609 266 586 267 738 261 759 251 784 254 804 268 783 273 759 271 43 140 142.133057 19.739004 53.822426 -0.505928 0.080525 0.063597 18.155577 -40.838501 400.908020 -14.878278 -42.196178 403.987091 51.189434 -39.480824 397.828918
564 242 583 224 609 224 627 243 606 253 584 253 725 238 743 218 769 217 789 234 769 246 746 247 863 109 -20.977789 13.211427 52.632843 -0.411870 0.115760 0.001894 15.998616 -52.937572 428.538116 -16.987034 -52.218994 432.278442 48.984264 -53.656155 424.797760
574 247 592 237 613 236 630 246 612 252 592 252 738 244 755 234 776 235 795 245 776 251 756 250 360 895 78.649460 168.658981 71.965157 -0.458173 0.098400 0.027039 19.208794 -50.346336 428.803802 -13.826278 -50.476692 432.154449 52.243866 -50.215981 425.453186
574 256 593 242 616 241 636 252 615 259 594 260 736 248 755 236 779 237 798 250 778 256 757 255 101 816 130.218094 153.188583 70.187325 -0.422758 0.123638 0.018681 20.101425 -48.631302 433.674103 -12.847983 -48.377869 437.776794 53.050831 -48.884735 429.571442
574 261 596 248 622 247 643 257 619 265 595 267 745 260 767 251 794 255 816 269 793 273 768 270 258 88 99.390625 9.364850 52.446442 -0.598742 0.068714 0.062788 22.421743 -41.806221 409.153687 -10.643576 -43.103439 411.903534 55.487061 -40.509007 406.403870
561 248 579 236 602 236 620 247 601 255 579 256 732 248 751 237 775 238 795 250 775 258 752 257 1226 725 -93.535027 134.662613 67.379684 -0.141248 0.188663 0.034730 14.297358 -43.469482 381.748047 -18.299372 -44.171474 388.034546 46.894085 -42.767490 375.461548
570 246 590 229 616 227 635 243 613 252 590 254 726 240 745 224 771 225 791 243 770 251 747 250 794 351 -7.385985 61.029301 58.539196 -0.391023 0.087309 0.014507 18.477365 -53.587662 445.858124 -14.599128 -53.497307 448.773102 51.553860 -53.678013 442.943146
568 243 586 229 610 229 627 240 608 249 586 250 738 239 756 227 781 228 800 241 781 249 758 248 768 672 -2.392475 124.424652 66.338684 -0.307901 0.087999 0.014877 16.469536 -45.018970 374.368469 -16.604166 -45.058556 377.316071 49.543240 -44.979389 371.420898
585 247 606 234 631 232 651 240 629 247 606 250 750 235 769 226 794 229 816 242 795 245 772 243 439 606 63.094479 111.555855 64.913521 -0.380870 0.155346 0.032129 25.079033 -51.149487 419.042786 -7.713880 -51.217846 424.256195 57.871944 -51.081123 413.829346
577 246 595 232 618 232 635 245 616 252 595 253 734 243 751 229 773 229 791 243 773 250 753 250 1234 666 -95.093643 123.008904 65.944412 -0.382439 0.089522 0.013582 19.946903 -52.781765 443.815796 -13.123535 -52.660084 446.797546 53.017342 -52.903446 440.834015
582 244 600 230 623 229 642 240 622 247 601 249 743 235 761 222 784 223 802 236 784 242 763 241 734 439 4.501189 78.434921 60.705597 -0.341793 0.149980 0.011157 22.611986 -53.648041 432.945862 -10.221650 -53.168732 437.873566 55.445621 -54.127350 428.018158
580 246 599 231 623 229 642 240 622 248 600 250 742 232 761 218 785 218 805 232 785 239 763 238 727 128 6.067019 17.030462 53.166267 -0.367126 0.173083 -0.005329 22.145235 -53.082344 424.182190 -10.568535 -51.869656 429.740814 54.859005 -54.295033 418.623566
585 245 604 231 627 231 644 246 625 253 604 253 736 243 753 227 776 227 795 241 776 250 755 250 1092 478 -66.739883 85.958115 61.460415 -0.412101 0.127227 0.024758 22.370056 -52.877907 444.437195 -10.560152 -52.817642 448.698334 55.300266 -52.938175 440.176056
576 241 595 225 619 224 636 240 617 249 595 250 736 236 754 219 778 219 796 235 778 245 756 245 672 58 17.047539 3.236007 51.497829 -0.455843 0.105449 0.012610 20.333372 -54.105087 433.680908 -12.687585 -53.725079 437.149567 53.354328 -54.485096 430.212219
582 239 600 227 620 226 637 237 619 244 600 245 742 234 759 223 779 223 796 235 779 242 760 241 562 548 38.657578 100.042587 63.441116 -0.404164 0.113955 0.024048 21.941011 -55.543674 440.005554 -11.041905 -55.565411 443.837830 54.923927 -55.521938 436.173279
581 243 600 226 624 226 641 244 621 253 600 254 732 240 749 222 774 221 792 238 774 250 752 250 1092 79 -66.517586 7.174302 51.782978 -0.425521 0.122133 0.019978 21.404249 -54.958473 452.553711 -11.550422 -54.751545 456.616547 54.358917 -55.165401 448.490875
581 241 599 227 621 227 638 241 619 248 599 249 737 238 754 224 776 225 794 239 776 247 755 246 915 522 -31.552601 94.733803 62.622082 -0.442374 0.100386 0.026077 21.073212 -54.302795 441.288177 -11.956057 -54.414501 444.696198 54.102478 -54.191093 437.880157
578 243 597 229 620 229 637 242 617 251 596 251 739 242 757 228 780 229 798 244 779 251 758 250 155 547 119.625381 100.046913 63.634113 -0.474978 0.082720 0.033987 21.481277 -53.194954 442.132080 -11.593318 -53.640362 445.035950 54.555874 -52.749550 439.228210
