543 482 556 476 572 476 585 484 571 487 556 487 659 485 672 478 687 479 698 486 686 490 672 489 211 670 97.088280 139.319992 26.579185 -0.695566 -0.027437 0.017766 -5.017176 78.715721 606.696045 -38.204956 77.868073 606.053833 28.170603 79.563370 607.338196
550 468 563 463 578 464 591 472 577 475 563 474 663 478 676 471 691 472 702 480 689 483 676 482 935 505 -46.905018 106.340500 27.428600 -0.709649 -0.038692 0.070214 -2.106726 74.320076 617.719177 -35.209293 71.744995 617.333557 30.995840 76.895157 618.104797
577 466 591 461 605 462 617 470 604 472 590 471 686 476 697 470 710 471 720 478 709 481 697 480 137 395 111.740852 85.012192 19.823153 -0.583937 -0.067566 0.079972 12.705236 77.356239 654.325317 -20.322878 74.217766 652.963989 45.733349 80.494713 655.686707
534 471 547 464 563 464 575 471 561 474 546 475 650 475 663 469 679 471 693 479 679 481 664 480 1395 742 -138.316376 152.940369 35.779320 -0.763014 -0.011487 0.042865 -9.665291 70.134216 584.058777 -42.838966 68.706902 584.230530 23.508387 71.561539 583.887024
550 469 563 463 578 464 591 472 577 475 563 474 663 476 676 470 690 470 702 477 689 481 676 480 277 452 83.916634 96.204666 22.018940 -0.687913 -0.029144 0.050667 -2.136459 74.222572 622.128052 -35.286770 72.350853 621.791443 31.013849 76.094299 622.464661
544 478 557 473 571 473 584 481 570 483 557 483 656 484 668 478 682 479 693 486 681 489 668 488 1083 870 -76.251350 178.396194 36.713348 -0.709313 -0.049442 0.040968 -6.550083 80.140259 627.905884 -39.689293 78.334000 626.861877 26.589125 81.946510 628.949890
538 478 551 472 566 472 578 480 565 483 551 482 651 482 663 476 677 476 689 483 677 487 663 486 1264 786 -112.259186 161.703018 35.948849 -0.715637 -0.048645 0.027239 -9.558688 78.507553 621.979736 -42.714073 77.125214 620.809631 23.596697 79.889893 623.149841
509 442 522 436 536 435 549 442 536 445 522 446 624 439 637 433 652 432 665 438 652 442 638 442 664 802 7.045394 165.173233 32.485950 -0.674077 -0.023413 -0.034246 -24.839788 52.885567 603.544434 -58.017101 53.685982 602.455872 8.337522 52.085155 604.632996
508 467 521 460 536 460 550 467 536 471 522 471 625 465 639 457 654 457 668 463 654 468 639 468 820 869 -23.957954 178.333710 35.012337 -0.718976 -0.030144 -0.030396 -24.054832 66.385658 594.403564 -57.230515 66.965378 593.139526 9.120848 65.805931 595.667603
527 442 540 435 556 436 570 444 555 448 540 448 643 444 656 436 672 435 685 443 671 448 657 448 431 71 53.211220 20.831860 14.295599 -0.643825 -0.028243 -0.004580 -13.822193 54.304348 601.910339 -47.013878 54.154526 600.988831 19.369492 54.454170 602.831848
528 448 542 442 557 442 570 450 557 453 542 453 645 450 658 443 673 443 686 449 673 454 658 454 195 564 100.246040 118.380371 24.054953 -0.680678 -0.025274 0.002788 -13.091858 58.072151 603.254517 -46.286346 57.711811 602.509033 20.102631 58.432491 604.000000
513 452 526 445 542 445 556 453 542 457 527 457 630 451 643 443 659 443 672 449 659 455 644 455 1377 378 -134.818375 81.015511 27.346933 -0.668412 -0.038232 -0.025880 -21.351147 58.718616 599.164673 -54.521877 59.106457 597.711426 11.819583 58.330776 600.617859
513 452 526 445 542 445 555 453 541 457 526 457 630 451 643 443 659 443 672 449 659 455 644 455 899 297 -39.793262 65.253792 22.446012 -0.671147 -0.031929 -0.025316 -21.391895 58.488869 595.560181 -54.570168 58.925003 594.306519 11.786375 58.052738 596.813904
522 454 535 448 551 448 564 455 550 459 535 459 639 455 652 447 667 447 680 453 667 458 652 458 153 661 108.618706 137.571213 26.003443 -0.696416 -0.020631 -0.009335 -16.655546 60.504292 600.075562 -49.852184 60.560726 599.340942 16.541092 60.447861 600.810120
513 452 527 445 543 445 556 453 542 457 527 457 630 452 644 443 660 443 673 450 660 455 644 456 1159 3 -91.555824 7.019567 17.387022 0.279295 -0.029058 -0.007961 -20.485062 57.417542 583.906738 -53.674904 57.812279 582.991211 12.704780 57.022808 584.822266
515 454 528 447 544 447 558 455 544 459 529 459 632 454 645 445 661 445 674 452 661 457 646 458 1047 175 -69.248009 41.067959 20.602633 -0.664511 -0.035685 -0.020781 -20.141495 59.880054 597.282654 -53.319027 60.140862 595.962463 13.036037 59.619251 598.602905
516 461 528 455 543 454 555 461 543 464 529 465 628 458 641 451 656 451 669 457 656 461 642 461 887 867 -37.280346 177.904037 35.394154 -0.707304 -0.025770 -0.036307 -22.351477 65.110184 616.435913 -55.524734 65.927162 615.241272 10.821779 64.293198 617.630554
519 455 532 448 547 448 560 455 547 459 532 460 633 454 645 445 661 445 674 452 661 457 646 457 568 225 26.005104 51.195133 18.688730 -0.666231 -0.023560 -0.026799 -19.653803 61.635525 613.109741 -52.838249 62.209728 612.098572 13.530644 61.061317 614.120850
540 443 553 436 567 436 579 443 567 446 553 447 649 443 661 436 675 437 687 444 675 447 661 447 488 88 41.881409 24.162132 15.047763 -0.677750 -0.030064 -0.000966 -9.863504 57.925545 641.524963 -43.053864 57.629696 640.591064 23.326855 58.221390 642.458862
527 451 539 444 554 444 567 451 554 454 540 455 638 450 650 443 665 443 678 449 665 454 651 453 624 298 14.886594 65.592705 20.714134 -0.679530 -0.027692 -0.015787 -16.618841 60.744175 626.353394 -49.807426 60.928318 625.331848 16.569744 60.560032 627.375000
534 421 548 413 565 414 578 421 564 425 548 426 656 422 670 415 686 416 699 423 685 428 670 427 437 211 52.049377 48.495747 17.532936 -0.634218 -0.031448 0.009563 -7.216757 40.319550 576.809875 -40.404228 39.702770 575.931824 25.970713 40.936325 577.687988
512 423 525 416 540 416 554 423 540 427 525 427 631 423 645 417 662 417 675 425 661 429 646 428 789 730 -17.825014 150.880295 31.638330 -0.674873 -0.019015 0.004686 -20.552582 41.493462 580.446960 -53.751266 41.144325 579.912964 12.646101 41.842594 580.980896
520 421 534 413 550 413 564 421 550 426 534 426 641 423 656 415 672 416 686 424 672 429 656 428 378 17 63.737453 10.187547 12.723495 -0.646029 -0.022700 0.015316 -14.926663 40.528172 575.212280 -48.119453 39.819199 574.668579 18.266129 41.237141 575.755981
522 427 536 420 552 420 566 428 551 432 536 432 644 429 658 422 674 422 688 430 674 434 658 434 452 340 49.095570 73.981171 20.576345 -0.658633 -0.023410 0.014563 -13.728052 43.748470 574.586243 -46.920696 43.052334 574.017578 19.464592 44.444607 575.154907
499 437 511 430 527 430 540 437 527 441 512 442 620 436 634 429 651 429 665 437 650 441 635 440 1261 686 -111.684944 141.942444 33.644669 -0.599631 -0.029965 -0.014231 -26.790262 48.091782 571.859314 -59.977348 48.246948 570.785645 6.396823 47.936611 572.933044
528 427 541 420 557 421 571 428 557 432 542 432 649 430 663 423 680 423 693 431 679 435 664 434 342 554 71.015068 116.328629 24.764433 -0.670362 -0.025546 0.015568 -10.728376 43.708290 569.647766 -43.918880 42.955479 569.028625 22.462128 44.461105 570.266846
501 412 512 405 527 406 537 414 525 418 512 417 612 420 626 414 642 416 656 425 641 428 626 426 1326 138 -124.731216 33.612621 21.537422 -0.547083 0.053753 0.091456 -31.119253 39.961079 604.539124 -64.142014 37.554768 607.042419 1.903508 42.367386 602.035828
532 428 545 422 561 422 574 430 560 434 545 434 652 433 667 426 683 427 696 435 682 439 667 438 292 487 80.941902 103.113701 22.914415 -0.595087 -0.013745 0.038549 -9.132387 45.580570 575.694885 -42.310207 44.243313 575.634766 24.045433 46.917831 575.755005
499 425 511 416 527 416 539 425 526 429 511 430 615 428 630 421 647 422 662 431 646 435 630 433 756 150 -11.392579 36.276947 18.174549 -0.529480 0.030242 0.045851 -29.170080 44.198406 590.742554 -62.325977 43.006466 592.093628 3.985816 45.390350 589.391479
500 426 512 418 527 417 539 424 527 429 513 430 619 423 632 416 649 417 663 425 648 429 633 428 698 436 0.203523 92.826408 24.339666 -0.581940 -0.000018 -0.010493 -27.830345 42.110905 583.214417 -61.033382 42.439812 583.115295 5.372691 41.781998 583.313538
495 420 507 411 522 410 535 419 522 424 508 425 613 418 626 409 644 410 658 419 644 424 628 423 539 393 31.808722 84.410393 22.342548 -0.459708 0.014433 -0.011315 -30.702873 39.105785 584.081055 -63.902199 39.576622 584.458740 2.496454 38.634949 583.703369
504 418 516 409 531 409 543 417 530 423 516 423 617 420 631 412 648 413 662 423 647 427 632 425 440 250 51.461555 56.201431 18.443243 -0.543823 0.052576 0.037375 -28.143995 40.710098 602.857483 -61.281433 39.993114 604.846436 4.993443 41.427082 600.868591
576 426 588 418 604 419 616 427 602 431 588 431 690 432 704 425 720 427 733 436 719 440 704 438 311 91 77.075874 24.845942 13.986906 -0.576755 0.038911 0.074799 13.491031 47.033844 603.743347 -19.599062 45.050598 605.659668 46.581123 49.017086 601.827087
557 434 569 426 585 427 597 435 584 439 569 439 673 438 686 431 703 432 716 441 702 445 687 444 756 5 -11.424859 7.621873 14.861247 -0.642429 0.022017 0.048823 3.071146 49.813377 590.348755 -30.087671 48.529007 591.533203 36.229965 51.097748 589.164368
546 451 558 445 573 445 585 452 572 456 559 456 661 454 675 447 690 447 704 454 690 459 675 458 1435 882 -146.238602 180.586792 39.233604 -0.626845 0.024778 0.022899 -3.424303 59.273533 596.039612 -36.610832 58.811642 597.039978 29.762224 59.735420 595.039246
551 448 564 441 579 441 592 449 579 453 564 453 668 451 682 444 698 445 712 453 698 457 682 456 805 455 -21.067596 96.526237 25.456573 -0.606026 0.016746 0.032677 0.467757 56.929104 587.591736 -32.715351 56.072891 588.433044 33.650867 57.785320 586.750427
548 447 561 439 576 440 589 448 576 453 561 453 665 451 679 443 696 443 709 452 695 456 679 456 1324 56 -124.351807 17.408712 19.650930 -0.609711 0.014374 0.030854 -1.223458 56.703106 588.423706 -34.409626 55.882130 589.174622 31.962709 57.524082 587.672791
554 450 567 443 583 443 595 452 582 456 567 455 672 454 686 447 702 448 716 456 701 460 686 459 173 256 104.551842 57.524345 16.876661 -0.649682 0.024984 0.041485 2.298630 58.457035 585.898804 -30.868605 57.435013 587.102783 35.465866 59.479061 584.694824
549 456 562 449 577 450 589 457 576 461 562 461 666 460 680 453 696 453 709 461 695 465 680 464 1018 617 -63.383392 128.431427 30.517450 -0.654977 0.010341 0.032375 -0.967878 61.968513 591.084778 -34.154194 61.077419 591.743652 32.218437 62.859604 590.425903
543 443 556 435 571 435 584 443 571 448 556 448 660 445 673 437 690 438 703 446 689 450 674 450 617 55 16.224342 17.574352 15.116829 -0.646062 0.022329 0.024118 -4.271523 54.038280 591.048340 -37.459019 53.523422 591.988953 28.915972 54.553135 590.107788
512 423 525 416 540 415 553 421 540 426 525 427 626 419 638 412 653 411 666 418 653 423 639 422 608 95 18.022762 25.483826 15.973416 -0.720694 -0.039668 -0.044314 -23.770796 41.772156 610.679871 -56.919395 42.664360 608.967041 9.377805 40.879951 612.392761
511 387 524 379 540 379 554 387 540 391 525 392 633 387 647 379 664 380 678 388 663 392 648 391 779 77 -15.982037 21.838781 16.653233 -0.632345 -0.015116 -0.003470 -19.717930 20.794043 568.275818 -52.918880 20.748268 567.771484 13.483023 20.839817 568.780151
497 399 509 390 525 389 539 397 525 402 510 403 618 395 632 387 649 387 664 396 649 400 633 399 1240 737 -107.498055 152.031906 34.676041 -0.646189 -0.009231 -0.024524 -27.554819 25.966600 568.594910 -60.748627 26.629688 568.055237 5.638985 25.303514 569.134583
387 412 400 402 415 399 429 405 415 411 401 414 511 397 525 389 542 388 557 395 542 400 526 400 1388 429 -136.994202 91.088539 28.582491 -0.699982 -0.049494 -0.120110 -83.167549 27.972462 548.378723 -116.103813 31.080919 545.532715 -50.231285 24.864006 551.224670
492 409 504 400 520 400 533 407 519 412 505 413 613 406 628 398 644 398 659 407 644 411 628 410 894 232 -38.813560 52.410980 20.928835 -0.683040 0.003049 -0.015301 -30.079344 31.405754 563.313477 -63.280270 31.908461 563.240173 3.121583 30.903046 563.386841
484 418 496 410 511 410 523 416 511 421 497 422 603 415 618 407 634 408 649 415 634 419 618 418 1127 683 -85.041718 141.418427 32.721085 -0.679403 -0.008391 -0.023890 -35.472214 36.473267 568.986511 -68.666786 37.115749 568.469604 -2.277642 35.830788 569.503357
507 422 520 414 536 413 550 420 536 425 521 425 630 418 644 411 661 411 676 419 661 423 645 423 280 656 83.365547 136.517853 26.699558 -0.627184 -0.012193 -0.020872 -21.266081 38.163658 563.142944 -54.461506 38.689251 562.553833 11.929346 37.638062 563.732056
504 421 517 412 533 412 547 420 533 425 517 425 628 419 642 411 660 412 674 420 659 424 643 424 256 253 88.047867 56.888836 17.337719 -0.610752 -0.005947 -0.008530 -22.448038 37.955372 559.067261 -55.651112 38.162872 558.798035 10.755035 37.747871 559.336487
484 417 496 409 512 409 525 416 511 421 497 421 605 416 620 408 637 409 652 417 637 421 621 420 887 241 -37.419708 54.193169 21.089823 -0.686561 -0.004311 -0.003708 -33.750900 35.973263 554.557556 -66.955200 36.039684 554.384766 -0.546602 35.906837 554.730347
465 415 477 408 492 407 505 413 492 417 478 418 583 410 597 403 614 403 629 410 614 414 598 413 1388 39 -137.081039 14.016268 19.670847 -0.700896 -0.005268 -0.039706 -46.031898 34.436672 570.210205 -79.211151 35.590614 569.605896 -12.852644 33.282726 570.814453
507 435 520 428 537 428 551 436 536 439 521 440 632 435 647 428 664 428 678 435 663 439 647 439 565 384 26.637007 82.618446 22.302795 -0.779104 -0.016033 -0.007965 -19.712694 44.842113 540.812683 -52.912449 44.883526 540.234680 13.487062 44.800701 541.390747
468 421 481 414 495 414 508 420 495 424 481 424 590 422 606 416 622 416 637 424 622 427 606 426 965 801 -52.804173 164.820969 34.383732 -0.645668 -0.013300 0.014731 -41.832432 38.477566 552.860657 -75.030930 37.884064 552.601624 -8.633932 39.071068 553.119690
489 434 502 427 516 426 529 432 516 435 502 436 611 429 626 422 641 422 656 428 641 432 626 432 883 222 -36.628601 50.440422 20.630142 -0.770385 -0.013054 -0.039271 -30.849689 43.292961 551.499390 -64.027451 44.312553 550.629822 2.328073 42.273373 552.368958
471 426 483 419 498 419 510 424 497 428 484 429 590 423 605 418 621 418 636 425 621 428 605 427 816 122 -23.328915 30.712725 17.917589 -0.722463 -0.016613 -0.011084 -42.281258 40.927738 565.558960 -75.479736 41.073807 564.926819 -9.082785 40.781666 566.191101
467 434 478 426 492 426 505 432 492 436 479 437 581 430 596 423 612 423 626 430 612 434 596 433 1290 785 -117.429123 161.492035 36.091900 -0.668010 -0.003014 -0.024143 -47.541481 46.025696 583.019592 -80.736824 46.736774 582.668884 -14.346133 45.314621 583.370300
495 421 508 413 525 412 538 421 524 426 509 426 619 420 634 411 652 412 667 420 652 425 635 425 46 196 129.790543 45.732327 14.695273 -0.701042 0.006307 -0.004464 -26.253674 37.692184 548.296814 -59.457535 37.899010 548.439636 6.950188 37.485363 548.153992
553 427 568 424 582 426 595 433 581 433 567 432 676 446 690 444 705 446 717 454 703 454 689 451 271 861 85.200699 177.034821 31.326456 -0.747286 -0.040611 0.156005 2.776898 48.465351 554.226562 -30.017076 43.295464 554.848694 35.570873 53.635242 553.604431
437 409 447 402 460 401 471 407 460 411 448 412 538 404 550 397 565 397 578 404 565 407 551 407 563 682 27.101019 141.510590 29.099443 -0.450567 0.002791 -0.045436 -77.243553 35.639893 651.251465 -110.414543 37.118069 651.006897 -44.072559 34.161720 651.496033
477 422 490 415 504 415 516 420 503 424 490 424 593 421 607 416 623 417 638 423 623 426 607 425 1218 340 -103.212067 73.587593 25.464066 -0.689187 -0.005961 0.006646 -41.018345 40.230900 578.415283 -74.221886 39.961746 578.305725 -7.814805 40.500057 578.524841
496 422 508 416 522 415 535 421 522 424 509 425 615 420 629 414 645 414 659 421 644 424 630 423 1421 193 -143.608307 44.432976 23.400372 -0.747064 -0.020600 -0.018979 -28.802380 38.776112 560.574463 -61.994762 39.105412 559.727783 4.390003 38.446815 561.421204
529 401 543 394 560 394 574 403 560 406 544 406 656 404 670 395 688 396 702 403 687 408 671 408 550 688 29.687210 142.703003 29.153595 -0.641040 -0.003272 0.012462 -7.780247 28.224033 549.461304 -40.982395 27.804352 549.488098 25.421904 28.643715 549.434509
515 399 528 391 545 392 559 400 544 403 529 403 641 401 656 393 673 394 688 401 673 406 656 405 1053 754 -70.312119 155.487549 33.871281 -0.655137 -0.007718 0.012469 -15.387059 26.716412 545.181580 -48.588428 26.250401 545.074097 17.814310 27.182421 545.289062
492 373 505 362 523 361 537 370 522 376 506 377 615 367 630 356 648 356 664 366 649 371 632 371 1245 159 -108.620911 37.804287 21.500431 -0.577308 0.022037 -0.041211 -28.066374 10.440192 552.366699 -61.235931 11.938740 552.674072 5.103182 8.941645 552.059265
500 408 513 401 530 401 544 410 529 413 514 413 627 410 642 402 659 402 675 410 659 415 642 414 1066 830 -72.880058 170.500076 35.690857 -0.676165 -0.024152 0.003442 -22.857958 31.463966 544.300781 -56.053261 31.097267 543.595825 10.337346 31.830666 545.005798
497 403 511 394 529 395 543 405 528 410 512 410 624 406 639 396 658 396 674 405 658 411 640 410 1093 330 -78.359917 71.675613 24.437958 -0.639639 -0.018820 0.001047 -23.550362 28.892368 542.281738 -56.749477 28.666800 541.709351 9.648750 29.117937 542.854126
495 398 509 389 527 389 541 400 526 404 510 404 623 400 638 390 657 390 673 399 657 405 639 405 1064 242 -72.613289 54.299847 22.242081 -0.626083 -0.018354 0.003465 -24.254164 25.898039 539.934265 -57.453373 25.605726 539.398743 8.945044 26.190353 540.469788
496 387 509 378 527 379 541 388 526 393 510 393 621 389 636 379 655 379 670 388 655 394 637 393 864 3 -32.899487 7.171140 15.504676 -0.606868 -0.013752 0.000869 -25.055172 20.467180 546.222107 -58.256927 20.305704 545.801514 8.146585 20.628654 546.642700
488 387 501 378 519 378 533 388 518 393 502 393 613 388 628 378 647 378 662 388 646 393 629 393 1434 495 -146.125931 104.107903 30.384132 -0.584910 -0.023882 -0.006472 -29.430206 20.365305 547.783936 -62.625141 20.342772 546.974365 3.764729 20.387838 548.593506
498 392 510 386 524 386 537 391 524 395 511 395 615 390 629 385 644 385 658 391 644 395 629 394 832 545 -26.416105 114.298271 27.685389 -0.529172 0.000350 -0.005849 -29.469374 23.538183 580.015991 -62.673630 23.726463 579.976929 3.734883 23.349903 580.055115
425 386 439 379 454 378 468 382 454 387 439 388 555 378 569 372 585 373 599 378 585 382 569 382 1212 757 -101.926224 155.998718 34.954384 -0.596827 -0.057809 -0.062945 -61.705235 16.756287 546.734131 -94.792412 18.166342 544.323730 -28.618053 15.346231 549.144470
464 384 476 377 492 376 505 382 492 387 477 388 587 380 602 373 619 374 634 381 619 385 603 385 697 555 0.428850 116.343849 27.052479 -0.566198 -0.021320 -0.029724 -44.223709 17.646654 560.197815 -77.406898 18.386435 559.255310 -11.040521 16.906874 561.140381
487 381 500 373 516 372 530 379 516 384 501 385 610 379 625 372 641 372 656 380 641 384 625 384 30 561 133.053146 117.872284 22.933563 -0.596296 -0.011958 -0.009210 -31.960470 16.604395 562.527100 -65.161613 16.777470 562.064636 1.240672 16.431318 562.989502
521 388 534 380 550 381 563 389 549 393 534 393 644 393 659 386 676 387 690 396 675 400 659 398 960 717 -51.828697 148.223358 32.432400 -0.609718 0.000642 0.051251 -13.564268 22.633516 557.585815 -46.726807 21.042240 558.108643 19.598272 24.224794 557.062988
508 394 521 387 536 387 549 395 535 398 521 398 631 397 645 391 662 392 676 400 661 403 645 402 1169 606 -93.409935 126.180016 31.229603 -0.597670 -0.003087 0.033426 -20.990824 25.456158 558.720764 -54.177483 24.381645 558.946167 12.195834 26.530670 558.495361
521 407 535 400 551 400 564 408 550 412 535 412 646 410 661 403 678 404 692 412 677 416 661 415 675 862 4.871566 177.024857 33.927162 -0.615242 -0.003086 0.028066 -12.753495 31.929501 553.376221 -45.945484 31.024839 553.557861 20.438494 32.834164 553.194641
522 401 536 393 553 393 567 403 552 407 536 407 649 405 665 397 682 397 697 407 682 412 665 411 149 178 109.306519 42.122223 14.941193 0.282404 -0.046353 0.049254 -10.848570 27.878128 532.700928 -43.977966 26.481358 530.953979 22.280827 29.274899 534.447876
528 403 542 396 558 397 571 405 557 408 542 408 653 409 668 402 685 404 699 412 684 415 668 414 438 780 51.977215 160.941696 30.541176 -0.600290 -0.004549 0.053173 -9.181559 30.887768 554.693481 -42.340500 29.183130 555.065552 23.977383 32.592407 554.321472
501 405 514 398 529 398 543 406 529 410 514 410 625 409 640 403 658 404 672 412 657 415 640 414 1265 539 -112.513008 112.890068 30.311188 -0.586954 -0.004786 0.037869 -23.767862 31.313671 553.317322 -56.949177 30.082186 553.525940 9.413451 32.545155 553.108704
518 407 532 399 549 400 563 409 548 413 532 413 645 411 660 403 678 403 693 412 677 417 661 416 350 193 69.344017 44.983265 16.566496 -0.589605 -0.001207 0.030027 -13.247942 31.705498 545.731201 -46.438194 30.753904 545.978882 19.942308 32.657089 545.483521
519 408 533 400 550 401 563 410 549 414 533 414 646 412 661 404 678 404 693 413 678 418 661 417 237 178 91.809036 42.077007 15.502707 -0.583390 0.003483 0.030916 -13.006363 32.224731 546.296814 -46.195557 31.288363 546.697021 20.182833 33.161102 545.896606
609 502 620 496 633 496 644 502 632 505 620 505 710 501 722 495 736 495 747 501 735 505 722 505 1204 772 -100.332199 158.967148 35.246094 -0.754614 0.072264 0.008040 30.679993 98.490921 673.368835 -2.441173 99.111626 675.640991 63.801159 97.870216 671.096619
614 498 625 491 639 491 650 498 638 501 626 501 716 498 728 491 742 491 754 497 742 501 729 501 951 403 -50.109089 86.174919 25.199955 -0.751597 0.077192 0.012606 34.387695 95.547523 670.103271 1.279705 96.085922 672.579285 67.495689 95.009125 667.627258
613 501 624 495 637 494 649 500 637 504 625 504 715 499 726 493 740 493 752 499 740 503 727 503 1144 814 -88.392754 167.298065 35.822956 -0.773018 0.074125 0.002973 33.565235 97.610222 673.617859 0.447292 98.425583 675.875427 66.683182 96.794861 671.360291
636 496 648 489 662 489 673 495 661 499 648 499 739 495 750 488 763 488 774 494 763 498 751 498 782 274 -16.534685 60.768616 21.173897 -0.730944 0.058890 -0.001268 49.089195 94.789894 676.697205 15.939451 95.511513 678.467346 82.238937 94.068283 674.927063
629 497 640 490 653 490 665 496 653 499 640 500 730 495 741 489 754 489 765 495 754 499 742 498 1357 833 -130.740387 170.943436 37.616234 -0.746620 0.055125 0.000222 43.791084 95.941414 681.202271 10.634411 96.586700 682.869080 76.947762 95.296127 679.535522
637 495 649 488 663 489 674 495 662 498 649 498 740 496 752 490 765 490 776 497 764 500 752 500 770 341 -14.133749 74.015404 22.628302 -0.736817 0.067138 0.029330 49.791443 95.137444 675.938232 16.671753 95.034569 678.312012 82.911140 95.240318 673.564392
637 487 649 481 663 482 674 489 662 492 649 491 740 492 752 486 765 487 776 494 764 497 752 496 989 228 -57.703777 51.571686 21.443613 -0.756853 0.065419 0.065153 49.234154 91.018669 670.126465 16.164145 89.841843 672.874023 82.304161 92.195503 667.378906
636 488 648 482 662 482 673 489 660 492 648 492 739 492 750 486 764 487 775 494 763 497 750 496 1410 240 -141.410660 53.726826 24.404150 -0.746280 0.058105 0.054130 48.545727 91.435829 671.815552 15.440791 90.489265 674.208618 81.650665 92.382401 669.422485
637 488 649 481 663 482 674 489 661 492 648 492 740 492 751 485 765 486 775 493 764 497 751 496 1347 126 -128.909424 31.230379 21.397215 -0.740027 0.054282 0.051877 49.236019 91.412979 673.448669 16.120569 90.481659 675.697937 82.351471 92.344299 671.199402
642 488 654 481 668 481 679 488 667 491 654 491 745 490 756 484 769 485 780 492 769 495 756 494 879 217 -35.834373 49.454369 20.490368 -0.737013 0.047764 0.043657 53.081470 91.494469 678.605957 19.943064 90.731796 680.561401 86.219879 92.257141 676.650452
644 487 656 481 670 481 681 488 669 492 656 492 746 491 757 484 770 485 781 492 770 495 757 495 354 42 68.515060 15.140409 13.141614 -0.705805 0.049473 0.044805 54.266399 92.102257 682.550476 21.132504 91.291916 684.562439 87.400291 92.912605 680.538513
636 489 648 482 662 482 674 489 662 493 649 493 739 489 750 482 764 483 774 490 763 493 751 493 1151 82 -89.947556 22.635752 19.141155 -0.714341 0.048161 0.013401 49.433163 91.379822 678.559998 16.268097 91.519104 680.178223 82.598228 91.240547 676.941833
611 492 622 485 636 485 647 490 636 494 623 495 713 488 724 481 737 481 749 487 737 491 725 491 495 487 40.578388 103.009399 24.209726 -0.760668 0.058345 -0.024181 32.424889 91.099716 675.855347 -0.716852 92.528656 677.319153 65.566635 89.670776 674.391541
615 492 626 485 640 484 651 490 639 494 626 495 717 489 728 482 742 482 753 488 742 492 729 492 239 384 91.457230 82.785950 20.222643 -0.759587 0.057503 -0.015047 34.742035 90.846672 672.073975 1.593096 91.990112 673.623169 67.890976 89.703224 670.524780
617 491 629 484 642 483 654 490 642 493 629 494 719 488 730 481 743 481 755 487 743 491 731 491 654 508 8.968293 107.077744 25.704136 -0.747038 0.052530 -0.017959 36.540089 90.978584 678.014465 3.384094 92.142296 679.387573 69.696083 89.814873 676.641357
618 493 629 486 643 486 654 492 642 495 630 496 719 491 730 484 743 484 754 490 743 494 731 494 1306 709 -120.627403 146.464600 34.457363 -0.745415 0.049117 -0.009580 36.914433 93.282166 682.816101 3.749296 94.151588 684.186340 70.079567 92.412750 681.445801
637 493 648 487 662 487 673 492 661 496 649 496 738 492 748 486 760 486 770 491 760 495 748 495 176 862 104.090248 177.281250 30.743126 -0.717639 0.029094 -0.006771 49.848473 96.171280 700.037292 16.657850 96.709274 700.845154 83.039101 95.633293 699.229492
634 493 646 486 659 486 671 492 659 495 646 496 735 491 745 484 758 484 768 490 758 494 746 494 687 529 2.411412 111.210838 26.394562 -0.702870 0.026423 -0.011481 48.061932 95.154060 695.959351 14.870338 95.800446 696.637634 81.253525 94.507683 695.281128
622 489 634 483 647 483 658 489 646 492 634 492 724 491 735 485 749 486 760 492 748 495 736 495 606 802 18.577826 165.203049 32.115864 -0.768278 0.057601 0.040601 39.631027 91.946243 677.851318 6.504658 91.426895 680.072449 72.757393 92.465584 675.630127
623 487 634 480 648 480 660 487 647 490 635 491 725 489 736 482 750 483 761 490 749 493 737 493 1156 85 -90.941063 23.226046 19.241610 -0.735182 0.048158 0.034285 40.243107 90.488525 677.712463 7.093729 90.012169 679.570251 73.392479 90.964882 675.854614
567 475 578 468 591 468 602 474 591 478 578 478 670 473 682 467 696 467 709 474 696 477 683 477 1413 559 -141.936142 116.766449 31.712559 -0.737633 0.038672 -0.001214 4.385551 78.945900 658.640137 -28.795517 79.435097 659.796448 37.566620 78.456696 657.483887
606 470 617 464 630 464 641 470 629 473 617 473 708 473 719 467 731 468 742 475 731 478 719 477 332 239 72.933289 54.083088 17.502758 -0.645035 0.011025 0.041128 28.939167 80.758636 684.850952 -4.236579 79.600159 685.617371 62.114914 81.917114 684.084534
605 472 617 466 630 466 642 473 629 476 617 476 709 475 720 469 733 470 744 477 733 480 720 479 926 613 -45.091461 127.688217 29.839012 -0.577056 -0.003727 0.030862 29.178484 81.496323 679.061768 -4.010727 80.492935 679.232300 62.367695 82.499718 678.891174
599 473 611 466 624 467 636 474 624 477 611 477 703 476 715 470 728 471 740 478 728 481 715 480 1215 547 -102.569481 114.496727 30.174950 -0.738863 0.014234 0.041550 24.912632 80.138832 661.829285 -8.261592 79.048523 662.746765 58.086857 81.229134 660.911804
606 472 618 465 631 466 642 473 630 476 617 476 710 477 721 470 734 471 744 478 733 482 721 481 908 396 -41.560738 84.813667 24.765627 -0.584732 0.004088 0.048560 29.216059 81.007896 670.848816 -3.950446 79.524986 671.434937 62.382565 82.490807 670.262695
597 472 609 466 622 466 634 473 622 476 609 476 700 474 712 468 725 469 736 475 724 478 712 478 1326 137 -124.731445 33.415001 21.514572 -0.692760 0.002212 0.020259 23.643602 80.038628 669.955383 -9.554587 79.442932 670.246887 56.841793 80.634315 669.663818
611 474 622 468 636 468 647 475 635 478 622 478 713 477 724 471 736 472 747 478 736 481 724 481 795 226 -19.130226 51.276119 20.160030 -0.692168 -0.008777 0.030597 32.233246 83.124832 681.465454 -0.955408 82.091339 681.534546 65.421898 84.158318 681.396362
605 476 616 470 630 470 641 477 629 480 617 480 707 479 718 473 732 473 742 480 731 483 719 483 1194 761 -98.346298 156.798447 34.930931 -0.693834 -0.001431 0.028760 28.473072 83.602715 675.963257 -4.718519 82.706848 676.237671 61.664665 84.498581 675.688843
611 475 623 468 637 468 648 475 636 479 623 479 716 478 727 473 740 474 751 482 740 484 727 483 80 756 123.154816 156.382736 27.708427 -0.586507 -0.016636 0.046196 33.298241 82.994835 673.700684 0.132310 81.390572 673.616638 66.464172 84.599091 673.784790
606 475 618 469 632 470 643 476 631 479 618 479 710 479 721 473 734 474 745 481 734 484 722 483 354 583 68.635498 122.053474 25.503662 -0.727257 0.007848 0.039972 29.560007 82.706551 669.307190 -3.618455 81.584229 670.007019 62.738468 83.828865 668.607361
608 475 620 469 633 470 644 476 632 479 620 479 712 479 723 473 735 474 746 480 735 483 723 483 378 454 63.834740 96.548012 22.709106 -0.706431 0.006213 0.040497 30.861155 83.583763 677.527527 -2.316933 82.418388 678.172485 64.039246 84.749138 676.882507
600 476 612 470 626 470 637 477 625 480 612 480 704 479 715 473 729 474 740 480 728 484 715 483 1098 634 -79.286407 131.749893 31.416372 -0.709562 0.018794 0.037725 25.811577 83.095169 671.599976 -7.364965 82.157600 672.598816 58.988117 84.032738 670.601135
599 477 610 471 624 471 635 478 623 481 610 481 702 479 714 473 727 474 738 480 726 484 714 483 874 627 -34.748920 130.481628 29.827114 -0.721093 0.019099 0.024314 24.794476 83.503868 671.457092 -8.395144 82.983704 672.316284 57.984093 84.024025 670.597900
606 474 618 468 632 469 643 476 631 479 618 478 710 479 721 472 734 473 744 480 733 483 721 482 100 89 119.029625 24.559111 12.594850 -0.687149 0.001629 0.042203 29.720572 83.350571 678.009521 -3.455779 82.075211 678.522217 62.896923 84.625938 677.496887
616 479 628 473 641 473 652 480 640 483 627 483 718 482 729 476 741 476 751 483 740 486 729 486 331 838 73.265472 172.458694 31.183746 -0.680582 -0.007869 0.029310 35.807335 87.062660 688.376709 2.617232 86.077446 688.453735 68.997444 88.047874 688.299622
610 478 622 472 636 473 647 480 635 482 622 482 713 482 725 476 737 477 748 484 737 487 725 486 433 676 52.948238 140.391663 28.132833 -0.723559 0.000709 0.041577 32.223923 85.614410 676.663147 -0.953418 84.359741 677.162659 65.401260 86.869087 676.163696
612 477 625 471 639 472 650 479 638 482 625 481 717 482 729 476 742 476 753 483 741 486 729 485 152 395 108.758324 85.004478 19.918865 -0.751448 0.019826 0.048930 33.747128 83.482323 663.314331 0.586443 82.242844 664.494263 66.907814 84.721809 662.134399
606 477 618 471 632 471 643 478 631 481 618 481 710 481 721 475 734 475 745 482 734 485 721 485 536 129 32.346455 32.239941 16.290909 -0.712592 0.010160 0.040308 29.564377 83.940468 670.001770 -3.612945 82.828018 670.768188 62.741699 85.052910 669.235352
610 476 622 470 636 471 648 478 635 480 622 480 714 480 726 474 739 474 749 481 738 484 726 483 102 10 118.614365 8.946009 10.802432 -0.677679 0.016705 0.038999 32.524048 83.692833 674.207214 -0.652012 82.675964 675.142395 65.700111 84.709709 673.272034
608 477 620 471 634 471 645 478 633 482 620 482 713 482 724 476 737 477 748 484 736 487 724 486 616 521 16.526918 109.666344 25.758718 -0.599620 -0.005392 0.048934 31.306988 85.264359 676.093567 -1.858786 83.683701 676.397766 64.472763 86.845024 675.789368
593 481 604 475 617 475 628 481 616 484 604 484 691 483 702 478 715 479 725 485 714 488 702 487 1114 818 -82.426811 168.103973 35.722935 -0.765015 0.022521 0.038826 19.696224 90.220505 702.257629 -13.476747 89.326126 703.403809 52.869194 91.114891 701.111389
517 485 524 480 534 479 542 483 534 486 525 487 595 480 603 475 614 474 623 478 614 482 604 482 829 168 -25.903530 39.796619 19.051657 -0.159824 0.283277 -0.078002 -47.348560 102.667953 806.849670 -79.133392 105.954643 815.876404 -15.563725 99.381264 797.822937
555 487 565 481 577 480 587 485 577 489 566 490 651 481 662 475 675 475 686 480 675 484 663 484 635 882 12.829420 180.997833 34.128937 -0.718846 0.048560 -0.043689 -6.866150 91.242554 708.096069 -40.003147 93.125320 709.072876 26.270847 89.359779 707.119202
574 485 585 478 597 478 608 484 597 487 585 488 672 483 684 477 697 477 708 484 697 487 684 487 1317 862 -122.780525 176.694992 38.023659 -0.743615 0.028531 -0.000429 7.182565 89.987328 695.622681 -26.009344 90.336578 696.479919 40.374474 89.638077 694.765442
557 485 567 479 579 478 590 483 579 487 568 488 654 480 665 474 678 474 690 479 678 483 666 483 458 636 47.968456 132.473969 27.378340 -0.727392 0.038872 -0.039716 -4.857167 89.579567 701.851807 -38.012939 91.233429 702.572327 28.298605 87.925705 701.131287
562 488 572 481 584 480 595 485 584 489 573 490 659 483 670 477 683 476 695 482 683 486 671 486 684 834 3.075818 171.486847 33.344780 -0.742315 0.037216 -0.035038 -1.642219 91.119743 700.920532 -34.805618 92.616646 701.633118 31.521181 89.622841 700.207947
578 485 589 479 601 478 612 484 601 488 589 488 677 483 688 477 701 477 712 484 701 487 688 487 197 510 99.836349 107.707794 22.833796 -0.727978 0.029272 -0.005401 9.847326 90.350006 697.388306 -23.343416 90.852303 698.214050 43.038071 89.847710 696.562500
575 484 586 477 600 477 611 483 599 487 587 488 675 482 686 475 700 475 711 482 700 486 687 485 837 68 -27.516472 20.030390 16.817667 -0.711970 0.025974 -0.011793 8.594712 88.876434 692.444580 -24.597153 89.529961 693.102234 41.786579 88.222908 691.786865
603 479 614 473 627 473 638 479 627 482 614 483 701 480 712 475 724 475 734 482 724 485 712 484 352 778 69.076584 160.590637 29.946722 -0.682181 -0.021598 0.018958 26.913883 90.193314 716.966797 -6.277742 89.376335 716.510559 60.105511 91.010300 717.423035
591 480 602 474 615 474 626 480 614 483 602 483 689 480 700 474 712 475 723 481 712 484 700 484 1204 494 -100.394089 104.028458 28.893690 -0.742899 0.002299 0.012147 18.524340 89.426071 710.560608 -14.678050 89.085915 710.773132 51.726730 89.766235 710.348022
606 476 618 470 631 470 642 476 630 479 618 480 704 477 714 471 726 472 735 478 725 482 714 481 332 179 72.919930 42.225815 16.131737 -0.690899 -0.027108 0.013691 28.996721 89.040123 725.276611 -4.193379 88.322136 724.597473 62.186825 89.758102 725.955811
607 478 619 471 632 471 644 478 632 481 619 481 705 478 715 472 727 473 737 479 727 483 716 482 195 527 100.237801 111.068382 23.209490 -0.681134 -0.033081 0.006248 30.147015 89.907333 725.537354 -3.039701 89.355774 724.590088 63.333729 90.458893 726.484680
585 478 596 471 609 471 620 478 608 481 596 481 683 478 694 472 707 472 717 479 706 482 694 482 1351 441 -129.634644 93.479004 28.620604 -0.750639 0.007630 0.012448 14.303750 87.331108 704.477539 -18.897688 87.046227 704.855713 47.505188 87.615990 704.099365
579 480 590 473 603 472 614 479 603 482 590 483 678 479 689 472 702 473 713 479 702 483 690 482 999 197 -59.699028 45.440289 20.799061 -0.688565 0.012870 0.001469 10.753383 87.155899 698.150635 -22.448753 87.252296 698.561157 43.955517 87.059509 697.740112
565 483 576 476 589 476 601 482 589 486 576 487 666 481 677 474 691 474 702 481 691 484 678 484 753 47 -10.819004 15.923505 15.801820 -0.696496 0.019639 -0.015589 2.179797 87.169792 685.019653 -31.014994 87.864586 685.447144 35.374588 86.475006 684.592163
571 486 582 479 595 479 606 485 595 488 582 489 671 484 682 478 695 478 706 484 695 488 682 487 791 697 -18.230030 144.357758 30.897030 -0.703542 0.013328 -0.008868 5.625497 90.464424 695.138489 -27.575233 90.884537 695.446045 38.826229 90.044304 694.830933
567 491 579 484 592 484 604 490 592 494 579 494 669 489 680 482 694 482 706 489 694 493 681 492 1384 447 -136.194855 94.647774 28.968273 -0.698465 0.014243 -0.013862 4.181980 92.274170 683.508362 -29.016537 92.856445 683.789429 37.380497 91.691887 683.227295
574 493 585 487 598 487 609 492 598 496 586 496 675 492 686 486 699 486 710 492 699 496 686 495 140 768 111.227386 158.723358 28.365482 -0.703876 0.022369 -0.000721 7.999132 95.146599 691.891724 -25.197704 95.419380 692.566528 41.195969 94.873825 691.216980
572 491 583 484 597 484 608 491 596 495 583 495 673 490 685 483 698 483 710 490 698 494 685 494 291 113 81.057472 29.203884 14.361998 -0.675508 0.023162 -0.003746 6.979634 92.841866 683.791992 -26.216381 93.207008 684.463379 40.175652 92.476723 683.120544
575 491 586 486 599 485 610 491 599 495 586 495 676 491 687 485 700 485 711 491 700 494 687 494 172 658 104.840172 136.968582 26.056128 -0.691836 0.022208 -0.000314 8.540618 94.171509 691.048645 -24.656326 94.426178 691.725098 41.737564 93.916832 690.372192
539 464 549 458 562 457 573 462 562 466 550 467 634 458 644 452 656 451 667 456 657 460 645 460 319 684 75.617210 142.031204 27.588221 -0.614872 -0.015271 -0.066050 -18.536461 77.111221 722.826721 -51.667374 79.016205 721.698364 14.594453 75.206245 723.955078
656 365 669 359 683 360 695 368 682 371 669 371 767 372 779 365 793 366 805 373 793 377 779 376 352 470 69.008011 99.723312 22.908810 -0.364663 0.031837 0.059548 59.182175 12.257644 612.663147 26.052197 10.515941 614.052673 92.312149 13.999348 611.273682
663 367 677 360 694 361 707 368 693 372 677 372 786 369 799 363 815 363 828 370 814 374 799 374 413 127 56.802719 31.907896 15.460365 -0.622265 0.097055 0.050155 63.275463 10.739157 570.343811 30.262300 10.152133 573.857483 96.288628 11.326181 566.830139
617 394 630 388 644 388 657 396 644 399 630 399 730 398 743 391 759 392 772 399 758 403 743 402 783 835 -16.608627 171.633591 33.999332 -0.560444 0.083906 0.049361 37.017368 27.811134 605.980164 3.965694 27.018974 609.065430 70.069038 28.603296 602.894836
671 402 684 396 700 396 713 403 699 406 685 406 789 403 802 396 817 396 830 402 817 407 802 406 164 773 106.456459 159.699127 28.632874 -0.478972 0.119889 0.026364 68.084625 30.310444 589.314148 35.124924 30.404381 593.340210 101.044319 30.216505 585.288086
619 396 630 388 646 388 659 395 646 400 631 400 736 394 750 386 767 385 782 393 767 398 751 398 1095 403 -78.741333 86.100929 26.118795 -0.557566 0.123218 0.006370 38.050713 25.257551 578.960632 5.091846 26.167299 582.890686 71.009575 24.347803 575.030579
643 398 656 390 672 390 685 398 672 402 657 402 763 397 776 389 793 389 807 396 793 401 777 400 398 371 59.839561 80.135178 20.940142 -0.560995 0.122044 0.013578 52.227947 26.679403 577.822510 19.266676 27.358728 581.778870 85.189217 26.000076 573.866150
650 400 662 393 677 393 690 399 677 402 663 403 767 399 780 393 795 393 808 399 794 402 780 402 10 858 137.095978 176.576065 29.592506 -0.471602 0.119165 0.016926 55.715485 28.498280 591.279968 22.746475 28.872952 595.212402 88.684494 28.123610 587.347595
651 399 664 393 679 393 692 399 679 403 665 403 770 399 784 393 799 393 812 399 799 403 784 402 347 755 70.065636 156.047928 29.389259 -0.489762 0.121764 0.021223 56.856232 28.193693 585.746033 23.899706 28.487776 589.788391 89.812759 27.899609 581.703674
650 399 663 392 678 392 691 399 678 403 663 403 768 399 782 392 798 392 811 399 797 403 782 403 1306 439 -120.687508 93.106880 28.287766 -0.489400 0.112573 0.019358 56.067154 28.209442 586.036987 23.074438 28.488976 589.773621 89.059868 27.929909 582.300415
664 393 678 385 694 386 708 394 693 398 678 398 784 396 798 388 814 388 827 396 813 401 798 400 1095 149 -78.797882 35.905144 20.314802 -0.452653 0.111410 0.038557 64.697952 25.515142 584.223999 31.719719 25.103142 588.074402 97.676186 25.927145 580.373535
678 393 692 387 708 387 721 395 707 398 692 398 797 397 810 391 826 392 839 399 825 403 810 402 140 415 111.148796 88.963074 20.299303 -0.419747 0.115993 0.056461 72.751915 26.750187 591.592529 39.818993 25.730520 595.708618 105.684845 27.769854 587.476379
663 395 676 389 692 390 704 398 691 401 676 400 781 402 795 395 811 396 824 404 810 407 795 406 827 777 -25.370281 160.148956 32.954769 -0.625393 0.114251 0.079683 62.786961 28.194572 580.207825 29.893406 26.872297 584.546631 95.680511 29.516848 575.869019
671 391 683 384 697 384 709 391 697 395 683 395 779 391 790 384 804 383 816 390 804 394 791 394 111 229 116.873604 52.220428 15.864090 -0.455413 0.077504 0.005132 68.223503 25.127726 625.563354 35.117085 25.538971 628.084412 101.329918 24.716480 623.042297
652 393 664 386 680 386 693 394 679 397 665 397 769 394 783 387 799 387 813 395 799 399 783 398 1200 230 -99.657524 51.858513 22.835670 -0.616681 0.119684 0.041224 56.780804 25.146784 584.087280 23.833353 25.052027 588.212341 89.728256 25.241539 579.962280
667 397 680 391 694 392 707 398 694 401 680 401 783 400 796 393 811 394 824 400 811 403 796 403 649 630 9.989629 131.190094 28.459976 -0.583672 0.120834 0.044996 65.222008 28.294167 591.469727 32.285095 28.023943 595.670471 98.158920 28.564390 587.268921
730 407 744 402 760 403 772 411 758 414 743 413 851 415 864 409 878 410 889 418 877 422 863 421 109 207 117.266380 47.873791 15.348620 -0.325805 0.092166 0.075501 104.134018 36.663509 602.284668 71.162521 34.700043 605.688293 137.105515 38.626976 598.880981
653 397 666 390 681 390 694 398 680 402 666 402 771 400 784 393 800 394 814 402 800 406 785 405 831 27 -26.332590 11.931005 15.842518 -0.629633 0.119113 0.060416 57.325356 28.135414 582.951599 24.406610 27.467731 587.249268 90.244102 28.803097 578.653931
673 403 685 397 700 397 712 405 699 408 685 408 782 408 795 401 809 401 822 408 809 412 795 412 116 278 115.890335 61.901299 17.015661 -0.512448 0.088293 0.049656 69.054886 33.858395 615.310669 36.016602 33.017792 618.523865 102.093178 34.699001 612.097473
685 407 697 401 711 402 723 409 710 411 697 411 794 412 807 406 821 406 832 413 820 416 807 415 354 875 68.700508 179.758865 32.175968 -0.513148 0.089032 0.057187 75.980400 36.189800 617.126343 42.957275 35.117920 620.425415 109.003532 37.261677 613.827332
621 377 635 371 651 372 664 381 649 384 634 383 737 387 750 380 765 381 777 390 764 394 749 392 234 276 92.427361 61.445427 17.722900 -0.205662 -0.138488 0.072622 38.911896 19.462238 579.048096 6.110807 16.607344 574.747192 71.712982 22.317135 583.348999
514 408 527 402 542 402 556 409 542 413 528 413 639 410 654 402 671 402 687 409 671 413 655 413 1323 859 -123.974205 176.099045 37.993393 -0.602486 0.002019 0.002854 -16.181667 31.299360 543.771301 -49.386284 31.229834 543.862061 17.022949 31.368889 543.680542
584 394 601 387 618 386 634 391 617 393 601 394 724 392 741 386 759 387 776 395 759 396 742 394 466 836 46.422302 171.994095 31.999458 -0.563076 0.101008 0.031220 22.808262 20.498472 485.996490 -10.216002 20.436310 489.453918 55.832527 20.560635 482.539093
582 395 598 388 615 387 631 392 614 395 598 396 722 392 738 387 756 388 773 395 757 397 739 396 57 423 127.653885 90.586685 19.952496 -0.486934 0.128223 0.028041 21.662174 21.016243 489.160828 -11.262632 21.138924 493.462189 54.586983 20.893564 484.859467
577 397 594 391 611 390 626 396 610 399 593 399 713 399 730 395 748 396 764 404 747 405 730 403 369 94 65.544113 25.409004 14.425546 -0.578119 0.042793 0.044405 19.262777 24.241356 502.524475 -13.880653 23.247854 504.281036 52.406208 25.234859 500.767914
528 406 541 399 557 400 571 408 557 411 542 411 656 409 671 401 689 401 705 409 689 413 672 413 1422 602 -143.716080 125.259537 32.752552 -0.603048 0.010935 0.014275 -7.689368 30.053074 533.082031 -40.888973 29.713526 533.562134 25.510237 30.392622 532.601929
529 405 542 398 559 398 573 408 559 411 543 411 658 408 674 400 692 400 708 408 692 413 674 413 1341 298 -127.678123 65.224304 25.289192 -0.586060 0.014560 0.014837 -6.600496 29.632977 531.084351 -39.798336 29.305721 531.680847 26.597345 29.960230 530.487854
537 410 550 405 564 406 578 412 564 414 550 414 664 413 679 407 694 407 709 413 694 416 679 415 813 822 -22.576572 169.049103 33.893703 -0.530065 -0.004779 0.010126 -4.126259 32.535381 539.363403 -37.329041 32.173584 539.299072 29.076521 32.897175 539.427734
539 406 552 398 569 399 583 409 569 412 553 412 667 411 683 402 701 403 717 411 700 416 683 416 1148 460 -89.266899 97.338104 27.759451 -0.591686 0.020791 0.034350 -1.904424 30.698692 533.284973 -35.083244 29.822107 534.263245 31.274397 31.575277 532.306702
581 402 595 396 612 397 627 405 611 409 595 408 712 410 728 404 745 405 760 413 745 416 728 415 313 425 76.752563 90.850395 21.631691 -0.486160 0.054921 0.066262 20.250624 29.780060 531.160034 -12.833692 28.102491 533.434509 53.334942 31.457630 528.885498
554 404 566 399 581 400 593 407 580 409 566 408 675 410 689 405 704 405 718 412 704 414 689 414 970 625 -53.837532 130.037064 30.393972 -0.511528 0.002353 0.045253 2.638380 31.469410 554.164124 -30.533085 30.051521 554.614807 35.809845 32.887299 553.713440
543 404 557 396 575 397 589 407 574 411 557 410 673 410 689 401 707 401 723 410 706 415 689 415 1376 144 -134.671631 34.772659 21.993567 -0.572113 0.018064 0.039292 0.862912 29.719337 528.367981 -32.311695 28.651993 529.298523 34.037518 30.786682 527.437439
556 401 571 394 588 396 603 406 587 409 571 408 686 410 701 402 720 402 735 411 719 416 701 415 593 238 21.037123 53.751362 19.145306 -0.570970 0.029659 0.061542 7.465451 29.541025 530.720947 -25.663990 27.881811 532.219849 40.594891 31.200239 529.222046
559 401 573 394 591 396 605 405 589 408 573 407 688 409 704 401 722 402 737 411 721 416 704 414 142 295 110.724411 65.247498 17.570021 -0.573140 0.032703 0.062668 8.579925 29.404411 531.761963 -24.544212 27.739920 533.368469 41.704060 31.068905 530.155518
554 404 569 396 587 398 601 408 585 412 569 411 684 412 700 403 718 404 734 413 717 418 700 417 687 149 2.326816 36.114780 17.711422 -0.569380 0.029770 0.055372 6.605198 30.608521 529.933044 -26.535772 29.142622 531.377625 39.746170 32.074421 528.488464
557 412 571 406 586 407 600 415 586 417 571 417 684 418 699 411 716 412 730 419 715 423 699 422 449 792 49.792702 163.307495 30.885569 -0.578845 0.027307 0.045216 6.576641 34.384159 538.079712 -26.583138 33.221008 539.358704 39.736420 35.547306 536.800781
551 409 565 401 583 402 598 413 582 417 565 416 682 416 697 407 716 407 732 416 715 422 698 421 968 297 -53.512882 65.218338 22.886292 0.263390 0.005646 0.044822 5.071140 31.696119 513.629944 -28.099991 30.200918 513.620361 38.242271 33.191319 513.639526
550 409 564 401 582 402 597 413 581 416 565 416 681 416 697 407 716 407 732 416 715 422 698 421 671 194 5.518194 45.015953 18.637594 0.267224 -0.002209 0.046721 4.806772 31.571384 511.724518 -28.361940 30.048716 511.446045 37.975487 33.094051 512.002991
550 405 564 398 581 399 595 409 580 413 564 412 677 413 692 404 711 405 726 414 710 419 693 418 948 35 -49.594509 13.451859 16.771879 -0.570271 0.018863 0.052509 3.478408 31.643490 538.216919 -29.676121 30.167557 539.293213 36.632935 33.119423 537.140564
537 381 551 373 568 374 582 382 567 386 551 386 661 383 674 374 691 374 705 382 691 387 675 387 370 107 65.348175 27.977566 14.728982 -0.468671 -0.048505 -0.007126 -4.599848 17.346512 547.748352 -37.765491 17.203972 546.142273 28.565794 17.489054 549.354431
573 371 587 363 603 364 617 373 602 377 586 377 691 376 704 367 720 367 733 376 720 381 705 381 208 114 97.561005 29.444151 13.855239 -0.318380 -0.106576 0.020102 12.855028 13.653711 565.372009 -20.156332 12.440700 562.004761 45.866386 14.866723 568.739258
608 367 622 358 639 359 652 367 638 372 623 372 729 368 743 359 759 358 772 367 758 372 743 372 427 64 54.005001 19.450567 14.110124 -0.508143 0.004599 -0.000756 32.198666 9.732663 554.450012 -1.005796 9.794666 554.589966 65.403122 9.670660 554.310059
604 386 619 378 637 379 652 388 636 393 619 393 734 391 748 382 766 382 781 391 765 396 749 396 521 62 35.314064 19.007027 14.664222 -0.531648 0.016316 0.027391 31.317268 20.195356 522.960266 -1.871064 19.468863 523.712891 64.505600 20.921852 522.207642
635 386 650 378 667 379 681 388 666 392 650 391 763 392 778 384 796 385 810 394 795 398 778 397 774 214 -14.957362 48.915455 19.751829 -0.657960 0.086439 0.074078 47.245995 21.149920 535.720520 14.248458 19.778605 539.161682 80.243530 22.521233 532.279358
549 400 563 393 579 393 594 400 579 404 564 404 685 400 701 392 719 393 735 399 718 404 701 403 1187 658 -96.977386 136.447067 32.532677 -0.665575 0.034240 0.002332 5.113326 24.499178 503.497375 -28.072645 24.791899 504.576813 38.299297 24.206459 502.417938
542 400 556 392 573 391 588 400 573 404 557 405 677 398 694 389 713 388 730 396 713 402 695 402 1213 307 -102.225235 67.068665 24.678099 -0.684079 0.034753 -0.014392 1.999486 23.680458 501.338013 -31.182741 24.501324 502.246643 35.181713 22.859592 500.429382
548 398 562 390 580 390 595 399 580 404 563 404 684 397 701 388 720 388 737 396 720 402 702 402 927 208 -45.380459 47.651115 20.590994 -0.636211 0.049099 -0.002746 5.299857 23.408257 502.259247 -27.866150 23.994644 503.753143 38.465866 22.821869 500.765381
552 396 567 388 585 388 601 397 585 402 568 402 689 396 705 386 725 386 742 394 725 401 707 401 941 146 -48.177952 35.391407 19.263603 -0.606726 0.049500 -0.003069 7.686311 22.549181 503.489075 -25.478910 23.128323 505.003082 40.851532 21.970039 501.975037
580 394 596 385 614 385 630 394 614 399 596 399 716 394 732 385 751 385 766 393 750 399 733 398 431 91 53.215672 24.784285 14.752606 -0.603757 0.048684 0.006416 21.061460 21.824062 511.064331 -12.104529 22.097067 512.646179 54.227451 21.551056 509.482483
555 395 569 386 587 386 602 396 587 401 570 401 688 394 705 385 724 385 741 393 724 399 706 399 1076 149 -75.020012 35.914909 20.193567 -0.607398 0.052229 -0.002005 7.996036 22.393753 512.129517 -25.164808 22.966860 513.738708 41.156879 21.820648 510.520294
557 394 571 385 589 385 604 394 588 399 572 399 690 393 706 383 725 384 741 392 725 398 707 397 617 391 16.299143 83.975075 22.794552 -0.628181 0.056382 0.001429 8.679482 21.813421 514.659912 -24.474245 22.337856 516.424866 41.833210 21.288986 512.895020
551 393 565 384 583 384 598 394 583 399 566 399 684 393 700 383 720 383 736 392 720 398 701 398 1110 73 -81.797325 20.878227 18.673887 -0.599983 0.044151 -0.001669 6.092432 21.506069 513.930969 -27.080936 21.984905 515.294006 39.265800 21.027235 512.567932
547 400 561 392 578 391 593 400 578 405 562 405 681 398 697 389 715 389 732 397 715 403 698 402 1258 385 -111.155449 82.459999 26.747566 -0.626249 0.041092 -0.009124 3.988643 24.381855 513.201233 -29.187706 25.078705 514.386108 37.164993 23.685005 512.016418
547 401 561 393 578 392 593 401 578 405 562 406 681 399 697 390 716 390 732 398 715 403 698 403 1330 427 -125.462219 90.723091 28.166700 -0.643331 0.038255 -0.009088 3.929416 24.762136 510.224792 -29.250605 25.438084 511.315155 37.109436 24.086189 509.134399
554 404 567 397 582 397 596 404 582 407 568 408 682 402 696 395 713 395 728 401 713 405 697 405 919 855 -43.645741 175.516144 35.324135 -0.622883 0.035326 -0.012884 4.992569 27.452852 530.520874 -28.189522 28.207047 531.490234 38.174660 26.698656 529.551514
548 397 561 389 579 389 594 399 579 403 562 403 681 399 698 390 717 390 733 398 716 404 698 403 984 214 -56.712719 48.807556 21.091805 -0.663029 0.045731 0.014392 4.318409 24.067928 510.285980 -28.849628 24.109596 511.847748 37.486446 24.026262 508.724182
538 402 551 394 568 394 582 402 568 407 552 407 670 402 686 393 704 393 721 401 704 406 687 406 1404 449 -140.171112 95.032738 29.141592 -0.687245 0.031676 -0.001031 -1.219924 25.908665 512.434753 -34.408710 26.287666 513.394226 31.968861 25.529663 511.475281
549 394 564 386 582 387 597 397 581 400 565 400 685 398 702 389 721 389 738 398 720 403 702 402 42 20 130.546692 10.953050 10.648086 -0.733693 0.044401 0.031991 5.695187 22.619648 494.778442 -27.462107 22.167547 496.495758 38.852478 23.071749 493.061157
536 404 549 397 565 397 580 404 565 407 550 408 667 402 682 394 700 394 715 400 699 405 683 405 1178 479 -95.227722 101.077499 28.385033 -0.792655 0.006934 -0.022710 -2.725277 26.086287 503.858185 -35.921211 26.850342 503.781525 30.470655 25.322229 503.934845
608 468 619 460 633 459 645 465 633 469 620 470 711 461 723 454 737 453 749 459 737 463 724 463 483 373 42.939030 80.486748 21.528214 -0.661599 0.071176 -0.051459 30.516321 72.318428 660.498962 -2.565104 74.656281 662.146240 63.597744 69.980583 658.851746
588 468 599 462 613 461 624 467 612 471 600 471 691 466 703 459 716 459 728 465 716 469 703 469 637 680 12.386781 141.077332 29.525925 -0.676155 0.038635 -0.014047 17.626171 74.855553 662.935181 -15.551641 75.704498 663.970398 50.803986 74.006607 661.899902
554 463 564 457 576 456 587 462 576 466 565 467 652 460 664 453 678 453 691 459 679 463 665 463 1342 88 -127.923714 23.723343 20.496998 -0.629479 0.070046 -0.023491 -5.925575 73.215576 682.191040 -39.042763 74.652260 684.126892 27.191612 71.778885 680.255249
566 475 577 469 590 468 602 473 590 477 578 478 670 469 682 463 696 462 709 467 697 472 683 472 289 726 81.591614 150.346710 28.356510 -0.675507 0.044551 -0.048162 4.272295 77.064926 656.414856 -28.863756 79.024910 657.263489 37.408348 75.104942 655.566223
547 476 557 469 571 468 582 474 571 478 559 479 651 469 663 462 677 461 690 466 678 471 664 472 780 646 -16.054199 134.284729 29.661472 -0.648438 0.040528 -0.061417 -7.774398 76.940628 656.573242 -40.892464 79.259293 657.187439 25.343668 74.621964 655.959106
576 474 586 468 599 467 611 472 599 475 587 476 678 468 690 462 704 462 716 466 704 470 691 470 210 715 97.297134 148.213470 27.601070 -0.761756 0.050540 -0.041337 9.550506 75.718971 651.367126 -23.586912 77.570343 652.388733 42.687923 73.867607 650.345581
549 469 559 463 571 462 581 466 571 470 560 471 647 462 659 455 672 455 685 460 673 463 660 464 1315 366 -122.493279 78.675911 26.677116 -0.710377 0.057826 -0.055982 -9.496093 75.158386 681.564453 -42.597862 77.516350 682.692566 23.605675 72.800423 680.436401
615 471 627 465 641 464 653 470 641 474 628 474 718 468 729 461 741 460 752 466 741 470 729 470 75 759 124.149658 156.978165 27.745073 -0.674703 0.029904 -0.028992 35.636921 78.304428 681.916382 2.459827 79.517845 682.522827 68.814011 77.091003 681.309875
600 469 612 463 625 463 637 469 625 472 612 473 703 467 714 460 727 460 739 465 727 470 715 470 732 751 -6.486742 155.059616 31.754480 -0.648866 0.039334 -0.022258 25.476040 76.456100 671.510742 -7.696041 77.553154 672.495178 58.648121 75.359039 670.526245
600 460 611 454 625 454 636 460 624 464 612 464 701 460 712 453 726 453 737 460 726 463 713 463 983 3 -56.560856 7.109997 16.263996 -0.649700 0.032419 0.001767 24.965864 72.054749 676.342590 -8.222057 72.337654 677.363098 58.153786 71.771835 675.322021
575 473 586 467 599 466 611 472 600 476 587 477 677 469 689 462 704 462 716 467 704 472 690 472 1253 704 -110.090256 145.503723 34.004929 -0.677723 0.049980 -0.033242 9.554404 77.699066 666.225647 -23.592861 79.260651 667.400330 42.701672 76.137474 665.051025
573 470 584 463 597 462 609 469 597 473 585 473 675 465 687 458 701 457 714 463 702 468 688 468 1222 436 -103.986038 92.557175 27.683224 -0.665637 0.046523 -0.041350 8.050524 74.922714 663.016052 -25.092327 76.690994 664.008118 41.193375 73.154434 662.023987
578 468 589 461 602 460 614 466 602 470 590 470 679 462 691 456 705 455 717 461 705 465 692 465 1130 560 -85.665604 117.109474 29.929632 -0.677244 0.047345 -0.041266 10.894143 73.947617 669.248352 -22.247669 75.726746 670.255615 44.035957 72.168488 668.241089
591 471 602 465 615 464 627 470 615 474 603 475 691 467 702 459 715 459 727 464 715 469 703 469 85 556 122.116112 116.855919 23.170258 -0.600451 0.029522 -0.048752 18.838207 77.882881 681.278503 -14.314291 79.690796 681.728943 51.990704 76.074966 680.828003
584 471 595 464 609 463 621 469 609 473 596 474 687 466 699 458 713 457 725 463 713 468 700 468 450 141 49.448936 34.655582 16.016361 -0.653233 0.036737 -0.046221 15.505096 75.375092 663.841797 -17.643887 77.186501 664.492493 48.654079 73.563690 663.191162
587 472 598 465 612 464 624 470 612 474 599 475 689 466 700 459 713 458 725 463 713 468 701 468 968 563 -53.453663 117.785576 28.964489 -0.641752 0.024920 -0.063801 16.752420 76.828354 673.043457 -16.377167 79.059235 673.158142 49.882011 74.597473 672.928711
587 471 599 464 612 463 624 469 612 473 600 474 689 464 700 457 714 456 725 461 714 466 702 467 756 51 -11.414618 16.712448 15.912364 -0.615991 0.019699 -0.066022 17.184204 75.821083 672.959961 -15.944289 78.070717 672.919128 50.312698 73.571442 673.000793
588 472 599 464 613 464 625 470 613 474 600 475 689 465 700 458 714 457 725 462 714 467 701 468 826 227 -25.293890 51.457813 20.380686 -0.617462 0.016916 -0.066423 17.417000 76.544785 674.798889 -15.712288 78.779099 674.665833 50.546288 74.310471 674.931946
589 471 600 464 613 463 625 469 614 473 601 474 689 464 700 457 713 456 724 461 713 466 701 467 34 137 132.163422 34.078842 13.270532 -0.569098 0.016946 -0.069064 17.657061 77.008675 684.691711 -15.466071 79.334023 684.589172 50.780193 74.683327 684.794189
588 472 599 466 612 465 624 470 612 474 600 475 689 466 700 459 713 458 724 463 713 468 701 468 575 419 24.656448 89.530052 23.166367 -0.628630 0.026101 -0.062306 16.968847 77.199707 676.445374 -16.162695 79.396912 676.626526 50.100388 75.002495 676.264160
573 344 587 335 604 335 618 344 603 348 587 349 699 341 713 332 729 332 743 340 729 345 713 345 786 183 -17.350283 42.783031 19.120037 -0.436894 0.067882 -0.008433 14.641905 -3.609914 546.045654 -18.486483 -2.854540 548.166748 47.770290 -4.365288 543.924561
570 362 586 358 603 360 617 371 601 372 584 370 700 381 716 375 733 377 747 386 731 389 715 387 460 630 47.569450 131.287216 27.253998 -0.660837 0.002149 0.141913 14.040586 13.119542 520.932983 -18.842327 8.780716 522.497620 46.923500 17.458368 519.368286
530 377 546 370 564 371 580 380 563 383 546 383 666 385 682 378 701 380 717 389 700 392 682 391 872 616 -34.353703 128.308823 29.562998 -0.695612 -0.013025 0.062810 -3.525410 16.780525 517.963867 -36.664642 14.716054 518.262085 29.613821 18.844995 517.665649
540 351 553 345 569 346 581 356 568 358 553 358 654 360 668 353 684 353 698 361 683 365 668 365 637 33 12.242743 13.216410 14.741737 0.307969 0.038126 0.053634 -6.711924 4.325496 584.484802 -39.845436 2.380531 585.458008 26.421589 6.270462 583.511658
544 364 557 358 572 360 584 369 570 371 556 370 659 375 672 367 688 368 701 375 687 380 672 379 553 633 29.078461 131.832291 27.915968 0.394402 0.010008 0.074974 -4.538637 11.794516 572.434814 -37.649734 9.306753 572.273926 28.572460 14.282278 572.595764
539 366 553 360 568 362 581 369 567 372 552 371 658 376 673 370 689 371 702 379 688 381 673 380 1303 794 -120.011971 163.263947 36.380505 -0.604373 -0.022304 0.076486 -5.338912 12.594793 560.081543 -38.441563 9.992520 560.129944 27.763739 15.197065 560.033142
530 365 545 358 560 360 572 370 558 371 543 370 648 376 662 369 679 370 692 379 677 381 662 380 1206 91 -100.881477 24.386084 19.697754 -0.874863 -0.041959 0.076276 -10.295366 12.448370 551.462708 -43.382256 9.658346 551.280518 22.791523 15.238394 551.644897
551 372 566 367 581 367 595 373 580 375 565 375 669 376 683 370 698 371 713 377 699 379 684 378 625 615 14.758330 128.238113 27.964081 -0.813886 -0.069932 -0.004194 1.237760 14.354257 589.699280 -31.889999 13.584991 587.573364 34.365520 15.123521 591.825134
544 380 559 375 574 374 589 379 574 381 559 382 669 381 683 376 697 377 712 382 698 384 683 383 1121 867 -83.807747 177.783813 36.887268 -0.698718 -0.091017 -0.021540 -0.847780 17.289835 577.674500 -33.913269 16.934465 574.656738 32.217709 17.645205 580.692200
541 369 555 363 570 366 582 375 568 376 554 375 656 382 670 375 685 376 698 384 684 387 669 386 834 68 -26.919968 20.031933 16.798525 0.665440 0.027345 0.093680 -5.815090 15.423241 563.365723 -38.867661 12.250998 563.210266 27.237478 18.595484 563.521240
536 377 550 371 565 372 579 379 564 381 550 381 656 383 670 377 686 377 700 384 685 387 671 386 1341 721 -127.583954 148.818069 34.954899 -0.782636 -0.030776 0.034629 -6.648851 17.215902 559.439514 -39.819817 15.800455 558.946472 26.522116 18.631350 559.932556
549 373 562 370 574 371 586 375 574 376 562 375 654 381 665 379 677 380 688 385 677 385 665 384 641 298 11.506398 65.583969 20.822609 -0.865468 -0.062065 0.070814 -6.558568 18.405457 645.419556 -39.625237 15.503158 644.564209 26.508102 21.307755 646.274902
539 379 555 371 573 370 589 376 572 381 555 382 671 380 686 375 703 377 718 385 703 388 686 386 1195 388 -98.628174 83.085236 26.414124 -0.782800 -0.108036 0.000561 -0.329944 16.374325 556.789001 -33.350849 15.025068 553.570496 32.690960 17.723581 560.007507
533 376 548 369 564 370 577 381 562 383 547 382 649 387 664 379 680 379 695 389 679 392 664 391 473 86 44.863487 23.774597 14.906350 0.486407 0.017972 0.081082 -8.819347 17.825413 553.545044 -41.911953 15.098807 553.476257 24.273258 20.552019 553.613770
530 379 546 371 563 372 578 381 562 384 545 383 660 385 676 377 694 378 710 387 693 390 676 389 245 420 90.272232 89.897224 21.083542 -0.781375 -0.017877 0.038908 -5.478928 17.357367 536.480713 -38.654823 15.972996 536.425415 27.696968 18.741735 536.536072
534 378 549 372 564 372 578 379 563 381 549 381 654 382 668 376 684 376 698 383 683 385 669 384 67 126 125.599419 31.888052 13.229745 -0.753493 -0.042503 0.013253 -7.823311 17.577579 584.474060 -40.996750 16.671185 583.351074 25.350126 18.483974 585.597046
536 385 550 381 564 381 577 384 563 386 550 386 656 386 669 383 683 384 696 387 683 388 669 388 1121 898 -83.800842 183.910065 37.595631 -0.739465 -0.058792 -0.008332 -7.828498 21.055845 600.886292 -40.977409 20.618549 599.010620 25.320412 21.493143 602.761963
538 385 552 381 566 381 579 385 566 386 552 387 658 387 672 384 685 384 699 388 685 389 672 389 1340 864 -127.353287 177.078415 38.216122 -0.698540 -0.058859 -0.002747 -6.418831 21.426334 602.242554 -39.568325 20.855135 600.413757 26.730661 21.997534 604.071350
533 382 547 377 562 378 576 384 561 385 547 385 654 387 668 381 683 382 698 388 683 390 668 389 1108 627 -81.276321 130.361404 31.320229 -0.755151 -0.035697 0.019231 -8.327114 20.060408 578.229858 -41.505909 19.054359 577.384155 24.851679 21.066456 579.075562
568 396 580 390 594 389 606 395 593 399 580 399 672 394 683 388 695 387 706 393 695 397 683 397 94 718 120.362663 148.865936 26.929445 -0.605510 -0.031878 -0.028274 5.171593 29.518536 672.607117 -28.003990 30.090002 671.336792 38.347176 28.947067 673.877380
574 395 585 387 600 385 613 392 601 396 587 398 693 386 706 378 723 377 738 384 723 388 708 389 1040 603 -67.760880 125.653427 30.337923 -0.631730 0.095760 -0.047916 13.079867 21.820526 566.633972 -19.941006 24.275387 569.114929 46.100742 19.365667 564.153015
637 385 650 377 665 377 677 383 664 388 650 388 751 382 763 374 778 374 790 381 778 385 764 385 622 576 15.346153 120.532433 27.053774 -0.473888 0.047595 -0.019817 48.705177 19.642241 606.059998 15.543664 20.643047 607.428223 81.866692 18.641434 604.691772
609 376 620 369 633 368 645 374 633 378 621 379 714 371 725 365 738 364 750 370 738 374 726 374 364 263 66.575912 58.809555 18.255354 -0.495312 -0.004447 -0.045890 30.616470 14.727031 644.845947 -2.553773 16.152903 644.334656 63.786713 13.301159 645.357300
566 370 579 361 594 360 608 367 594 372 580 373 684 362 696 354 711 354 724 361 711 366 697 366 247 92 89.801544 25.076445 13.601383 -0.581850 0.013052 -0.054720 8.691736 9.043586 594.145203 -24.462015 10.881372 594.040588 41.845486 7.205798 594.249817
543 391 554 383 569 382 582 388 569 392 556 394 657 384 670 376 686 376 700 382 686 387 671 387 1391 891 -137.487869 182.387985 39.158501 -0.615851 0.039037 -0.047457 -5.624400 21.306149 596.619507 -38.768497 23.169815 597.364624 27.519697 19.442482 595.874390
562 387 572 381 585 380 596 385 585 388 573 389 663 380 675 374 688 374 700 378 688 382 675 382 1217 710 -102.930862 146.707962 33.912319 -0.583696 0.033977 -0.063526 0.048125 21.458996 665.778198 -33.072975 23.768745 666.244385 33.169228 19.149246 665.312012
555 386 566 379 579 378 591 382 580 387 567 389 661 378 673 371 687 370 700 376 687 380 674 380 1012 547 -62.205967 114.601028 28.879639 -0.587036 0.029059 -0.069441 -1.999491 19.394529 639.376709 -35.112942 21.843067 639.629028 31.113960 16.945993 639.124451
565 387 577 380 591 379 603 386 591 390 578 391 675 384 688 377 702 377 715 384 702 388 688 387 1075 412 -74.762627 87.889801 26.196833 -0.587534 0.033078 -0.017429 5.791804 21.739069 624.893677 -27.390463 22.598372 625.764526 38.974072 20.879765 624.022827
589 389 602 383 616 382 629 388 616 392 602 393 701 388 712 381 726 382 738 388 726 392 713 392 72 851 124.766640 175.160858 29.828165 -0.580264 0.008109 -0.004771 20.607952 23.941904 632.531250 -12.595431 24.167547 632.740967 53.811337 23.716261 632.321533
626 385 638 378 653 379 664 385 652 389 638 389 731 388 742 382 754 383 764 390 753 393 742 392 32 728 132.692657 150.873993 26.762337 -0.421027 -0.090130 0.023682 42.996223 24.522146 674.493713 9.933368 23.139637 671.755859 76.059074 25.904655 677.231628
583 395 595 388 609 388 621 394 609 398 595 398 691 394 703 388 717 388 729 394 717 398 703 398 780 807 -16.018356 166.101746 33.340382 -0.565322 -0.000720 -0.004259 15.971596 27.900936 640.508911 -17.232916 28.028358 640.447327 49.176109 27.773516 640.570496
562 392 574 385 589 384 602 391 589 395 575 396 673 389 686 382 701 382 714 389 701 393 687 393 902 204 -40.410473 46.873478 20.340073 -0.583999 0.026233 -0.019122 4.606025 24.542030 619.437134 -28.581785 25.388580 620.079224 37.793835 23.695480 618.795105
474 367 487 364 499 366 511 372 498 371 486 370 579 382 593 379 606 381 617 386 604 386 592 384 287 492 81.937187 104.104370 22.996763 -0.842507 -0.163960 0.084484 -48.765823 16.211727 603.425598 -81.439972 11.586778 599.741882 -16.091677 20.836676 607.109253
466 359 481 355 496 357 508 366 494 365 480 363 579 375 593 370 608 372 621 380 607 381 593 379 941 404 -48.120514 86.377678 25.158998 -0.843996 -0.170609 0.078215 -47.042381 11.639197 571.260559 -79.697906 7.108418 567.304810 -14.386853 16.169977 575.216370
460 364 474 359 489 361 500 371 487 371 473 369 568 380 581 374 596 375 608 383 594 385 581 384 861 178 -32.264023 41.756390 19.484348 0.538933 0.011805 0.132116 -54.859726 14.447854 597.547546 -87.779854 10.179800 596.767639 -21.939594 18.715908 598.327515
612 399 626 393 641 393 653 399 640 403 625 403 729 402 743 396 758 397 772 404 758 407 743 406 159 758 107.447289 156.737381 28.258213 -0.672654 0.057072 0.046113 34.522839 29.162291 584.887085 1.404047 28.358709 587.136414 67.641624 29.965872 582.637695
609 390 623 384 639 385 651 393 637 396 623 396 723 396 736 389 750 390 762 398 749 401 736 400 314 462 76.561966 98.161865 22.483536 -0.509053 0.009899 0.049810 33.840466 27.043703 625.417480 0.677543 25.542831 626.143860 67.003387 28.544575 624.691101
583 394 595 387 609 387 622 394 609 398 595 398 692 394 705 388 719 388 731 395 719 399 705 398 680 648 3.829750 134.731354 29.069090 -0.557243 0.023460 0.012105 16.283333 27.507389 632.527405 -16.910206 27.337442 633.375732 49.476875 27.677336 631.679077
674 357 688 349 704 349 718 357 703 361 688 362 798 359 812 352 828 353 841 361 827 365 812 364 270 5 85.208969 7.871583 11.760160 -0.590826 0.101822 0.055860 68.963135 5.329612 564.951843 35.975574 4.553817 568.663818 101.950699 6.105407 561.239929
537 392 551 384 569 384 584 392 569 396 552 397 674 391 690 383 709 383 726 391 709 396 691 396 885 669 -36.926758 138.776062 30.857018 -0.579435 0.041871 0.001767 -0.023312 20.636284 505.331604 -33.199776 20.972446 506.661560 33.153152 20.300123 504.001678
550 365 563 358 579 357 592 364 579 369 564 369 672 362 685 355 701 354 715 361 701 366 686 366 538 95 31.941214 25.519791 15.526757 -0.322863 -0.055988 -0.035972 1.300571 7.569201 553.559082 -31.831381 8.444716 551.542480 34.432522 6.693685 555.575745
535 386 549 379 567 379 582 387 567 391 550 392 670 386 685 378 704 378 719 385 703 391 686 391 750 580 -10.103841 121.257149 27.961922 -0.638895 0.026758 -0.001835 -1.830069 18.283306 512.308105 -35.023342 18.614458 513.118469 31.363203 17.952156 511.497742
558 383 574 374 592 375 607 385 591 389 574 389 695 387 710 377 729 378 743 387 728 392 711 392 190 249 101.170090 56.132259 16.825184 -0.626314 0.015349 0.026926 10.237919 17.918941 512.714050 -22.951462 17.236767 513.461914 43.427299 18.601118 511.966187
521 385 536 375 554 375 569 385 553 389 536 390 657 386 673 377 693 378 709 387 692 392 674 391 1129 254 -85.534897 56.637901 22.931040 -0.566095 0.029055 0.020153 -7.854785 17.754702 507.796417 -41.039391 17.386652 508.894653 25.329821 18.122749 506.698181
534 393 550 385 568 385 583 392 567 396 550 397 671 395 687 388 707 389 724 398 706 402 688 400 1040 775 -67.722588 159.644272 34.268185 -0.645129 0.019924 0.034002 -1.117760 21.641434 494.678741 -34.297672 20.795458 495.646881 32.062153 22.487410 493.710602
535 391 549 384 567 384 581 394 566 398 550 397 670 397 686 388 705 389 721 398 704 403 686 402 932 688 -46.267773 142.506729 31.591074 -0.705176 0.020810 0.042894 -1.699886 22.391403 505.521942 -34.868507 21.316418 506.638458 31.468735 23.466387 504.405426
545 401 560 394 578 395 593 403 577 407 560 407 683 406 699 398 717 398 733 407 716 411 699 410 544 886 30.924299 181.835083 33.639683 -0.697474 0.023260 0.035943 3.916330 26.604393 502.818695 -29.259270 25.764265 503.929260 37.091930 27.444523 501.708160
523 408 537 401 554 401 569 410 554 414 538 414 660 410 676 402 695 402 711 410 694 415 676 415 1275 631 -114.480881 131.066086 32.477230 -0.664564 0.006392 0.009877 -6.976382 29.435871 506.098907 -40.178982 29.199501 506.400909 26.226217 29.672241 505.796936
535 408 550 400 568 400 583 410 567 413 550 413 672 411 689 402 708 402 724 411 707 416 689 415 731 636 -6.313509 132.333694 29.120308 -0.699428 0.024831 0.019813 -0.752560 29.347504 504.305450 -33.941292 29.018827 505.285034 32.436172 29.676180 503.325867
563 402 579 393 598 393 614 403 597 407 579 407 702 404 718 395 737 395 752 405 736 410 719 409 225 369 94.237579 79.828819 19.790556 -0.533829 0.019821 0.018973 13.583181 26.514994 512.225952 -19.609428 26.086105 513.017395 46.775791 26.943884 511.434479
557 407 573 399 591 399 606 409 590 413 573 413 695 410 711 401 729 401 744 410 728 415 711 415 257 698 87.948097 144.829758 27.512514 -0.700237 0.026483 0.023669 9.974024 29.144400 505.971283 -23.210688 28.716766 507.044434 43.158737 29.572031 504.898132
552 409 567 401 586 401 601 411 585 415 568 415 690 412 706 402 725 402 740 411 724 416 707 416 331 673 73.228745 139.851196 27.413437 -0.694048 0.027326 0.017727 7.652008 29.847113 505.479614 -25.535889 29.607136 506.511871 40.839905 30.087088 504.447357
547 411 562 403 581 403 597 413 580 417 563 417 685 413 701 403 720 403 736 411 720 417 702 417 684 471 2.995005 99.750343 25.050098 0.373473 -0.006655 0.002242 5.200265 29.319754 488.448944 -28.003738 29.287815 488.219330 38.404270 29.351690 488.678558
544 412 559 404 578 404 594 413 577 417 560 417 683 414 699 405 718 405 733 414 717 419 699 418 680 572 3.812830 119.712143 27.332460 -0.695676 0.021553 0.012210 4.006908 31.005798 504.195496 -29.188122 30.871367 504.990143 37.201939 31.140232 503.400818
544 415 559 407 578 407 594 417 577 421 560 421 683 417 699 408 718 408 734 416 717 422 699 421 1072 525 -74.140968 110.222534 28.759781 -0.704189 0.018436 0.010456 4.010380 32.440434 502.717896 -29.187279 32.328026 503.397949 37.208038 32.552845 502.037842
561 413 576 405 594 406 609 415 593 418 576 418 698 417 714 408 732 408 746 417 731 421 714 421 63 716 126.526108 148.486618 26.685938 -0.681336 0.032159 0.028563 11.430943 32.411373 509.755524 -21.744329 31.884792 511.053070 44.606216 32.937950 508.457947
523 399 539 390 558 389 573 397 556 402 539 403 661 397 678 389 698 390 715 400 698 404 679 402 921 516 -44.118881 108.521530 27.590622 -0.680977 0.032694 0.009588 -5.743113 23.404232 493.876404 -38.929390 23.465488 494.984070 27.443163 23.342978 492.768707
558 408 575 400 594 400 609 407 592 411 575 412 700 409 717 403 737 403 755 412 737 415 718 414 346 603 70.230637 126.010010 25.909624 -0.748087 0.039395 0.032299 11.703827 27.608604 481.916565 -21.459881 27.100613 483.488220 44.867535 28.116598 480.344910
557 409 573 400 593 400 608 409 591 413 573 414 697 411 713 404 732 405 749 415 732 419 714 417 334 690 72.636024 143.209229 27.821035 -0.740035 0.019370 0.036393 10.529846 29.159096 489.047302 -22.648016 28.285604 490.060242 43.707710 30.032589 488.034363
