638 341 649 333 663 333 675 340 663 344 650 345 750 339 762 332 777 332 789 339 777 343 763 343 834 580 -14.242078 120.269737 26.167316 -0.132382 0.121223 -0.007223 54.401901 -5.000758 613.859558 21.441269 -4.496480 617.847290 87.362534 -5.505036 609.871765
637 342 649 334 663 334 674 341 662 346 649 346 750 339 761 332 776 332 788 339 776 344 762 344 1157 422 -78.474228 88.820625 27.626356 -0.108071 0.152284 -0.014307 53.818077 -4.466733 612.401550 21.000547 -3.722008 617.403015 86.635612 -5.211458 607.400085
636 340 647 332 661 332 673 339 661 344 647 345 747 337 759 329 774 329 786 337 774 342 760 342 1111 75 -69.556686 20.027903 21.533089 -0.089343 0.208169 -0.020146 52.653378 -5.628618 613.154785 20.171629 -4.657963 619.977783 85.135124 -6.599272 606.331787
637 343 648 335 662 335 673 342 661 346 648 347 749 340 760 333 775 333 787 340 775 345 761 344 822 769 -11.741719 157.752502 29.030035 -0.118609 0.147542 -0.009693 53.780144 -3.998798 618.749023 20.937216 -3.389193 623.599792 86.623070 -4.608403 613.898254
641 343 652 336 666 336 677 342 665 347 653 347 753 341 765 335 779 335 791 341 779 346 765 345 401 852 71.902275 174.365036 25.170135 -0.120735 0.138823 -0.005141 56.307178 -3.575755 619.657837 23.421864 -3.128521 624.231201 89.192497 -4.022988 615.084473
636 343 648 335 661 335 673 341 661 346 648 347 748 340 759 332 773 332 786 339 774 344 760 344 699 668 12.617852 137.769302 25.907328 -0.115124 0.137223 -0.016714 53.647503 -4.293958 621.975220 20.759100 -3.480383 626.475281 86.535904 -5.107533 617.475159
638 345 649 337 663 337 674 343 662 348 649 348 749 341 761 334 775 334 787 341 775 345 762 345 1068 729 -60.611542 149.730728 31.420834 -0.110996 0.146491 -0.019618 54.282822 -3.347646 620.288696 21.439648 -2.430752 625.089172 87.125999 -4.264541 615.488159
639 344 650 337 664 336 676 343 663 347 650 348 751 342 763 335 777 335 789 342 777 346 764 346 420 636 67.995216 131.525650 21.963516 -0.103965 0.146254 -0.010038 54.948284 -3.206899 616.411377 22.099310 -2.623603 621.224304 87.797256 -3.790195 611.598450
636 345 647 338 661 337 672 343 660 348 648 349 748 341 759 335 773 334 785 341 773 346 760 345 1274 711 -101.525406 146.086121 33.669704 -0.102060 0.138188 -0.021222 53.193104 -3.033463 618.856140 20.311998 -2.098741 623.385925 86.074211 -3.968184 614.326355
636 345 647 338 661 338 673 344 661 348 648 349 748 342 759 335 773 335 785 342 774 346 760 346 1183 676 -83.478546 139.178909 31.992134 -0.099752 0.174974 -0.021334 53.227940 -2.774040 617.562500 20.537218 -1.781695 623.297668 85.918663 -3.766386 611.827393
633 343 644 335 659 334 670 341 658 346 645 347 745 339 756 332 771 332 784 339 771 344 758 344 1107 214 -68.675911 47.592834 23.697868 -0.064842 0.261136 -0.026451 50.719597 -4.199659 608.003967 18.651596 -3.052605 616.541321 82.787598 -5.346714 599.466553
643 341 655 333 670 333 681 340 669 345 655 345 756 340 767 332 782 332 794 340 782 345 768 345 345 187 82.607391 42.517082 13.888626 -0.043439 -0.116409 -0.000104 57.248955 -4.504310 606.033325 24.268829 -4.584712 602.177856 90.229080 -4.423909 609.888794
641 341 652 334 667 333 678 340 666 345 653 345 754 340 765 332 780 333 792 340 780 344 766 344 457 313 60.447506 67.461769 17.274141 -0.096955 0.120246 -0.004482 55.890057 -4.325092 610.863647 22.925158 -3.983678 614.833313 88.854958 -4.666505 606.893982
644 340 656 332 670 331 682 339 669 344 656 344 756 339 768 331 782 332 794 339 782 344 769 344 52 15 140.677368 8.516780 7.542552 -0.062400 0.270367 -0.001621 57.255520 -4.953045 609.184998 25.256594 -4.621599 618.046021 89.254448 -5.284492 600.323914
637 342 649 334 663 333 675 341 662 345 649 346 749 339 761 332 775 332 787 339 775 344 762 344 1228 201 -92.709351 44.970760 24.980146 -0.057570 -0.124060 -0.016537 53.668629 -4.564558 606.801392 20.723471 -4.135584 602.679260 86.613785 -4.993532 610.923523
638 344 649 336 663 336 675 342 663 347 649 348 750 341 761 334 776 334 788 341 776 346 762 346 1076 596 -62.282806 123.354126 29.400856 -0.056509 -0.092317 -0.013417 54.077881 -3.402185 610.205017 21.017408 -3.044079 607.133118 87.138359 -3.760292 613.276855
638 344 649 337 663 336 675 343 663 347 650 348 750 342 762 335 776 335 788 342 776 346 762 346 514 658 49.344593 135.853882 23.470949 -0.102154 0.105870 -0.012147 54.463699 -3.059832 616.704224 21.447083 -2.478729 620.186340 87.480316 -3.640935 613.222168
636 346 647 339 661 338 672 344 660 349 648 350 747 342 759 336 773 336 785 342 773 346 760 346 1435 755 -133.465622 154.752441 36.352234 -0.074342 -0.077371 -0.022372 53.029850 -2.528709 614.180725 19.932623 -1.882737 611.589233 86.127075 -3.174681 616.772278
637 346 648 339 662 338 673 344 661 348 648 349 748 342 760 336 774 336 786 342 774 346 761 346 823 890 -11.864937 181.746246 30.969650 -0.067212 -0.051218 -0.021472 53.791409 -2.734479 617.881897 20.637770 -2.079526 616.159424 86.945045 -3.389432 619.604309
639 345 650 337 664 337 676 343 664 347 651 348 751 342 762 335 776 335 788 342 777 346 763 346 84 647 134.717072 133.829651 18.003025 -0.061865 -0.055935 -0.012896 55.109524 -3.113552 615.510437 21.959385 -2.743283 613.642151 88.259666 -3.483821 617.378784
626 426 641 418 659 418 673 428 658 433 641 432 769 431 784 422 801 422 816 432 801 437 784 436 514 692 49.365761 142.596024 24.012506 -0.184962 -0.037931 0.030588 46.845966 37.259594 483.943756 13.680452 36.133991 482.785553 80.011475 38.385201 485.101929
635 424 650 414 669 414 683 424 668 430 650 430 779 424 794 415 813 415 828 425 813 431 795 431 684 375 15.413768 79.673363 21.055748 -0.118431 -0.269058 0.015740 49.320278 33.147083 455.650360 17.312782 32.106743 446.875549 81.327774 34.187424 464.425171
622 413 636 403 654 402 668 412 653 418 636 418 761 410 775 400 793 400 808 409 793 416 776 416 852 91 -18.120567 23.295271 18.600002 -0.187577 0.127941 -0.015412 44.259418 29.689945 492.471375 11.329123 30.594000 496.635254 77.189713 28.785889 488.307465
640 425 654 416 672 415 686 423 672 429 655 430 782 418 795 409 812 408 827 415 813 421 797 422 676 606 17.146049 125.483200 24.636683 -0.261795 -0.053849 -0.058154 52.901344 33.301151 484.514648 19.800171 34.975555 482.497620 86.002518 31.626745 486.531647
617 401 630 392 647 391 660 399 646 406 631 407 753 397 767 388 785 388 800 397 785 403 769 403 1137 164 -74.663742 37.666958 23.270720 -0.076030 0.534959 -0.047659 37.465672 22.327789 461.471283 8.933595 24.492702 478.317444 65.997749 20.162876 444.625122
629 407 643 397 660 396 674 404 659 411 643 412 767 404 781 396 798 396 813 406 799 411 782 411 704 175 11.318108 40.006386 18.116289 -0.048224 0.553783 -0.047863 42.732967 25.084139 455.629181 14.526041 27.024220 473.040833 70.939896 23.144058 438.217560
644 408 657 399 673 399 687 406 673 412 657 412 780 406 793 398 809 398 823 406 809 411 794 411 422 623 67.590004 128.947037 21.781069 -0.179304 -0.168640 -0.009186 53.975571 27.495436 494.773834 21.241932 27.297899 489.203430 86.709206 27.692970 500.344238
648 402 662 393 679 392 693 400 678 407 662 408 785 400 799 393 815 393 829 402 816 407 800 406 231 236 105.273346 52.275337 13.265921 -0.038939 0.487069 -0.050801 52.393383 24.099932 469.176605 23.090679 26.028328 484.674744 81.696091 22.171537 453.678436
644 404 658 396 674 396 687 403 673 408 658 409 781 404 794 398 810 398 823 406 810 411 795 410 468 535 58.401611 111.479980 20.945587 -0.153401 -0.174309 0.015099 54.195766 26.495323 494.133118 21.496895 25.556534 488.435577 86.894646 27.434113 499.830658
618 408 631 400 646 399 659 405 646 411 631 412 752 404 765 397 782 397 796 404 782 409 767 409 1278 541 -102.425484 112.373940 31.011152 -0.153728 0.221585 -0.022828 41.896103 28.140419 512.964844 9.510105 29.451300 520.175110 74.282104 26.829538 505.754547
623 410 636 402 651 401 664 408 651 413 636 414 757 406 770 400 786 400 799 407 786 411 771 411 1108 665 -68.593658 137.025024 30.893776 -0.199788 0.142170 -0.013853 44.667915 29.468796 517.570129 11.800163 30.393391 522.197815 77.535667 28.544201 512.942444
635 404 649 395 665 394 678 401 664 407 649 408 770 402 784 395 800 396 814 405 800 409 785 408 438 468 64.316589 98.204948 19.509142 -0.076943 0.441031 -0.018974 48.389900 26.015169 493.185120 18.366596 27.178362 507.320435 78.413200 24.851974 479.049774
622 410 635 403 651 402 664 409 650 414 636 415 756 408 770 401 786 401 800 408 786 413 771 413 1124 740 -71.723862 151.891556 32.285328 -0.230568 0.080201 -0.009024 44.564835 29.906986 515.946350 11.467628 30.509136 518.548645 77.662041 29.304834 513.344055
645 404 659 395 676 395 689 404 674 409 659 409 781 406 794 397 811 398 825 407 811 412 795 411 190 159 113.366226 37.021339 11.534799 -0.276272 0.024337 0.018473 55.982918 27.646208 511.284332 22.793505 27.151592 512.166260 89.172333 28.140825 510.402405
628 408 642 400 658 400 671 407 657 412 642 413 764 409 778 402 794 403 808 411 794 415 778 414 787 705 -4.832088 145.074188 27.579830 -0.258661 0.203051 0.024994 46.082989 28.893570 497.195648 13.566783 28.942711 503.922729 78.599197 28.844429 490.468567
636 411 649 403 665 402 678 409 664 414 649 415 772 409 785 403 801 403 814 411 801 415 786 414 220 719 107.758209 148.057449 20.823826 -0.128299 -0.164453 0.010235 50.094807 29.353319 496.203918 17.339108 28.666908 490.804596 82.850502 30.039732 501.603241
634 412 648 405 663 404 676 411 663 416 648 417 770 410 783 404 799 404 812 412 799 416 784 415 537 808 44.871189 165.590225 26.143270 -0.202524 -0.053119 -0.002520 50.157139 30.566980 507.475861 16.999107 30.472076 505.716461 83.315170 30.661884 509.235260
627 414 640 406 656 405 669 412 656 417 641 418 763 411 776 404 792 404 805 412 792 416 777 416 1040 767 -55.028297 157.276291 31.681461 -0.224656 0.007281 -0.010108 46.821350 31.194838 509.962891 13.619102 31.554691 510.165100 80.023598 30.834982 509.760681
628 413 641 406 658 405 671 412 657 417 642 418 763 411 777 404 793 404 807 411 793 416 778 416 945 632 -36.249481 130.540710 28.361839 -0.310597 0.067411 -0.007140 47.769390 31.156441 514.366882 14.640229 31.734238 516.531250 80.898552 30.578642 512.202576
626 409 640 400 657 399 671 408 656 414 640 415 762 408 775 399 793 399 807 408 793 414 777 414 818 111 -11.357191 27.273655 18.500071 -0.165296 -0.009701 0.000082 46.881344 29.386374 508.671478 13.678090 29.357094 508.351074 80.084602 29.415653 508.991913
653 394 667 383 685 382 700 391 685 398 668 399 796 387 810 376 829 374 844 383 829 391 812 391 1161 253 -79.373680 55.306747 24.983732 -0.194017 0.046774 -0.048510 58.496227 18.631824 478.799896 25.366541 20.381411 480.186432 91.625916 16.882236 477.413391
685 402 699 393 717 393 731 401 716 407 700 407 828 398 842 389 859 388 873 396 859 402 843 403 294 831 93.134758 170.239838 23.518620 -0.162778 0.004400 -0.024243 73.835754 23.786770 485.986420 40.640995 24.600000 486.066498 107.030510 22.973541 485.906342
683 402 697 393 714 393 729 401 714 407 698 407 825 398 839 388 856 387 871 395 856 401 841 402 387 700 74.587425 144.228790 22.576735 -0.132399 -0.045621 -0.030462 72.340813 23.402454 482.363647 39.185871 24.310368 480.787170 105.495750 22.494539 483.940125
679 405 693 395 711 395 726 403 711 409 694 410 824 399 837 389 855 388 869 396 855 402 839 403 906 644 -28.498302 132.934540 28.072941 -0.140957 -0.037904 -0.041098 70.720757 24.012531 479.160034 37.567738 25.283415 477.810242 103.873772 22.741646 480.509796
670 405 683 395 701 394 716 403 701 409 685 410 814 397 827 386 845 385 860 393 846 400 829 401 1147 575 -76.393402 119.163925 29.940279 -0.150708 -0.013528 -0.057217 66.327499 23.412384 479.074432 33.179951 25.270224 478.484375 99.475044 21.554544 479.664520
669 402 683 392 701 391 716 400 701 406 684 408 812 394 826 383 844 381 860 390 845 398 828 399 1215 378 -90.017906 80.074318 27.639420 -0.129083 -0.072906 -0.058359 65.496162 21.912598 474.460571 32.435833 23.686281 471.925171 98.556488 20.138912 476.996002
673 406 686 396 704 395 718 403 704 409 688 411 815 398 829 388 846 386 861 394 847 401 831 401 705 763 11.485664 156.605453 27.494354 -0.128001 -0.039892 -0.055787 67.702446 23.978115 482.418945 34.575584 25.739365 480.980652 100.829308 22.216864 483.857239
674 405 688 394 706 393 721 402 706 408 689 409 818 397 832 387 850 386 865 394 851 401 834 401 91 566 133.276749 117.764923 16.799004 -0.126254 -0.027373 -0.046560 68.355583 23.401022 477.864349 35.199127 24.884892 476.860840 101.512039 21.917154 478.867859
668 404 682 393 701 392 716 401 700 408 684 409 813 396 827 384 845 383 860 392 846 399 829 400 1101 290 -67.437248 62.665699 24.834557 -0.125668 -0.088761 -0.057235 65.166313 22.504459 471.405670 32.146275 24.211624 468.352417 98.186348 20.797295 474.458893
672 401 686 391 704 390 720 399 704 406 687 407 816 394 830 383 848 382 864 390 849 398 832 398 866 206 -20.828756 46.094467 20.604061 -0.112774 -0.095111 -0.051643 66.717163 21.585960 470.931671 33.706417 23.116068 467.689880 99.727905 20.055853 474.173462
676 403 690 393 708 392 723 401 708 408 691 409 820 396 833 385 851 384 866 393 852 400 835 401 185 490 114.565102 102.659920 16.745476 -0.106248 -0.080225 -0.045182 68.885925 22.823273 475.795563 35.821625 24.177303 473.060944 101.950226 21.469242 478.530212
677 399 691 389 710 388 725 398 709 404 692 405 821 393 835 382 853 381 868 390 854 397 837 398 91 243 133.075623 53.714558 11.654209 -0.072636 -0.122338 -0.039833 68.840309 21.103148 470.215912 35.909824 22.273718 466.120514 101.770798 19.932575 474.311310
670 406 684 397 701 396 715 404 701 410 685 411 813 398 826 388 843 386 858 394 844 401 828 401 1037 835 -54.390289 170.761673 32.727650 -0.129432 -0.081001 -0.060335 66.159172 23.924196 479.434326 33.123344 25.744953 476.627411 99.194992 22.103437 482.241241
677 406 691 396 708 395 723 403 708 409 692 410 820 398 833 388 851 386 866 394 851 401 835 402 330 645 85.870911 133.343201 20.999094 -0.107000 -0.081830 -0.051592 69.503227 23.801800 479.203491 36.453506 25.363838 476.404266 102.552948 22.239761 482.002716
679 403 693 394 710 393 725 401 710 407 694 408 821 396 835 386 852 385 866 393 852 400 836 400 83 635 134.908157 131.450439 17.799578 -0.098694 -0.120660 -0.045049 70.009323 22.804506 477.307068 37.079311 24.096512 473.244446 102.939331 21.512503 481.369659
668 406 681 396 699 395 714 403 699 410 683 411 811 397 825 386 842 384 857 392 843 399 827 401 1196 556 -86.134499 115.378365 30.240767 -0.123107 -0.095537 -0.070924 64.956757 23.272072 474.904266 31.986418 25.420811 471.602844 97.927094 21.123333 478.205688
671 404 685 394 703 393 718 402 703 408 687 409 815 395 828 385 846 383 861 391 847 398 830 399 243 391 102.987183 83.007202 15.882489 -0.105329 -0.109567 -0.059750 66.533783 22.598326 474.356018 33.586983 24.382328 470.629730 99.480591 20.814323 478.082275
673 405 687 395 704 394 719 402 704 409 688 410 815 396 829 386 846 384 861 392 847 399 831 400 537 581 44.729847 120.576508 22.527578 -0.101434 -0.115447 -0.059736 67.192490 23.026838 476.015594 34.267567 24.807396 472.099152 100.117416 21.246283 479.932007
666 405 680 395 698 393 713 402 698 409 681 410 810 395 823 384 841 382 857 390 842 398 826 399 1039 395 -55.061363 83.509666 25.743877 -0.117821 -0.112568 -0.072271 63.860924 22.528597 471.062958 30.952415 24.696030 467.203918 96.769432 20.361164 474.921967
672 409 686 399 703 398 718 406 703 412 687 413 815 399 829 389 846 387 861 395 847 402 831 403 247 589 102.316238 122.268814 19.085499 -0.109242 -0.100303 -0.065055 66.813454 24.402000 475.600403 33.845421 26.371176 472.166656 99.781494 22.432825 479.034149
623 409 637 400 655 400 669 410 654 415 637 416 760 411 774 401 792 401 807 411 792 417 775 416 1356 363 -118.023720 77.048347 29.136015 -0.133606 -0.100195 0.013416 45.148884 29.469746 496.449371 12.113335 28.804625 493.167633 78.184433 30.134867 499.731110
640 412 655 403 673 404 686 414 671 419 655 419 777 417 791 408 809 408 822 418 808 423 792 423 170 529 117.567734 110.399033 17.182045 -0.126015 -0.110150 0.037791 53.525372 31.922569 499.194336 20.545155 30.443995 495.633606 86.505592 33.401146 502.755035
635 409 650 399 669 400 682 411 667 416 650 416 773 413 787 403 805 404 819 414 805 420 788 419 229 13 105.531616 8.055537 9.689324 -0.107800 -0.166176 0.037202 50.742844 29.659847 489.118683 18.017845 28.136501 483.704468 83.467842 31.183191 494.532867
630 413 645 405 662 405 676 414 661 419 645 419 767 416 781 408 798 408 812 417 798 422 782 422 929 668 -33.050159 137.685287 28.738314 -0.135919 -0.119349 0.023138 48.711445 31.903776 499.497284 15.751325 30.871161 495.608337 81.671562 32.936390 503.386230
620 409 634 400 652 400 666 409 651 415 635 415 757 410 771 400 788 400 803 410 788 416 772 415 1216 186 -90.336014 42.000671 24.593521 -0.126617 -0.134690 0.007536 43.811203 29.149904 497.369202 10.907664 28.618774 492.938080 76.714745 29.681032 501.800293
627 412 641 404 657 403 671 412 656 417 641 417 763 413 776 405 793 405 807 414 793 419 777 418 1166 658 -80.114296 135.615753 31.496180 -0.124059 -0.110228 0.014644 46.972591 31.031834 504.328552 13.972588 30.321331 500.715454 79.972595 31.742334 507.941650
628 411 642 402 659 402 672 411 658 416 642 416 764 412 777 404 794 405 808 413 794 418 778 418 853 572 -18.019634 118.676407 26.273754 -0.115900 -0.115031 0.020542 47.592270 30.659403 504.513062 14.613637 29.759541 500.750122 80.570900 31.559263 508.275970
647 406 661 398 678 399 691 407 676 411 661 411 781 411 795 404 810 405 823 413 810 417 795 416 305 660 90.844162 136.326813 20.930300 -0.133317 -0.140078 0.042932 57.002876 29.825972 512.294312 24.153273 28.100691 507.768097 89.852486 31.551250 516.820496
640 402 654 392 672 392 685 403 670 408 654 408 775 405 788 396 805 396 819 407 805 412 789 411 337 25 84.094978 10.395673 11.209795 -0.121761 -0.183598 0.029707 53.120316 26.751566 502.775146 20.487429 25.403646 496.788696 85.753204 28.099483 508.761566
641 405 655 397 672 397 685 405 671 410 655 410 775 408 789 400 805 401 818 410 804 415 789 414 177 674 116.268120 139.149734 19.577787 -0.127890 -0.147541 0.032895 54.088634 28.739756 511.201996 21.261955 27.342361 506.404480 86.915314 30.137150 515.999512
623 409 637 400 654 400 667 408 653 413 637 414 757 408 771 400 787 400 801 409 787 413 772 413 1016 708 -50.299675 145.585449 30.446293 -0.143903 -0.077209 0.002345 45.619812 29.568823 515.856995 12.513841 29.307243 513.310303 78.725784 29.830400 518.403748
619 407 632 399 649 398 662 406 648 411 633 412 753 405 766 397 783 398 797 406 783 411 767 410 1415 540 -129.628357 112.125603 32.681507 -0.141387 -0.072243 -0.004124 43.286331 28.397640 514.653137 10.168266 28.364792 512.254761 76.404396 28.430490 517.051575
621 405 635 396 652 396 665 404 651 409 635 410 755 404 768 396 785 396 799 405 785 410 769 409 892 421 -25.857359 88.719116 24.348640 -0.138001 -0.062541 0.003863 44.619427 27.856094 517.897217 11.479676 27.585300 515.837341 77.759178 28.126886 519.957092
622 404 636 395 653 394 667 403 652 409 636 409 756 404 770 395 787 396 801 405 787 410 771 409 699 281 12.376890 61.027836 19.743130 -0.116148 -0.117462 0.010882 44.996445 27.237486 511.277985 12.022141 26.651821 507.416382 77.970749 27.823151 515.139587
620 406 634 397 650 397 663 404 649 410 634 410 754 404 767 397 784 397 798 405 784 410 768 410 1296 450 -106.056160 94.322212 29.783245 -0.115318 -0.126130 0.003561 43.819599 27.815510 512.830872 10.878477 27.456955 508.669891 76.760719 28.174065 516.991821
617 404 630 395 647 395 661 403 646 409 631 409 750 403 764 394 780 395 795 403 781 409 765 408 894 295 -26.332926 63.732792 22.366308 -0.107153 0.237036 -0.015086 41.592262 27.257063 514.007263 9.318766 28.171650 521.762573 73.865761 26.342476 506.251984
602 403 615 394 631 393 645 401 631 407 615 408 734 399 747 391 764 391 779 399 764 405 749 404 1354 195 -117.731216 43.734951 26.435467 -0.122121 0.286507 -0.030280 33.596016 25.805201 512.652710 1.758050 27.370493 521.950745 65.433983 24.239908 503.354675
628 398 642 388 659 388 672 398 657 403 642 404 761 399 775 391 792 391 805 401 791 407 776 406 30 67 145.077988 18.836329 8.100026 -0.094361 0.302868 0.002764 46.571896 24.964117 510.216370 14.877397 25.344376 520.109497 78.266396 24.583858 500.323273
625 403 639 394 655 394 669 401 654 407 639 407 759 402 772 395 789 396 802 404 788 409 773 408 653 643 21.735889 132.828644 24.942926 -0.125319 -0.121999 0.013931 46.400692 26.774420 514.579468 13.445563 26.061045 510.578156 79.355820 27.487793 518.580750
620 399 633 390 650 390 664 398 649 404 634 405 753 398 766 389 783 390 797 399 783 404 768 404 974 60 -42.363773 17.103464 19.607883 -0.102188 -0.146011 0.000919 43.567787 24.613659 510.852020 10.716002 24.336231 506.030945 76.419571 24.891088 515.673096
639 413 652 405 669 404 682 413 668 418 653 419 766 412 779 404 795 404 809 412 795 418 780 418 1141 416 -75.301056 87.636681 27.333849 -0.122933 -0.082886 -0.000931 53.975121 33.234077 541.056458 20.884172 33.096027 538.312439 87.066071 33.372124 543.800537
640 414 653 406 668 405 681 412 668 418 653 419 765 411 778 403 794 403 807 411 794 416 779 416 880 872 -23.193869 178.156052 31.384535 -0.115811 -0.062509 -0.014822 54.485012 33.394573 549.417969 21.348618 33.765285 547.320007 87.621407 33.023861 551.515991
642 409 655 400 672 399 685 408 671 413 655 414 768 406 781 397 798 397 812 406 798 412 783 412 736 52 4.887712 15.604002 16.551003 -0.098179 -0.121338 -0.010304 55.269161 30.410950 539.462097 22.310045 30.554331 535.432739 88.228279 30.267570 543.491455
638 411 651 402 668 401 681 409 667 415 652 416 764 407 777 398 793 398 807 406 794 412 779 412 1319 243 -110.751846 53.266056 26.769217 -0.108763 -0.133318 -0.022483 53.468102 30.856665 541.535645 20.566006 31.359327 537.090515 86.370193 30.354004 545.980774
644 413 657 404 673 403 686 411 672 416 658 417 770 409 783 401 799 401 812 409 799 414 784 414 746 570 3.224675 118.318893 24.924875 -0.102048 -0.086956 -0.017381 56.959572 32.476501 548.985168 23.885115 32.904758 546.077209 90.034035 32.048241 551.893188
642 412 655 404 670 404 683 410 670 416 655 417 766 408 779 401 795 400 808 407 795 413 780 413 1329 706 -112.449127 145.074539 34.267040 -0.112380 -0.118334 -0.023480 55.350327 32.127151 548.992737 22.386604 32.682980 545.037537 88.314049 31.571323 552.947937
646 408 659 398 676 398 689 406 675 412 660 413 771 405 784 396 801 396 814 404 801 410 786 410 585 48 34.867264 14.865958 14.628685 -0.093086 -0.137969 -0.013479 57.530983 29.792143 543.393311 24.644482 30.024918 538.812500 90.417488 29.559368 547.974060
646 408 659 399 675 398 688 406 674 412 659 413 771 405 784 396 800 396 814 404 800 410 785 410 381 30 75.361595 11.371095 11.831016 -0.089869 -0.145193 -0.014227 57.162746 29.761543 542.530762 24.310425 30.015532 537.711975 90.015068 29.507553 547.349487
648 407 661 398 677 397 690 405 677 411 662 412 773 404 786 395 802 395 815 403 802 409 787 409 257 20 99.976387 9.433400 10.145463 -0.109459 0.257927 -0.029983 58.428082 29.872601 550.933350 26.335304 31.320690 559.330750 90.520859 28.424513 542.535950
654 410 667 402 682 401 695 408 682 413 667 414 779 407 791 400 807 400 820 407 807 412 792 412 180 717 115.699226 147.675476 20.299625 -0.113690 -0.089448 -0.010419 62.063320 31.559362 553.439941 28.992907 31.735586 550.460571 95.133728 31.383139 556.419250
647 411 660 403 676 402 688 409 675 415 661 416 772 407 784 399 800 399 813 406 800 411 786 411 1124 519 -71.861465 108.067619 28.765203 -0.126296 -0.100671 -0.028469 58.573040 31.671665 553.131592 25.549536 32.402126 549.744202 91.596542 30.941204 556.518921
647 416 659 408 674 407 687 413 674 419 660 420 770 410 783 402 798 402 811 409 798 414 784 414 1177 840 -82.185097 171.702026 34.530499 -0.117545 -0.110369 -0.033489 57.849789 33.622635 553.858948 24.865337 34.514698 550.145508 90.834244 32.730572 557.572388
647 415 659 407 674 406 687 413 674 418 660 419 770 410 783 402 798 401 812 409 799 414 784 414 1117 695 -70.361984 142.970688 31.482399 -0.116188 -0.097028 -0.033931 58.058647 33.484360 555.401184 25.028902 34.419724 552.126953 91.088394 32.548992 558.675354
643 411 656 402 672 401 685 409 672 415 657 416 768 406 780 398 796 397 810 405 797 411 782 411 1230 127 -93.152534 30.295954 23.826080 -0.109151 -0.147105 -0.031576 56.025562 31.059242 546.413330 23.195496 31.835865 541.499756 88.855629 30.282621 551.326904
652 414 664 406 679 405 692 412 679 417 665 418 775 410 788 403 803 403 816 410 803 415 789 414 295 858 92.953011 175.593536 23.960989 -0.116479 -0.079443 -0.019136 61.027508 33.707584 559.714050 27.933367 34.187473 557.048096 94.121643 33.227695 562.380005
649 414 661 406 676 405 689 411 676 417 662 418 772 408 784 401 800 401 813 408 800 413 786 413 929 642 -33.066349 132.529541 28.324183 -0.117903 -0.078090 -0.035275 59.485519 33.242828 560.162903 26.402393 34.257404 557.510193 92.568649 32.228256 562.815613
653 414 665 406 680 405 693 411 680 417 666 418 776 408 788 401 803 401 817 408 804 413 789 413 344 522 83.014534 108.947395 19.212250 -0.107763 -0.094017 -0.028692 61.305992 33.106571 558.249512 28.261314 33.888008 555.087524 94.350670 32.325134 561.411499
651 409 664 400 680 400 693 407 680 413 665 414 775 405 788 397 804 396 817 405 804 410 789 410 43 33 142.475586 12.089437 7.718481 -0.107126 0.291940 -0.040983 59.848316 30.936537 552.255493 28.074604 32.790134 561.718872 91.622032 29.082937 542.792175
653 414 666 406 681 405 694 412 681 417 666 418 777 409 790 402 805 402 818 409 805 414 791 414 596 670 33.070427 138.203506 24.671394 -0.121087 -0.070471 -0.026971 62.005501 33.438156 559.441345 28.895054 34.189243 557.055176 95.115944 32.687069 561.827515
656 415 668 407 683 406 695 412 682 417 668 419 778 409 790 402 805 402 818 409 805 413 791 413 826 762 -12.540304 156.362961 28.967772 -0.128863 -0.074795 -0.033581 63.097553 33.970863 564.587280 30.004124 34.921871 562.041687 96.190987 33.019855 567.132874
617 325 630 317 645 316 657 324 644 329 630 330 737 323 750 315 765 315 778 324 765 328 751 328 884 175 -24.422075 39.940643 20.331844 -0.102945 -0.036556 -0.010411 42.598389 -13.222957 574.729492 9.417539 -12.940365 573.500366 75.779243 -13.505549 575.958679
616 326 629 318 644 318 657 325 643 331 629 331 736 325 748 317 763 317 776 325 763 330 749 330 700 55 12.037617 16.212046 16.155676 -0.086747 -0.064679 -0.009331 42.211376 -12.450171 577.561096 9.077394 -12.234016 575.404236 75.345360 -12.666326 579.717957
620 326 633 318 648 318 660 325 647 331 633 331 740 325 752 317 768 317 780 325 768 330 753 330 844 206 -16.460510 46.102501 20.333271 -0.088435 -0.054522 -0.009395 44.329422 -12.449620 576.746155 11.175383 -12.218190 574.925232 77.483467 -12.681050 578.567017
610 331 622 323 637 322 649 329 637 334 623 335 730 327 742 320 756 320 769 327 757 332 743 332 1438 585 -134.167130 121.040627 33.681374 -0.107139 -0.028339 -0.026778 38.891647 -10.826056 582.459412 5.712046 -9.989169 581.472839 72.071251 -11.662943 583.445923
619 331 632 324 646 324 658 330 645 335 632 335 738 330 750 323 764 324 776 331 764 335 751 335 413 829 69.505280 169.799789 24.951490 -0.113293 -0.057201 -0.005268 43.946709 -9.836097 586.797791 10.796605 -9.769091 584.893616 77.096809 -9.903102 588.701904
616 329 628 320 643 320 656 327 643 332 629 333 735 326 747 319 762 319 775 327 762 331 748 331 1026 152 -52.631432 35.327919 21.713322 -0.085888 -0.096329 -0.017710 42.115894 -11.567800 580.632507 9.070121 -11.118580 577.417725 75.161667 -12.017019 583.847229
618 332 630 325 644 324 656 330 644 335 630 336 737 329 748 323 763 323 775 330 763 334 749 333 880 825 -23.223133 168.836029 30.635912 -0.112066 -0.054173 -0.017090 43.134819 -10.141695 588.796631 9.983509 -9.676377 586.970825 76.286133 -10.607012 590.622437
623 330 636 322 651 321 663 329 650 334 636 334 742 329 753 321 768 322 780 330 768 334 754 333 139 309 123.586006 66.784721 13.296282 -0.087194 -0.100386 -0.004682 46.130184 -10.610455 585.754456 13.092796 -10.600556 582.424194 79.167572 -10.620354 589.084656
624 332 636 324 651 324 662 330 650 335 636 335 742 330 754 323 768 324 780 331 768 335 755 334 548 706 42.623554 145.359787 24.653994 -0.120235 -0.078552 -0.008341 46.616798 -9.937757 591.513000 13.515405 -9.818295 588.897034 79.718193 -10.057219 594.128906
635 329 647 322 661 322 673 328 661 333 647 333 753 329 765 323 778 324 790 331 778 335 765 334 37 684 144.072266 141.183853 18.013861 -0.120745 -0.089293 0.007332 52.601070 -10.475315 590.723145 19.529274 -10.896508 587.783997 85.672867 -10.054122 593.662231
627 326 640 318 655 317 667 325 654 330 640 331 746 325 758 317 773 318 785 326 773 330 759 330 634 38 25.131765 12.865078 15.072526 -0.116967 -0.102814 -0.007583 48.655399 -12.735522 586.165710 15.626684 -12.684012 582.750916 81.684120 -12.787033 589.580505
631 329 643 321 657 321 669 327 656 332 643 332 749 328 761 322 775 322 786 330 774 333 761 333 176 825 116.560699 169.093155 21.970631 -0.186657 -0.025039 0.005292 50.311253 -11.255627 591.894775 17.117279 -11.507689 591.084595 83.505219 -11.003564 592.704956
610 330 622 323 636 322 648 328 636 333 623 334 729 326 741 320 755 320 767 327 755 331 742 330 1334 783 -113.393967 160.341690 35.555050 -0.184865 -0.011086 -0.022956 38.826706 -11.473149 590.162720 5.632650 -10.749228 589.726501 72.020760 -12.197071 590.598938
621 320 634 312 649 312 661 320 648 324 634 325 742 320 754 313 768 314 780 322 768 326 755 325 28 342 145.646332 73.369102 12.455652 -0.136194 -0.103962 0.002487 44.692272 -15.122371 573.545593 11.666563 -15.439035 570.116028 77.717979 -14.805706 576.975098
620 318 633 309 648 309 661 316 647 322 633 322 741 317 753 309 768 309 780 318 768 322 754 322 644 57 23.158031 16.629095 15.498248 -0.128595 -0.110644 -0.009647 44.455357 -17.030256 574.721924 11.454843 -16.947111 571.045105 77.455872 -17.113401 578.398682
616 320 629 311 644 310 656 318 643 323 629 324 737 317 748 310 763 310 775 318 763 323 750 322 918 167 -31.177980 38.341839 20.622911 -0.130793 -0.111722 -0.020281 42.428295 -16.551596 578.077026 9.437005 -16.123535 574.341858 75.419586 -16.979656 581.812134
621 321 634 313 649 312 661 319 648 324 634 325 742 319 754 313 768 313 780 321 768 325 754 324 340 468 83.775139 98.240746 18.302895 -0.134703 -0.098869 -0.009053 45.033695 -15.534554 578.557861 11.992152 -15.455956 575.270020 78.075241 -15.613153 581.845703
616 321 629 312 644 311 657 319 643 324 629 325 737 318 748 311 763 311 775 319 763 324 749 323 648 228 22.470276 50.536652 18.271198 -0.127352 -0.111814 -0.018786 42.524742 -16.081266 579.156189 9.532841 -15.696346 575.421753 75.516640 -16.466187 582.890625
620 323 633 315 648 315 660 321 647 326 633 327 740 321 751 315 765 315 777 323 765 326 752 326 497 804 52.810959 164.811646 25.587214 -0.152060 -0.085828 -0.010501 44.801064 -14.785855 587.790649 11.720067 -14.655078 584.928833 77.882057 -14.916633 590.652527
624 322 636 315 651 314 663 320 650 325 636 326 743 320 754 314 768 315 780 322 768 326 755 325 466 760 58.938816 156.097839 24.504807 -0.158471 -0.086150 -0.008004 46.515045 -15.144647 588.391357 13.434178 -15.106370 585.525269 79.595909 -15.182923 591.257446
600 329 613 320 629 320 642 330 628 334 613 335 727 331 740 322 756 322 769 331 756 336 741 336 1079 232 -63.105118 51.172428 23.639933 -0.077142 -0.158056 0.006056 33.472363 -9.192887 534.958679 0.681844 -9.594848 529.745239 66.262878 -8.790927 540.172119
598 333 611 325 627 325 639 333 626 337 611 337 724 334 737 326 752 327 765 334 752 339 738 338 576 653 37.030972 134.839737 24.154444 -0.078294 -0.133742 0.007369 32.435116 -7.605987 544.743347 -0.472427 -8.023193 540.329773 65.342659 -7.188780 549.156860
593 333 606 324 621 324 634 332 620 337 606 338 718 333 731 325 747 325 759 333 746 338 732 338 813 472 -10.139635 98.861183 24.188593 -0.075376 -0.145073 -0.000139 29.697512 -7.924191 546.353699 -3.158661 -8.100744 541.557800 62.553684 -7.747637 551.149536
598 333 611 325 626 325 639 333 625 337 611 338 723 334 736 327 751 327 763 335 750 340 736 339 148 609 121.985794 126.270935 18.185507 -0.070877 -0.157503 0.010996 32.208973 -7.428641 548.021484 -0.583008 -7.976831 542.830627 65.000954 -6.880451 553.212402
595 332 608 324 624 324 637 332 623 337 609 337 721 333 733 325 749 326 761 334 748 339 734 338 355 493 80.812355 103.192726 18.885729 -0.074486 -0.142110 0.007547 31.086006 -7.939019 549.520325 -1.783292 -8.363887 544.831177 63.955307 -7.514150 554.209473
594 333 607 325 623 325 636 333 622 338 607 338 720 334 732 326 748 326 760 334 747 339 733 339 850 432 -17.511133 90.915733 24.006887 -0.078597 -0.160051 0.001249 30.432228 -7.448783 547.020630 -2.348393 -7.698345 541.735901 63.212849 -7.199221 552.305359
594 335 607 326 622 326 635 334 621 339 607 339 719 335 732 327 747 328 760 336 747 340 732 340 1028 581 -52.761433 120.397179 28.571119 -0.088200 -0.149206 0.000270 30.238819 -6.882971 548.941528 -2.597308 -7.109832 544.012329 63.074947 -6.656110 553.870667
595 336 608 329 623 328 636 336 622 341 608 341 720 336 732 329 747 329 760 337 747 341 733 341 1356 870 -117.708046 177.585602 37.211590 -0.101328 -0.145561 -0.004474 30.788874 -6.255906 551.693542 -2.064760 -6.352372 546.877991 63.642506 -6.159439 556.509033
589 331 602 323 618 322 630 331 617 336 602 336 713 330 726 322 741 322 754 330 741 335 727 335 1192 176 -85.576881 40.026451 24.138832 -0.002471 0.225744 -0.018552 27.017487 -9.034789 550.119873 -5.339181 -8.414801 557.550964 59.374153 -9.654777 542.688782
594 334 607 325 622 325 635 333 621 338 607 338 718 333 731 326 746 326 758 334 746 338 732 338 821 503 -11.708785 105.005508 24.780836 -0.081454 -0.137744 -0.002709 30.284384 -7.755904 554.739441 -2.605977 -7.852199 550.181519 63.174744 -7.659610 559.297363
584 333 596 325 611 324 624 332 611 337 597 338 707 331 719 323 735 323 748 331 735 336 720 336 1228 390 -92.591667 82.449150 27.990568 -0.059321 -0.066104 -0.017956 24.604267 -8.506858 559.601135 -8.522697 -7.976517 557.391479 57.731232 -9.037198 561.810791
598 333 611 325 626 325 638 333 625 337 611 337 721 333 733 326 748 326 761 334 748 339 734 338 272 488 97.289436 102.231544 17.784472 -0.066958 -0.153967 0.005540 32.169186 -7.929988 557.436096 -0.642472 -8.283825 552.353821 64.980843 -7.576150 562.518372
594 330 607 322 623 321 635 330 622 335 607 335 717 330 730 322 745 322 758 330 745 335 731 335 590 65 33.885067 18.235203 14.961006 -0.065261 -0.163632 -0.001836 30.344662 -9.569156 556.801819 -2.416708 -9.685335 551.394531 63.106030 -9.452976 562.209106
595 330 608 322 624 322 636 330 623 335 608 335 718 330 731 322 746 322 759 331 746 336 732 335 568 141 38.300632 33.313911 15.900757 -0.059211 -0.159357 0.000173 30.889297 -9.530167 557.314575 -1.894915 -9.692161 552.048767 63.673512 -9.368173 562.580444
594 333 607 326 622 325 634 333 621 337 607 338 717 332 729 325 744 326 757 333 744 338 730 337 1407 660 -127.965187 135.924332 34.494419 -0.096813 -0.142249 -0.009379 30.270102 -8.170314 561.952637 -2.598137 -8.088488 557.237610 63.138340 -8.252140 566.667725
590 333 603 325 618 324 631 332 618 337 603 338 713 332 725 323 741 323 754 332 741 337 726 336 1317 273 -110.336052 59.215736 27.222443 -0.069835 -0.150191 -0.015669 28.192671 -8.453184 558.481262 -4.634433 -8.109014 553.499023 61.019775 -8.797355 563.463440
595 334 608 326 623 326 635 333 622 338 608 339 718 333 730 326 745 326 758 334 745 339 731 338 653 349 21.552834 74.528923 20.260048 -0.069872 -0.149714 -0.003042 30.542084 -7.716959 558.752686 -2.291290 -7.789681 553.800537 63.375458 -7.644236 563.704834
589 336 602 328 617 328 629 335 616 340 602 341 712 335 724 327 739 327 752 335 739 339 725 339 1256 673 -97.975044 138.557358 32.842880 -0.085339 -0.146079 -0.015036 27.462797 -6.933605 561.440735 -5.384844 -6.643220 556.592285 60.310440 -7.223989 566.289246
595 335 608 328 623 327 635 335 622 339 608 340 718 335 730 328 745 328 757 336 745 340 731 340 448 713 62.483574 146.784393 23.534628 -0.078566 -0.140526 -0.000242 30.617760 -6.962698 562.221375 -2.259902 -7.137586 557.575073 63.495419 -6.787810 566.867737
596 330 608 322 624 322 637 330 623 335 609 335 718 330 731 322 746 322 759 330 746 336 732 335 590 18 33.855804 8.915181 14.212383 -0.001278 0.248643 -0.008085 30.257065 -9.378716 556.548340 -1.925532 -9.107779 564.719421 62.439659 -9.649653 548.377258
636 299 651 289 670 289 685 297 669 303 652 304 782 295 796 286 814 286 828 295 814 301 797 301 759 397 0.535722 84.008530 22.329315 -0.083895 -0.113278 -0.027641 51.286232 -23.104610 473.443878 18.306757 -22.347446 469.656982 84.265709 -23.861774 477.230774
612 298 627 288 645 287 660 295 645 302 628 303 756 291 771 280 789 280 805 289 790 295 773 296 1348 55 -116.627045 15.975376 24.131672 -0.027946 -0.137809 -0.053328 40.074364 -24.431313 469.879547 7.231388 -22.731043 465.296143 72.917343 -26.131582 474.462952
628 306 643 297 660 296 675 303 660 309 644 310 773 300 787 292 804 291 819 299 804 304 788 304 386 772 74.830818 158.506638 23.711252 -0.060102 -0.129432 -0.039710 47.440125 -20.815697 474.609467 14.539068 -19.630878 470.287842 80.341179 -22.000515 478.931061
637 305 651 297 668 296 683 303 668 308 652 309 781 300 794 292 811 292 825 300 811 305 795 304 178 884 116.200317 180.792023 22.935011 -0.063167 -0.166038 -0.035372 50.738319 -20.788134 473.497284 18.010677 -19.793678 467.977142 83.465965 -21.782589 479.017426
626 302 641 292 659 291 675 299 659 306 642 307 772 295 786 286 804 285 819 294 804 300 788 300 757 247 0.839439 54.264507 19.915474 -0.052299 -0.179789 -0.050719 46.398636 -22.330154 466.764954 13.771373 -20.812191 460.788574 79.025894 -23.848120 472.741364
618 308 632 299 650 297 665 304 650 310 633 312 762 299 776 291 793 290 809 297 794 303 778 303 1415 828 -129.449036 169.235519 37.268818 -0.064781 -0.163681 -0.063684 42.589222 -20.558516 472.312988 9.895055 -18.631750 466.841370 75.283394 -22.485281 477.784576
623 299 638 289 657 287 672 296 656 303 639 304 768 292 783 282 801 282 816 291 802 298 784 298 664 27 19.168221 10.672839 15.266576 -0.036835 -0.183753 -0.049176 44.999043 -23.581543 466.298279 12.393083 -22.070873 460.204926 77.605003 -25.092215 472.391632
613 309 627 299 644 298 660 304 645 311 628 312 757 298 771 290 789 289 804 296 789 302 773 303 1358 857 -118.113251 175.007004 37.029140 -0.050294 -0.157567 -0.068804 40.248791 -20.651613 471.976593 7.533457 -18.510399 466.715240 72.964127 -22.792828 477.237946
640 304 655 295 673 295 688 302 673 308 656 309 786 299 799 291 816 291 830 298 816 304 800 304 149 601 121.782249 124.684181 18.070391 -0.077898 -0.207233 -0.041989 52.460609 -21.019272 468.145905 19.994932 -19.903681 461.268768 84.926285 -22.134861 475.023010
641 300 656 290 674 290 689 298 674 304 657 305 786 295 799 286 817 286 831 295 817 301 801 300 106 362 130.171371 77.306587 13.734289 -0.071052 -0.215688 -0.040936 52.776932 -22.697659 467.547424 20.368761 -21.603716 460.400848 85.185104 -23.791601 474.693970
623 306 637 297 655 295 670 303 655 309 638 311 767 298 781 289 798 289 813 296 799 302 783 303 797 602 -6.881786 124.645813 26.062315 -0.069507 -0.191099 -0.062759 44.765873 -21.120947 470.727112 12.230217 -19.272451 464.357330 77.301529 -22.969444 477.096863
625 308 639 299 656 298 671 304 656 310 640 312 769 298 782 290 799 290 813 297 799 302 784 302 869 858 -21.018463 175.383896 31.026146 -0.069683 -0.184870 -0.068415 45.610104 -20.897104 473.928009 13.048071 -18.855015 467.755188 78.172134 -22.939196 480.100830
628 308 643 299 660 297 675 304 660 310 644 311 772 299 786 291 803 291 817 298 803 303 787 303 365 769 78.998634 157.919418 23.404987 -0.064795 -0.188352 -0.059103 47.139786 -20.662804 472.950684 14.579637 -18.916279 466.678040 79.699936 -22.409328 479.223297
609 309 624 299 642 297 657 305 642 311 625 313 753 297 767 288 785 287 801 294 786 301 769 302 1257 492 -98.286301 102.664986 29.972191 0.032481 0.317946 -0.088884 37.623577 -20.446424 469.357056 6.211726 -17.718758 479.769318 69.035423 -23.174091 458.944794
617 305 632 295 650 294 665 302 650 308 633 310 761 296 776 287 793 286 809 294 794 300 777 301 706 285 10.989485 61.818474 19.893003 0.047362 0.352439 -0.073510 40.997265 -21.354973 467.349243 9.920863 -19.241468 478.853577 72.073669 -23.468479 455.844910
621 305 635 296 653 295 668 302 653 308 636 310 765 296 779 287 796 287 811 294 797 301 781 301 461 396 59.704960 83.919067 18.645412 0.031356 0.339717 -0.068804 42.724579 -21.319494 470.214752 11.494352 -19.255789 481.304108 73.954803 -23.383202 459.125397
617 307 632 297 650 296 665 303 650 310 633 312 761 297 775 288 793 287 808 295 794 302 777 302 676 499 17.079428 104.265274 22.932371 0.031343 0.322498 -0.073762 41.328625 -20.784309 471.764893 9.924213 -18.546156 482.315399 72.733032 -23.022463 461.214355
616 308 630 299 648 298 663 304 648 311 632 313 760 298 774 289 791 288 807 296 792 302 776 303 861 685 -19.537727 141.081207 28.172106 0.036713 0.321211 -0.078953 40.736488 -20.408091 471.982056 9.331443 -18.028574 482.499695 72.141533 -22.787609 461.464417
616 306 630 296 648 294 664 302 648 309 632 311 760 296 773 286 791 285 806 294 792 300 776 300 570 402 38.066029 85.069054 20.082623 0.024446 0.304802 -0.075804 40.866333 -21.531427 473.691498 9.285859 -19.178482 483.676331 72.446808 -23.884371 463.706665
609 310 623 300 641 298 656 305 641 312 624 314 752 298 765 289 783 287 798 295 784 302 768 303 1324 435 -111.625084 91.337509 29.888966 0.043544 0.348468 -0.089161 37.032734 -20.161489 470.006012 5.952543 -17.514429 481.389099 68.112923 -22.808548 458.622955
663 375 678 366 697 366 711 375 695 381 678 381 807 376 821 368 837 369 851 378 837 383 822 382 35 502 144.356064 105.094284 15.090319 -0.201303 -0.129235 0.009801 62.378292 12.555934 471.305664 29.451029 11.803750 467.087921 95.305550 13.308117 475.523407
621 434 636 424 655 422 672 430 656 437 638 438 774 424 789 414 809 412 826 420 810 427 792 428 1404 412 -127.523933 86.747429 30.507309 -0.140389 -0.090357 -0.064652 44.463058 33.532993 447.062256 11.462644 35.458256 443.927643 77.463470 31.607733 450.196838
632 434 648 425 666 424 681 431 666 437 648 438 782 426 797 418 815 417 832 424 816 430 799 431 717 868 9.168363 177.422394 29.314516 -0.105230 -0.110001 -0.037725 49.009979 35.071850 455.869385 16.029228 36.127571 452.166016 81.990730 34.016129 459.572784
636 426 652 415 672 415 689 425 672 432 653 433 788 422 804 410 824 410 841 419 825 427 806 427 216 53 108.137756 15.992220 10.166438 -0.129608 -0.130841 -0.022932 50.379505 31.609104 441.565552 17.466806 32.085468 437.196686 83.292206 31.132738 445.934387
637 429 654 418 673 418 690 427 673 434 654 435 789 424 805 414 824 413 841 422 825 430 807 430 142 485 123.099922 101.684135 16.136564 -0.096583 -0.158509 -0.020447 51.211155 32.947315 445.160492 18.429188 33.368874 439.895081 83.993118 32.525761 450.425903
640 434 655 425 674 424 690 432 674 438 656 439 790 428 805 419 824 418 841 426 825 433 807 433 75 720 136.549530 148.308716 19.055002 -0.085920 -0.160256 -0.023414 52.032207 35.014400 449.436798 19.261660 35.559532 444.111969 84.802757 34.469265 454.761597
636 436 652 427 670 426 686 433 670 440 653 441 787 430 802 420 821 420 837 427 821 434 804 434 207 786 110.381157 161.348190 21.731001 -0.085761 -0.180539 -0.025706 50.411076 35.587055 447.936859 17.756512 36.178654 441.946106 83.065643 34.995453 453.927612
635 436 650 427 669 426 685 434 669 440 651 441 785 430 801 421 819 421 836 428 820 435 802 435 295 864 92.956749 176.783325 24.056557 -0.129077 0.337770 -0.055755 49.208435 36.618061 454.370361 17.927763 39.144150 465.219238 80.489105 34.091972 443.521484
637 437 652 428 671 427 686 435 670 441 653 442 787 431 802 422 820 421 837 429 821 435 804 435 213 784 109.188576 160.949402 21.772997 -0.140880 0.335654 -0.054406 49.991814 36.980972 455.599823 18.685057 39.523239 466.369385 81.298569 34.438705 444.830261
629 433 644 423 664 422 680 430 664 437 645 438 781 427 797 416 816 415 833 424 817 431 799 432 911 212 -29.760065 47.267822 21.253519 -0.083265 0.418677 -0.073079 45.470310 33.811916 438.580475 15.217816 36.733112 451.952576 75.722801 30.890718 425.208374
637 427 654 417 674 416 690 426 673 433 654 434 789 424 805 412 825 412 842 421 825 429 807 429 23 64 146.466019 18.243990 7.966081 -0.109435 0.409224 -0.053330 49.291225 32.393013 439.990082 18.871252 34.842812 453.073792 79.711197 29.943216 426.906372
638 433 654 424 673 423 690 432 673 438 655 439 790 428 805 418 824 418 841 426 825 433 807 433 56 643 140.274170 133.046677 17.594669 -0.087711 -0.174679 -0.021408 51.401028 34.694771 445.564331 18.708752 35.147503 439.770386 84.093300 34.242039 451.358276
635 434 651 424 671 423 687 432 670 439 652 440 788 429 803 419 823 418 840 426 823 434 805 434 577 473 36.720341 99.145676 21.299683 -0.103786 0.359521 -0.057841 49.238522 35.216446 446.932037 18.209026 37.703609 458.488159 80.268021 32.729282 435.375916
634 429 650 418 669 417 686 427 669 433 650 434 786 424 802 414 822 413 838 422 822 430 804 430 830 82 -13.757927 21.518620 18.185858 -0.075661 0.436290 -0.063837 47.383728 32.501949 436.530731 17.353344 35.090591 450.460358 77.414108 29.913305 422.601074
635 435 651 425 670 424 686 433 670 440 652 440 787 430 803 420 822 419 839 428 823 435 805 435 787 537 -4.936692 111.760071 24.903900 -0.098400 -0.204866 -0.021999 50.038620 35.089592 442.139771 17.535589 35.480495 435.360413 82.541656 34.698689 448.919128
636 430 653 419 673 419 689 428 672 435 653 436 789 426 804 415 824 415 841 424 825 431 806 431 413 202 69.114883 45.466724 14.964536 -0.098203 0.419748 -0.055592 48.914513 33.330379 439.933105 18.639593 35.792393 453.346802 79.189430 30.868368 426.519379
632 432 648 422 667 422 683 430 666 437 648 437 785 428 800 418 820 418 836 426 820 433 802 433 802 305 -8.059493 65.749374 21.393196 -0.101743 -0.236632 -0.014392 48.354301 33.739143 437.418549 16.077408 33.814232 429.623932 80.631195 33.664055 445.213165
629 435 645 426 664 426 680 434 663 440 645 441 782 431 797 422 817 421 833 429 817 436 799 436 859 357 -19.344841 76.040077 22.923052 -0.099123 -0.234558 -0.015562 47.160706 35.245811 438.040222 14.868373 35.373047 430.310516 79.453041 35.118580 445.769958
627 438 643 429 662 428 678 436 662 442 644 443 781 433 796 423 815 423 832 430 816 437 798 438 1298 745 -106.269592 152.819489 34.506668 -0.090623 0.350542 -0.062810 45.901512 36.921494 446.630402 14.778710 39.481960 457.916443 77.024307 34.361027 435.344360
632 438 648 428 667 428 683 436 667 443 649 444 784 434 799 424 819 424 835 432 819 439 801 439 457 602 60.627449 124.769989 21.877378 -0.082533 -0.225090 -0.010525 48.662914 36.594078 441.859283 16.297070 36.633259 434.442413 81.028763 36.554897 449.276184
616 298 631 288 649 288 663 298 647 304 631 304 753 298 767 289 785 289 799 300 785 305 768 305 230 37 105.348000 12.814333 10.083909 0.021838 0.333574 0.005527 40.990269 -23.107941 495.271454 9.616189 -23.407875 506.140503 72.364349 -22.808004 484.402374
605 308 619 299 636 298 650 306 635 312 619 313 741 304 754 295 772 296 786 304 772 310 756 309 1242 790 -95.122406 161.763382 34.534153 -0.001012 0.247984 -0.025569 36.005169 -20.145218 505.572540 3.826856 -19.300840 513.721313 68.183479 -20.989595 497.423737
615 296 630 285 648 285 661 295 646 301 630 302 751 295 765 286 783 286 797 297 782 302 766 302 16 15 147.825409 8.529928 7.099441 0.040107 0.344023 -0.000366 40.322285 -24.589525 497.778137 9.062832 -24.804394 508.974579 71.581734 -24.374657 486.581726
616 299 630 289 648 288 662 298 647 304 630 305 752 298 766 289 783 289 797 300 783 305 767 304 100 292 131.319122 63.427891 12.545466 0.034549 0.298416 -0.003728 41.198078 -23.426954 503.247375 9.460882 -23.474920 513.009949 72.935272 -23.378986 493.484802
599 303 612 293 630 292 644 301 629 307 613 309 734 298 747 289 765 289 779 298 765 304 749 304 1396 228 -126.050041 50.263458 27.478058 0.043244 0.317544 -0.037750 32.440037 -22.581751 500.218781 0.918288 -21.575924 510.607574 63.961784 -23.587578 489.829956
601 310 615 300 632 299 645 306 631 313 615 314 736 303 749 294 766 294 780 303 766 308 751 308 1437 855 -133.800461 174.581543 37.969669 -0.083008 0.044851 -0.039108 34.927059 -20.515451 515.979858 1.780984 -19.157364 517.412659 68.073135 -21.873537 514.546997
593 303 606 292 623 291 637 299 623 306 607 307 727 294 740 285 758 285 772 294 758 300 742 300 1210 271 -89.091743 58.858219 25.873562 0.007235 0.257991 -0.048189 29.997643 -24.345034 510.015259 -2.070122 -22.794052 518.489441 62.065407 -25.896015 501.541016
598 306 612 295 629 294 643 302 628 309 612 310 732 299 745 289 763 289 777 299 763 304 747 304 688 385 14.625768 81.654884 21.264263 -0.003414 0.253228 -0.038121 32.588902 -22.561579 512.272156 0.466898 -21.295279 520.586792 64.710899 -23.827877 503.957520
596 310 610 300 627 299 640 306 626 312 611 314 730 302 744 293 760 293 775 302 761 307 745 307 952 873 -37.489319 178.328049 32.286686 -0.017532 -0.133764 -0.045112 32.480881 -21.043949 513.604980 -0.393642 -19.589941 509.165253 65.355400 -22.497957 518.044739
592 306 606 296 623 294 637 303 623 309 607 311 726 298 740 289 757 288 772 297 758 303 742 303 1055 302 -58.296177 65.062080 24.459497 0.002320 0.256568 -0.049289 29.773537 -22.589048 510.973114 -2.304486 -20.980787 519.397705 61.851562 -24.197309 502.548523
592 310 606 300 622 298 636 306 622 312 607 314 726 301 739 292 756 292 770 300 756 306 741 306 883 788 -23.841841 161.497894 30.083496 -0.031947 0.180597 -0.051222 30.075830 -21.565615 519.420166 -2.545696 -19.779558 525.353577 62.697361 -23.351671 513.486755
586 309 599 299 616 297 630 305 616 312 600 314 719 299 732 289 749 289 764 297 750 304 734 304 1137 339 -74.554779 72.369171 26.058147 -0.007013 0.265153 -0.064405 26.439560 -21.971735 513.881042 -5.536791 -19.828951 522.569031 58.415909 -24.114519 505.193024
608 308 622 298 639 297 652 305 638 311 622 312 741 302 754 293 771 293 785 303 771 308 756 308 152 322 121.012863 69.357849 13.663361 -0.016321 -0.139614 -0.028345 38.207623 -21.456043 517.481567 5.339187 -20.555845 512.853943 71.076057 -22.356239 522.109253
604 308 618 298 635 297 649 305 634 311 619 312 737 301 750 293 767 293 781 302 768 307 752 307 652 609 21.913277 126.086861 24.389061 -0.022736 -0.159123 -0.039232 36.412987 -21.658291 516.715820 3.653088 -20.421474 511.441467 69.172890 -22.895109 521.990173
602 307 616 297 633 296 647 304 632 310 617 312 735 300 748 291 765 291 779 300 765 306 750 305 742 166 3.767354 38.207821 18.440664 0.016581 0.283755 -0.045152 34.467861 -22.004246 516.179565 2.624234 -20.603174 525.484375 66.311485 -23.405317 506.874695
598 309 611 298 628 297 642 305 628 311 613 313 730 299 742 290 759 289 774 298 760 304 744 304 1060 76 -59.429676 20.244827 20.921276 0.014228 0.270891 -0.066090 32.438732 -22.240807 521.534729 0.516393 -20.138292 530.428711 64.361076 -24.343321 512.640747
598 310 611 300 627 298 641 305 627 312 612 314 729 300 742 291 759 290 773 299 759 305 744 305 1163 437 -79.656227 91.792908 27.939131 -0.012293 0.219975 -0.062919 32.385727 -21.917627 523.922852 0.046221 -19.801933 531.150513 64.725235 -24.033321 516.695129
597 310 610 300 626 298 640 306 626 312 611 314 728 300 740 291 757 290 771 299 758 305 742 305 1270 312 -100.979614 66.966537 27.265135 0.006661 0.268953 -0.065269 31.483587 -21.790028 522.141052 -0.457654 -19.679905 530.965088 63.424831 -23.900148 513.316956
603 309 617 299 634 298 647 305 633 312 618 314 736 302 749 293 766 293 780 302 766 307 750 307 178 413 115.907059 87.393501 15.432847 -0.011069 0.218335 -0.040054 35.518318 -21.489578 524.393616 3.128214 -20.130556 531.576477 67.908417 -22.848600 517.210693
596 311 609 300 626 299 640 307 626 314 610 315 728 301 741 292 758 291 772 300 758 306 743 306 1324 258 -111.735291 56.238705 27.069681 0.011706 0.274854 -0.065445 31.322306 -21.130560 518.983398 -0.565981 -19.039379 528.001343 63.210590 -23.221739 509.965393
629 298 645 291 664 293 677 305 660 308 643 306 770 318 785 312 803 315 815 326 800 330 784 327 467 494 58.574638 103.350121 20.280224 0.015146 0.495456 0.138670 43.737610 -15.664585 456.784332 14.831383 -20.190311 472.484894 72.643837 -11.138860 441.083771
639 277 657 272 675 276 688 287 671 290 653 286 785 310 800 305 816 309 827 321 813 323 797 319 441 695 63.862259 143.217575 23.161760 -0.079401 -0.249891 0.203870 50.583031 -21.230230 455.587677 19.089191 -28.202333 447.708099 82.076866 -14.258126 463.467255
637 314 655 306 675 306 691 315 672 320 654 320 798 325 815 319 834 323 848 336 831 338 814 334 384 113 74.817612 27.828762 13.189979 -0.499190 0.120662 0.152526 52.786045 -11.234372 451.117279 20.194313 -15.083836 456.169037 85.377769 -7.384908 446.065491
651 289 670 283 689 287 703 300 684 302 666 299 803 323 819 318 837 323 849 336 834 338 817 333 267 396 98.224937 83.989922 16.257538 -0.136577 -0.159149 0.216290 55.855663 -15.043202 441.281921 23.839014 -22.475060 436.563721 87.872307 -7.611344 446.000122
650 294 669 285 690 288 704 303 685 307 666 304 803 315 819 304 839 306 853 320 836 326 818 324 15 864 148.552582 176.885590 20.610140 -0.058899 0.447012 0.137160 52.489498 -15.904675 423.650269 22.847820 -19.863243 438.081482 82.131172 -11.946108 409.219025
642 303 660 297 679 301 693 313 675 315 657 312 797 332 813 327 830 331 842 342 827 345 811 341 414 784 69.278702 160.875992 24.247032 -0.120867 -0.182287 0.179546 51.411724 -10.342026 431.847778 19.286562 -16.587919 426.233307 83.536888 -4.096131 437.462250
614 300 632 294 651 297 666 309 648 312 629 310 771 325 787 318 806 321 819 332 803 336 786 333 795 632 -6.465994 130.595490 26.515543 -0.049690 -0.174560 0.150596 40.207230 -12.627736 427.459229 7.880757 -17.725348 421.840210 72.533699 -7.530123 433.078247
591 294 609 286 628 289 642 300 625 303 607 302 746 315 763 308 782 311 797 323 780 326 762 323 1347 523 -116.137093 108.779366 31.573742 -0.066709 -0.105182 0.141287 31.129814 -16.484503 436.895111 -1.561424 -21.264381 433.579193 63.821053 -11.704623 440.211029
598 291 615 284 633 286 647 296 630 300 613 298 752 311 768 306 786 309 801 320 784 322 767 319 1130 817 -72.867256 167.158340 33.585648 -0.058233 -0.103139 0.142936 33.579765 -17.951588 441.017914 0.889280 -22.769960 437.750641 66.270248 -13.133215 444.285217
611 292 628 286 646 288 661 298 643 301 626 299 766 313 782 307 799 311 813 322 797 324 780 321 385 793 75.042450 162.671265 24.033436 -0.049679 -0.146609 0.140953 39.035316 -17.289248 438.285614 6.514705 -22.055937 433.568848 71.555931 -12.522559 443.002411
599 289 617 281 636 283 651 294 633 298 615 297 754 307 771 300 790 303 805 315 788 319 770 316 872 398 -21.900549 84.165558 23.736120 -0.023524 -0.177237 0.125185 34.430836 -18.992470 433.198181 2.004633 -23.185242 427.408386 66.857033 -14.799698 438.987976
591 292 608 284 627 286 642 296 625 300 607 299 746 308 763 302 781 304 796 316 779 319 762 316 1248 864 -96.267670 176.435257 35.786690 -0.025071 -0.168607 0.114266 31.147512 -18.483170 435.996399 -1.370961 -22.320726 430.484436 63.665985 -14.645614 441.508362
611 287 629 279 648 282 663 294 645 298 626 296 768 308 784 301 803 304 817 316 801 320 783 317 135 384 124.426933 81.658554 14.441659 -0.004935 0.315539 0.134670 38.086220 -18.844093 428.970123 6.816429 -23.202971 439.254089 69.356010 -14.485217 418.686157
597 286 615 278 635 280 650 292 632 296 613 294 755 305 771 297 791 300 805 313 788 316 771 313 961 165 -39.717159 37.929539 21.120327 0.009950 0.298170 0.116964 32.806976 -19.778364 428.145996 1.290809 -23.644859 437.858948 64.323143 -15.911870 418.433075
600 281 618 272 638 274 653 287 635 291 616 289 757 300 774 292 794 295 808 308 791 312 773 309 621 19 27.701172 9.102158 14.609879 0.017090 0.314458 0.122972 33.903400 -21.717882 427.898132 2.573403 -25.812172 438.107330 65.233398 -17.623592 417.688934
598 281 616 273 636 275 651 287 633 291 614 290 755 300 772 292 791 295 806 308 789 312 771 309 903 90 -28.247576 23.078346 19.211815 0.020083 0.312790 0.115952 33.276222 -21.796192 429.500244 1.901839 -25.678404 439.655823 64.650612 -17.913979 419.344666
585 289 602 281 621 282 636 292 619 297 601 296 741 303 757 296 776 299 790 310 774 313 756 311 1358 697 -118.212875 143.279266 34.480637 -0.011319 0.283204 0.098242 27.774357 -20.321718 435.887756 -3.949780 -23.482302 445.169434 59.498493 -17.161133 426.606079
587 291 604 283 623 284 638 294 621 299 603 298 742 304 758 298 777 300 792 311 776 315 758 312 1067 684 -60.441006 140.807663 30.691757 -0.017489 0.276321 0.096796 28.575758 -19.602329 436.894653 -3.216024 -22.690870 445.966766 60.367538 -16.513790 427.822540
591 293 608 286 627 287 642 297 624 301 607 300 748 308 764 301 783 304 797 315 781 318 764 315 543 841 43.700394 172.131882 26.742752 -0.033506 0.240019 0.102083 30.494097 -18.325171 435.728851 -1.587749 -21.543133 443.663544 62.575943 -15.107211 427.794159
586 289 604 280 624 282 638 293 621 298 602 297 743 303 760 295 780 298 795 310 778 314 760 312 819 407 -11.371446 85.969597 23.227116 -0.013677 0.260768 0.096893 28.608995 -19.956099 431.774078 -3.319273 -23.073139 440.343170 60.537266 -16.839056 423.204987
579 367 592 359 608 359 620 368 606 373 591 373 703 373 716 365 732 366 745 376 731 380 717 379 1114 55 -70.164803 16.060841 21.251451 -0.138593 -0.055093 0.054295 22.194567 12.159969 553.927673 -10.911119 10.238187 552.230652 55.300255 14.081753 555.624695
588 373 602 365 618 365 630 374 616 378 601 378 713 379 725 372 740 374 752 383 739 387 725 385 246 855 102.680412 175.016541 23.310081 -0.153990 -0.072450 0.062604 27.488008 15.671365 562.770142 -5.565005 13.419272 560.537231 60.541023 17.923458 565.003113
577 373 591 364 606 365 619 374 605 378 590 378 701 377 713 369 729 370 741 380 728 384 714 383 1400 385 -126.746513 81.394836 30.028013 -0.126494 -0.145564 0.037760 21.495472 14.689395 558.144226 -11.335091 13.138918 553.420898 54.326035 16.239872 562.867554
582 370 596 361 612 362 624 371 610 376 595 376 705 376 718 368 734 369 746 379 733 384 719 382 321 49 87.286827 15.160677 11.395133 -0.084164 0.130223 0.047873 23.721415 14.084998 558.951233 -9.164507 12.683909 563.323059 56.607338 15.486086 554.579407
583 373 596 365 612 365 624 374 610 379 595 379 706 378 719 371 734 372 746 382 733 386 719 384 486 780 54.980141 160.056503 25.069542 -0.106725 -0.124619 0.051664 24.322838 15.299516 562.419067 -8.580571 13.372198 558.392822 57.226250 17.226833 566.445312
582 371 596 362 612 362 624 372 610 377 595 377 706 376 718 368 734 369 746 379 733 384 719 382 492 98 53.364159 24.814842 14.280390 -0.062166 0.216686 0.038203 23.556993 14.177628 557.310852 -8.847554 13.142797 564.482605 55.961544 15.212458 550.139099
580 373 593 365 608 365 620 374 607 379 592 379 702 377 715 370 730 371 743 380 730 384 715 383 923 320 -32.075500 68.679657 23.121464 -0.059895 0.210478 0.028830 21.883772 15.062522 559.872437 -10.574775 14.321428 566.833313 54.342319 15.803616 552.911621
579 374 592 365 608 365 620 374 606 379 592 379 702 377 714 370 730 371 742 380 729 385 715 383 889 413 -25.266670 87.133827 24.184288 -0.056300 0.215934 0.027693 21.644705 15.206513 560.559875 -10.776559 14.495674 567.695374 54.065968 15.917353 553.424316
579 375 592 367 608 367 620 376 606 380 592 381 702 379 715 372 730 373 742 382 729 386 715 385 687 871 15.126927 178.028244 28.993040 -0.093370 -0.149858 0.039801 22.381149 16.005785 563.829468 -10.425606 14.459719 558.942139 55.187904 17.551853 568.716797
575 375 588 366 603 366 615 375 602 380 587 380 697 377 709 369 725 369 737 379 724 383 710 382 1346 400 -116.015121 84.389038 29.602270 -0.040845 0.252263 0.008420 19.001337 15.155561 560.454285 -13.151531 15.049157 568.745300 51.154205 15.261967 552.163208
581 373 594 365 610 365 622 374 608 379 594 379 703 377 716 369 731 370 743 380 730 384 716 383 358 389 80.151932 82.568604 17.266127 -0.053153 0.254388 0.027543 22.360916 14.995691 560.851440 -9.763083 14.314724 569.226685 54.484913 15.676660 552.476196
578 376 591 367 606 367 618 375 605 380 591 381 700 378 712 371 728 372 740 381 727 385 713 384 861 751 -19.496634 154.168884 29.223364 -0.058354 0.203457 0.018541 20.986986 15.870628 566.328857 -11.527471 15.455962 573.051758 53.501442 16.285295 559.605896
584 372 597 363 613 363 625 372 611 377 596 377 705 376 718 367 733 369 745 379 732 383 718 382 167 70 117.877609 19.381187 9.834094 -0.041876 0.310492 0.029130 23.318930 14.088182 557.846375 -8.284511 13.350907 568.007019 54.922371 14.825459 547.685730
578 374 591 365 607 365 619 374 605 379 591 379 699 377 712 369 727 369 739 379 726 384 712 382 1055 204 -58.357193 45.628841 22.898537 -0.026289 0.296679 0.013160 20.351337 14.888439 560.002014 -11.400099 14.586445 569.713562 52.102776 15.190433 550.290405
583 373 596 364 612 364 623 374 610 379 595 379 704 377 716 369 732 370 744 380 731 384 717 383 72 73 136.742355 20.010780 8.712558 -0.039870 0.311008 0.027704 22.766827 14.791250 559.020935 -8.832675 14.090633 569.196411 54.366329 15.491868 548.845459
579 377 591 368 607 368 619 377 606 382 591 382 700 379 712 371 727 372 739 381 727 386 713 385 894 587 -26.151114 121.635910 27.017332 -0.031770 0.279845 0.010411 20.763109 16.417150 563.008545 -11.148313 16.222641 572.183655 52.674530 16.611660 553.833374
578 376 591 367 607 367 619 376 605 381 591 381 700 378 712 370 727 371 740 380 727 385 713 384 773 320 -2.292013 68.734444 21.275167 -0.031142 0.292694 0.010117 20.450630 15.824122 559.592224 -11.340425 15.643258 569.176392 52.241684 16.004986 550.008118
581 376 594 368 609 368 621 376 608 381 593 381 702 379 715 372 730 373 742 382 729 386 715 385 167 655 118.241859 135.385727 19.152067 -0.044870 0.258678 0.020738 22.108219 16.282015 565.868286 -9.984962 15.792952 574.374023 54.201401 16.771078 557.362488
576 375 589 366 605 366 617 375 604 380 589 380 698 377 710 369 725 369 737 379 725 383 711 382 786 170 -4.966645 38.984943 19.045956 -0.027561 0.301091 0.005336 19.537880 15.149846 561.016541 -12.172791 15.112088 570.864929 51.248550 15.187603 551.168091
575 377 588 369 603 368 615 377 602 382 588 382 696 378 708 371 723 371 736 380 723 385 709 384 1055 492 -58.177872 102.738762 27.485847 -0.021985 0.300062 -0.000130 18.716127 16.149160 562.527771 -13.005090 16.262106 572.341553 50.437347 16.036215 552.713928
701 429 715 417 734 416 749 425 733 431 717 433 836 419 848 408 865 407 880 415 867 422 851 423 1309 165 -108.814850 37.802437 25.403732 -0.345657 -0.056938 -0.090530 88.279945 37.220387 537.220337 55.262959 39.838062 534.856812 121.296928 34.602715 539.583801
697 432 712 421 730 420 745 428 730 435 713 437 832 422 845 411 861 410 875 418 863 425 847 426 1435 500 -133.624390 104.186363 32.290554 -0.322825 -0.031801 -0.091405 87.417137 39.335400 544.299805 54.366356 42.144531 542.778442 120.467911 36.526272 545.821167
699 430 714 421 731 420 745 428 730 434 714 435 833 424 846 415 862 415 876 424 863 430 847 430 1242 651 -95.208954 134.199905 32.320141 -0.029366 -0.141770 -0.027202 86.445198 39.867947 534.076355 53.585732 40.698933 529.372681 119.304665 39.036964 538.780029
702 429 717 418 735 417 750 426 734 433 718 434 838 423 851 413 868 412 882 422 869 428 853 428 471 73 57.518280 19.865053 13.623704 -0.073216 -0.110583 -0.041198 88.221474 38.698196 530.166199 55.247490 39.927586 526.456116 121.195450 37.468811 533.876282
704 431 718 420 736 419 751 428 735 435 719 436 838 425 851 415 868 415 882 424 868 431 853 430 443 378 63.267769 80.356277 18.137150 -0.045493 -0.133516 -0.031655 89.386971 40.195389 535.265564 56.494209 41.142178 530.823792 122.279724 39.248600 539.707397
700 429 715 419 733 416 749 422 734 430 716 433 833 417 845 410 861 410 876 418 863 423 848 423 1071 76 -61.613796 20.240810 21.056671 -0.925936 0.039923 -0.056836 87.810051 37.756905 542.418518 54.679741 39.955276 542.748962 120.940369 35.558533 542.088074
702 430 717 419 735 418 750 427 734 434 718 435 838 424 851 413 868 413 882 423 869 429 853 429 666 74 18.800371 19.992132 16.039816 -0.058772 -0.141572 -0.035479 88.637695 39.366940 532.224854 55.785809 40.402302 527.508789 121.489586 38.331577 536.940857
700 429 715 419 733 418 747 427 732 434 715 435 834 425 847 414 864 414 878 424 864 430 848 430 1331 341 -113.073509 72.694908 28.477879 -0.039953 -0.171718 -0.018143 85.842888 39.104733 526.532349 53.131802 39.590397 520.848267 118.553970 38.619068 532.216431
703 427 718 416 736 416 750 425 735 431 718 432 839 421 852 411 869 411 882 421 869 427 853 427 254 283 100.735809 61.586960 14.297643 -0.027261 -0.152143 -0.022796 87.818192 37.733833 526.282593 55.005512 38.418968 521.240906 120.630867 37.048702 531.324219
698 432 712 422 730 420 745 429 730 436 713 437 832 424 845 414 862 413 876 423 863 429 847 429 1211 584 -89.095413 120.925240 30.871386 -0.083320 -0.189144 -0.047630 84.907516 39.433613 525.518982 52.331966 40.742661 519.219788 117.483078 38.124561 531.818115
698 433 713 423 730 422 745 430 730 437 714 438 832 425 844 415 861 414 875 423 861 430 846 430 1283 854 -103.223373 174.439499 36.058208 -0.083115 -0.120139 -0.060426 87.205894 41.048908 541.343018 54.300705 42.881542 537.287170 120.111084 39.216274 545.398804
697 432 712 422 730 420 745 429 729 436 713 437 832 424 845 414 862 413 876 423 863 429 847 429 1239 456 -94.734695 95.532822 29.177223 -0.089968 -0.180669 -0.050970 84.706581 39.390331 525.003235 52.084713 40.801682 518.971558 117.328445 37.978985 531.034973
701 434 716 424 733 423 747 431 732 437 716 438 835 426 848 416 864 416 877 424 864 430 849 430 729 746 6.709721 153.225616 27.518984 -0.048024 -0.098356 -0.052512 88.652100 41.442146 541.855286 55.653423 43.103207 538.555603 121.650780 39.781082 545.154968
698 431 713 420 732 419 747 428 731 435 714 436 834 424 847 413 865 412 879 422 865 429 849 429 852 235 -18.030907 51.850231 20.893656 -0.053678 -0.100511 -0.052556 87.066734 39.549976 533.764221 54.075222 41.201057 530.388794 120.058243 37.898891 537.139709
701 433 715 423 733 421 747 430 732 436 716 438 835 425 848 416 865 415 879 424 865 430 850 430 688 619 14.771465 128.056702 24.991453 -0.064766 -0.164193 -0.042560 87.091019 40.358234 530.644653 54.362556 41.587597 525.176941 119.819481 39.128872 536.112366
699 431 714 421 732 420 747 429 732 435 715 437 836 424 849 414 866 413 880 422 866 429 850 429 431 392 65.659164 83.136833 18.212440 -0.020886 -0.076835 -0.052507 87.518150 39.908607 534.017395 54.457016 41.622818 531.451782 120.579285 38.194397 536.583008
700 432 714 422 732 421 747 429 732 436 715 437 836 425 849 415 865 414 879 423 866 430 850 430 778 388 -3.242456 82.216904 22.419827 -0.072009 -0.161025 -0.045390 86.355606 39.679356 526.261841 53.614204 40.986229 520.890442 119.097015 38.372478 531.633240
700 434 714 424 732 423 747 431 732 437 715 439 836 425 848 415 865 414 879 422 866 428 850 429 926 524 -32.544151 109.131424 26.407734 -0.161051 -0.107605 -0.079878 87.017982 40.064369 531.025879 54.110249 42.410679 527.266174 119.925720 37.718060 534.785583
701 430 716 419 734 418 748 428 733 434 716 435 838 424 851 414 868 413 881 424 868 430 852 430 768 123 -1.421890 29.671497 18.075777 -0.072351 -0.210254 -0.026738 85.113586 38.274895 513.291992 52.651470 38.903824 506.336792 117.575706 37.645966 520.247253
701 434 716 424 733 422 748 431 733 437 716 438 836 426 848 417 865 416 879 425 865 431 850 431 857 734 -18.712992 150.799286 28.903351 -0.069262 -0.171024 -0.042477 87.224884 40.741768 530.396973 54.534096 41.947716 524.703308 119.915680 39.535824 536.090637
684 475 698 464 717 463 731 472 716 479 699 481 817 465 830 454 848 453 863 462 849 470 832 471 43 75 142.501740 20.417969 8.387464 -0.069717 -0.422807 -0.013153 70.291489 54.047726 471.276886 40.012257 53.989288 457.648804 100.570717 54.106159 484.904938
689 478 703 470 720 469 735 474 720 478 704 480 817 467 829 460 845 459 860 465 846 469 832 470 146 571 122.359245 118.736328 17.555620 -0.807621 0.087017 -0.057649 86.906044 68.281097 586.855652 53.872341 71.094360 588.704895 119.939743 65.467842 585.006409
684 484 698 473 715 471 731 481 715 486 700 488 815 473 827 462 843 460 858 469 845 475 830 476 948 895 -36.681396 182.692078 32.587872 -0.791089 0.120395 -0.060629 80.605003 67.696449 556.268982 47.686024 70.998604 559.096741 113.523987 64.394295 553.441223
690 477 705 469 721 467 737 473 721 478 706 479 819 466 831 457 847 456 862 462 849 467 834 468 422 57 67.237587 16.710176 12.765730 -0.775878 0.090312 -0.067276 87.376389 66.940002 583.202637 54.371563 70.056931 585.080383 120.381210 63.823078 581.324890
686 480 700 471 717 469 733 475 718 480 702 482 814 468 826 460 842 459 857 465 844 470 829 470 1349 522 -116.534828 108.580338 31.582432 -0.782715 0.040915 -0.084455 85.493767 68.599808 586.601379 52.427750 71.627281 586.781738 118.559784 65.572327 586.421021
691 480 705 466 723 462 738 467 724 479 706 483 826 460 838 454 856 456 870 468 858 473 841 471 34 357 144.464340 76.341385 12.768427 -0.813813 0.076605 -0.047050 88.163200 65.298859 572.136902 55.085236 67.670845 573.804749 121.241165 62.926880 570.469055
691 478 706 469 723 467 738 473 723 478 707 480 818 466 831 458 847 456 862 463 849 468 834 469 1437 6 -134.329086 6.226252 24.446661 -0.747797 0.040646 -0.083453 88.428284 67.673851 586.950378 55.359882 70.671181 587.187866 121.496689 64.676529 586.712830
694 483 708 472 726 470 741 476 726 484 709 487 825 470 837 462 854 462 869 471 856 477 840 476 2 820 151.106430 168.165207 19.749289 -0.851833 0.086409 -0.047758 90.186470 70.023994 582.280090 57.133804 72.571411 584.175293 123.239128 67.476578 580.384888
698 479 712 471 729 469 745 475 729 480 714 482 827 468 839 460 855 459 871 465 857 470 842 471 48 24 141.477203 10.302926 7.636671 -0.774594 0.098761 -0.059649 91.976479 68.348587 583.996582 58.981602 71.339371 586.222107 124.971352 65.357803 581.770996
695 485 709 475 726 473 741 482 726 489 710 490 828 476 840 465 857 464 870 473 857 480 842 481 452 666 61.660080 137.462906 22.835238 -0.090553 -0.404599 -0.017448 76.182861 59.966316 481.933350 45.662071 59.929592 468.855133 106.703651 60.003040 495.011566
697 479 712 471 729 469 744 475 729 480 713 482 826 469 838 460 854 460 869 466 856 471 841 472 421 155 67.497169 36.143780 14.314382 -0.777363 0.073550 -0.064366 91.782074 68.823174 585.739563 58.727909 71.650055 587.150391 124.836243 65.996292 584.328735
691 482 705 470 723 469 737 479 722 487 706 488 821 474 833 461 851 460 864 470 851 478 835 479 1175 389 -82.068794 82.270210 27.322283 -0.145232 0.749310 -0.110828 71.139870 58.831909 480.350769 46.997730 63.876717 502.582886 95.282013 53.787102 458.118683
691 485 705 474 723 471 738 477 723 486 707 489 821 470 833 461 850 461 865 471 852 477 837 476 1158 856 -78.402557 174.881744 34.551487 -0.839110 0.048049 -0.076869 88.512054 70.407516 583.198303 55.435768 73.298119 583.602173 121.588348 67.516922 582.794434
689 482 703 470 722 468 736 479 721 486 705 488 820 473 832 460 850 459 863 469 850 478 835 478 1354 129 -117.772308 30.647263 25.384209 -0.137459 0.750602 -0.115667 70.310516 58.185326 477.371918 46.215675 63.285542 499.642670 94.405365 53.085114 455.101166
699 482 713 474 730 473 745 479 730 483 715 484 827 472 839 464 854 463 869 468 856 473 842 474 15 355 148.235657 75.951729 12.502707 -0.781473 0.091972 -0.061086 92.817062 70.810753 588.892883 59.804348 73.767593 590.887207 125.829781 67.853912 586.898499
695 480 710 469 728 466 744 473 728 481 711 484 827 466 839 457 857 458 872 467 858 473 842 472 232 49 104.958359 15.193182 10.299664 -0.806637 0.085054 -0.054963 90.506111 67.389450 577.150940 57.462383 70.097672 578.977783 123.549835 64.681236 575.324158
695 481 710 469 728 466 743 473 728 481 711 484 827 467 839 458 856 458 871 468 858 474 842 473 315 87 88.501823 22.698206 11.926551 -0.814443 0.076718 -0.054659 90.681061 67.920097 578.794556 57.615498 70.518967 580.367371 123.746628 65.321236 577.221680
698 484 712 474 730 471 745 477 730 485 713 488 828 470 840 463 857 463 871 472 859 478 843 477 278 848 96.322243 173.616760 23.592461 -0.841991 0.068545 -0.054450 92.606178 70.895554 586.124329 59.521172 73.397530 587.421326 125.691177 68.393585 584.827332
690 484 704 472 723 468 738 474 723 484 706 487 820 467 832 459 850 459 865 470 852 475 836 475 1364 438 -119.565475 91.917801 30.429096 -0.797532 0.028159 -0.080557 88.028397 69.087265 581.747437 54.938145 71.837723 581.574707 121.118652 66.336815 581.920166
699 483 713 472 731 470 746 475 731 483 715 486 830 468 842 461 858 462 873 470 860 475 845 475 167 583 118.197029 121.108238 18.005239 -0.833723 0.081950 -0.052592 93.397858 69.913490 586.005676 60.341438 72.531128 587.732117 126.454277 67.295860 584.279236
613 445 625 434 640 430 654 434 641 441 627 445 736 415 747 406 763 403 778 408 765 414 751 416 1226 734 -91.980370 150.664505 33.445240 -0.541235 0.115125 -0.207374 38.795681 39.496582 539.001953 6.498014 46.993309 540.796204 71.093346 31.999851 537.207703
659 460 672 453 687 451 701 455 687 460 673 462 787 447 800 441 815 440 829 444 816 448 801 449 93 707 132.967422 145.724258 19.069492 -0.598179 0.129511 -0.073229 61.812519 51.607204 523.704712 28.963722 55.133678 527.033386 94.661316 48.080730 520.376038
634 465 646 455 663 453 677 458 663 465 648 467 761 447 774 438 790 435 805 441 792 447 776 449 1183 149 -83.806679 34.675682 23.597994 -0.525278 0.098841 -0.127624 49.632862 52.270573 523.861206 16.849888 57.138737 525.895203 82.415833 47.402409 521.827209
618 473 630 463 645 460 659 463 646 470 632 473 742 447 754 439 770 436 786 440 772 446 757 448 668 452 18.638617 94.948174 22.085278 -0.535906 0.133611 -0.174938 41.198307 54.438934 530.973022 8.775716 61.084080 533.652100 73.620895 47.793785 528.294006
624 479 636 469 651 466 666 470 653 476 638 480 748 454 760 445 776 442 792 447 778 453 763 455 889 834 -25.004539 170.617432 30.890043 -0.525962 0.130813 -0.173194 44.743385 58.148800 535.973022 12.299809 64.706161 538.614075 77.186966 51.591438 533.332031
622 476 634 467 649 464 663 467 650 474 636 477 746 452 758 444 774 441 789 445 776 451 761 454 1171 703 -81.079056 144.537354 32.274490 -0.451759 0.125548 -0.172727 43.547165 57.366116 537.838745 11.083748 63.787975 540.567444 76.010582 50.944252 535.110046
668 462 681 452 697 451 711 457 697 463 682 465 797 450 809 441 825 441 838 448 826 453 811 453 292 783 93.501984 160.722260 22.729450 -0.251921 -0.073399 -0.079547 68.366364 53.633495 533.863037 35.354836 55.936790 531.125610 101.377892 51.330204 536.600403
667 454 681 445 698 443 712 450 698 455 682 457 798 445 811 437 828 437 842 444 828 448 813 448 1200 199 -87.151009 44.584393 24.603649 -0.430923 0.068625 -0.050495 67.705528 49.921711 526.019653 34.619305 52.028103 527.870300 100.791748 47.815319 524.169067
664 459 678 451 694 449 708 455 694 460 679 462 793 448 806 441 822 440 836 447 823 451 808 452 339 710 84.124374 146.229309 22.145201 -0.410964 0.097354 -0.063499 66.664223 53.131325 537.043640 33.680317 55.830482 539.752197 99.648125 50.432171 534.335083
667 459 680 450 696 448 710 454 696 460 681 462 796 448 808 440 824 439 838 447 825 452 810 452 58 521 139.801086 108.853554 15.676052 -0.243845 0.013849 -0.062902 67.793427 52.889709 535.299377 34.657124 55.012054 535.501099 100.929726 50.767365 535.097717
662 463 675 453 692 451 706 457 692 464 676 466 790 450 803 441 819 440 834 448 820 454 805 454 1162 894 -79.173126 182.415619 35.205990 -0.232289 -0.062488 -0.081241 65.288994 53.865055 532.799805 32.257652 56.294064 530.435486 98.320335 51.436047 535.164062
654 461 667 451 683 448 698 454 684 461 669 464 781 444 793 435 810 433 825 440 811 446 796 447 1315 799 -109.611435 163.521393 35.576038 -0.363436 0.070926 -0.118860 61.447464 52.237656 539.423096 28.556734 56.508236 541.011047 94.338196 47.967075 537.835083
656 458 669 447 686 445 700 451 686 458 671 461 783 443 796 433 813 432 827 439 814 445 798 446 869 285 -21.375237 61.758942 21.899311 -0.216425 -0.063429 -0.102090 62.219719 50.620388 533.849670 29.253517 53.749012 531.400024 95.185921 47.491764 536.299316
658 459 671 449 688 446 702 452 688 459 673 462 784 443 796 433 813 432 827 439 814 445 799 446 1210 775 -88.777939 158.800583 33.901356 -0.259305 -0.010991 -0.116481 64.013809 51.960327 545.022522 31.034735 55.729111 544.164368 96.992889 48.191547 545.880676
659 456 672 445 689 442 704 449 690 456 674 458 787 440 799 430 816 429 831 437 817 443 802 444 598 63 32.295368 17.835686 15.027619 -0.201591 -0.091862 -0.102810 64.068275 49.250832 533.619202 31.177481 52.324863 530.256775 96.959061 46.176800 536.981628
655 455 668 443 685 441 700 447 686 454 670 457 782 437 794 427 811 425 826 433 813 439 797 440 896 11 -26.906868 7.415333 17.867329 -0.223902 -0.070836 -0.120582 62.081215 48.253284 535.478271 29.199226 51.949032 532.707764 94.963203 44.557533 538.248779
657 454 670 444 686 441 701 446 687 454 671 456 784 436 796 427 813 426 827 433 814 439 799 440 704 50 11.240277 15.219092 16.125269 -0.214658 -0.065731 -0.117642 62.635643 48.136242 535.591492 29.730722 51.767838 533.015198 95.540565 44.504642 538.167786
660 458 672 447 689 445 704 451 690 458 674 461 786 440 798 431 815 430 830 437 816 443 801 444 461 590 59.825752 122.388947 21.735476 -0.227858 0.006314 -0.118635 65.112564 51.222507 546.550720 32.140789 55.142292 546.311768 98.084335 47.302719 546.789734
654 458 666 446 682 442 697 449 683 457 668 460 781 437 792 426 809 424 824 432 811 439 796 441 1058 219 -58.943523 48.602222 23.174385 -0.125269 0.369587 -0.177314 58.885326 48.000320 523.266418 28.427847 54.466312 534.802979 89.342812 41.534328 511.729858
652 458 664 447 681 443 695 449 682 457 666 460 777 436 788 426 805 424 820 431 807 438 792 440 1411 79 -129.121170 20.711527 25.289392 -0.252223 -0.020527 -0.153662 60.296162 49.476612 543.544922 27.487457 54.419392 542.234497 93.104866 44.533829 544.855408
