535 362 547 356 560 355 573 361 561 365 547 365 643 358 656 351 670 351 683 356 670 360 657 361 795 777 -19.007561 160.165405 32.750584 -0.619893 0.001751 -0.044791 -12.804054 6.212683 620.019226 -45.976570 7.623481 619.627380 20.368460 4.801886 620.411072
538 362 550 355 564 355 576 361 564 365 551 365 647 358 659 351 674 350 687 356 674 360 660 361 642 561 11.366113 117.557838 26.838634 -0.594380 0.001966 -0.041956 -10.737451 6.210057 617.852417 -43.913830 7.541053 617.512024 22.438931 4.879062 618.192871
534 362 546 355 560 354 573 361 560 365 547 366 645 359 658 351 673 350 686 356 673 361 659 361 1419 291 -143.188812 63.800884 25.626945 -0.594039 -0.006502 -0.043241 -11.975438 6.104650 607.830322 -45.149433 7.394812 607.212952 21.198557 4.814487 608.447693
539 361 550 354 564 354 576 360 564 364 551 364 646 357 658 350 672 349 685 355 672 359 659 360 238 262 91.628906 58.676674 17.428518 -0.512098 -0.000959 -0.042738 -11.177958 5.638418 625.883850 -44.353092 6.987926 625.497986 21.997175 4.288909 626.269775
544 362 555 356 568 356 580 362 568 365 556 366 649 359 661 353 674 352 687 357 675 361 662 362 86 745 121.959358 154.205811 27.495358 -0.542828 -0.005535 -0.040302 -9.152193 6.892573 634.926636 -42.330204 8.117016 634.397461 24.025816 5.668130 635.455872
545 362 556 356 570 356 582 362 570 365 557 366 651 360 662 353 676 352 688 357 676 361 663 362 70 659 125.121567 137.218613 25.428133 -0.522950 -0.006366 -0.037924 -8.353703 6.901282 634.697693 -41.534523 8.049615 634.174072 24.827116 5.752949 635.221313
543 360 554 353 569 352 581 359 569 363 555 363 651 357 663 349 677 348 690 354 677 359 664 359 574 26 24.767792 11.865432 14.179792 -0.538862 -0.003394 -0.039904 -8.321577 5.194095 622.321838 -41.500404 6.425930 621.866150 24.857250 3.962261 622.777527
543 360 555 353 569 353 581 360 569 363 556 364 651 357 663 350 678 349 690 355 678 359 664 360 910 214 -41.998928 48.845577 20.619621 -0.538216 -0.003680 -0.038571 -8.194769 5.445449 625.732056 -41.375256 6.632832 625.279358 24.985720 4.258068 626.184814
545 360 556 353 571 353 583 360 571 363 557 364 653 358 665 350 680 349 692 355 680 360 666 360 733 218 -6.804235 49.727005 19.581615 -0.554814 -0.000219 -0.033403 -7.032959 5.606734 623.570618 -40.219719 6.657675 623.263855 26.153801 4.555793 623.877380
539 366 551 359 565 359 578 365 565 369 552 369 650 363 662 356 677 355 690 361 677 365 663 366 1030 782 -65.732681 161.032761 34.364330 -0.617085 -0.001320 -0.036838 -9.253707 8.620969 613.988403 -42.436672 9.754627 613.581787 23.929256 7.487311 614.395020
546 361 557 355 570 355 581 360 570 364 558 364 649 357 660 350 673 348 685 353 674 358 661 358 184 304 102.375343 67.004509 18.043669 -0.481110 -0.030410 -0.067011 -8.960567 5.640726 646.253479 -42.077232 7.540866 644.758301 24.156101 3.740586 647.748596
540 366 552 359 567 359 580 366 567 370 553 370 652 363 664 354 679 353 693 359 680 365 665 365 1113 631 -82.269608 131.149323 31.443535 -0.603779 -0.004684 -0.048824 -8.131355 8.434748 612.429016 -41.297432 9.913071 611.808167 25.034723 6.956425 613.049866
541 365 553 357 568 357 581 364 568 368 554 369 653 361 666 352 681 352 695 358 681 363 667 364 402 70 58.977215 20.649139 14.087705 -0.595058 0.007986 -0.044707 -7.339363 7.491554 607.357178 -40.510937 8.966061 607.178162 25.832212 6.017047 607.536194
540 369 552 362 567 361 580 368 567 372 553 373 652 365 664 357 680 356 693 362 680 367 665 368 667 653 6.415719 135.726135 29.100389 -0.630343 0.004559 -0.044310 -8.122917 9.927336 608.838440 -41.295872 11.348810 608.531494 25.050035 8.505862 609.145447
541 367 553 360 569 360 582 367 568 371 554 371 653 364 666 355 681 355 694 361 681 366 667 367 8 244 137.356949 55.237667 15.549620 -0.600630 0.011250 -0.042459 -7.326849 9.206752 610.006409 -40.500587 10.641747 609.947021 25.846889 7.771758 610.065796
540 371 552 364 567 364 580 371 567 374 553 375 652 367 664 359 679 358 692 364 679 369 665 370 1038 623 -67.358757 129.606888 30.782169 0.411074 -0.021644 -0.042454 -8.189143 10.866151 599.760071 -41.356789 12.381548 599.347351 24.978504 9.350754 600.172729
539 371 551 364 566 363 579 370 566 374 552 375 652 367 664 359 679 358 693 364 680 369 665 370 789 377 -17.903601 81.120003 23.572151 -0.627169 0.006560 -0.046370 -8.376611 10.989759 605.989502 -41.546196 12.496047 605.726135 24.792974 9.483473 606.252869
539 371 552 365 567 364 580 371 567 375 553 375 652 368 665 360 680 359 693 364 680 370 666 370 543 534 31.044771 112.272926 25.589973 0.417644 -0.029193 -0.037535 -7.956805 11.137699 595.868774 -41.124626 12.547128 595.184204 25.211018 9.728271 596.553345
537 370 549 363 564 363 578 370 564 374 550 375 650 367 663 358 679 357 692 364 679 369 664 370 1288 133 -117.176605 32.644043 21.180698 0.398548 -0.018135 -0.040691 -8.967783 10.544161 591.155640 -42.140087 11.977752 590.835144 24.204521 9.110569 591.476135
539 372 551 365 566 365 580 372 566 376 552 376 652 369 664 360 680 359 694 365 680 371 666 371 760 422 -12.127366 90.027863 24.415373 0.407433 -0.024809 -0.039644 -8.126304 11.500297 593.939697 -41.295311 12.945569 593.403259 25.042704 10.055025 594.476135
537 350 549 344 562 344 574 350 562 353 549 354 647 349 659 343 674 343 686 349 673 353 660 353 990 887 -57.755905 181.803543 36.508385 -0.545421 0.001797 -0.009224 -11.233351 0.348214 617.675110 -44.436733 0.655387 617.650391 21.970032 0.041040 617.699829
536 352 548 346 562 346 575 353 562 356 548 356 647 352 659 344 674 344 688 350 674 354 660 355 391 259 61.206474 58.005199 18.336235 -0.614208 0.005059 -0.015169 -11.020771 1.611014 605.391785 -44.221470 2.133596 605.399475 22.179930 1.088433 605.384033
535 356 547 350 562 350 575 357 562 360 548 360 647 355 660 348 675 347 688 353 675 358 661 358 1261 557 -111.713661 116.449303 30.696972 -0.629567 -0.001946 -0.023208 -10.847244 3.753041 603.792908 -44.043346 4.454022 603.497864 22.348858 3.052060 604.088013
538 355 550 348 565 348 577 355 564 359 550 359 649 354 662 346 677 346 691 352 677 357 663 357 388 286 61.808990 63.342510 18.934052 -0.596801 0.012374 -0.016425 -9.533809 2.942959 606.022156 -42.731808 3.575500 606.251038 23.664190 2.310418 605.793213
540 357 552 350 567 350 579 357 566 360 553 360 651 355 664 348 679 347 692 354 679 358 665 358 155 409 108.164932 87.769638 20.257914 -0.611986 0.014357 -0.017495 -8.490339 3.852031 607.830078 -41.686913 4.538692 608.105286 24.706232 3.165370 607.554932
540 354 553 347 568 347 580 355 567 358 553 358 653 354 666 346 682 346 695 352 682 357 667 357 21 92 134.738266 25.192566 12.159314 -0.612895 0.018649 -0.008457 -7.337823 2.703935 599.323853 -40.535892 3.151363 599.821594 25.860245 2.256507 598.826111
539 358 551 352 565 352 578 359 565 362 552 363 650 358 663 351 678 350 691 356 677 360 663 360 722 735 -4.501954 151.902817 31.325066 -0.613202 0.003524 -0.019108 -9.211492 5.144794 610.323669 -42.410233 5.774973 610.244995 23.987247 4.514616 610.402344
544 358 556 352 570 352 582 358 570 362 556 362 654 357 667 350 681 350 694 355 681 359 667 360 560 722 27.706429 149.416977 29.994316 -0.615728 0.009759 -0.018483 -6.807864 4.879374 612.476074 -40.005650 5.551645 612.596985 26.389923 4.207101 612.355164
504 358 513 352 525 352 535 359 525 362 514 362 605 358 617 351 631 351 644 357 631 361 617 361 1377 588 -134.771622 122.515961 32.145508 -0.245562 0.172896 0.011222 -36.729923 5.488530 649.994263 -69.440086 5.821086 655.694641 -4.019755 5.155975 644.293945
527 361 537 355 551 354 563 360 551 364 539 365 635 356 647 348 662 347 675 353 662 357 648 358 501 601 39.410759 125.535133 26.852953 -0.583909 0.018728 -0.059955 -17.832340 5.056405 617.816589 -50.973511 7.111135 617.838623 15.308831 3.001675 617.794556
538 358 551 351 565 350 578 357 565 361 551 361 650 354 663 347 678 346 691 352 678 357 664 357 176 488 104.006989 103.370918 22.197088 -0.593315 0.016590 -0.032679 -9.086892 3.748348 607.570679 -42.270054 4.929334 607.777161 24.096270 2.567363 607.364258
539 361 551 354 565 354 578 361 565 364 552 365 650 358 662 351 677 350 691 356 678 361 663 361 308 763 77.821983 157.648926 29.323210 -0.598495 0.017434 -0.030747 -9.226088 5.829838 612.433289 -42.410774 6.958808 612.681641 23.958597 4.700867 612.184937
537 359 549 353 564 353 576 360 564 363 550 364 649 357 662 349 677 349 691 354 677 360 663 360 51 336 128.827530 73.396721 17.926229 -0.568611 0.022544 -0.027938 -9.815531 5.049381 608.245667 -42.999519 6.134805 608.697693 23.368458 3.963957 607.793640
535 364 547 357 562 357 575 364 562 368 548 368 647 362 660 354 676 353 689 359 676 364 661 364 964 746 -52.617584 153.952316 33.120583 -0.608765 0.009003 -0.033136 -10.761790 7.652471 607.179077 -43.947628 8.774018 607.135132 22.424047 6.530924 607.222961
536 364 548 358 562 357 575 364 562 368 549 368 647 362 660 354 675 353 688 359 675 364 661 364 591 684 21.534082 141.891449 29.323809 -0.599649 0.014481 -0.033571 -10.875421 7.827965 610.808533 -44.058701 9.016697 610.936646 22.307859 6.639233 610.680359
537 365 549 359 563 359 575 365 563 369 549 369 648 363 660 356 675 355 688 361 675 365 661 366 497 790 40.248173 162.887589 31.146149 -0.608131 0.014501 -0.029513 -10.614686 8.604249 612.279541 -43.802094 9.666703 612.442932 22.572723 7.541793 612.116150
536 364 548 357 563 357 576 364 563 368 549 368 648 361 661 353 677 352 690 359 677 364 662 364 448 481 49.922298 101.847816 23.772724 -0.599843 0.017676 -0.032485 -10.105662 7.576432 606.292725 -43.288441 8.762131 606.531067 23.077118 6.390734 606.054382
534 365 546 358 561 357 574 364 561 368 547 369 647 362 660 354 676 353 690 359 676 364 661 365 794 498 -18.870838 105.029602 26.368950 -0.613013 0.012146 -0.036261 -10.837834 7.788397 602.913269 -44.019123 9.037923 602.934082 22.343454 6.538870 602.892456
533 361 545 354 560 354 573 361 560 365 546 366 645 359 658 350 674 349 688 355 675 361 660 362 1302 403 -119.900185 85.994576 27.439629 -0.613072 0.008087 -0.036093 -11.708441 5.794112 604.640442 -44.891247 6.998398 604.536438 21.474363 4.589827 604.744446
532 359 545 351 560 351 573 358 560 362 546 363 645 356 658 347 674 347 688 353 674 358 659 359 1270 86 -113.608032 23.365093 19.991877 -0.590024 0.009267 -0.035906 -11.848446 4.338502 604.672363 -45.031086 5.550679 604.620911 21.334194 3.126324 604.723877
541 321 556 311 575 310 592 320 576 325 558 326 685 315 702 303 723 301 741 310 723 317 704 318 1203 375 -100.221748 80.512047 26.168116 -0.586825 0.059642 -0.045021 4.364373 -14.872818 472.702118 -28.750404 -12.899247 474.143036 37.479149 -16.846388 471.261230
555 324 570 314 589 313 606 323 590 328 571 329 698 319 715 307 736 306 754 314 736 322 717 322 882 439 -36.381454 93.324738 25.582291 -0.570985 0.065863 -0.030771 10.502817 -13.252607 474.490570 -22.616652 -11.679049 476.275055 43.622284 -14.826167 472.706085
622 283 640 274 661 275 678 286 659 290 640 290 773 288 790 279 811 279 827 289 809 295 791 294 134 76 112.266335 21.972567 12.514743 -0.486632 0.079832 0.055054 41.994068 -27.952967 463.955292 8.942209 -29.075079 466.934387 75.045929 -26.830854 460.976196
454 241 472 229 495 230 514 244 494 249 473 249 615 246 635 233 659 233 678 246 658 253 636 252 865 149 -33.065819 36.023323 18.847210 -0.468009 -0.039481 0.007075 -26.322786 -42.984737 427.832123 -59.501377 -43.512295 426.622803 6.855804 -42.457176 429.041443
514 311 526 304 542 304 555 312 542 316 528 316 640 311 655 303 672 302 688 309 672 314 656 314 1413 608 -141.925232 126.449883 32.832226 -0.429789 0.068430 0.001954 -15.787242 -19.671124 533.034241 -48.915470 -19.253349 535.249084 17.340984 -20.088896 530.819336
514 314 527 307 545 307 560 316 545 320 529 320 648 314 665 305 685 304 703 311 685 318 666 318 988 21 -57.551025 10.664609 16.707207 -0.476126 0.065354 -0.003989 -11.515689 -16.843948 498.932526 -44.650688 -16.209803 500.989075 21.619308 -17.478094 496.875977
551 326 566 318 584 317 600 325 584 329 567 330 689 320 704 310 722 308 739 315 723 321 706 322 338 751 71.854263 155.262054 29.240431 -0.526488 0.036635 -0.054454 6.879454 -13.021767 493.555054 -26.255508 -10.984488 494.250305 40.014416 -15.059046 492.859802
528 326 542 316 561 316 578 325 562 331 544 331 670 322 687 310 708 309 726 318 708 324 689 325 1102 391 -80.135849 83.725876 25.889257 -0.568705 0.048621 -0.032402 -2.181297 -12.123367 478.649231 -35.330959 -10.658425 479.879456 30.968365 -13.588310 477.419006
529 329 543 321 561 320 578 329 562 334 544 334 670 325 687 315 707 314 725 322 707 328 688 329 884 566 -36.750851 118.421600 28.497049 -0.568326 0.053900 -0.029176 -2.330642 -10.472766 481.492981 -35.474770 -9.061015 482.918945 30.813486 -11.884516 480.066986
518 337 532 328 550 327 567 337 551 341 534 342 658 331 675 320 696 319 714 326 696 333 677 334 1115 440 -82.709793 93.402641 27.091877 -0.560762 0.041382 -0.050171 -7.288896 -7.555313 480.866577 -40.425331 -5.601343 481.713989 25.847542 -9.509282 480.019135
520 341 533 334 549 334 563 341 549 344 534 345 652 337 668 328 685 327 701 332 685 337 669 338 1392 767 -137.714310 157.882446 36.331436 0.313279 0.019667 -0.049692 -10.160707 -5.739436 499.256317 -43.318501 -4.218491 500.154694 22.997087 -7.260381 498.357941
370 283 378 276 390 275 400 280 390 284 380 285 462 272 471 265 483 263 493 267 484 272 473 274 1275 331 -114.547668 71.779716 25.622120 0.067022 -0.673971 -0.130722 -126.507301 -46.858997 672.030273 -152.192383 -42.133835 651.523987 -100.822220 -51.584160 692.536621
544 328 559 319 578 318 595 327 579 332 561 333 689 321 706 311 726 309 743 316 726 323 708 324 535 458 32.618530 97.257828 23.802298 -0.551840 0.059445 -0.044515 5.764564 -11.679690 470.471985 -27.351023 -9.746086 471.948029 38.880150 -13.613294 468.995941
524 336 538 327 557 327 573 337 557 341 540 341 665 335 682 325 703 324 721 332 703 339 684 339 1191 521 -97.803223 109.370911 29.427700 -0.544840 0.045319 -0.009265 -4.371278 -6.455214 478.734741 -37.541443 -5.762855 480.083923 28.798889 -7.147572 477.385529
524 339 538 329 557 329 574 339 558 344 540 344 667 336 685 325 706 324 725 332 707 339 687 340 911 425 -42.150787 90.543137 25.447430 0.374011 -0.024434 -0.020374 -3.411464 -5.560328 458.902618 -36.599670 -4.749635 458.235260 29.776741 -6.371022 459.570007
535 347 548 340 564 340 577 348 564 351 549 351 664 346 678 337 695 336 711 342 696 347 680 348 636 777 12.607210 160.247101 31.736029 -0.496587 -0.025678 -0.038828 -3.858045 -1.517952 512.603699 -37.027622 -0.488804 511.472443 29.311531 -2.547100 513.734985
531 343 544 333 562 334 578 345 562 350 546 350 659 343 674 330 693 328 710 337 694 345 676 346 332 154 72.914368 37.285286 15.560477 -0.404437 -0.026303 -0.045106 -5.023736 -3.320828 508.689270 -38.183907 -2.038440 507.541199 28.136436 -4.603216 509.837341
533 347 546 338 563 338 577 348 563 353 547 353 658 346 672 335 691 333 707 341 691 348 674 349 536 507 32.430603 106.940750 24.928347 -0.427047 -0.048974 -0.047657 -5.454648 -1.529794 519.742249 -38.583134 -0.338073 517.833618 27.673838 -2.721514 521.650879
528 343 543 333 564 334 581 345 564 350 545 350 675 342 693 330 715 328 735 337 716 345 695 346 699 1 -0.092153 6.860675 14.406137 0.353467 -0.021377 -0.017637 -0.190647 -3.097785 450.011078 -33.382843 -2.400218 449.418457 33.001549 -3.795351 450.603699
542 334 557 325 575 325 591 334 575 338 558 339 684 330 700 320 719 319 736 326 719 332 701 333 410 836 57.557064 172.022873 31.642132 -0.594350 0.039425 -0.032784 3.681161 -8.311088 479.401001 -29.481283 -6.908318 480.319794 36.843605 -9.713857 478.482208
539 336 554 327 574 326 591 335 574 340 556 341 685 332 702 322 722 321 740 329 722 335 703 335 687 599 2.426996 125.044319 27.994087 -0.601773 0.038215 -0.027234 3.854107 -7.267398 469.723145 -29.315243 -6.046666 470.652466 37.023457 -8.488130 468.793793
534 338 549 328 570 328 587 338 570 343 551 344 681 335 698 323 720 322 738 331 720 338 700 339 1277 348 -114.941551 75.138252 26.023338 -0.592665 0.029930 -0.031607 2.128497 -6.107831 465.696381 -31.045773 -4.833074 466.330780 35.302765 -7.382587 465.061981
540 340 556 332 574 331 591 340 574 344 557 345 687 337 703 327 723 327 740 334 723 340 704 341 792 702 -18.427752 145.345352 31.017662 -0.627140 0.033476 -0.022030 4.152727 -5.010056 471.442474 -29.026289 -3.988534 472.260376 37.331745 -6.031578 470.624573
539 340 554 331 573 331 590 340 573 344 556 344 685 336 702 326 722 326 739 333 722 339 703 339 444 524 50.727211 110.347588 24.729767 -0.590306 0.037523 -0.026638 3.696068 -5.332043 471.053528 -29.474604 -4.141188 471.974396 36.866741 -6.522899 470.132660
536 336 552 325 572 325 590 336 572 341 553 342 684 333 701 320 723 319 741 329 723 336 703 337 1193 182 -98.276367 42.376293 21.694187 -0.575900 0.033381 -0.029136 3.383241 -7.084654 465.993225 -29.789875 -5.859713 466.770111 36.556358 -8.309595 465.216370
541 338 557 329 575 329 591 338 575 342 558 343 685 335 701 325 720 324 737 331 720 337 702 338 339 439 71.585968 93.603729 22.117496 -0.535719 0.031213 -0.029856 3.880102 -6.231906 477.977509 -29.294476 -5.016593 478.705536 37.054680 -7.447219 477.249512
541 341 556 332 576 332 593 341 576 345 557 346 688 338 704 328 725 327 742 335 725 341 706 342 441 620 51.345089 129.320755 26.904259 -0.622764 0.041339 -0.017662 4.721524 -4.582433 467.654266 -28.450815 -3.619636 468.762695 37.893864 -5.545230 466.545807
543 333 559 323 579 323 596 333 579 338 560 338 690 331 707 320 728 319 746 328 728 334 709 335 73 111 124.403069 28.920650 12.925275 -0.544945 0.049796 -0.011216 5.980353 -8.046764 467.660675 -27.182272 -7.253277 469.133850 39.142979 -8.840252 466.187469
543 342 559 334 577 334 594 342 577 346 560 347 689 339 706 330 725 330 742 337 725 342 707 343 299 769 79.612839 158.839279 29.402885 -0.606076 0.034387 -0.021183 5.324017 -4.006367 473.058105 -27.854536 -3.009929 473.924316 38.502571 -5.002804 472.191895
542 342 558 334 577 334 593 342 577 346 559 347 688 340 704 330 724 329 741 337 723 342 705 343 385 756 62.510128 156.226013 29.654583 -0.611234 0.033726 -0.019300 4.907838 -4.052660 474.641907 -28.272680 -3.119452 475.503265 38.088356 -4.985869 473.780579
539 352 554 345 572 345 588 353 572 357 555 357 683 352 700 343 719 343 736 349 719 355 701 355 1332 818 -125.772850 167.991959 37.113956 -0.638938 0.005201 -0.017495 3.009875 1.210458 475.493225 -30.189592 1.805943 475.475037 36.209343 0.614974 475.511383
539 349 555 340 574 340 591 351 574 355 556 355 687 348 704 338 724 337 742 345 724 352 705 352 561 475 27.452604 100.604027 24.356657 0.392393 -0.006665 -0.018222 4.168839 -0.410317 455.137878 -29.029804 0.222175 455.039398 37.367481 -1.042808 455.236359
541 352 556 345 573 345 589 353 573 356 557 356 682 351 697 343 715 342 731 349 715 354 698 354 969 590 -53.646488 123.120834 29.587830 -0.584113 -0.017038 -0.023626 2.745117 1.050013 487.855927 -30.446007 1.629972 487.099243 35.936241 0.470054 488.612640
534 348 551 337 572 337 589 349 571 354 552 355 684 346 701 333 722 332 741 342 723 349 703 350 1151 159 -89.930412 37.852585 20.900633 0.368081 0.001271 -0.030292 2.915821 -1.304780 450.575989 -30.273903 -0.329335 450.800262 36.105545 -2.280225 450.351715
539 349 555 339 575 339 592 351 575 355 556 356 687 348 704 336 725 335 743 345 725 352 705 353 600 358 19.671991 77.462311 21.932016 0.394327 -0.003878 -0.019066 4.329494 -0.482538 452.856476 -28.869116 0.159270 452.854218 37.528103 -1.124345 452.858704
539 347 554 338 573 339 589 349 573 353 555 353 683 346 699 335 719 334 736 342 719 349 700 350 617 8 16.213879 8.286156 14.042862 0.293925 0.013486 -0.027480 2.846380 -1.422445 465.639832 -30.342989 -0.588536 466.214264 36.035748 -2.256354 465.065399
540 351 556 342 576 342 593 353 576 357 557 357 688 350 705 340 725 339 743 347 725 354 706 354 260 538 87.315979 113.208824 23.875597 0.394988 -0.007274 -0.017143 4.695594 0.453525 455.576569 -28.503536 1.055127 455.452271 37.894726 -0.148078 455.700897
540 355 556 347 575 347 592 357 575 360 557 361 687 355 704 345 723 344 741 352 723 358 705 358 426 817 54.371471 168.259842 31.310068 0.409010 0.002536 -0.016409 4.282801 2.296537 458.492554 -28.917500 2.809316 458.684326 37.483101 1.783758 458.300781
536 352 552 342 573 342 590 353 572 358 553 358 685 351 702 339 723 338 741 348 723 355 704 355 1270 349 -113.549484 75.339470 26.001522 0.395536 0.014439 -0.024600 3.322679 0.785548 450.446106 -29.868801 1.487573 451.072510 36.514160 0.083522 449.819672
513 340 529 330 550 330 568 340 550 345 531 346 666 338 684 327 706 327 725 336 706 342 685 342 1057 450 -71.175140 95.408653 26.950291 -0.601776 0.016045 -0.018694 -5.362578 -4.578383 453.249207 -38.557617 -3.838995 453.569183 27.832460 -5.317772 452.929230
537 338 553 330 572 329 588 338 572 342 554 342 681 335 696 325 714 324 730 331 714 337 697 337 365 759 66.487495 156.829163 29.595516 -0.665301 0.001515 -0.037495 1.852953 -6.189999 478.901855 -31.329332 -5.018964 478.549469 35.035240 -7.361033 479.254211
513 344 529 334 550 335 567 346 549 351 530 351 661 343 678 331 700 330 718 339 700 346 680 347 853 620 -30.574945 129.109070 29.533163 0.499022 -0.023657 -0.019530 -6.549017 -2.681443 446.172089 -39.738529 -1.867676 445.577332 26.640495 -3.495210 446.766846
511 344 528 334 548 335 565 346 548 351 529 351 660 343 677 331 699 330 717 339 699 346 679 347 846 355 -29.242094 76.743050 23.433151 0.459545 -0.028538 -0.017947 -7.065909 -2.698879 447.596069 -40.252186 -1.909896 446.816193 26.120367 -3.487862 448.375977
509 345 525 336 545 336 563 347 545 352 526 352 658 344 675 332 697 331 715 340 697 348 677 348 1042 440 -68.194839 93.440147 26.626076 0.446557 -0.025306 -0.017582 -8.173984 -2.174280 447.745789 -41.363297 -1.425286 447.061493 25.015327 -2.923274 448.430084
507 347 524 337 544 337 562 349 544 353 525 354 657 346 675 334 697 333 715 342 697 349 677 350 1271 396 -113.737854 84.627151 27.081871 0.445879 -0.017136 -0.020002 -8.369159 -1.504849 444.977631 -41.562645 -0.737789 444.572998 24.824327 -2.271909 445.382263
515 346 531 336 551 337 568 347 551 351 532 352 663 344 680 332 701 331 718 339 701 346 681 347 313 224 76.707817 51.128532 17.038767 0.390248 -0.036789 -0.023860 -6.105054 -2.299958 452.938843 -39.278355 -1.292583 451.901031 27.068245 -3.307333 453.976624
510 354 526 345 546 345 563 355 546 360 528 360 659 352 676 341 697 340 714 349 697 355 678 356 1438 674 -146.881424 139.480042 34.499870 0.446457 -0.007404 -0.025165 -7.918309 1.407191 451.060364 -41.111889 2.269171 451.006073 25.275270 0.545210 451.114655
522 355 537 348 554 348 569 356 554 359 537 360 661 355 676 346 693 345 709 353 693 357 677 358 471 682 45.393841 141.557861 28.512407 -0.623393 -0.039393 -0.029316 -6.885872 2.820931 492.325195 -40.051941 3.337546 490.807098 26.280195 2.304316 493.843323
518 355 534 347 554 348 571 357 553 361 535 361 667 356 684 346 704 346 721 353 704 359 685 359 646 718 10.605724 148.582306 30.451666 0.452332 -0.005283 -0.009648 -4.698752 2.564963 453.269562 -37.901592 2.913512 453.171295 28.504086 2.216413 453.367798
514 351 531 340 552 340 570 353 552 357 532 358 665 351 683 338 705 337 723 347 705 354 685 355 808 281 -21.702837 62.138607 21.499752 0.450814 -0.016559 -0.014072 -5.067041 0.407262 442.627228 -38.264149 0.980673 442.199432 28.130064 -0.166148 443.055054
517 351 533 341 553 341 570 352 553 356 534 357 664 350 681 338 701 337 718 346 701 353 682 353 618 285 16.076710 63.026714 20.378794 0.390064 -0.008364 -0.020561 -5.570431 0.217679 458.570404 -38.767166 0.936664 458.431152 27.626305 -0.501307 458.709656
515 352 531 342 551 343 568 353 551 358 532 358 664 352 681 341 702 340 719 349 702 356 682 356 1207 380 -101.015976 81.498100 26.307892 0.442143 0.001390 -0.013844 -5.851530 0.990344 452.217010 -39.053181 1.425152 452.361664 27.350122 0.555536 452.072357
516 356 532 348 551 349 567 358 551 361 533 361 664 356 680 347 700 346 717 353 700 359 681 360 1276 775 -114.647659 159.523026 35.774063 0.444743 0.004373 -0.014006 -6.203230 2.833782 457.051727 -39.404526 3.251897 457.293915 26.998068 2.415667 456.809540
517 349 534 339 556 339 574 352 555 357 535 357 669 351 687 337 710 336 728 347 710 355 689 355 320 142 75.297714 34.919998 15.209702 0.442809 -0.025636 -0.004720 -3.276275 0.182492 440.227509 -36.469990 0.519538 439.438049 29.917440 -0.154553 441.016998
520 351 536 341 556 341 572 353 555 357 537 357 661 351 677 339 697 337 714 347 697 354 679 354 136 195 111.895157 45.488461 15.246698 0.298774 0.007976 -0.024897 -6.059458 0.386141 477.829529 -39.253010 1.161250 478.212982 27.134092 -0.388967 477.446045
520 353 536 345 556 345 573 355 555 359 537 359 669 354 686 344 706 344 723 352 706 358 687 358 323 544 74.790703 114.362183 24.414692 0.429702 -0.007520 -0.005095 -3.913535 1.925011 453.723389 -37.117001 2.141861 453.517090 29.289928 1.708162 453.929688
523 356 537 348 555 349 571 358 555 361 538 361 662 357 678 348 696 347 711 355 695 360 679 360 520 580 35.628216 121.375320 26.494329 0.350872 0.032323 -0.017901 -6.234727 3.322697 482.299774 -39.417107 3.718502 483.454132 26.947655 2.926892 481.145416
521 357 536 347 554 348 569 358 553 363 537 363 656 358 670 346 689 345 704 354 689 360 672 361 691 191 1.540826 44.412815 18.696661 0.268758 0.060494 -0.032764 -8.396711 3.518059 498.350037 -41.523449 4.323866 500.478302 24.730026 2.712251 496.221741
581 326 598 318 618 320 634 331 616 334 598 334 726 335 743 325 764 326 781 336 763 341 744 340 872 114 -34.465458 29.102983 18.092113 0.424863 0.045399 0.037257 22.337334 -7.689235 464.685455 -10.811090 -9.204105 465.888306 55.485756 -6.174366 463.482574
534 389 549 379 568 377 585 387 569 393 551 394 674 381 688 368 707 366 723 374 708 382 690 383 158 158 107.512550 38.165173 14.541614 0.092048 0.005963 -0.085309 -0.442600 15.450234 487.193451 -33.526157 18.266352 487.521118 32.640957 12.634118 486.865784
496 398 511 390 529 390 545 399 529 403 512 403 635 398 653 388 673 388 691 396 673 402 654 402 1335 599 -126.418106 124.711372 32.128868 -0.599472 0.025087 -0.006888 -17.834444 22.675783 485.796356 -51.028355 23.133289 486.513763 15.359466 22.218277 485.078949
533 425 546 418 563 417 578 425 563 429 548 429 665 419 678 410 695 408 709 414 695 420 680 421 692 861 1.491148 176.818512 34.012787 0.243805 0.044303 -0.077937 -4.460207 35.326096 514.295837 -37.532337 37.706650 516.064148 28.611921 32.945538 512.527527
511 350 528 330 554 332 572 355 552 365 529 364 643 353 661 330 688 328 709 347 689 362 665 363 788 842 -17.601246 173.014374 34.191189 0.204840 -0.054934 0.001198 -10.030465 0.882948 483.121277 -43.185341 1.029604 481.306793 23.124411 0.736293 484.935760
507 321 522 312 541 313 557 323 541 326 523 326 659 322 676 311 696 311 713 319 696 325 677 325 142 11 110.661186 9.123078 11.080516 -0.019273 -0.221547 0.000144 -8.302512 -10.956279 430.992157 -40.695782 -11.031625 423.696259 24.090757 -10.880934 438.288025
525 389 540 378 559 376 576 386 560 392 542 393 660 379 675 366 694 364 710 372 695 380 677 381 123 594 114.568840 124.346001 24.281044 -0.520940 -0.012072 -0.093977 -5.671044 15.449181 496.560547 -38.730263 18.323887 495.384186 27.388174 12.574474 497.736877
517 401 532 392 550 390 567 398 551 403 534 405 659 390 675 379 694 377 711 384 695 391 677 392 423 829 54.970650 170.632843 31.565130 -0.593876 0.017258 -0.087687 -7.601740 20.337065 480.861115 -40.677891 23.241894 480.561432 25.474411 17.432238 481.160797
519 399 534 389 553 388 570 397 553 402 536 404 662 389 677 378 697 376 714 384 697 391 679 392 42 515 130.656891 108.775543 21.959017 -0.549449 0.024094 -0.078208 -6.518260 19.880060 478.847076 -39.614716 22.559616 478.911346 26.578197 17.200506 478.782806
518 402 534 392 553 390 570 399 553 404 535 406 662 391 678 380 697 378 715 385 698 392 680 394 142 689 110.812126 143.110245 26.573065 -0.594005 0.024002 -0.080133 -6.353676 20.671282 477.466980 -39.445759 23.405046 477.450195 26.738405 17.937515 477.483795
517 400 532 390 552 388 569 398 553 403 534 405 664 390 680 378 700 377 717 385 701 392 682 393 335 380 72.368172 81.946136 20.743803 -0.593208 0.023313 -0.073290 -5.909405 19.919069 469.979919 -39.018909 22.432940 470.008148 27.200100 17.405201 469.951721
513 408 528 398 548 397 565 405 548 410 530 412 660 397 676 386 696 384 714 391 697 398 678 399 951 789 -50.023155 162.456696 34.020199 -0.652034 0.012488 -0.084177 -7.660551 23.045263 469.881805 -40.749405 25.773605 469.388367 25.428303 20.316921 470.375275
517 407 532 398 550 397 567 404 551 408 533 410 663 396 679 387 698 385 715 391 699 397 681 398 363 804 66.895187 165.723145 30.611021 -0.648594 0.019993 -0.076690 -6.587687 22.852192 471.577850 -39.691875 25.429035 471.398621 26.516502 20.275349 471.757050
516 406 531 396 550 395 568 403 551 408 533 409 662 396 678 385 698 383 715 390 698 396 680 398 350 625 69.440193 130.355621 26.437855 -0.605802 0.022844 -0.078195 -6.746899 22.402235 473.035889 -39.844921 25.062702 472.985779 26.351124 19.741768 473.085999
514 409 529 400 548 398 565 406 549 411 531 413 661 399 677 388 697 386 714 393 697 399 679 401 904 818 -40.671452 168.211868 34.382957 -0.655197 0.013556 -0.079509 -7.438253 23.617256 470.505341 -40.538925 26.211893 470.089569 25.662420 21.022621 470.921143
513 404 529 393 549 392 567 402 550 408 531 409 662 395 679 382 700 380 718 388 701 396 681 398 721 286 -4.403076 63.171413 21.058870 0.303348 -0.040635 -0.066110 -6.452013 20.721603 451.093567 -39.557667 23.084053 450.096466 26.653639 18.359154 452.090698
513 405 529 394 550 393 568 403 551 409 531 410 663 395 679 382 701 380 719 389 701 397 682 398 645 279 10.706828 61.827114 20.413975 -0.625389 0.023051 -0.075786 -6.311008 21.724955 463.605072 -39.415047 24.309549 463.559631 26.793032 19.140360 463.650513
514 406 530 395 550 394 567 403 550 409 532 410 662 395 678 384 699 382 717 389 699 397 681 398 624 419 14.913531 89.504875 23.479029 -0.621742 0.021566 -0.078631 -6.716194 22.041962 466.595947 -39.814205 24.700533 466.480621 26.381817 19.383392 466.711243
516 407 531 398 550 396 567 405 551 410 533 411 662 397 678 386 698 384 716 391 699 398 680 399 403 512 58.876778 107.997192 24.193947 -0.624274 0.026641 -0.078628 -6.673216 22.943613 469.648895 -39.767334 25.652378 469.687805 26.420902 20.234850 469.609955
514 401 530 389 551 388 569 399 551 406 532 407 662 392 678 378 700 376 718 385 701 394 681 395 366 55 66.131935 17.703318 13.515239 0.261018 -0.045724 -0.065802 -6.221290 19.681896 454.088959 -39.320168 22.036705 452.872894 26.877588 17.327087 455.305023
511 407 527 397 547 396 565 405 548 411 529 412 660 398 676 386 697 384 715 391 697 398 678 400 1233 440 -106.172333 93.342010 27.844814 0.304083 -0.027866 -0.074600 -7.630089 22.141428 454.473785 -40.730480 24.717434 453.937195 25.470303 19.565424 455.010376
559 424 575 413 595 413 613 423 595 428 576 429 706 418 722 405 743 404 761 412 743 420 724 421 868 266 -33.636280 59.143459 21.539846 0.290349 0.014672 -0.062213 12.905344 30.685293 458.034241 -20.232134 32.650574 458.811951 46.042824 28.720015 457.256500
614 429 630 420 650 419 667 427 649 432 631 433 757 421 771 411 789 410 804 417 789 424 773 424 61 593 126.896393 124.180237 23.862581 -0.609389 0.068268 -0.048801 39.011623 36.321888 508.046753 5.920085 38.511227 509.694946 72.103165 34.132549 506.398590
565 407 581 398 602 398 619 410 601 414 582 414 709 409 726 398 747 397 764 407 747 414 727 414 930 140 -45.992100 34.211334 19.056313 0.285198 0.022773 -0.007774 15.248099 26.307602 465.451294 -17.947165 26.455130 466.233734 48.443363 26.160072 464.668854
567 419 583 411 603 411 619 421 602 424 584 425 712 420 729 411 748 410 765 418 748 424 729 424 1115 721 -82.647240 148.934189 33.512829 -0.680545 0.036260 0.004726 16.370167 32.341248 478.919586 -16.813293 32.590271 480.083893 49.553627 32.092220 477.755310
569 416 585 408 605 408 622 418 605 422 586 422 713 417 730 407 750 406 767 414 749 421 731 421 651 416 9.544317 88.898140 23.582760 0.282568 0.026578 -0.018244 16.835245 30.205690 468.325409 -16.352430 30.679491 469.281067 50.022923 29.731892 467.369720
567 416 584 406 604 406 621 418 603 423 585 423 711 417 728 405 749 403 765 413 748 420 729 421 792 175 -18.545074 41.198982 18.975519 0.249944 0.030890 -0.023012 16.229769 29.870905 468.495392 -16.950542 30.499382 469.605164 49.410080 29.242428 467.385620
569 422 585 413 605 413 622 423 604 427 586 427 714 422 731 412 751 411 767 420 750 426 732 426 783 660 -16.647587 137.049881 30.000519 0.322290 0.034217 -0.020763 16.866514 32.308773 465.266876 -16.311935 32.804649 466.493317 50.044964 31.812893 464.040466
565 418 581 408 602 408 619 420 601 425 582 425 710 419 727 407 748 406 766 415 748 423 729 424 1288 164 -117.169701 38.770298 21.889059 0.284081 0.037537 -0.022655 15.397529 30.590996 462.431702 -17.775589 31.157124 463.767151 48.570648 30.024868 461.096283
568 424 584 416 603 417 619 426 602 430 584 430 713 426 729 417 748 416 765 424 748 430 730 430 1060 830 -71.687042 170.503174 35.652573 0.338183 0.048873 -0.014330 16.081264 33.941811 467.078156 -17.080902 34.136665 468.749207 49.243431 33.746956 465.407135
566 422 582 412 603 413 620 424 602 429 583 429 712 423 729 411 750 410 767 419 750 427 730 427 1239 468 -107.359108 98.872322 28.522911 0.324989 0.040030 -0.023516 15.877920 32.164280 460.229004 -17.291430 32.717133 461.660187 49.047268 31.611429 458.797821
591 421 608 413 628 412 645 421 627 425 609 426 738 416 754 406 772 405 788 412 772 418 754 419 148 421 109.559456 90.144684 20.487452 -0.632075 0.061345 -0.037632 27.807941 31.567358 482.422607 -5.313741 33.356674 483.943176 60.929626 29.778042 480.902069
587 423 604 414 624 414 642 423 624 427 605 428 733 418 749 408 768 406 783 414 767 420 750 421 280 351 83.297646 76.243378 19.730196 -0.639175 0.052319 -0.036185 26.009123 32.728977 484.081848 -7.130785 34.385944 485.331116 59.149033 31.072014 482.832611
567 432 583 425 601 426 617 435 600 438 583 438 708 437 724 428 743 428 759 435 742 440 725 440 1153 833 -90.178040 171.048248 36.314541 0.325115 0.065465 -0.005667 14.804689 39.048626 476.582825 -18.329092 38.883240 478.747253 47.938473 39.214016 474.418396
571 433 586 426 604 427 620 436 604 438 587 438 710 437 725 429 743 428 759 436 743 440 726 440 680 650 3.830195 135.126602 29.114790 0.280791 0.075803 -0.006519 16.032465 39.906933 484.404175 -17.076920 39.769447 486.916016 49.141850 40.044418 481.892334
571 433 587 426 606 427 621 436 605 439 588 439 713 438 729 429 748 428 763 436 747 441 730 441 614 736 16.972452 152.155930 30.658787 0.312915 0.060101 -0.005153 16.953991 39.546715 477.076843 -16.190922 39.405331 479.065430 50.098904 39.688099 475.088287
569 436 584 429 602 430 617 438 601 441 585 441 706 439 722 431 739 431 755 438 739 442 722 442 1432 844 -145.650558 173.078720 38.346149 0.264801 0.095857 -0.018300 14.734003 41.492268 489.337585 -18.313745 41.673256 492.558350 47.781750 41.311283 486.116852
564 438 579 432 597 432 612 441 596 444 580 443 702 442 718 433 736 433 752 440 736 444 719 445 651 779 9.625130 160.634628 31.877443 0.272743 0.065426 -0.010476 12.679070 42.309284 485.762787 -20.453331 42.358253 487.953979 45.811470 42.260319 483.571625
561 434 577 426 596 426 613 437 595 440 577 440 705 437 722 427 742 427 758 435 741 441 723 441 759 371 -11.939884 79.949692 23.243624 0.308131 0.048977 -0.006530 12.969459 38.919907 468.382629 -20.195150 38.884697 470.015747 46.134068 38.955116 466.749481
558 432 574 422 595 423 612 435 594 439 575 439 703 435 721 422 742 421 760 431 742 438 722 439 1097 145 -79.196442 35.113632 20.236162 0.298596 0.033090 -0.013274 12.367887 36.988716 460.286865 -20.815981 37.260059 461.434418 45.551754 36.717373 459.139282
571 437 585 429 601 430 616 439 601 442 585 441 699 441 714 432 731 432 745 439 730 443 715 443 245 623 90.317421 130.014328 25.722166 -0.577434 -0.022460 0.008683 14.187036 45.864357 531.424866 -19.008417 45.382442 530.800903 47.382488 46.346268 532.048889
524 331 537 323 554 323 569 331 554 335 539 336 656 328 673 319 692 318 709 326 692 331 674 332 1247 580 -108.924850 121.001785 31.133198 -0.536623 0.072277 -0.016691 -7.521452 -9.519342 498.902130 -40.637123 -8.363513 501.041290 25.594219 -10.675172 496.762970
569 345 584 336 603 336 619 345 603 350 585 351 706 341 721 330 740 329 756 337 740 343 723 344 489 663 41.810581 137.793808 28.193106 -0.530435 0.035805 -0.039797 15.419570 -3.390836 498.496613 -17.738779 -1.823180 499.287750 48.577919 -4.958493 497.705475
549 345 564 336 583 336 599 346 583 351 565 351 691 344 708 333 729 332 746 341 729 348 710 348 1034 302 -66.634880 66.172531 23.421679 0.393124 -0.003759 -0.018756 7.190652 -2.348776 465.196838 -26.008163 -1.717731 465.196075 40.389469 -2.979820 465.197601
554 339 569 331 587 331 602 340 587 344 570 344 693 341 709 331 729 331 746 340 729 345 710 345 1064 444 -72.568321 94.219330 26.857855 -0.572889 0.049141 0.015174 8.739674 -4.333296 490.698090 -24.422422 -4.355178 492.381683 41.901772 -4.311415 489.014496
524 354 539 344 558 344 574 354 558 359 540 360 665 350 682 339 703 338 721 346 703 353 684 354 544 126 30.755106 31.642965 16.273403 -0.575811 0.052992 -0.028824 -4.221505 0.777593 483.708466 -37.367573 2.174705 485.103424 28.924562 -0.619520 482.313477
556 374 570 364 588 362 604 371 589 377 572 379 684 364 697 352 715 349 730 356 716 364 700 366 115 345 116.104088 75.142433 18.540257 -0.370090 -0.029032 -0.105508 6.832426 8.865664 522.819031 -26.176031 12.106545 521.238525 39.840881 5.624784 524.399536
531 375 545 364 564 363 581 373 565 380 548 381 667 364 681 351 701 348 718 356 702 365 684 367 260 145 87.228485 35.543690 14.895404 0.185716 -0.028064 -0.097973 -2.895073 8.358717 492.451019 -35.928093 11.673810 491.827057 30.137947 5.043623 493.074982
529 383 543 374 562 374 578 384 562 388 545 388 667 381 683 371 703 370 721 377 704 384 685 385 762 561 -12.494091 117.496178 27.604336 0.322927 -0.033283 -0.015327 -3.015201 14.757442 480.945892 -36.197918 15.434347 479.941528 30.167517 14.080539 481.950226
527 378 541 369 560 369 576 378 560 383 543 384 667 375 683 364 703 363 720 371 703 378 684 379 1213 131 -102.264420 32.287334 20.656435 0.265342 -0.019274 -0.026026 -3.627426 12.160117 480.116791 -36.814930 13.098466 479.598358 29.560076 11.221768 480.635223
532 389 545 384 560 384 573 390 560 393 546 393 660 389 674 382 690 381 705 386 690 390 675 391 1202 778 -99.933197 160.153900 35.370434 -0.584149 -0.029666 -0.028390 -6.213969 20.078913 527.599426 -39.391579 20.689064 526.402161 26.963642 19.468760 528.796692
535 392 548 386 563 386 576 393 563 396 548 396 657 392 671 384 687 383 702 389 687 393 672 394 663 790 7.241558 162.802307 32.205368 0.161715 0.056806 -0.033492 -6.648694 21.760725 541.832825 -39.781494 22.715036 543.799194 26.484104 20.806416 539.866455
531 387 545 379 563 379 578 388 563 392 546 392 667 386 682 376 702 375 718 383 702 389 684 390 150 412 109.159782 88.365067 20.294559 0.299563 -0.037358 -0.007931 -3.104885 17.284664 490.656372 -36.285667 17.728415 489.473785 30.075895 16.840916 491.838928
527 392 541 384 559 384 575 394 559 399 542 398 663 393 679 382 699 381 716 388 699 395 681 396 1425 567 -144.320389 118.341248 31.971931 0.344704 0.000150 -0.018358 -4.698111 19.911762 487.067993 -37.897385 20.508451 487.176910 28.501162 19.315075 486.959076
533 394 547 387 563 388 578 396 563 400 548 400 664 395 679 386 697 385 713 392 697 398 681 398 972 616 -54.237206 128.257446 30.201082 0.267530 0.015371 -0.014372 -3.960656 22.024336 508.401642 -37.158161 22.427979 508.969360 29.236849 21.620693 507.833893
531 393 545 384 563 385 579 395 563 399 546 399 666 393 682 382 701 381 718 389 702 395 684 396 689 307 1.964320 67.337898 21.334541 0.295958 -0.013438 -0.016174 -3.115762 20.206657 491.331390 -36.313290 20.801413 490.970612 30.081764 19.611900 491.692200
535 399 548 393 562 394 576 400 562 403 548 403 660 399 674 392 690 391 704 396 690 400 675 401 1151 611 -89.829788 127.177368 31.228998 0.205221 0.056466 -0.028263 -5.815352 25.003939 530.930908 -38.954224 25.743563 532.887390 27.323519 24.264315 528.974426
530 396 545 389 562 389 578 398 562 402 546 402 666 397 681 387 700 386 717 393 700 400 683 400 1344 446 -128.241684 94.470703 28.690189 0.303744 0.005217 -0.013208 -3.572913 22.271294 494.345917 -36.774403 22.677025 494.582581 29.628578 21.865562 494.109222
543 401 558 394 575 394 590 402 574 405 558 405 679 401 696 393 714 392 731 399 714 403 697 403 1112 741 -82.046280 152.888168 33.950695 -0.695611 0.009300 -0.012109 2.745142 24.611168 496.078796 -30.455954 25.084723 496.229004 35.946239 24.137611 495.928619
532 407 546 400 563 400 578 408 563 411 547 411 666 407 682 398 700 397 716 404 700 409 683 410 1162 877 -91.957756 179.738953 37.377384 0.320209 0.005141 -0.012792 -3.455789 27.190582 496.070129 -36.657475 27.581011 496.305359 29.745895 26.800154 495.834900
535 403 549 397 566 398 581 407 566 409 550 409 671 407 687 399 705 398 721 405 705 410 688 411 109 869 117.413757 178.699020 30.475563 0.243441 0.008004 0.010699 -1.495483 26.483273 491.082764 -34.697346 26.099337 491.302887 31.706381 26.867207 490.862640
559 432 572 425 586 425 599 432 586 436 572 436 672 431 685 424 700 424 713 430 700 435 685 435 1330 61 -125.543701 18.393736 19.803467 -0.639473 0.013058 -0.007965 3.370266 47.835503 605.350708 -29.830793 48.216282 605.673645 36.571323 47.454727 605.027832
562 431 575 424 589 424 602 431 589 435 575 435 674 431 686 424 702 423 715 430 701 434 687 434 641 64 11.454305 19.340612 15.475622 -0.606753 0.017279 -0.002662 4.699557 48.075256 612.372192 -28.500336 48.327110 612.885315 37.899448 47.823402 611.859009
572 429 584 422 599 422 611 430 598 433 585 433 680 429 692 422 706 422 719 428 706 432 693 432 711 212 -2.431200 48.552582 19.304134 -0.604320 0.002586 -0.006531 9.243698 48.190163 627.871460 -23.960320 48.419228 627.888672 42.447716 47.961102 627.854309
567 435 579 429 593 429 605 435 592 438 579 439 676 435 688 428 702 428 715 434 702 437 689 437 1017 863 -63.129791 177.046753 36.132259 -0.669162 0.010877 -0.008750 6.301897 51.340237 624.349487 -26.899799 51.725948 624.590637 39.503593 50.954521 624.108337
573 433 586 427 601 427 614 435 600 439 586 438 684 437 698 430 713 430 726 437 712 441 698 441 629 37 13.834313 14.011005 14.782092 -0.656922 0.023426 0.030279 11.370079 51.095295 614.343933 -21.811268 50.407310 615.385315 44.551426 51.783279 613.302551
571 435 584 428 600 429 612 437 599 441 585 440 683 439 696 431 712 431 725 438 711 443 697 442 1018 99 -63.498711 26.063648 18.680960 0.322695 0.022166 0.014831 10.279279 50.767525 600.506714 -22.913828 50.165913 601.151184 43.472385 51.369137 599.862244
570 436 583 429 598 430 610 438 597 441 583 441 681 439 694 431 710 431 722 438 709 442 695 442 1027 28 -65.304031 12.027919 17.116013 -0.646509 0.014370 0.015366 9.414398 52.304676 615.100891 -23.783319 51.978233 615.704712 42.612114 52.631123 614.497070
553 423 564 416 578 416 589 423 577 427 565 428 657 423 669 416 684 416 696 423 684 428 670 427 1432 241 -145.784805 53.913143 24.567379 -0.573646 0.029956 0.004462 -3.890622 46.521603 652.025635 -37.080620 46.658989 653.007812 29.299377 46.384212 651.043396
558 435 570 428 583 428 595 434 583 438 570 438 663 433 675 426 690 425 702 432 690 436 676 436 594 826 20.969191 169.952118 32.587704 -0.622853 0.021060 -0.018068 -0.231143 51.883545 640.176514 -33.423580 52.656200 640.650513 32.961296 51.110886 639.702515
558 433 570 426 583 426 595 433 583 437 570 437 664 432 676 425 691 425 703 431 691 435 677 435 505 582 38.611187 121.778275 26.444319 -0.632177 0.019448 -0.009509 0.052200 50.896152 635.873657 -33.145088 51.388676 636.380676 33.249489 50.403625 635.366638
558 433 569 426 583 426 595 433 583 437 570 437 665 433 678 425 693 425 705 432 692 436 679 436 729 391 -5.970381 83.917526 23.509205 -0.639455 0.020103 -0.008165 0.549675 50.411346 627.502380 -32.647583 50.870567 628.041504 33.746937 49.952126 626.963257
562 435 573 430 587 430 598 435 586 438 574 439 667 434 679 428 693 428 705 433 693 437 680 437 496 754 40.438995 155.773743 30.317154 -0.640150 0.018432 -0.014763 1.952058 52.520393 639.453552 -31.243809 53.167038 639.872986 35.147926 51.873753 639.034180
614 426 625 422 637 423 648 429 636 432 625 431 711 434 721 429 733 429 743 435 732 438 721 437 1393 662 -137.936508 137.131714 33.938530 -0.397984 -0.016727 0.068769 32.868126 55.540596 702.436646 -0.254652 53.209801 702.344421 65.990906 57.871391 702.528809
564 430 575 423 590 423 601 430 589 434 576 434 668 430 680 423 694 422 706 429 694 434 680 434 55 121 127.984322 30.906111 13.038923 -0.593335 0.001561 -0.003709 2.921211 50.305023 646.587646 -30.283340 50.436008 646.601013 36.125763 50.174042 646.574280
554 436 565 429 580 429 592 436 579 439 566 440 662 434 674 427 688 426 701 433 688 437 675 437 1250 459 -109.548294 97.088081 28.387445 -0.673334 0.009274 -0.020848 -1.800351 51.731163 628.944763 -34.996841 52.472031 629.005615 31.396139 50.990295 628.883972
556 437 567 430 581 430 593 436 581 439 568 440 663 435 675 428 689 428 702 434 689 438 676 438 1179 565 -95.407410 118.072403 30.356546 -0.656757 0.012878 -0.015500 -1.011539 52.607258 633.095459 -34.209850 53.221119 633.329895 32.186771 51.993401 632.860962
561 437 572 432 585 432 597 438 585 441 573 441 666 437 678 431 691 431 703 436 691 440 678 440 56 876 127.953568 180.109604 30.297331 -0.635033 0.014002 -0.002497 0.980767 54.597816 644.847046 -32.220798 54.817978 645.255920 34.182335 54.377651 644.438232
556 438 568 431 582 431 594 438 581 441 568 441 664 437 676 430 691 430 703 436 690 440 677 440 1286 313 -116.738861 68.216888 25.281002 -0.665717 0.003975 -0.010191 -0.571327 53.417290 630.330688 -33.774227 53.773563 630.344604 32.631573 53.061016 630.316772
558 437 569 430 583 430 595 437 583 440 570 440 665 436 677 429 691 429 704 435 691 439 678 439 470 335 45.515427 72.983818 20.576948 -0.620701 0.007012 -0.006589 0.168556 53.272678 636.146729 -33.034767 53.547657 636.299133 33.371880 52.997700 635.994324
555 438 567 432 581 432 593 438 580 442 567 442 663 438 676 431 690 431 703 437 690 441 676 441 990 444 -57.854527 94.257347 26.385674 -0.660308 0.008461 -0.006310 -0.911016 53.655445 629.202698 -34.114044 53.939499 629.397034 32.292015 53.371395 629.008423
499 389 514 379 532 380 547 390 531 395 514 395 629 389 644 379 662 378 677 386 662 393 645 393 127 465 113.744781 98.850807 21.358870 -0.364259 -0.081764 -0.024449 -20.482391 19.632845 516.504517 -53.567692 19.937113 513.706299 12.602907 19.328577 519.302734
482 408 497 400 516 400 531 408 516 413 498 413 624 406 640 397 659 396 675 404 659 409 641 410 1280 869 -115.422073 178.097351 37.947521 -0.625827 -0.031772 -0.033109 -24.025700 26.880358 486.863708 -57.196686 27.589569 485.543732 9.145286 26.171146 488.183685
504 395 519 387 538 387 554 398 537 402 520 402 643 399 659 389 679 389 695 398 678 404 660 404 952 363 -50.316826 78.269554 24.292322 -0.530919 0.000392 0.012535 -14.912693 23.064932 499.255585 -48.114956 22.671387 499.375885 18.289570 23.458479 499.135254
471 391 486 381 507 381 523 392 506 397 488 397 613 391 630 380 651 379 669 389 651 396 632 396 1184 67 -96.512451 19.654478 19.008966 -0.586935 -0.043318 -0.020772 -28.052458 19.244049 482.548645 -61.220051 19.484552 480.995361 5.115132 19.003544 484.101929
475 398 489 389 508 389 524 399 508 404 491 404 616 398 632 388 652 388 670 397 652 403 633 403 688 673 2.244635 139.667770 29.691395 -0.515187 -0.028977 -0.015429 -27.464619 22.891602 487.709076 -60.651932 23.139082 486.660004 5.722695 22.644123 488.758148
471 391 485 383 502 384 517 393 502 397 486 397 607 394 623 385 641 384 658 392 641 398 624 398 1435 28 -146.428726 11.818286 19.719393 -0.561130 -0.056930 -0.008556 -31.725306 20.887451 498.289917 -64.876541 20.640278 496.420624 1.425927 21.134623 500.159210
541 384 557 377 575 379 589 389 573 392 556 391 674 394 689 386 706 387 720 395 705 400 689 399 612 336 17.281075 73.108482 21.505878 -0.557859 -0.069745 0.050310 0.669906 20.549429 511.217285 -32.415348 18.337191 509.476166 33.755161 22.761667 512.958374
522 395 539 387 558 388 574 399 557 403 539 402 662 402 678 391 697 392 712 402 696 407 678 407 524 379 34.788128 81.651405 21.926929 -0.540072 -0.033730 0.026553 -5.829188 23.908855 495.766296 -39.004147 22.774567 494.932617 27.345772 25.043146 496.600006
520 407 536 398 557 399 574 410 556 415 537 414 661 411 677 399 697 399 713 408 696 415 678 416 772 770 -14.435913 158.793869 32.443871 0.213089 0.016757 -0.000714 -6.114478 27.671886 482.123627 -39.314640 27.636347 482.678345 27.085682 27.707426 481.568909
506 401 523 392 543 393 560 405 542 409 523 408 649 407 666 396 687 396 703 405 686 412 667 412 1402 173 -139.834885 40.490314 22.822128 0.276181 0.013489 0.018906 -11.548732 25.029564 472.302399 -44.744648 24.348328 472.658447 21.647182 25.710798 471.946350
507 391 523 382 543 383 559 394 542 398 524 398 648 395 665 385 684 385 700 394 684 400 665 400 718 1 -3.870019 6.850913 14.527373 -0.572821 -0.058146 0.001110 -12.180221 20.871899 490.056183 -45.330414 20.299179 488.240662 20.969975 21.444620 491.871735
508 399 524 391 542 392 558 402 542 405 524 405 647 403 663 393 682 393 697 402 681 407 664 407 311 671 77.204994 139.466232 27.240120 -0.575377 -0.042137 0.001662 -12.835087 24.817560 495.028290 -46.011185 24.373899 493.720917 20.341013 25.261221 496.335632
509 390 524 384 541 385 557 394 541 396 524 395 647 397 664 390 682 391 697 398 680 402 663 401 479 816 43.832993 168.034988 31.625402 -0.687012 -0.021968 0.038343 -13.041691 21.759888 494.256775 -46.215343 20.344091 494.003937 20.131962 23.175684 494.509583
503 396 519 386 539 387 555 398 538 402 520 402 646 399 663 389 683 389 699 398 682 404 664 404 262 218 86.847069 49.969009 16.576242 -0.557898 -0.028103 0.007083 -13.478180 22.502466 482.938660 -46.669407 22.025717 482.117188 19.713047 22.979216 483.760101
491 399 508 390 528 391 545 402 527 407 508 406 636 403 653 392 674 392 691 402 673 409 654 408 1374 27 -134.300018 11.652007 19.307312 0.241743 -0.016519 0.017005 -17.583456 23.534040 468.247253 -50.778984 23.040916 467.636230 15.612073 24.027164 468.858276
503 395 519 385 539 385 554 397 538 403 520 403 643 396 658 383 678 382 694 391 678 400 660 400 966 473 -53.076031 100.000694 26.895193 0.177512 0.038909 -0.029293 -14.716031 21.495874 489.579559 -47.881573 22.348711 490.950317 18.449512 20.643038 488.208771
639 379 650 371 665 369 679 375 666 380 652 382 757 363 768 354 783 351 796 356 784 362 770 364 1293 401 -118.111115 85.603958 27.336500 -0.425185 0.093987 -0.138388 47.288654 10.551526 563.499695 14.540434 15.640464 565.553040 80.036880 5.462589 561.446350
608 420 620 411 636 409 651 416 637 421 623 423 731 404 744 394 761 391 776 396 762 403 746 406 211 688 97.092285 142.877182 26.990492 -0.647688 0.123551 -0.120048 31.750956 31.238234 540.117493 -0.979329 36.212189 542.676392 64.481239 26.264278 537.558594
640 385 655 378 672 380 686 389 671 392 654 391 767 395 782 389 799 390 812 399 797 402 782 401 284 520 82.539925 109.639305 23.617432 -0.485028 0.061073 0.095071 49.985611 22.303991 543.077881 16.988438 19.757790 545.772888 82.982788 24.850191 540.382874
564 394 578 387 596 387 610 396 595 400 579 399 696 398 712 390 730 390 745 398 729 403 712 402 1300 783 -119.417915 161.091660 36.110008 -0.678451 0.025229 0.028904 11.645119 23.409639 513.158020 -21.536182 22.795469 514.245972 44.826420 24.023808 512.070007
511 353 526 345 544 345 561 354 544 358 527 358 656 354 674 345 694 345 711 353 693 358 674 358 1094 608 -78.496857 126.613792 30.796740 -0.641136 0.009144 -0.000696 -9.190793 2.074068 471.683807 -42.394257 2.189680 471.959900 24.012671 1.958456 471.407715
541 349 556 339 575 339 590 350 574 354 557 354 675 349 690 338 708 337 724 347 708 353 691 353 127 291 113.706047 64.464722 17.382906 -0.590165 -0.008202 -0.015327 1.246641 -0.073493 499.879120 -31.953299 0.328324 499.476471 34.446583 -0.475309 500.281769
555 337 571 326 591 327 608 338 590 343 572 343 692 339 708 327 728 326 744 336 727 343 709 343 12 14 136.510406 9.782737 10.319558 -0.528439 -0.028971 -0.012000 9.119159 -5.243265 485.304688 -24.069708 -5.111454 484.284180 42.308025 -5.375075 486.325195
535 355 551 346 570 345 587 355 570 359 552 360 680 353 696 343 716 342 733 351 716 357 697 357 984 807 -56.580704 165.996933 34.642071 -0.641536 0.008673 -0.019458 1.582828 2.028240 471.528137 -31.614706 2.720107 471.596497 34.780361 1.336373 471.459747
533 350 550 340 570 340 587 351 569 356 551 357 680 351 697 340 718 339 735 349 718 356 698 356 729 175 -6.018467 41.231350 18.573526 -0.610091 0.002021 -0.006871 1.759012 0.670778 465.826172 -31.444975 0.904868 465.821716 34.963001 0.436687 465.830627
535 357 551 348 570 348 587 357 570 362 552 362 681 356 698 346 717 346 734 354 717 360 699 360 812 756 -22.392431 156.006622 32.379200 -0.622061 0.014101 -0.011255 1.925606 3.136101 470.074005 -31.273975 3.627142 470.400055 35.125187 2.645060 469.747955
532 353 548 343 568 343 585 354 568 359 549 359 680 353 696 342 717 341 734 351 717 357 698 357 971 75 -54.158810 21.344889 17.832653 -0.583540 -0.005862 -0.013447 1.241525 1.628611 465.903778 -31.959816 1.994978 465.593353 34.442867 1.262244 466.214203
536 360 551 351 570 351 586 361 570 365 552 366 678 359 694 349 714 348 730 357 713 363 696 363 173 550 104.617294 115.624977 23.594669 -0.568805 0.011228 -0.017197 1.133081 4.711092 475.984863 -32.064915 5.354997 476.179810 34.331078 4.067187 475.789886
531 362 547 352 567 351 584 362 566 367 548 367 679 361 696 350 717 349 734 359 717 365 698 365 768 333 -13.737860 72.435463 22.432737 -0.614170 0.010650 -0.014017 0.892622 5.165624 462.980652 -32.307205 5.707533 463.173981 34.092449 4.623715 462.787323
533 364 549 355 568 355 585 364 568 369 550 369 680 362 697 352 716 351 733 360 716 366 698 366 526 540 34.426300 113.467392 25.618601 -0.607882 0.014613 -0.019051 1.270259 6.086195 467.133636 -31.925274 6.823454 467.403046 34.465794 5.348937 466.864227
534 367 550 359 568 359 584 367 568 371 551 371 678 365 695 356 713 356 730 362 713 367 695 368 255 794 88.367142 163.802414 29.693388 -0.606496 0.010140 -0.022746 0.694668 7.417675 472.156219 -32.500160 8.226425 472.250519 33.889496 6.608926 472.061890
531 366 547 357 567 357 584 366 567 371 549 371 680 364 697 354 717 353 735 362 717 368 698 368 656 566 8.583535 118.538750 27.042219 -0.623974 0.017515 -0.018698 1.083830 6.935809 461.328339 -32.110435 7.692727 461.685364 34.278095 6.178892 460.971313
533 363 550 353 570 353 587 364 569 369 551 369 682 363 699 351 720 351 737 360 719 367 700 367 179 192 103.344589 44.873505 15.452523 -0.592916 0.023641 -0.007290 2.060184 5.985017 461.452637 -31.134762 6.439094 462.122681 35.255131 5.530941 460.782562
531 370 547 361 566 361 583 370 566 374 548 374 679 368 696 358 716 357 733 365 716 371 697 371 523 788 35.078018 162.478989 31.266350 -0.638109 0.016784 -0.017793 0.738633 8.494507 462.957031 -32.456581 9.217837 463.295044 33.933846 7.771176 462.619049
526 367 542 357 563 357 580 368 562 373 543 373 676 366 693 354 715 353 733 362 715 369 695 370 1371 329 -133.636276 71.335152 26.188980 0.351300 0.005067 -0.025243 -0.640044 6.944998 445.448944 -33.833965 7.736714 445.759460 32.553875 6.153282 445.138428
531 364 547 355 568 355 585 366 567 371 548 371 680 365 698 353 719 353 737 362 719 369 699 369 112 75 116.640488 21.786249 12.351514 0.333828 -0.014403 -0.006599 1.379462 6.485050 447.438721 -31.821222 6.779193 447.005554 34.580147 6.190907 447.871857
526 367 543 357 564 357 581 368 563 373 544 373 676 367 694 355 715 354 733 364 715 371 695 371 1286 153 -116.774483 36.597492 21.624945 0.345283 0.003586 -0.014818 -0.458219 7.413822 446.226562 -33.659210 7.875774 446.427399 32.742775 6.951869 446.025757
529 376 545 367 564 367 581 376 564 380 546 381 678 375 695 365 714 365 732 373 714 378 696 378 1175 878 -94.542389 179.929901 37.483189 -0.667916 0.007290 -0.015952 -0.089688 11.512192 463.404694 -33.289581 12.081222 463.458740 33.110207 10.943161 463.350647
530 371 547 362 567 362 584 373 566 377 548 377 680 371 697 359 718 359 735 367 718 374 698 375 513 334 36.965298 72.764107 20.828474 0.338699 -0.007842 -0.014810 1.012502 9.070501 449.092865 -32.187695 9.596584 448.919922 34.212696 8.544418 449.265808
530 375 546 366 565 366 582 375 565 379 547 380 678 373 695 363 714 362 731 370 714 376 696 376 988 500 -57.444389 105.325165 27.652533 -0.620861 0.007403 -0.022929 0.146683 10.882453 464.887543 -33.048798 11.669634 464.889008 33.342163 10.095273 464.886078
566 422 578 416 591 416 603 423 591 425 578 426 672 422 684 416 698 416 710 422 697 425 684 425 212 569 96.866959 119.359741 24.277679 -0.640656 0.012680 -0.000803 4.631993 44.815601 637.768250 -28.570230 44.970814 638.152832 37.834217 44.660393 637.383728
566 429 578 423 591 423 603 429 591 432 578 432 673 429 686 423 699 423 712 428 699 432 686 432 364 898 66.717278 184.299011 32.765335 -0.701711 0.015520 0.000014 5.084754 48.278099 629.915405 -28.116220 48.451172 630.389587 38.285732 48.105026 629.441223
562 427 574 421 589 421 601 428 588 431 575 431 672 427 685 420 700 420 712 426 699 430 685 430 922 407 -44.341980 86.980301 25.106314 -0.676975 0.012130 -0.001814 4.037252 46.583279 621.750305 -29.165157 46.770206 622.103394 37.239662 46.396355 621.397278
565 429 577 423 590 423 603 429 590 432 577 432 673 429 685 423 699 423 711 429 699 432 686 432 390 713 61.506382 147.725739 28.703920 -0.679588 0.017364 0.002530 4.719365 48.555508 631.941040 -28.480530 48.666298 632.501648 37.919258 48.444717 631.380371
561 427 574 421 589 421 601 428 588 431 574 431 672 428 684 420 699 420 712 427 699 431 685 431 982 345 -56.285885 74.696960 24.072441 -0.684656 0.012445 -0.001645 3.901524 46.567120 619.464111 -29.300774 46.753590 619.827759 37.103821 46.380646 619.100403
564 428 576 423 590 423 602 429 590 432 576 432 673 429 685 423 700 422 712 428 699 432 686 432 461 604 47.364826 126.148544 26.666269 -0.674255 0.017817 0.002648 4.624730 48.018036 628.431396 -28.574898 48.128643 629.007751 37.824356 47.907429 627.855103
566 429 578 423 592 423 604 430 592 432 578 432 675 430 687 423 701 423 714 429 701 433 687 432 12 612 136.643539 127.960213 23.984077 -0.676049 0.022578 0.009254 5.738051 48.364029 628.178711 -27.457249 48.323566 628.972473 38.933350 48.404491 627.384949
563 429 576 422 590 422 603 430 590 433 576 433 674 430 686 423 701 423 714 429 701 433 687 433 796 335 -19.304794 72.816315 22.657101 -0.684908 0.015735 0.007455 5.041567 47.870834 621.265198 -28.158407 47.814236 621.829285 38.241543 47.927433 620.701172
564 430 576 424 590 424 603 431 590 434 576 434 673 431 686 424 700 424 713 430 700 434 686 434 1274 617 -114.285164 128.299896 32.150944 -0.691250 0.007140 -0.002417 4.876005 48.922726 626.323120 -28.327902 49.075470 626.515076 38.079910 48.769985 626.131104
562 430 575 423 590 424 602 431 589 434 575 434 673 431 686 423 701 423 714 430 700 434 686 434 1120 395 -83.713989 84.507118 26.095514 -0.691400 0.009587 -0.000140 4.590854 48.527149 621.527832 -28.612492 48.637184 621.819885 37.794201 48.417114 621.235840
564 433 576 427 590 428 602 434 589 437 576 437 672 434 684 428 698 428 711 434 698 438 685 437 1381 898 -135.497955 183.776474 39.254646 -0.707658 0.003730 0.007714 4.241908 51.526749 632.615112 -28.961737 51.333496 632.815796 37.445553 51.720001 632.414429
567 433 578 429 591 429 603 434 591 436 579 436 674 434 686 429 699 429 711 434 699 437 686 436 288 840 81.815826 172.876038 30.955072 -0.685279 0.013581 0.006715 5.303660 51.989037 638.360535 -27.897490 51.931667 638.850464 38.504810 52.046406 637.870605
565 429 577 422 592 422 604 430 591 433 577 433 674 430 687 422 702 422 715 429 702 433 688 433 480 168 43.489899 39.975941 16.824745 -0.647426 0.015667 0.005504 5.639408 48.256660 625.102783 -27.560986 48.248997 625.644531 38.839802 48.264320 624.561096
566 430 578 424 592 424 605 431 592 434 578 434 675 431 687 424 702 424 715 431 702 435 688 434 25 318 133.993225 69.852905 17.349020 -0.679270 0.024059 0.010249 5.871254 49.143219 624.259338 -27.322636 49.089535 625.109253 39.065144 49.196903 623.409363
565 435 577 430 590 430 602 436 590 438 577 438 674 436 686 431 700 431 712 436 700 439 686 439 1342 769 -127.772102 158.303375 36.058098 -0.712071 0.007242 0.009763 4.925698 52.274990 626.987122 -28.276764 52.059597 627.318359 38.128159 52.490383 626.655823
564 429 576 423 591 423 604 431 591 434 577 434 674 430 687 423 702 423 715 429 701 434 687 434 719 116 -4.043252 29.576838 17.161547 -0.627862 0.020905 0.002792 5.357849 48.436642 623.880737 -27.839819 48.560745 624.558289 38.555515 48.312542 623.203186
566 431 578 425 593 425 605 432 592 435 579 435 674 432 687 425 701 425 714 431 701 435 687 435 27 339 133.600235 74.001923 17.841640 -0.633377 0.028183 0.004865 5.819016 49.854542 629.602844 -27.372667 49.990177 630.526672 39.010696 49.718906 628.679016
567 433 579 427 593 427 605 434 593 437 579 437 676 434 689 428 704 428 716 434 703 438 689 437 172 558 104.817909 117.206459 23.771091 -0.678859 0.022072 0.013763 6.649634 50.958511 625.960327 -26.544371 50.775208 626.787354 39.843639 51.141819 625.133240
564 434 576 428 591 428 603 435 590 438 577 438 673 435 686 428 701 428 713 434 700 438 687 438 988 528 -57.438156 110.858559 28.292343 -0.673135 0.015754 0.004107 5.046996 51.282589 625.948914 -28.153582 51.325806 626.477539 38.247574 51.239372 625.420227
566 432 578 426 592 426 604 433 592 436 578 436 674 433 686 425 701 425 713 431 701 435 687 435 310 339 77.329926 73.856514 19.647417 -0.635020 0.025221 0.001439 5.577913 50.359268 630.204102 -27.616657 50.571716 631.000977 38.772484 50.146824 629.407227
564 433 576 428 588 428 600 434 588 437 576 436 671 436 683 430 696 430 709 436 696 439 683 439 943 824 -48.424683 169.377548 34.768913 -0.673505 0.003040 0.021348 3.583528 52.749947 640.521484 -29.613853 52.126263 640.844788 36.780910 53.373627 640.198181
566 432 578 426 591 427 603 433 591 436 578 435 675 434 688 428 703 429 715 435 702 438 688 437 255 572 88.317719 119.930511 24.620605 -0.685465 0.029395 0.027006 5.892279 50.301647 620.710999 -27.287104 49.795334 621.907593 39.071663 50.807961 619.514343
564 431 576 425 590 425 602 433 590 436 576 435 674 434 688 427 703 427 716 434 702 438 688 437 1296 502 -118.685135 105.562157 29.663530 -0.705178 0.015265 0.022659 5.329479 49.507519 614.255493 -27.863447 48.987457 614.975830 38.522404 50.027576 613.535217
564 432 576 427 590 427 602 434 589 436 576 436 674 435 687 429 702 429 715 435 701 438 688 438 732 579 -6.525033 121.068771 27.824217 -0.694691 0.019911 0.024092 5.076600 50.414410 618.324280 -28.112637 49.897900 619.200256 38.265839 50.930923 617.448303
561 432 573 425 588 426 600 434 587 437 573 437 672 434 685 426 701 426 714 434 701 438 686 438 1433 352 -145.958923 75.848579 27.110149 -0.684629 0.019390 0.011625 3.955474 49.700123 613.081177 -29.241180 49.555531 613.802856 37.152130 49.844715 612.359436
562 432 574 426 589 426 601 434 588 437 574 437 673 435 686 428 702 428 715 435 702 439 687 439 590 314 21.650547 68.772118 20.862791 -0.688370 0.030254 0.023397 4.533256 50.025280 612.241211 -28.648220 49.640762 613.425049 37.714733 50.409794 611.057373
563 433 575 427 590 427 602 434 589 437 576 437 673 436 687 429 702 430 715 436 701 440 687 439 776 496 -15.292253 104.643608 26.208393 -0.708602 0.027330 0.028315 4.855159 51.006126 618.580261 -28.325005 50.451160 619.732788 38.035324 51.561096 617.427673
569 433 580 427 594 427 607 433 594 436 581 437 675 429 687 422 701 422 713 427 701 431 688 432 5 609 138.034714 127.370949 23.870861 -0.635924 0.013972 -0.043180 6.666332 50.398106 644.234558 -26.505426 51.879299 644.227051 39.838093 48.916912 644.242126
623 360 633 353 644 354 653 361 643 364 633 364 708 361 717 355 729 355 738 361 729 365 718 365 97 121 119.633255 30.884531 13.306918 -0.017366 0.611576 -0.006087 32.430561 7.934951 684.844727 5.244732 8.295596 703.906738 59.616386 7.574305 665.782715
578 416 590 409 603 409 614 417 602 420 590 420 679 417 690 410 704 410 715 417 703 421 691 421 747 533 -9.517799 111.970490 26.868813 -0.591058 -0.002191 0.004966 10.604739 43.238739 665.519165 -22.599598 43.062405 665.497925 43.809078 43.415077 665.540466
578 418 589 411 603 411 615 418 603 422 590 422 680 419 692 412 706 411 718 418 706 423 693 422 496 147 40.303864 35.817673 16.446981 -0.581944 -0.012053 0.002570 11.068413 43.539543 653.166504 -22.133949 43.345737 652.812622 44.270775 43.733353 653.520325
578 421 589 414 603 414 615 421 603 424 590 425 681 422 693 415 706 415 718 422 706 425 693 425 405 641 58.507828 133.489304 27.154408 -0.591539 -0.003620 0.006314 11.162496 45.323795 651.772888 -22.041464 45.091614 651.719788 44.366455 45.555977 651.825989
579 422 591 416 604 416 616 423 604 426 591 426 682 423 693 416 707 416 718 422 706 426 694 426 258 810 87.774200 166.962814 30.078136 -0.598365 0.000163 0.001915 11.693252 46.346291 655.773804 -21.511503 46.287994 655.797363 44.898006 46.404587 655.750183
577 422 588 416 602 416 613 423 601 426 588 426 680 423 691 417 705 416 716 423 704 426 692 426 630 583 13.757031 121.911667 27.264774 -0.581847 -0.000543 0.002782 10.230626 46.375931 654.685669 -22.974058 46.283588 654.694763 43.435310 46.468277 654.676575
577 422 588 416 602 416 614 423 601 426 589 426 680 423 692 416 705 416 717 423 705 427 692 426 448 537 49.934765 112.914604 25.052345 -0.586704 0.002688 0.002591 10.523787 46.301861 651.554382 -22.680801 46.246109 651.663086 43.728374 46.357609 651.445618
573 426 584 419 598 419 610 426 597 429 585 429 678 425 689 419 703 419 715 425 703 428 690 428 746 755 -9.269542 155.842911 31.935213 -0.614550 0.004161 -0.007617 8.479512 47.345192 645.916138 -24.724089 47.623627 645.970398 41.683113 47.066757 645.861816
573 425 584 418 598 418 610 425 598 428 585 429 678 425 689 418 703 417 715 424 703 428 690 428 874 481 -34.781425 101.628937 26.490959 -0.606262 0.007229 -0.005162 8.546595 46.851727 645.380432 -24.656948 47.083378 645.555664 41.750137 46.620075 645.205261
571 425 583 419 597 419 609 426 597 429 584 429 678 425 690 418 704 418 716 425 704 428 691 428 1124 271 -84.536934 60.000031 23.287592 -0.633404 0.006439 -0.004499 8.368823 46.597748 636.599060 -24.834999 46.802818 636.753052 41.572647 46.392677 636.445007
538 435 550 428 565 428 578 435 565 439 551 439 649 433 662 425 677 425 691 431 677 436 663 436 1159 181 -91.516197 42.196140 21.454388 -0.699345 0.006553 -0.024973 -9.526430 50.075188 616.922974 -42.720619 50.911407 616.844910 23.667761 49.238964 617.001038
539 441 550 435 563 435 575 440 563 443 551 444 646 438 658 432 672 431 685 437 672 440 659 440 1296 797 -118.619461 163.860413 36.404388 -0.720679 -0.005200 -0.033221 -11.341437 54.412769 629.989624 -44.528278 55.363056 629.451050 21.845404 53.462486 630.528259
538 440 550 433 564 433 576 440 564 443 550 443 647 438 660 431 675 430 688 436 675 440 661 440 1274 631 -114.282043 131.066589 32.470848 -0.722661 0.004927 -0.026590 -10.614848 53.374077 622.724182 -43.808041 54.238617 622.568542 22.578344 52.509541 622.879822
539 440 550 434 564 433 576 440 564 443 551 443 647 438 660 431 674 431 688 436 674 440 660 440 827 643 -25.400114 133.667725 29.892820 -0.723670 0.005741 -0.024925 -10.616217 53.611214 623.914917 -43.810635 54.434406 623.802673 22.578201 52.788021 624.027100
539 440 550 433 564 433 576 439 564 443 551 443 647 438 659 431 674 430 688 436 674 440 660 440 777 502 -15.489752 105.828819 26.351877 -0.715197 0.009503 -0.023612 -10.650580 53.415028 623.912903 -43.845089 54.241943 623.933655 22.543928 52.588116 623.892212
541 442 552 436 565 436 577 442 565 444 553 445 647 440 659 434 674 433 686 438 673 442 660 442 774 895 -14.805756 183.495499 35.312927 -0.716082 0.004771 -0.023357 -10.509136 55.594818 634.286194 -43.704910 56.360043 634.165405 22.686638 54.829597 634.406982
539 436 551 429 565 429 578 437 565 440 551 441 648 435 660 427 676 426 690 433 676 438 662 438 96 32 119.812271 13.296759 11.266855 -0.654638 0.020061 -0.020480 -9.934940 51.634846 623.396118 -43.126591 52.477596 623.800842 23.256708 50.792091 622.991394
541 439 553 433 567 433 579 439 567 442 554 443 650 438 662 432 677 432 690 438 677 441 663 441 552 594 29.268612 124.125580 27.018423 -0.731094 0.014497 -0.007468 -8.969594 53.767273 625.103271 -42.170185 54.161976 625.456238 24.230997 53.372566 624.750366
541 437 553 430 567 430 579 437 567 441 554 441 650 436 662 428 678 427 691 434 678 438 663 438 261 40 87.006271 14.792950 12.502496 -0.654935 0.020264 -0.020264 -8.826343 52.221928 626.000610 -42.018002 53.060184 626.413757 24.365316 51.383671 625.587524
543 442 554 437 567 437 579 442 567 445 555 445 649 441 661 435 675 435 688 440 675 444 662 444 922 893 -44.233788 183.024200 36.211590 -0.716712 0.001120 -0.013816 -9.421681 56.678425 637.659546 -42.623440 57.111649 637.536133 23.780075 56.245197 637.782959
539 439 550 431 565 431 578 439 565 443 551 443 647 437 660 428 676 427 690 434 676 439 661 440 948 85 -49.583378 23.332918 17.914396 -0.676512 0.011548 -0.027722 -10.006093 52.628132 622.037415 -43.196495 53.604706 622.092590 23.184311 51.651558 621.982239
597 416 606 411 615 412 623 420 614 421 605 420 674 423 683 416 693 416 702 422 693 426 683 425 1061 878 -71.875198 179.988464 36.755772 0.170998 0.051795 0.053311 15.665383 58.955357 866.231934 -17.447969 57.048779 867.790894 48.778736 60.861935 864.672974
544 433 555 426 569 426 581 433 569 436 556 437 651 432 664 425 679 425 692 431 678 435 664 435 1246 649 -108.710655 134.638168 32.703491 -0.708952 0.016524 -0.008842 -8.057662 50.501328 630.661499 -41.256886 50.957382 631.065552 25.141560 50.045269 630.257446
542 433 553 426 567 426 580 434 567 437 554 437 649 433 662 425 678 425 691 432 678 436 663 436 1054 89 -70.658997 24.068939 18.682167 -0.682105 0.016227 -0.007090 -8.840354 50.465603 627.745911 -42.040161 50.859932 628.166626 24.359451 50.071278 627.325195
543 436 554 429 569 429 581 437 568 440 555 440 650 436 663 428 678 428 691 435 678 439 664 439 1291 471 -117.697861 99.438469 28.923265 -0.716005 0.012338 -0.005790 -8.341362 52.605209 629.744324 -41.543221 52.921940 630.053955 24.860497 52.288479 629.434753
600 423 612 419 624 420 635 427 623 429 611 428 701 435 713 430 726 431 737 438 725 440 713 439 844 869 -28.729996 178.321381 35.165478 -0.687994 0.006296 0.113421 24.176987 51.971676 660.420105 -8.822131 48.572464 661.856506 57.176102 55.370884 658.983704
521 422 531 416 543 415 555 421 544 424 532 425 624 418 636 411 650 411 663 416 650 420 637 420 1251 803 -109.670547 165.069260 36.254353 -0.676023 0.031491 -0.036702 -24.490791 43.487698 645.847717 -57.658241 44.955307 646.418762 8.676659 42.020088 645.276733
482 444 490 437 503 435 514 440 504 444 493 446 578 428 589 420 603 417 616 421 604 427 591 429 1010 659 -61.783363 136.735626 31.426119 -0.581379 0.027959 -0.171305 -54.670570 55.811230 690.863098 -87.390358 61.418430 690.132202 -21.950781 50.204025 691.593994
487 448 495 442 506 440 515 445 507 449 497 451 573 437 581 429 593 426 604 430 594 436 583 437 644 824 11.026993 169.531189 32.861042 -0.432122 -0.024990 -0.160379 -64.135635 68.723167 786.856873 -96.910751 73.685295 784.925903 -31.360519 63.761032 788.787781
488 453 496 447 507 445 517 449 508 452 498 454 578 438 588 431 599 429 611 431 601 436 589 438 930 798 -45.845615 164.246078 34.091854 -0.512982 -0.033970 -0.188635 -57.042278 65.884056 733.011047 -89.652260 71.557091 730.371826 -24.432301 60.211014 735.650269
613 346 626 337 643 337 656 345 642 351 627 351 732 344 745 335 761 335 774 343 761 349 746 349 123 249 114.492035 56.166687 16.397667 -0.459821 0.017076 -0.016316 34.654522 -2.263488 567.355225 1.458806 -1.612589 567.780029 67.850235 -2.914387 566.930420
629 360 643 353 660 353 673 361 659 365 644 366 748 361 761 353 777 352 789 360 776 365 762 365 378 853 63.923569 175.398865 31.826403 -0.545841 0.030534 0.002737 43.246754 6.435398 564.485291 10.057159 6.618863 565.473572 76.436348 6.251932 563.496948
610 368 624 360 640 360 654 368 640 372 625 373 732 366 745 358 761 357 775 364 761 369 746 370 669 835 6.058566 171.692169 33.271919 -0.485444 0.027039 -0.020952 33.655235 9.441805 559.237305 0.469469 10.324042 559.934509 66.841003 8.559567 558.540039
594 382 608 375 624 375 639 383 624 387 609 387 719 381 734 372 751 371 766 378 751 384 735 384 865 551 -32.976326 115.467041 28.033058 -0.611511 0.073456 -0.005973 25.804167 16.751753 545.311340 -7.313288 17.660257 547.540344 58.921619 15.843247 543.082336
595 385 609 378 625 378 639 385 625 389 609 390 720 383 735 375 752 374 766 381 752 386 736 386 606 509 18.512598 107.300026 25.420706 -0.629375 0.069109 -0.010038 25.934122 18.037447 540.764160 -7.192395 19.047237 542.807129 59.060638 17.027655 538.721130
595 394 608 387 624 387 639 394 624 398 609 398 721 392 735 384 752 383 767 390 752 395 736 395 688 873 2.289160 179.192017 34.261467 -0.670475 0.070926 -0.005989 25.907013 22.504736 538.898560 -7.216825 23.448917 541.015076 59.030853 21.560553 536.782104
595 381 608 373 625 373 640 382 625 386 609 386 720 381 735 372 752 372 767 379 752 385 736 385 696 237 0.556891 53.500820 19.779682 -0.597139 0.054691 0.005050 26.113754 16.545269 544.108948 -7.042459 16.913610 545.866638 59.269966 16.176928 542.351257
597 386 611 379 627 379 641 387 627 390 611 391 723 386 737 378 754 377 769 384 754 389 738 389 440 464 51.509197 98.492371 23.333221 -0.635170 0.061456 0.005847 27.019411 19.148973 540.825745 -6.124249 19.594120 542.790222 60.163071 18.703825 538.861267
602 359 611 352 623 351 633 357 623 361 612 361 688 356 697 349 709 350 718 356 709 359 698 359 675 643 4.822812 133.745819 28.922934 -0.475178 -0.013284 -0.025022 23.182659 6.142147 798.893066 -10.009080 6.839148 798.274719 56.374397 5.445147 799.511353
580 388 593 380 610 379 624 387 610 392 594 392 706 382 720 373 738 371 754 378 738 384 722 385 856 568 -31.183025 118.831230 28.364086 -0.643969 0.080133 -0.038765 18.362511 17.974430 535.974487 -14.715313 19.999844 538.051697 51.440334 15.949015 533.897217
578 392 591 384 608 383 622 391 608 395 593 396 705 386 720 377 737 375 753 382 738 388 721 389 858 450 -31.606966 95.510902 25.680506 -0.647385 0.080591 -0.039299 17.633364 19.775230 533.510864 -15.442661 21.825024 535.592834 50.709389 17.725437 531.428955
579 393 592 385 608 384 623 392 609 396 593 397 706 387 720 378 738 376 754 383 739 389 722 390 918 547 -43.515472 114.649330 28.279840 -0.654139 0.077773 -0.039102 17.984842 20.312998 532.882690 -15.098663 22.333605 534.872253 51.068348 18.292391 530.893127
583 396 595 390 609 389 622 394 610 397 596 398 701 389 715 382 730 380 743 385 730 389 715 390 716 51 -3.461217 16.733002 15.657130 -0.580477 0.066562 -0.055796 17.492477 22.738411 562.130493 -15.590648 25.109816 563.693481 50.575600 20.367006 560.567505
578 368 590 359 606 360 620 368 606 373 591 373 699 368 713 359 731 358 746 366 731 372 715 372 852 72 -30.498108 20.813168 17.004782 -0.578668 0.051508 0.000511 15.975709 9.860976 548.200500 -17.186277 10.326036 549.820984 49.137695 9.395916 546.580017
595 387 609 378 627 378 643 387 627 392 610 393 724 384 739 373 757 372 773 380 758 386 741 387 31 194 132.772614 45.344791 14.553861 0.311570 0.015051 -0.044414 26.770573 17.683750 520.973633 -6.398032 19.057005 521.692993 59.939175 16.310497 520.254272
582 403 596 395 613 396 628 405 613 409 597 409 712 404 727 393 745 392 762 399 746 406 728 407 904 510 -40.740021 107.344536 27.345045 0.380257 0.033810 -0.028407 19.995523 26.413963 512.919739 -13.177307 27.123495 514.192322 53.168354 25.704432 511.647156
592 405 605 399 619 400 633 408 619 410 605 410 713 407 726 399 742 398 756 404 742 409 727 409 266 607 86.138329 126.841599 25.490559 0.294476 0.061542 -0.022937 22.782579 29.898212 550.221436 -10.351160 30.349726 552.345398 55.916317 29.446699 548.097534
591 405 604 398 620 398 634 407 620 410 605 410 716 406 730 397 748 396 763 403 747 408 731 409 713 377 -2.792137 81.159050 23.087208 0.312133 0.059666 -0.026175 23.223856 28.581953 532.009399 -9.911073 29.129856 534.091675 56.358784 28.034050 529.927063
590 406 604 399 621 399 635 408 620 412 605 411 718 407 733 398 750 397 766 404 750 410 734 410 802 486 -20.464190 102.654037 26.145792 0.344067 0.049107 -0.023410 23.525640 28.627224 522.772156 -9.630531 29.111221 524.502380 56.681816 28.143227 521.041992
594 397 605 388 620 387 633 394 621 400 607 401 709 389 722 380 739 378 754 385 740 391 724 392 925 196 -44.985458 45.280689 20.304028 -0.529919 0.117705 -0.054716 23.648458 23.662647 585.209595 -9.283503 26.400803 588.457397 56.580421 20.924490 581.961853
602 403 614 394 629 393 642 401 629 406 615 407 716 395 729 386 746 385 761 391 747 397 731 398 556 233 28.392906 52.782269 18.794964 -0.529025 0.139006 -0.047137 28.272898 27.408722 590.370361 -4.583118 30.086981 594.353943 61.128914 24.730463 586.386780
613 409 624 401 639 400 652 407 640 412 626 413 726 402 739 393 755 391 770 398 756 404 741 404 285 593 82.357346 124.065140 25.291889 -0.556014 0.135822 -0.046219 34.098511 31.219944 593.269409 1.226151 33.891407 597.120483 66.970871 28.548479 589.418335
616 411 627 403 642 402 655 409 642 414 629 415 729 404 742 395 758 394 772 401 758 406 743 407 22 825 134.702606 170.048386 28.915014 -0.559344 0.148642 -0.037148 35.754932 32.755043 595.128479 2.929052 35.262650 599.456665 68.580818 30.247438 590.800293
597 416 608 408 623 407 637 413 624 418 610 420 712 406 725 397 742 396 757 402 742 408 727 409 583 549 23.094709 115.216698 26.187962 -0.539130 0.127732 -0.069958 25.201338 33.827526 581.758301 -7.660402 37.145508 585.172485 58.063076 30.509539 578.344116
606 413 617 405 632 404 645 411 633 416 619 417 717 405 730 396 746 395 760 401 747 407 732 408 52 390 128.640717 84.067757 19.166529 -0.470876 0.124309 -0.060858 30.021994 34.108917 603.431396 -2.871109 37.001984 606.929077 62.915100 31.215851 599.933777
610 408 620 401 634 402 645 409 634 412 621 412 719 406 732 398 747 397 762 403 748 409 733 409 1269 633 -113.287422 131.464401 32.484646 -0.379908 0.228391 -0.005174 30.187534 32.848747 593.362976 -2.164913 34.432091 600.668518 62.539982 31.265408 586.057373
608 419 620 411 635 410 648 416 636 421 621 422 727 408 740 399 757 397 772 402 758 408 742 410 252 466 88.890625 98.984207 22.179325 -0.615330 0.124701 -0.077060 31.720480 33.753014 565.005310 -1.139310 37.376556 568.113953 64.580269 30.129471 561.896606
586 430 597 423 611 423 623 429 611 433 598 433 697 424 710 415 726 414 740 419 726 424 711 425 1340 814 -127.364418 167.197357 37.073601 -0.560144 0.135342 -0.050412 17.925402 43.743347 597.753113 -14.942654 46.549389 601.544800 50.793457 40.937305 593.961426
586 431 597 424 611 423 623 430 611 434 598 435 696 425 709 416 725 415 740 420 726 426 711 427 1147 540 -89.050255 113.148315 29.581100 -0.501075 0.161792 -0.047791 17.716110 44.541031 598.729126 -15.027092 47.369911 603.466187 50.459312 41.712151 593.992065
593 421 604 414 619 413 631 420 619 424 605 425 706 416 719 407 736 406 751 412 737 418 721 418 166 204 105.932114 47.251637 15.643777 -0.429660 0.179467 -0.034562 22.355005 38.309994 586.594971 -10.305241 40.673500 592.097900 55.015251 35.946487 581.092102
597 429 607 423 620 422 631 428 620 432 608 433 702 423 713 415 727 414 739 419 727 424 714 425 816 238 -23.303091 53.636784 20.568232 -0.407591 0.156777 -0.059177 22.164516 45.886723 629.570923 -10.581584 48.832546 634.215820 54.910614 42.940895 624.926086
594 428 605 421 619 421 632 428 620 431 607 432 705 423 718 415 734 413 749 419 734 425 719 425 739 166 -8.008821 39.447620 18.431681 -0.496476 0.169142 -0.032577 22.472727 43.099861 595.927307 -10.250722 45.494858 601.026245 55.196175 40.704861 590.828308
589 435 600 428 613 428 625 434 613 437 601 438 698 428 711 421 726 419 741 424 727 429 713 430 1265 731 -112.470268 150.833344 34.698460 -0.549190 0.142966 -0.048275 19.179356 47.192322 606.126831 -13.657533 49.978695 610.193115 52.016243 44.405945 602.060547
595 433 606 426 619 426 631 432 619 436 607 436 702 428 715 420 730 419 744 424 731 429 716 430 245 333 90.252861 72.704185 19.095560 -0.479502 0.202264 -0.032431 21.915007 46.882797 608.971680 -10.608770 49.485569 615.135193 54.438782 44.280022 602.808105
595 435 605 429 618 428 630 434 619 438 606 438 704 430 717 422 732 421 746 426 732 431 718 432 492 491 41.175785 103.801422 24.281984 -0.532292 0.163045 -0.033351 22.156281 47.724163 603.683655 -10.600506 50.178974 608.534058 54.913067 45.269348 598.833252
589 443 599 436 612 435 623 442 612 446 600 447 686 436 696 427 710 425 722 430 711 436 698 438 614 798 16.986256 164.408447 32.075508 -0.210799 0.126943 -0.102344 16.226555 57.800011 675.584961 -16.539425 61.599895 679.394287 48.992538 54.000126 671.775635
593 442 604 436 617 435 629 441 618 445 605 445 703 436 716 428 732 427 746 432 732 437 718 438 503 764 39.049374 157.746353 30.590324 -0.591559 0.143185 -0.042650 21.677763 51.290588 602.019043 -11.167826 53.983688 606.077881 54.523350 48.597485 597.960205
594 441 605 434 618 434 631 441 619 444 606 445 703 436 716 427 731 426 746 431 732 437 717 438 1390 451 -137.386978 95.435173 29.097960 -0.502809 0.152220 -0.043972 21.935534 51.021610 603.745667 -10.862051 53.656540 608.210510 54.733116 48.386684 599.280762
