550 277 566 268 585 268 599 277 583 282 566 283 685 279 700 270 718 271 733 281 717 286 700 285 650 507 46.644726 97.760963 51.764774 0.008455 0.003230 0.024553 8.362943 -41.812428 516.558899 -24.831690 -42.628067 516.662720 41.557575 -40.996784 516.455139
551 279 567 270 586 269 601 279 584 284 567 284 685 281 701 273 719 274 734 284 718 289 701 287 565 743 63.601086 144.437302 56.662136 -0.033042 0.004375 0.031321 8.883914 -41.051659 519.739319 -24.304296 -42.088902 519.901733 42.072124 -40.014412 519.576904
555 277 571 268 589 269 604 278 588 283 571 283 690 280 705 272 723 273 737 283 722 287 705 286 346 547 107.101074 105.435875 54.398300 0.019675 0.011122 0.036204 10.735976 -41.492321 517.476379 -22.445026 -42.697723 517.833740 43.916981 -40.286915 517.119019
547 281 563 272 581 272 596 281 580 286 563 286 680 283 695 274 713 276 727 286 712 290 695 289 1234 762 -69.417694 148.746689 52.847549 -0.063356 -0.001744 0.026477 6.359858 -40.569054 525.293091 -26.833271 -41.449375 525.263062 39.552986 -39.688732 525.323059
555 279 570 270 589 270 603 279 587 285 570 285 689 282 704 274 721 275 736 285 721 289 704 288 471 704 82.282845 136.635666 56.525696 0.025428 0.001764 0.035266 10.388921 -41.002426 522.584656 -22.795197 -42.173805 522.628296 43.573036 -39.831047 522.540955
546 276 562 267 580 267 595 276 579 282 562 282 679 278 694 269 712 270 727 280 712 285 695 284 1194 320 -61.567249 61.164898 44.915871 -0.023021 -0.023900 0.022321 6.048489 -42.286892 519.700928 -27.138571 -43.036980 518.916077 39.235550 -41.536804 520.485779
551 278 566 268 585 268 599 278 583 283 566 283 684 281 699 272 718 274 732 284 717 288 700 287 364 594 103.532944 114.760086 55.156105 -0.032879 0.015549 0.039356 8.329740 -41.602558 522.155151 -24.845352 -42.900261 522.692627 41.504829 -40.304852 521.617615
552 274 568 265 586 266 601 275 585 280 567 280 686 278 701 269 719 270 734 281 718 286 701 284 293 294 117.580521 55.279644 50.045696 -0.002642 0.026470 0.040095 8.920894 -42.476391 517.159546 -24.245604 -43.806053 518.039917 42.087391 -41.146725 516.279236
546 274 562 264 580 264 595 274 579 279 562 280 679 276 694 266 712 267 727 277 711 282 695 282 1386 31 -99.811729 4.077913 38.371201 0.008428 -0.109268 0.015765 6.057084 -43.004993 513.695251 -26.945583 -43.512131 510.072205 39.059750 -42.497860 517.318237
551 275 567 266 585 266 599 275 583 280 566 281 684 278 699 269 717 270 731 280 716 285 700 284 882 308 0.467683 58.533375 46.636772 -0.002824 -0.009248 0.031510 8.378009 -42.719547 520.659851 -24.808901 -43.766075 520.354309 41.564919 -41.673016 520.965393
571 277 587 268 605 269 620 278 604 283 587 283 705 281 719 273 736 274 750 284 735 289 719 288 9 598 174.121674 115.262672 57.440929 -0.037808 -0.108445 0.029938 18.556026 -41.280609 521.104797 -14.438904 -42.340340 517.531128 51.550957 -40.220879 524.678467
563 276 579 267 597 267 612 276 596 282 579 282 697 279 712 271 730 272 744 282 729 287 713 286 528 532 70.908905 102.613274 52.987251 0.015621 -0.064002 0.031512 14.731688 -41.946934 517.450073 -18.388670 -42.975769 515.318604 47.852043 -40.918102 519.581482
561 279 576 270 594 270 608 279 593 284 576 284 693 281 707 273 725 275 738 284 724 289 708 288 952 828 -13.329733 161.589508 55.825291 -0.073798 -0.035348 0.029494 12.926697 -41.669464 528.371277 -20.242952 -42.690861 527.235168 46.096344 -40.648064 529.507446
567 269 583 259 601 260 616 270 599 275 582 275 700 274 714 265 732 266 746 277 731 282 715 281 111 17 153.704575 0.264337 46.052242 0.011286 -0.159814 0.037312 16.287182 -44.388348 514.984863 -16.471493 -45.591824 509.695160 49.045856 -43.184875 520.274475
561 269 577 259 595 260 610 270 594 276 576 276 694 273 709 263 727 264 741 275 726 281 709 280 474 95 81.544258 16.010431 45.235298 0.021554 -0.131746 0.027539 13.535246 -44.769871 514.621094 -19.369272 -45.634396 510.250183 46.439762 -43.905342 518.992004
562 277 577 268 596 267 610 276 594 282 577 282 695 279 709 271 727 272 741 282 726 287 710 285 670 833 42.743999 162.349731 57.674011 -0.093931 -0.022303 0.031475 13.872009 -42.885826 529.287903 -19.308119 -43.963898 528.597595 47.052139 -41.807755 529.978149
556 276 571 267 589 267 604 276 588 281 571 281 688 278 703 270 720 271 734 281 720 286 703 284 1060 671 -34.840958 130.579865 52.246868 -0.029275 -0.042685 0.025607 10.539668 -43.006092 526.418823 -22.624022 -43.876640 525.014709 43.703358 -42.135548 527.822937
556 274 571 265 590 265 605 274 588 280 571 280 689 277 704 268 722 269 736 279 721 284 704 283 945 490 -12.016710 94.634438 49.612991 -0.009817 -0.064759 0.025229 10.898042 -43.251286 520.925354 -22.226610 -44.098888 518.780945 44.022694 -42.403683 523.069824
557 277 572 268 590 268 605 277 589 282 572 282 689 279 703 271 721 272 735 282 720 286 704 285 978 735 -18.521238 143.189743 53.942078 -0.042218 -0.030892 0.026857 10.959974 -42.750866 528.218994 -22.217028 -43.663792 527.212646 44.136974 -41.837944 529.225342
554 277 569 268 587 268 602 276 586 282 569 282 685 278 700 270 717 271 731 281 717 285 700 284 1225 825 -67.613449 161.218079 54.069637 -0.067421 -0.041535 0.017757 9.472456 -43.249813 530.998535 -23.698500 -43.885258 529.640747 42.643410 -42.614372 532.356323
550 259 564 251 581 251 594 260 579 264 564 264 671 264 685 257 701 258 714 268 700 271 685 270 580 616 60.588875 119.294014 54.218136 -0.253273 0.014521 0.056330 4.072888 -55.799603 578.792603 -29.076059 -57.588326 579.504883 37.221836 -54.010880 578.080322
544 261 558 253 574 253 588 261 573 266 558 266 665 265 679 258 695 259 708 269 694 272 679 271 951 720 -13.156089 140.196579 53.832596 -0.250374 0.007935 0.052338 0.769953 -54.988655 577.599121 -32.388588 -56.674828 578.076111 33.928493 -53.302483 577.122131
544 260 558 252 574 252 587 261 573 265 557 265 665 264 678 257 695 259 708 269 694 272 678 270 929 565 -8.817792 109.477005 51.100773 -0.238105 0.003411 0.054545 0.512926 -55.243454 577.899170 -32.642544 -57.023235 578.225830 33.668396 -53.463673 577.572510
555 260 569 253 586 253 599 262 584 266 569 266 677 266 690 260 706 261 719 271 705 274 690 273 357 692 104.947678 134.165726 57.013538 -0.209722 -0.006977 0.065799 6.881310 -54.612679 579.297119 -26.251106 -56.804165 579.295532 40.013725 -52.421196 579.298767
553 259 568 251 584 251 597 260 583 264 567 264 675 265 689 258 705 259 718 269 704 273 689 271 402 416 95.935539 79.533745 51.624931 -0.153034 -0.015780 0.063462 6.141894 -55.259281 576.323242 -26.992083 -57.396816 575.962524 39.275871 -53.121746 576.683899
540 261 554 253 571 253 584 261 570 266 554 266 662 265 676 258 692 259 705 268 691 272 676 271 1322 472 -86.983170 91.376762 46.932041 -0.146358 -0.010705 0.047202 -0.998015 -54.780811 575.232910 -34.164013 -56.367908 574.993347 32.167980 -53.193718 575.472534
546 261 560 254 576 254 590 263 575 267 559 267 668 267 681 260 698 261 710 270 697 274 681 273 584 679 59.808216 131.776001 55.359264 -0.206952 0.004515 0.058747 1.915793 -53.964100 575.185425 -31.231606 -55.884315 575.535217 35.063190 -52.043888 574.835632
540 262 554 254 571 254 584 263 569 267 554 267 662 266 676 260 692 261 705 270 691 274 676 272 1146 557 -51.967697 108.069504 49.601322 -0.168762 -0.013270 0.048485 -1.247791 -54.023956 575.393799 -34.410763 -55.662651 575.091003 31.915178 -52.385258 575.696655
541 262 556 253 572 254 586 262 571 267 555 267 663 267 677 259 693 261 706 270 692 274 677 273 831 469 10.646024 90.381828 49.934254 -0.174835 -0.014700 0.053225 -0.408671 -53.930630 574.776428 -33.563004 -55.730621 574.445129 32.745663 -52.130642 575.107788
542 264 556 256 573 257 586 265 571 270 555 269 664 269 678 262 694 264 707 273 693 277 678 275 206 887 135.017838 172.667114 61.563072 -0.188455 -0.000905 0.056135 -0.070812 -52.413010 573.064758 -33.223461 -54.267803 573.210022 33.081841 -50.558220 572.919556
543 264 558 256 574 257 588 265 573 270 557 270 665 270 679 263 695 264 708 274 694 278 679 276 677 768 41.336964 149.480576 56.427361 -0.175307 -0.017169 0.056036 0.680535 -52.353352 575.757080 -32.467415 -54.253284 575.352844 33.828484 -50.453419 576.161316
540 262 554 254 571 254 584 263 569 267 553 267 662 267 676 259 692 261 705 270 691 274 676 273 695 354 37.661285 67.492218 48.652721 -0.031097 -0.017065 0.050410 -1.116642 -53.559120 571.466370 -34.274445 -55.240726 570.926086 32.041161 -51.877514 572.006653
540 261 554 253 571 253 584 262 569 267 553 266 662 266 676 258 692 260 705 269 691 273 676 272 1028 158 -28.597786 28.941275 42.951260 -0.006015 -0.036244 0.046676 -1.027753 -53.620491 567.630249 -34.174603 -55.173065 566.432129 32.119095 -52.067917 568.828369
544 263 558 255 575 256 589 265 574 269 558 269 667 269 681 262 697 263 710 272 696 276 681 275 241 510 127.970528 98.021408 54.367378 -0.132990 -0.014129 0.054785 1.429256 -52.508247 570.453003 -31.722506 -54.352177 570.106262 34.581017 -50.664314 570.799805
539 266 553 258 570 258 583 266 569 271 553 271 661 270 675 263 691 264 704 273 690 277 675 276 948 812 -12.538110 158.417038 55.554066 -0.163762 -0.020336 0.042755 -1.597519 -52.166374 575.291260 -34.765205 -53.634338 574.735229 31.570169 -50.698410 575.847290
543 266 557 258 574 258 587 267 572 271 557 271 665 271 679 264 695 266 707 275 694 279 679 277 692 753 38.350880 146.521698 56.056320 -0.189451 -0.024318 0.053923 0.436709 -51.439548 574.655640 -32.710201 -53.294552 574.022461 33.583618 -49.584549 575.288757
545 262 560 254 577 255 590 264 575 268 559 268 668 268 682 261 698 262 711 272 697 276 682 274 222 270 131.692474 50.467899 50.043648 0.012333 -0.016471 0.059520 2.005609 -52.602650 567.937073 -31.135904 -54.574329 567.378296 35.147121 -50.630966 568.495850
542 263 556 255 573 255 587 264 572 269 556 269 664 269 678 261 694 262 707 272 693 276 678 275 778 267 21.137362 50.327427 46.525589 -0.045594 -0.043851 0.051892 0.201440 -52.552700 570.693604 -32.926785 -54.307026 569.278381 33.329662 -50.798374 572.108765
530 263 544 254 561 255 574 264 560 269 544 269 653 267 667 258 684 259 697 268 683 273 667 272 1237 80 -70.173309 13.661989 40.206028 0.012865 0.051793 0.038545 -6.132584 -52.228783 560.034790 -39.268219 -53.518780 561.745056 27.003054 -50.938786 558.324463
533 267 547 259 564 259 577 267 563 272 547 272 655 271 669 263 686 265 699 274 685 278 669 276 838 544 9.271647 105.243164 51.278805 -0.129301 0.000381 0.043552 -4.803839 -51.242874 572.617188 -37.977207 -52.683693 572.723145 28.369530 -49.802052 572.511230
529 290 544 281 562 281 576 290 560 295 544 296 656 293 671 286 688 287 702 297 687 301 671 300 994 546 -21.746752 105.766632 50.344318 -0.086176 -0.001020 0.039704 -4.829538 -37.727669 555.733032 -38.008183 -39.045525 555.755981 28.349104 -36.409813 555.710083
550 294 565 284 584 284 598 294 582 300 565 300 679 297 693 288 710 289 723 299 709 304 694 303 169 404 142.262207 76.966698 52.853855 -0.061080 -0.141340 0.019795 6.997663 -34.491779 537.796936 -25.869656 -35.289490 533.142639 39.864983 -33.694069 542.451233
524 292 539 283 556 283 570 291 555 297 539 297 652 293 667 285 684 285 699 295 684 300 667 299 1130 416 -48.819164 80.127869 47.091255 0.001537 0.034254 0.024135 -7.183749 -36.364666 540.237732 -40.359413 -37.166714 541.374207 25.991917 -35.562622 539.101257
549 290 565 281 583 281 597 292 581 296 564 296 679 296 694 288 712 289 725 300 710 305 694 303 544 381 67.692253 72.717010 50.092815 0.010261 -0.042547 0.056216 6.759445 -35.292278 537.263611 -26.362883 -37.150082 535.842468 39.881771 -33.434475 538.684753
533 295 548 286 566 286 580 295 565 300 548 300 662 298 677 290 695 291 709 301 694 306 677 304 1103 362 -43.463112 69.409782 46.259937 -0.000178 -0.001957 0.037595 -1.930623 -33.753059 536.588623 -35.111912 -35.001110 536.523743 31.250664 -32.505005 536.653503
535 297 550 288 567 288 582 297 566 302 550 302 664 300 678 292 696 293 710 303 695 307 679 306 1234 525 -69.472984 101.802917 48.461021 -0.016505 -0.002223 0.036277 -1.205371 -32.999134 539.458008 -34.388256 -34.203983 539.394165 31.977514 -31.794287 539.521851
534 297 549 288 567 288 582 297 566 302 549 302 663 300 678 292 696 293 710 303 695 308 678 306 1242 483 -71.073494 93.490295 47.633839 -0.018136 -0.004549 0.036371 -1.369037 -32.787563 537.862610 -34.551548 -33.996304 537.722595 31.813473 -31.578821 538.002686
536 293 551 284 570 284 584 294 568 299 551 299 666 297 681 289 699 290 713 300 698 305 681 304 818 154 13.157446 27.977594 44.185017 -0.001921 0.036182 0.043070 -0.244979 -33.826809 531.759521 -33.397274 -35.255039 532.961670 32.907314 -32.398579 530.557373
530 302 545 294 563 294 577 302 562 307 545 308 660 305 675 297 693 299 707 308 692 313 675 311 1144 849 -51.501900 165.905762 55.018276 -0.039328 0.133470 0.040126 -3.455118 -29.134388 523.643677 -36.338001 -30.375101 528.086182 29.427769 -27.893675 519.201172
538 294 553 284 571 284 586 294 570 299 553 300 668 296 683 287 701 287 715 297 700 303 683 302 412 68 93.865967 10.611808 45.121677 -0.095165 -0.012699 0.020477 0.937474 -34.653843 532.880737 -32.257710 -35.352749 532.492065 34.132656 -33.954937 533.269409
542 300 558 291 576 291 591 300 575 305 558 305 674 304 689 296 707 297 721 307 706 311 689 310 547 733 67.177849 142.441864 56.589149 -0.161099 0.005900 0.041420 3.587403 -31.199337 535.570374 -29.588415 -32.552608 535.875854 36.763222 -29.846067 535.264832
522 303 536 295 554 294 569 303 553 308 537 308 651 303 666 295 684 296 699 305 684 310 667 309 1098 883 -42.347378 172.602783 55.934036 -0.121955 0.051794 0.017893 -7.795016 -30.679089 536.071289 -40.950050 -31.166737 537.822144 25.360020 -30.191441 534.320435
524 303 538 294 556 293 570 302 555 307 538 308 652 303 667 294 685 295 700 304 685 309 668 308 1303 857 -83.115417 167.620132 54.176159 -0.119590 0.044954 0.015441 -7.034895 -31.092299 537.765503 -40.202251 -31.514469 539.284729 26.132460 -30.670126 536.246338
525 299 539 290 558 289 572 299 556 304 540 305 654 300 669 291 688 291 703 301 687 306 670 305 839 415 9.042716 79.692307 48.884972 -0.064579 0.070121 0.020146 -6.056863 -32.332798 531.608337 -39.173374 -32.925564 533.954590 27.059649 -31.740030 529.262085
529 296 544 287 563 287 577 296 561 302 544 302 660 298 675 288 694 289 709 300 693 305 676 304 325 277 111.213707 51.938484 49.531765 -0.043482 0.085928 0.029106 -3.457081 -32.925610 525.211365 -36.525360 -33.828465 528.080811 29.611197 -32.022758 522.341980
526 300 540 291 558 290 573 299 557 304 541 305 654 300 669 291 687 291 702 301 687 306 670 305 1313 479 -85.191986 92.755936 47.117649 -0.043596 0.063699 0.009212 -5.905577 -32.271717 533.913147 -39.041649 -32.531219 536.032776 27.230495 -32.012218 531.793457
527 302 541 293 559 292 573 301 558 306 542 307 655 301 669 293 687 293 702 303 687 307 670 306 1365 431 -95.542801 83.290779 45.905403 -0.065329 0.051101 0.009633 -5.683612 -31.599976 537.130554 -38.843555 -31.864084 538.835815 27.476332 -31.335869 535.425232
529 299 544 290 562 290 576 299 561 304 544 305 659 300 674 291 692 291 707 301 692 306 675 305 795 355 17.777630 67.771896 48.048473 -0.034712 0.081012 0.020034 -3.870841 -32.061295 528.720459 -36.960110 -32.678967 531.418335 29.218426 -31.443621 526.022583
527 291 542 281 560 280 574 289 559 295 542 296 657 290 672 281 690 281 705 291 690 297 673 296 1128 25 -48.512699 2.678909 39.866863 0.002328 0.320496 0.018285 -5.100973 -35.012253 505.293365 -36.609520 -35.621326 515.752808 26.407576 -34.403183 494.833923
539 305 554 296 571 295 586 303 570 308 554 309 666 304 681 296 699 296 714 305 698 309 682 308 696 522 37.501637 100.769630 51.755932 -0.503001 0.008098 0.006572 0.667136 -30.231491 535.567139 -32.535908 -30.374407 535.878540 33.870182 -30.088575 535.255737
561 303 577 294 596 294 612 303 595 309 577 309 702 306 718 297 738 298 754 309 737 314 719 313 930 863 -8.947113 168.504181 56.610100 0.000281 0.104078 0.041563 14.830338 -26.929310 489.210968 -18.166170 -28.306999 492.659424 47.826847 -25.551620 485.762482
560 304 575 297 593 297 608 304 592 310 575 310 698 306 713 299 732 299 748 307 732 313 714 312 1217 868 -66.012703 169.728775 54.915325 -0.050806 0.174862 0.033944 13.113385 -27.273914 496.250000 -19.566158 -28.247509 502.051636 45.792927 -26.300318 490.448334
585 306 601 296 621 296 637 307 619 312 601 312 728 310 744 301 763 302 778 314 762 319 744 317 420 607 92.401001 117.380760 55.047970 0.007151 -0.037022 0.039239 26.768341 -24.984140 485.550903 -6.388165 -26.282032 484.317535 59.924847 -23.686251 486.784271
553 302 568 292 587 292 602 303 585 308 568 308 691 307 708 297 728 299 744 310 727 315 709 313 1263 373 -75.274765 71.719185 45.467121 -0.061146 0.246819 0.062533 9.823217 -26.719717 482.686249 -22.311401 -28.523317 490.851593 41.957836 -24.916115 474.520905
579 296 595 286 615 287 631 297 614 303 595 303 722 300 738 290 758 291 773 301 757 307 739 306 608 97 54.900314 16.515938 44.437820 0.049173 -0.140631 0.027142 23.878027 -29.341927 476.629181 -8.986856 -30.125126 471.955261 56.742912 -28.558729 481.303131
580 296 597 287 617 287 633 298 615 304 597 303 724 300 740 291 760 291 775 301 759 308 741 307 262 182 123.718399 33.069942 48.165791 0.060720 -0.148680 0.027007 24.615290 -28.963238 473.770203 -8.211241 -29.706505 468.827942 57.441822 -28.219973 478.712463
584 303 601 294 620 294 636 304 618 309 600 309 727 308 743 299 762 300 777 311 761 316 743 315 268 744 122.656464 144.392990 58.530235 0.051461 -0.026840 0.041112 26.442856 -26.409075 488.023987 -6.721951 -27.750128 487.098419 59.607666 -25.068020 488.949585
537 309 552 300 570 300 585 309 569 315 552 316 674 311 691 302 711 303 728 313 711 319 692 318 1190 449 -60.741802 86.713310 47.328384 -0.084409 0.313889 0.045789 1.973968 -23.774900 475.881592 -29.575212 -24.832212 486.181641 33.523148 -22.717588 465.581543
586 305 603 295 623 295 639 305 621 311 603 311 730 307 746 297 765 298 780 309 764 314 746 313 193 612 137.538589 118.185883 56.554176 0.000158 -0.106824 0.013953 27.619150 -26.096447 482.267151 -5.393162 -26.558580 478.726929 60.631462 -25.634312 485.807404
570 299 587 291 607 291 624 299 606 304 587 304 711 301 728 293 747 294 764 303 747 308 729 306 824 51 11.940385 7.580765 42.241272 0.132544 -0.035348 0.019478 20.370390 -29.446205 495.425018 -12.807424 -30.013245 494.212280 53.548203 -28.879166 496.637787
571 306 587 297 606 297 622 307 605 312 587 312 713 310 729 301 748 302 763 312 747 317 729 316 822 674 12.483397 130.979858 53.784557 0.033490 -0.035628 0.032576 19.910858 -25.188408 487.313599 -13.255275 -26.249662 486.113159 53.076988 -24.127151 488.514038
585 304 602 296 621 296 637 306 620 311 601 311 728 311 744 302 762 304 777 314 761 319 744 317 533 647 69.941536 125.395981 55.084599 0.027817 -0.060141 0.052103 26.839970 -25.252867 487.480225 -6.259784 -26.953136 485.461548 59.939724 -23.552595 489.498871
600 297 618 287 638 287 653 299 635 304 617 304 743 304 758 294 777 295 791 307 776 312 758 311 91 219 157.728470 40.259167 49.915524 -0.024459 -0.184038 0.041384 33.878849 -28.291286 481.948303 1.263011 -29.731670 475.890900 66.494690 -26.850903 488.005676
566 295 582 286 602 286 617 296 600 302 582 302 707 299 723 289 743 290 758 300 742 306 724 305 807 175 15.349572 32.128193 44.642200 0.005294 0.212593 0.037054 16.652395 -29.947889 482.513428 -15.782262 -31.187342 489.514618 49.087051 -28.708437 475.512268
567 301 582 295 600 296 615 305 599 309 582 308 705 307 721 299 739 299 754 306 738 312 721 312 980 666 -18.935013 129.524200 52.652534 0.027342 0.194036 0.033464 16.251835 -27.438059 494.251892 -16.311424 -28.629717 500.637329 48.815094 -26.246401 487.866486
580 298 597 289 617 290 633 300 615 305 597 305 723 302 739 292 759 293 775 302 758 309 740 308 421 295 92.129372 55.582176 49.267075 0.066431 -0.159037 0.025782 24.555431 -28.296465 474.662292 -8.219514 -28.973253 469.379822 57.330379 -27.619677 479.944763
570 300 587 290 607 290 622 301 605 306 587 306 712 304 728 294 748 295 763 306 747 312 729 310 795 146 17.728874 26.374224 44.180183 0.008160 0.190629 0.039674 18.997063 -27.609251 481.195648 -13.580287 -28.944044 487.480103 51.574413 -26.274456 474.911224
583 302 600 292 620 292 636 303 618 308 600 308 727 306 743 297 762 298 777 309 761 314 743 313 310 335 114.209824 63.414593 50.698677 0.035216 -0.140752 0.034599 26.151859 -26.484543 479.173798 -6.704814 -27.547009 474.497284 59.008533 -25.422077 483.850311
584 299 601 289 621 290 637 301 619 306 600 306 728 304 744 294 764 296 779 307 763 313 744 311 291 6 117.911011 -1.767591 44.727684 0.018069 0.201607 0.041277 25.589882 -27.030741 475.316803 -6.914329 -28.451870 481.951294 58.094093 -25.609613 468.682343
582 301 599 291 619 292 634 302 617 307 598 307 725 306 741 296 760 297 776 308 759 314 741 312 389 111 98.449295 19.110262 46.060780 0.045865 -0.163694 0.038160 25.233891 -26.621769 475.789276 -7.503060 -27.758141 470.352325 57.970840 -25.485397 481.226227
510 227 525 217 544 217 558 227 542 233 525 233 640 230 655 220 673 221 688 233 673 238 656 236 1223 207 -67.359940 38.806087 42.643803 0.013399 0.004543 0.035346 -13.297185 -68.796402 536.742981 -46.480915 -69.970772 536.885925 19.886547 -67.622032 536.600037
523 235 537 225 555 224 569 234 554 239 537 240 651 235 665 226 684 227 698 238 683 243 666 241 1097 139 -42.322102 25.234161 42.169895 -0.063186 0.072370 0.030211 -7.806925 -66.276245 541.991455 -40.909718 -67.201851 544.422058 25.295868 -65.350639 539.560852
518 234 533 225 551 225 566 234 550 239 533 239 649 237 664 229 682 230 697 241 681 245 665 243 768 631 23.210665 122.418564 53.324978 -0.173858 0.016223 0.042580 -9.033699 -65.251709 537.267090 -42.204136 -66.611259 537.925476 24.136736 -63.892155 536.608765
558 228 574 219 592 219 607 229 591 235 573 235 687 232 701 223 718 224 731 235 717 240 701 239 166 124 142.793396 21.503248 47.690144 -0.041396 -0.233836 0.002308 11.353943 -67.525070 535.020325 -20.947231 -67.760933 527.330200 43.655117 -67.289200 542.710449
538 244 552 234 569 233 583 241 568 248 553 249 665 238 679 228 698 228 713 238 698 244 681 243 883 13 0.200026 0.102065 41.170517 -0.068364 0.187058 -0.006042 -0.545597 -63.109837 537.077209 -33.170795 -62.698929 543.240601 32.079597 -63.520744 530.913818
549 245 564 235 583 234 597 244 581 249 564 250 680 244 694 236 712 237 726 247 711 252 695 250 387 746 98.995110 144.886261 57.826172 0.128031 -0.008879 0.010506 6.896378 -60.959625 537.814026 -26.305298 -61.288673 537.497742 40.098053 -60.630577 538.130310
522 249 536 240 553 240 566 248 552 253 536 254 649 249 664 241 682 242 697 251 682 256 665 255 1172 777 -57.086185 151.667221 53.511288 -0.082700 0.148232 0.034646 -8.694314 -58.590298 537.447205 -41.515358 -59.531940 542.392090 24.126730 -57.648659 532.502319
521 249 534 240 551 239 565 248 550 253 535 254 647 248 662 240 679 241 694 250 679 255 663 254 1415 658 -105.431793 128.294601 49.795467 -0.059023 0.158963 0.027209 -9.836887 -58.908298 538.197876 -42.610939 -59.651955 543.476868 22.937164 -58.164646 532.918823
519 241 534 232 552 232 566 242 551 247 534 247 650 245 665 237 683 238 698 248 682 253 665 251 995 425 -21.973818 81.800369 48.098557 0.020214 0.069707 0.048267 -8.679150 -60.137016 528.015320 -41.764687 -61.761078 530.310791 24.406387 -58.512955 525.719849
528 244 542 234 560 234 574 244 558 249 542 250 656 246 671 236 690 237 704 248 689 253 672 252 1114 172 -45.694664 31.784510 42.674809 0.005197 0.170842 0.040246 -5.179241 -59.110756 525.425598 -37.873898 -60.454967 531.065796 27.515417 -57.766544 519.785339
557 243 572 233 591 233 606 244 589 249 572 249 689 246 703 236 721 237 735 248 720 254 704 253 240 237 128.105682 43.946114 49.320770 0.033843 -0.158170 0.015718 11.236134 -58.672646 521.768005 -21.550146 -59.103588 516.530273 44.022415 -58.241707 527.005737
537 240 552 231 570 232 584 242 568 247 551 247 667 247 682 238 700 240 715 251 699 255 682 254 1279 288 -78.476021 54.895866 43.794250 0.022080 0.136147 0.071663 -0.102359 -59.093147 524.101440 -32.914955 -61.512936 528.577759 32.710239 -56.673359 519.625061
537 243 552 234 570 235 583 244 568 249 551 249 667 249 682 241 700 243 714 253 699 257 682 255 1284 403 -79.443390 77.678574 45.891598 0.006821 0.115705 0.068079 -0.086649 -58.521729 528.643372 -32.992699 -60.788559 532.466064 32.819401 -56.254898 524.820679
539 241 554 232 572 232 586 243 570 247 553 247 669 247 684 239 703 240 717 251 702 256 685 254 881 239 0.650425 44.865383 45.365906 0.023085 0.123927 0.071289 1.115546 -59.043880 525.337341 -31.750509 -61.450161 529.410645 33.981602 -56.637604 521.264038
538 239 553 230 571 230 585 241 569 246 552 246 668 246 683 237 702 238 716 249 700 254 683 252 1056 81 -34.183239 13.712350 41.351730 0.027851 0.163692 0.069649 0.458896 -59.302788 520.871094 -32.221931 -61.678478 526.244995 33.139725 -56.927097 515.497131
569 238 585 229 604 230 618 240 602 245 585 245 701 246 715 237 732 238 745 249 731 254 715 253 49 141 166.061508 24.775040 48.733414 0.019866 -0.179697 0.048396 17.313545 -60.035614 525.166260 -15.317950 -61.574135 519.218323 49.945042 -58.497089 531.114197
561 241 577 232 595 233 610 243 593 248 576 247 693 248 708 239 725 240 739 251 724 256 708 254 235 438 129.146759 83.755112 53.072128 0.040725 -0.131527 0.046093 13.343401 -58.931114 525.302307 -19.539494 -60.367474 520.919189 46.226295 -57.494751 529.685425
540 239 555 229 574 230 588 241 571 246 554 246 671 245 686 236 705 237 719 249 703 253 686 252 958 103 -14.691895 17.990023 42.369221 0.030661 0.137048 0.065741 1.813499 -59.507164 520.766785 -31.008501 -61.750980 525.265808 34.635498 -57.263344 516.267761
540 246 555 237 573 238 587 247 571 252 554 252 670 251 685 243 703 245 717 255 702 259 685 257 983 770 -19.507269 150.126450 54.558739 0.025619 0.057436 0.060933 1.634965 -57.976212 533.528625 -31.453510 -60.021320 535.407410 34.723442 -55.931103 531.649780
555 245 571 237 589 237 603 246 587 251 570 251 687 251 702 243 720 244 733 254 718 259 702 257 368 704 102.763245 136.551605 57.167137 0.096167 -0.025896 0.052168 10.182854 -57.894276 530.127747 -22.965702 -59.581554 529.186462 43.331409 -56.207001 531.068970
550 293 564 285 581 285 594 292 580 297 564 298 673 294 687 287 703 288 716 297 702 301 687 300 191 776 137.974533 150.668549 59.602036 -0.299566 0.020269 0.031539 4.669109 -38.266731 576.618286 -28.512547 -39.198090 577.436768 37.850765 -37.335377 575.799744
545 293 559 284 575 284 588 292 574 297 559 298 666 293 680 286 696 287 710 296 696 300 681 299 1220 236 -66.756653 44.547817 43.199234 -0.227640 0.009558 0.021028 1.311390 -38.593468 578.438782 -31.884604 -39.249641 578.832520 34.507385 -37.937294 578.045044
546 294 560 285 576 285 589 293 575 298 560 298 668 295 681 287 698 288 711 298 697 302 682 300 822 309 12.398249 58.682484 47.028934 -0.247018 0.019570 0.029688 2.018289 -37.886223 576.703979 -31.165642 -38.781952 577.468201 35.202221 -36.990490 575.939758
548 295 562 287 579 286 592 295 577 300 562 300 671 297 685 290 702 291 715 301 701 305 686 303 197 651 136.752335 125.914070 57.251099 -0.285027 0.032531 0.041885 3.600984 -36.264214 570.484741 -29.557459 -37.482738 571.746704 36.759426 -35.045692 569.222839
543 297 557 288 573 287 587 295 572 301 557 301 665 297 679 289 695 290 708 299 694 304 679 302 1372 563 -96.903885 109.442390 48.304939 -0.199513 0.006505 0.018516 0.517940 -36.596111 576.989868 -32.680500 -37.185352 577.265564 33.716381 -36.006870 576.714172
549 292 564 283 581 283 594 292 579 297 564 297 673 295 687 287 704 288 717 298 703 303 687 301 92 32 157.486008 3.219956 46.448196 0.011679 -0.019951 0.037868 4.712992 -37.447067 567.625549 -28.461411 -38.700188 566.955994 37.887394 -36.193947 568.295166
539 295 553 286 570 285 584 294 569 300 553 300 662 296 675 287 692 288 706 298 692 303 676 302 1179 163 -58.621292 30.054880 42.103439 -0.019753 -0.006999 0.019342 -1.195732 -36.715046 569.285461 -34.393520 -37.359516 569.059448 32.002056 -36.070576 569.511536
539 295 553 286 570 285 583 294 569 299 553 300 662 296 675 288 692 289 706 298 692 303 676 302 960 65 -15.098437 10.464805 41.653439 -0.017750 0.000051 0.022765 -1.283665 -36.825771 570.474365 -34.479874 -37.581558 570.482788 31.912544 -36.069984 570.465942
538 297 552 288 569 288 583 296 568 301 552 302 662 298 676 290 693 291 706 301 692 305 676 304 512 464 74.074463 89.131119 51.828312 -0.145064 0.014757 0.029493 -1.520690 -35.747181 569.734558 -34.707478 -36.687405 570.293701 31.666100 -34.806957 569.175476
536 297 550 288 567 287 581 296 566 301 550 302 659 297 673 289 690 290 703 300 689 304 674 303 925 321 -8.079357 61.143440 46.609596 -0.006787 0.002836 0.021076 -2.733891 -35.866333 568.888855 -35.931194 -36.565769 568.985413 30.463415 -35.166897 568.792358
531 298 545 288 562 288 576 297 561 302 545 302 654 298 668 289 685 290 698 300 684 304 668 303 1316 41 -85.890678 6.001536 38.992214 -0.053086 0.003531 0.013630 -5.516777 -35.304642 566.244934 -38.718300 -35.753883 566.374146 27.684746 -34.855404 566.115784
531 300 545 292 562 291 575 299 561 305 545 305 655 301 668 293 685 294 699 303 685 307 669 306 818 599 13.261256 116.120972 52.421326 -0.170760 0.018424 0.021044 -5.492698 -34.238350 571.087341 -38.684555 -34.881523 571.755615 27.699160 -33.595177 570.419128
530 300 544 291 561 291 574 299 560 304 544 305 653 300 667 292 684 293 697 302 683 307 668 306 1158 478 -54.372192 92.431366 48.064415 -0.053685 0.010565 0.016389 -6.156023 -34.383156 570.530884 -39.354527 -34.917625 570.896118 27.042479 -33.848682 570.165710
531 299 545 290 562 290 575 298 561 303 545 304 654 299 668 292 685 293 699 302 684 306 669 305 581 340 60.325653 64.626129 49.103546 -0.001154 0.021221 0.023936 -5.625227 -34.723240 568.524597 -38.813053 -35.517494 569.229553 27.562599 -33.928986 567.819641
529 298 543 289 560 288 574 297 559 303 543 303 652 298 666 289 683 290 696 300 682 305 667 304 1359 142 -94.417191 26.042204 40.593796 -0.007532 0.021867 0.012602 -6.608226 -35.010990 564.307373 -39.802464 -35.426647 565.034912 26.586012 -34.595333 563.579773
534 302 548 293 565 292 579 301 564 306 549 306 658 302 672 295 689 296 702 306 688 309 672 308 578 710 61.008480 137.911438 55.970394 -0.190079 0.020297 0.027804 -3.573532 -33.193882 569.595703 -36.758732 -34.047520 570.352966 29.611668 -32.340244 568.838440
535 299 549 290 566 289 580 298 565 303 549 304 659 300 673 292 690 294 704 304 689 308 674 306 93 305 157.350861 57.295246 51.494804 -0.053228 0.035732 0.036052 -3.105452 -34.107101 564.957031 -36.267509 -35.271542 566.174316 30.056604 -32.942657 563.739807
535 304 549 295 566 295 579 303 565 308 549 308 658 304 672 297 689 298 702 308 688 311 672 310 446 822 87.281342 159.988113 58.865395 -0.226728 0.025612 0.029909 -3.486705 -32.150528 571.092163 -36.665890 -33.038940 572.047180 29.692480 -31.262114 570.137146
534 299 548 290 565 290 579 299 564 304 548 304 658 300 672 292 689 293 702 303 688 308 672 306 423 181 91.705101 33.003262 47.144642 -0.015870 0.032227 0.030237 -3.733449 -33.871567 563.816711 -36.905846 -34.866730 564.894409 29.438948 -32.876408 562.739075
533 301 547 292 563 292 577 300 562 305 547 306 656 302 670 294 687 296 701 305 686 309 671 308 259 433 124.373466 82.784317 52.830124 -0.142764 0.034043 0.030794 -4.667690 -33.358589 569.209717 -37.837585 -34.296719 570.408691 28.502205 -32.420456 568.010681
566 383 581 374 598 374 613 382 597 387 581 388 695 385 709 377 726 378 740 388 726 392 709 391 617 381 53.177017 72.776581 49.638203 -0.441722 0.024937 0.036558 14.944326 11.106876 547.779114 -18.228504 10.112342 548.843933 48.117157 12.101411 546.714294
566 400 581 391 598 391 613 400 597 405 580 406 693 403 707 395 724 396 737 406 723 410 707 409 322 47 111.756569 6.378784 45.293480 -0.365689 -0.018265 0.033618 14.587072 20.773209 556.268250 -18.593712 19.572273 555.877197 47.767857 21.974144 556.659363
527 403 540 397 555 396 568 401 554 407 540 408 647 400 661 395 677 395 692 401 678 406 662 406 1317 506 -85.981041 98.107231 47.592468 -0.372474 0.100906 0.005574 -9.340280 21.037212 574.162781 -42.377625 21.472994 577.464783 23.697067 20.601431 570.860718
545 412 559 402 575 402 588 409 574 415 559 416 668 410 682 402 699 404 713 413 698 417 682 416 696 464 37.488106 89.281281 50.682434 -0.456888 0.067160 0.023190 1.787467 26.153091 571.871277 -31.335016 25.910654 574.195496 34.909950 26.395527 569.547119
548 414 561 405 578 405 591 412 577 418 561 419 670 413 683 405 700 406 714 416 699 420 684 419 1413 612 -105.044846 119.181526 48.956528 -0.411140 0.054426 0.018460 2.951621 27.887959 574.393066 -30.199139 27.658653 576.273010 36.102379 28.117264 572.513123
561 412 575 403 592 403 605 412 590 416 574 417 684 416 698 408 715 410 728 421 714 424 698 422 427 282 90.933311 53.012100 48.989098 -0.380772 0.049434 0.062088 10.619326 28.217989 569.869995 -22.482225 26.516552 571.857910 43.720879 29.919428 567.882019
555 417 569 408 585 407 598 416 584 421 569 421 677 418 691 411 708 412 721 422 707 426 691 424 1155 440 -53.784538 84.902069 47.379772 -0.386732 0.038941 0.042067 7.058669 30.158415 572.603455 -26.092279 29.043758 574.130493 40.209618 31.273069 571.076416
552 418 566 410 583 410 596 418 581 423 566 423 675 421 689 414 706 415 719 425 705 428 689 427 805 675 15.863891 131.164062 53.908936 -0.407890 0.049369 0.047254 5.751447 31.360313 571.929138 -27.376928 30.165205 573.837585 38.879822 32.555424 570.020752
549 417 563 409 580 409 593 417 578 422 563 422 672 420 687 413 703 414 717 424 703 428 687 426 430 390 90.361984 74.406647 50.969337 -0.380173 0.055076 0.048706 4.258036 30.691059 569.183472 -28.858145 29.457201 571.270508 37.374218 31.924917 567.096436
543 420 557 411 574 411 587 419 572 424 557 424 665 421 679 414 695 415 709 424 695 428 679 427 1153 484 -53.376598 93.615738 48.206604 -0.359969 0.034452 0.035021 0.479409 31.773956 575.353760 -32.685776 30.840151 576.679749 33.644592 32.707760 574.027771
545 421 559 412 575 412 588 420 574 425 559 425 667 422 681 415 697 416 711 426 697 430 681 428 904 532 -3.854518 102.920128 50.645683 -0.385148 0.043594 0.040710 1.520653 32.449440 575.050537 -31.625837 31.406872 576.718750 34.667141 33.492008 573.382324
544 418 558 409 574 409 587 418 573 423 557 423 666 420 680 412 696 414 710 423 696 428 680 426 995 27 -22.066664 2.966518 40.732147 -0.262199 0.046282 0.037466 0.878677 31.049229 572.190308 -32.267620 30.020372 573.870789 34.024975 32.078087 570.509827
546 418 560 409 577 409 590 418 575 423 560 423 669 421 682 413 699 414 713 424 699 428 683 427 671 81 42.369732 13.398152 43.749348 -0.288573 0.054941 0.044003 2.336679 31.246284 570.425476 -30.786476 30.067844 572.432373 35.459835 32.424725 568.418640
547 424 561 415 577 415 591 423 576 428 561 428 669 426 683 419 699 420 713 429 698 433 683 432 1188 700 -60.285568 136.428497 51.986488 -0.365280 0.037277 0.040023 2.583433 34.275280 574.851990 -30.572277 33.199829 576.301819 35.739143 35.350731 573.402161
550 419 564 410 581 410 594 419 579 424 564 424 673 422 687 415 704 416 717 426 703 430 687 429 329 11 110.356300 -0.746204 44.583580 -0.231845 0.074337 0.052028 4.489955 31.782299 567.925415 -28.578876 30.357185 570.567566 37.558788 33.207417 565.283264
546 427 560 418 577 418 590 426 575 431 560 432 668 429 681 422 698 423 711 433 697 437 682 435 858 782 5.350391 152.401337 55.559292 -0.422011 0.043091 0.044938 2.020570 36.209469 576.909302 -31.120859 35.059517 578.607239 35.161999 37.359421 575.211365
554 426 568 417 585 417 598 426 583 430 568 431 676 429 690 422 706 423 720 433 705 437 690 435 623 491 52.009644 94.569733 51.636780 -0.380779 0.050334 0.054769 6.502472 35.939941 575.968201 -26.611624 34.480877 577.939819 39.616570 37.399010 573.996582
552 422 566 414 583 414 596 423 581 427 566 427 674 426 688 418 704 420 718 430 703 434 688 432 555 2 65.416611 -2.344440 43.009571 -0.277764 0.058493 0.051705 5.399261 34.088867 574.852051 -27.705063 32.663601 577.004272 38.503582 35.514133 572.699829
550 426 564 417 581 417 594 426 579 431 563 431 672 429 686 422 703 424 716 433 702 437 686 435 446 537 87.214859 103.536728 53.590454 -0.368956 0.049650 0.054890 4.309673 35.941570 575.259033 -28.805260 34.462223 577.201294 37.424606 37.420918 573.316772
545 425 559 416 575 416 588 425 574 430 559 430 665 427 679 419 696 421 709 430 695 434 680 433 1417 183 -105.940277 34.210613 40.991447 -0.245247 0.029984 0.034482 1.032725 35.312214 579.422852 -32.137600 34.300549 580.547852 34.203053 36.323875 578.297852
551 390 564 382 579 381 591 389 578 394 564 394 662 392 674 385 689 387 702 396 689 399 675 397 432 112 89.899460 19.343430 45.811504 -0.437515 0.008462 0.043082 0.848231 17.268427 631.153442 -32.325092 15.944046 631.733398 34.021553 18.592806 630.573486
553 396 566 388 581 388 593 395 580 400 566 400 664 398 676 393 691 394 703 403 690 406 676 404 754 870 26.050163 169.747070 57.835712 -0.438997 0.005951 0.047934 2.005028 21.187284 631.416687 -31.161676 19.689545 631.951660 35.171730 22.685024 630.881775
568 397 581 389 597 389 609 397 596 402 581 402 680 401 692 395 707 396 718 405 706 409 693 407 4 518 175.097214 99.412590 55.991383 -0.336242 -0.072722 0.047847 11.651518 22.311562 625.685242 -21.428745 20.352663 623.583191 44.731781 24.270458 627.787292
537 403 549 395 564 395 576 402 563 407 549 408 647 403 660 396 676 397 689 406 675 409 661 408 1130 590 -48.778576 114.592918 50.311745 -0.340189 0.067365 0.023944 -7.640555 24.106880 620.895874 -40.761356 23.704388 623.221802 25.480247 24.509373 618.569946
538 405 550 397 565 397 577 404 564 409 550 409 648 405 661 398 676 399 689 407 676 411 661 410 1102 759 -43.171661 148.044739 53.614063 -0.333551 0.064599 0.023377 -7.367112 25.302219 623.639404 -40.494324 24.895189 625.871338 25.760099 25.709248 621.407410
547 400 560 392 575 392 588 400 574 405 560 405 659 403 672 395 688 396 700 406 687 409 672 408 705 272 35.653767 51.258224 47.072742 -0.250364 0.034505 0.037771 -0.944494 23.088867 617.369751 -34.106091 21.990944 618.659180 32.217102 24.186789 616.080322
548 400 561 391 577 391 589 400 575 404 561 404 661 403 674 395 689 397 702 406 688 410 674 408 381 153 100.049805 27.422884 46.887962 -0.226036 0.042747 0.044452 -0.101658 22.949291 615.950195 -33.243614 21.646442 617.522705 33.040302 24.252142 614.377686
564 398 578 390 594 390 606 399 592 403 577 404 678 402 690 394 705 396 717 405 704 409 690 408 12 16 173.389389 -0.014532 46.650265 -0.196283 -0.082435 0.040124 9.847851 22.439060 613.589661 -23.217957 20.849562 611.004028 42.913658 24.028561 616.175293
548 400 561 392 577 392 590 401 576 405 561 405 661 403 674 395 690 396 703 405 689 410 675 409 1343 170 -91.229233 31.575247 41.211674 -0.145928 -0.000509 0.033308 0.316964 23.080334 610.668518 -32.869461 21.977226 610.732239 33.503387 24.183441 610.604858
553 404 567 396 583 396 595 404 581 409 566 409 667 408 681 401 696 402 709 411 695 415 681 413 63 793 163.429871 153.931366 60.713810 -0.271173 0.027639 0.052258 3.575034 25.595083 612.350647 -29.572130 24.005709 613.490417 36.722198 27.184456 611.210876
549 401 562 393 579 393 591 402 577 406 562 407 663 404 676 396 692 397 704 407 691 411 676 410 1088 49 -40.553547 7.400065 40.560173 -0.138674 -0.014657 0.035011 1.170453 23.685734 605.561340 -32.010483 22.493521 605.156799 34.351391 24.877949 605.965881
553 405 566 397 582 397 594 405 580 410 566 410 666 408 679 401 695 403 707 412 694 415 679 414 433 699 89.837555 135.614273 56.669800 -0.232293 0.016834 0.046681 3.039351 26.166441 614.433960 -30.124769 24.695549 615.166870 36.203472 27.637333 613.701050
548 404 562 395 578 396 590 404 576 409 561 409 662 406 675 399 691 400 703 409 690 413 675 412 1338 304 -90.203781 58.113216 43.722961 -0.151144 -0.006497 0.032504 0.600318 25.002827 606.942566 -32.586288 23.911568 606.809082 33.786926 26.094088 607.076050
660 410 672 400 687 398 701 405 688 412 674 414 780 395 792 384 808 382 823 388 810 396 795 398 65 268 162.909714 49.943623 50.984360 -0.116654 0.649524 -0.125734 53.716141 17.716705 492.227509 27.508839 22.796011 511.974335 79.923439 12.637398 472.480682
550 403 564 394 580 394 592 403 578 408 563 408 664 406 677 398 693 399 706 409 692 413 678 411 561 57 64.236412 8.554582 43.990173 -0.134021 0.028597 0.039880 1.802499 24.552147 604.320740 -31.362400 23.295944 605.355652 34.967400 25.808350 603.285828
546 402 560 394 575 394 588 402 574 407 559 407 659 404 672 396 688 397 700 406 687 410 673 409 1009 156 -24.820314 28.529619 43.032566 -0.139344 0.010373 0.026636 -0.843811 23.956598 612.543335 -34.035080 23.099083 612.948120 32.347458 24.814114 612.138550
544 405 557 397 573 397 585 405 572 409 557 410 656 406 669 399 685 400 697 409 684 413 670 411 1220 584 -66.675476 113.477921 49.640213 -0.226277 0.009720 0.022469 -2.477056 25.681828 620.301025 -35.671963 24.978544 620.705017 30.717850 26.385111 619.897034
559 411 573 403 588 403 601 411 587 415 572 415 673 413 685 407 700 408 712 416 700 420 686 419 110 838 154.094940 162.883102 61.253998 -0.171824 -0.045848 0.038161 6.901178 29.433487 616.690369 -26.244720 28.042904 615.284973 40.047077 30.824070 618.095825
553 410 567 401 583 401 595 410 581 414 567 415 667 412 679 404 695 405 707 414 694 418 680 417 1180 383 -58.768806 73.632195 46.169094 -0.147579 -0.114741 0.027370 3.570361 28.169418 607.614502 -29.404123 26.985716 603.894043 36.544846 29.353121 611.335022
556 411 570 404 586 404 598 412 584 416 570 416 670 414 683 407 698 408 710 417 697 421 683 420 123 796 151.500229 154.574554 60.395679 -0.150097 -0.028277 0.039733 5.248887 29.821064 614.459473 -27.916521 28.436884 613.623230 38.414295 31.205246 615.295715
568 248 583 240 601 240 615 249 599 254 582 254 700 254 715 247 734 249 748 259 732 263 716 261 858 564 5.299536 109.220985 51.524426 -0.270714 0.067218 0.075924 16.569975 -56.288357 530.152161 -16.465307 -58.474419 532.692017 49.605255 -54.102295 527.612305
561 254 576 245 594 245 608 253 592 258 576 259 692 257 707 250 725 252 740 262 724 266 707 264 1007 756 -24.282667 147.372986 54.150158 -0.280699 0.069581 0.065951 12.864315 -54.606129 534.051270 -20.189020 -56.442165 536.633057 45.917648 -52.770088 531.469482
552 250 567 240 585 240 599 250 583 255 566 255 683 253 698 244 717 246 732 257 716 261 699 259 1249 220 -72.526718 41.402283 42.722496 -0.170701 0.080209 0.054099 8.158755 -56.365173 530.075806 -24.891155 -57.923420 532.874939 41.208664 -54.806931 527.276733
558 251 574 242 592 242 606 251 590 256 573 256 693 255 709 248 727 249 742 260 726 264 709 262 503 384 75.845352 73.277771 50.403675 -0.182544 0.066517 0.063404 12.355029 -54.410702 520.417664 -20.710072 -56.300499 522.802490 45.420132 -52.520908 518.032837
547 256 563 247 581 247 595 256 579 261 563 261 681 258 696 251 714 252 729 262 714 266 696 265 1298 639 -82.172073 124.435699 50.172432 -0.159252 0.056031 0.042586 6.541736 -52.859341 524.687378 -26.581053 -54.118507 526.650818 39.664524 -51.600174 522.723999
547 253 562 243 581 243 595 253 579 258 562 258 681 256 696 246 715 248 730 259 714 264 697 262 1437 109 -109.934319 19.569384 39.497261 0.001995 0.073284 0.041234 6.465919 -53.342770 514.977722 -26.621572 -54.712749 517.406860 39.553410 -51.972790 512.548584
550 257 566 247 585 247 600 257 583 262 566 262 686 260 702 252 721 254 737 265 720 269 703 267 681 602 40.502884 116.603386 53.330032 -0.185253 0.066991 0.057615 8.861571 -51.354549 516.150574 -24.214077 -53.048908 518.535950 41.937222 -49.660187 513.765137
552 259 568 250 586 250 601 259 585 264 568 264 688 263 704 255 723 257 738 268 722 272 704 270 226 763 131.012131 148.122147 59.143456 -0.227272 0.075361 0.065412 9.687879 -50.143864 516.706055 -23.352453 -52.010731 519.428345 42.728210 -48.276993 513.983765
547 260 562 252 580 251 595 260 579 265 562 266 680 263 696 255 714 256 729 266 713 270 696 269 1370 789 -96.453484 154.205704 52.500328 -0.132009 0.078367 0.046088 6.273197 -50.546215 522.724915 -26.794683 -51.898613 525.416748 39.341080 -49.193817 520.033142
562 254 578 244 597 244 612 254 595 260 577 260 699 258 714 249 733 251 748 261 732 266 715 265 258 280 124.536613 52.478027 50.004539 0.089774 -0.000479 0.039651 14.803362 -51.834515 509.209717 -18.375366 -53.148304 509.134766 47.982090 -50.520725 509.284637
545 263 560 254 578 255 593 264 577 268 560 268 679 268 695 261 714 262 729 273 713 277 695 275 1403 780 -103.017265 152.449966 52.128242 -0.068425 0.116330 0.069727 5.358222 -47.306530 512.444824 -27.541784 -49.480999 516.371765 38.258228 -45.132057 508.517914
555 263 571 255 590 255 604 264 588 269 571 269 691 269 707 262 726 263 741 273 725 277 707 276 767 882 23.468058 172.134567 57.976856 -0.120387 0.055793 0.066290 11.212135 -47.371880 514.962219 -21.868269 -49.453659 516.940308 44.292538 -45.290100 512.984192
554 256 571 247 590 248 605 259 588 263 570 263 693 264 710 256 729 257 744 268 728 273 710 271 159 234 144.210938 43.285786 49.769676 0.037669 0.088175 0.075952 11.256145 -48.192642 497.558960 -21.724094 -50.763393 500.432068 44.236385 -45.621895 494.685852
551 260 568 251 587 252 602 262 585 266 567 266 690 266 706 259 725 260 740 271 724 275 706 273 602 487 56.184326 93.760292 51.693523 0.052198 0.043136 0.065695 9.852135 -47.405239 502.918304 -23.250210 -49.620750 504.291595 42.954479 -45.189728 501.545013
551 262 567 254 586 254 601 263 584 268 567 268 688 268 704 260 723 262 739 272 722 277 704 275 799 628 17.045959 121.849640 53.076401 0.064878 0.034067 0.061094 9.409656 -46.928432 506.539246 -23.713984 -48.990646 507.602966 42.533295 -44.866222 505.475525
551 265 567 256 585 257 600 265 584 270 567 270 686 270 702 262 720 264 735 274 719 278 702 276 1098 879 -42.348312 171.810486 55.860001 -0.070336 0.053842 0.059791 8.864592 -46.850788 515.863647 -24.232840 -48.769558 517.717773 41.962025 -44.932018 514.009460
549 263 565 255 583 255 598 264 582 269 564 269 684 268 700 260 719 262 734 272 718 276 700 274 1290 686 -80.570404 133.738693 51.092155 -0.016269 0.048205 0.052851 7.944530 -47.360088 512.661316 -25.175367 -49.100410 514.274780 41.064426 -45.619770 511.047821
547 261 563 252 582 252 597 261 580 266 563 266 684 265 700 257 719 258 734 269 718 273 700 272 1265 365 -75.674309 70.136215 45.306595 0.024941 0.058914 0.050380 7.401267 -47.897213 505.468872 -25.703838 -49.592602 507.402069 40.506371 -46.201824 503.535675
548 262 564 253 583 253 599 263 582 268 564 268 686 267 703 259 722 261 737 272 721 276 703 274 572 535 62.160690 103.243408 52.768764 0.088075 0.031732 0.062467 8.281065 -46.801506 503.133545 -24.842333 -48.917686 504.093719 41.404461 -44.685322 502.173340
539 257 555 247 574 248 589 258 572 263 555 264 675 262 691 252 711 253 726 265 710 270 691 268 1053 98 -33.582756 17.077177 41.685059 -0.008992 0.147071 0.054434 3.098010 -49.066750 500.466644 -29.699343 -50.844898 505.338165 35.895363 -47.288601 495.595154
530 306 544 297 561 297 574 307 560 311 544 311 650 309 663 301 680 302 693 312 679 316 664 315 1272 547 -77.023727 106.191582 48.631561 -0.024803 -0.004018 0.035212 -7.231554 -30.164410 577.550232 -40.415516 -31.334913 577.431335 25.952410 -28.993904 577.669128
538 306 552 297 569 297 582 307 568 311 552 311 658 310 671 302 688 303 701 313 687 317 672 316 352 440 105.883087 84.246742 52.380516 -0.020324 -0.034828 0.043560 -2.776848 -30.007952 577.995850 -35.930035 -31.465240 576.854736 30.376339 -28.550663 579.136963
544 292 558 283 575 283 588 293 573 297 558 297 663 296 676 288 693 290 705 300 691 304 677 303 10 71 173.799896 10.877961 47.680691 -0.190702 -0.042421 0.047607 0.170008 -38.426430 590.612488 -32.967525 -40.130436 589.363586 33.307545 -36.722424 591.861328
549 289 561 282 576 282 587 288 575 293 561 294 661 290 675 284 690 285 704 293 690 297 675 295 690 73 38.589928 11.829058 43.482956 -0.354236 0.122869 0.053136 -0.005469 -42.856701 611.749878 -32.916302 -43.865196 616.041687 32.905361 -41.848202 607.458008
579 286 593 280 609 281 621 289 607 293 592 292 693 297 707 292 722 295 733 304 720 306 706 304 240 422 128.148834 80.589989 52.744850 -0.347160 0.005532 0.119936 18.857796 -40.895428 616.304688 -14.110371 -44.757381 617.167786 51.825962 -37.033470 615.441589
559 288 572 281 587 282 599 289 585 293 571 293 673 296 686 290 702 292 714 301 700 304 686 302 1352 34 -93.050514 4.644391 38.638462 -0.300247 0.069241 0.102401 6.480505 -40.832001 611.456848 -26.472839 -43.830658 614.221802 39.433849 -37.833344 608.691956
557 292 570 286 585 287 597 294 584 297 569 297 670 299 683 295 698 297 711 304 697 307 683 305 831 571 10.669819 110.585480 51.822128 -0.298500 0.075709 0.099181 5.012735 -38.927986 614.627136 -27.935844 -41.792183 617.584656 37.961315 -36.063789 611.669617
588 296 602 291 618 292 630 300 616 303 601 302 704 307 717 302 731 304 742 312 729 315 716 313 153 768 145.528534 149.052933 59.690613 -0.151642 -0.066996 0.099422 24.308336 -34.680450 608.339783 -8.658590 -38.129364 606.378601 57.275261 -31.231535 610.301025
583 298 597 291 613 292 625 301 611 304 596 303 699 310 713 304 728 307 739 317 726 320 712 317 245 865 127.257988 168.341293 60.913006 -0.294216 -0.059294 0.117921 21.352036 -32.803799 603.372620 -11.566042 -36.938976 602.008789 54.270111 -28.668617 604.736511
578 298 592 291 608 292 620 301 605 304 591 304 694 309 707 303 722 306 734 315 721 318 707 316 774 742 22.043526 144.409790 55.342064 -0.228008 -0.041650 0.105712 18.360453 -33.408920 604.845215 -14.631184 -37.038044 603.875122 51.352089 -29.779793 605.815247
574 293 588 286 604 288 616 297 602 300 587 299 691 305 704 299 720 301 732 310 718 314 704 311 375 129 101.237236 22.664186 46.481121 -0.076853 -0.056664 0.101521 16.437822 -35.538578 597.410217 -16.542933 -38.970860 595.664124 49.418575 -32.106300 599.156372
556 298 569 291 585 291 597 300 583 304 569 303 672 306 686 300 701 302 714 312 700 314 685 312 1306 424 -83.812943 81.856102 46.143269 -0.257134 0.029616 0.091421 5.619177 -34.227802 601.178284 -27.433275 -37.099792 602.537231 38.671631 -31.355816 599.819397
574 295 588 288 604 289 616 298 602 302 587 301 690 304 703 298 718 300 730 310 717 313 703 311 121 162 151.750015 28.993374 48.673710 -0.186855 -0.063986 0.083458 16.139553 -35.546616 603.800781 -16.882349 -38.494377 601.950317 49.161457 -32.598858 605.651245
562 298 576 291 592 292 604 300 590 304 575 304 679 307 693 301 708 303 720 313 707 316 692 314 536 518 69.314926 99.846756 52.678310 -0.237789 0.001863 0.094980 9.583511 -33.799183 600.560730 -23.472286 -36.911320 600.994812 42.639309 -30.687044 600.126648
561 297 574 290 590 291 603 299 588 303 574 303 677 306 691 300 706 302 718 311 705 314 690 312 720 326 32.683781 61.966518 47.978794 -0.165982 -0.002003 0.088749 8.583653 -34.533878 601.557007 -24.490711 -37.468918 601.734680 41.658016 -31.598837 601.379272
558 298 572 291 587 292 600 300 586 304 571 303 675 305 688 300 703 301 716 310 702 313 688 312 1181 289 -58.989574 55.013962 44.423061 -0.142809 -0.008500 0.078058 7.058044 -34.658543 601.244263 -26.044638 -37.259090 601.147949 40.160725 -32.057995 601.340576
558 297 571 290 587 291 600 299 586 303 571 303 674 305 688 299 703 301 715 310 702 313 687 311 1399 129 -102.373779 23.499872 40.104080 -0.076537 -0.017608 0.077374 6.908926 -34.824547 599.953125 -26.191452 -37.410896 599.467834 40.009304 -32.238201 600.438354
557 298 570 291 586 292 598 300 584 304 570 304 673 306 687 300 702 302 715 311 701 314 686 312 1193 208 -61.394539 38.979683 42.849136 -0.134975 -0.011338 0.078922 6.304180 -34.225914 600.355957 -26.795305 -36.861137 600.157532 39.403664 -31.590693 600.554443
557 300 571 292 587 292 600 301 585 305 570 305 675 307 688 300 704 302 716 313 702 315 688 313 756 259 25.509951 48.724873 46.514526 -0.233241 -0.003781 0.082139 6.899576 -33.397350 599.407532 -26.193556 -36.111626 599.599731 39.992706 -30.683073 599.215393
560 302 573 295 589 295 601 304 587 308 573 307 676 310 689 304 704 306 716 315 703 318 689 316 1007 833 -24.264706 162.624756 55.575317 -0.268579 -0.002911 0.085283 7.763279 -32.198029 604.854919 -25.321440 -35.005390 605.137329 40.847996 -29.390667 604.572510
548 253 564 243 583 244 597 253 581 259 564 259 684 258 699 249 717 251 731 262 716 267 699 265 113 216 153.353317 39.682896 49.722992 -0.284577 -0.029832 0.044431 7.705091 -53.228458 520.907715 -25.452503 -54.823204 520.139343 40.862686 -51.633717 521.676025
542 259 558 250 576 250 591 259 575 265 557 265 679 263 694 255 713 257 727 267 712 272 695 270 475 537 81.448532 103.560394 53.409855 -0.285358 -0.008987 0.043161 4.974064 -49.743153 513.989563 -28.198704 -51.198765 513.898376 38.146832 -48.287540 514.080811
545 263 561 254 580 254 594 263 578 268 561 269 681 267 696 260 714 262 728 272 713 276 696 274 191 596 137.932541 115.015053 56.270493 -0.291663 -0.022771 0.046244 6.246913 -48.289211 520.510193 -26.914108 -49.911850 519.987366 39.407936 -46.666576 521.032959
538 266 554 257 572 257 587 266 571 272 554 272 674 269 690 262 708 263 722 273 707 278 690 276 721 547 32.536495 105.741905 52.062958 -0.251169 -0.009643 0.037045 2.791698 -46.879005 517.011597 -30.388918 -48.135887 516.848511 35.972313 -45.622120 517.174683
536 262 552 253 571 253 586 262 569 268 552 268 673 266 689 257 707 259 722 269 706 274 689 273 602 72 56.087517 11.559166 44.012474 0.033870 -0.017150 0.038165 2.270518 -47.996719 509.518799 -30.905235 -49.253742 508.928162 35.446274 -46.739697 510.109436
528 265 544 256 563 256 578 265 561 271 544 271 666 268 681 260 699 261 714 271 699 276 681 275 1057 220 -34.349651 41.245590 43.918190 -0.126096 -0.034755 0.027196 -1.533182 -46.851349 510.810150 -34.705711 -47.824337 509.716400 31.639345 -45.878357 511.903900
526 270 542 261 560 260 575 269 559 275 542 275 662 272 678 264 696 265 710 275 695 279 678 278 1207 571 -64.093605 110.892334 49.480560 -0.181116 -0.020013 0.025049 -3.115219 -45.322544 514.785156 -36.303013 -46.209610 514.199524 30.072575 -44.435478 515.370850
526 272 542 263 561 263 576 272 559 278 542 278 663 275 679 268 698 269 713 280 697 284 679 282 376 878 101.213127 171.023178 60.337807 -0.257634 0.003852 0.041136 -2.683526 -43.442390 512.667725 -35.860161 -44.776470 512.969116 30.493107 -42.108311 512.366272
522 269 538 259 557 259 572 268 556 274 538 274 660 271 675 262 694 263 709 274 693 279 676 277 1058 244 -34.542892 46.000210 44.356171 -0.037063 -0.022403 0.025431 -4.420104 -45.087086 507.783447 -37.605850 -45.944954 507.055511 28.765644 -44.229218 508.511414
547 274 563 265 582 266 597 275 580 280 563 280 684 281 699 273 717 275 730 285 715 290 699 288 48 814 166.417343 158.078705 61.195904 -0.150707 -0.084153 0.052268 7.502656 -41.495949 513.034973 -25.539667 -43.432091 510.386200 40.544979 -39.559807 515.683716
520 269 537 259 556 260 571 270 554 275 536 275 658 276 675 267 694 269 709 281 693 285 675 283 791 215 18.540325 40.038136 45.482185 -0.019538 0.049941 0.071822 -5.066553 -42.729855 500.662628 -38.144402 -45.095310 502.341980 28.011295 -40.364403 498.983276
535 281 551 272 571 273 586 282 569 287 551 287 675 286 690 278 708 279 722 289 707 294 690 292 138 886 148.538651 172.413544 61.968037 0.017421 -0.055085 0.037629 2.431687 -38.089508 503.756073 -30.699270 -39.322052 501.917542 35.562641 -36.856964 505.594604
513 278 529 269 548 269 563 279 546 284 528 284 651 283 667 274 687 276 702 287 686 291 668 290 940 518 -11.015984 100.176460 50.162369 -0.037009 0.042394 0.052880 -8.655931 -38.992462 500.032806 -41.784519 -40.720539 501.471558 24.472656 -37.264381 498.594055
525 278 541 269 560 269 576 279 559 284 541 284 664 283 680 274 699 276 714 286 698 291 680 289 424 483 91.576714 92.822723 52.728001 0.020992 -0.030050 0.044042 -2.470978 -39.146389 500.435425 -35.628609 -40.597534 499.422821 30.686651 -37.695248 501.448029
513 275 529 265 548 265 564 275 547 281 529 281 651 278 667 269 687 270 702 281 686 286 668 285 922 65 -7.542560 10.433793 41.890087 0.000323 0.063679 0.036898 -8.413487 -40.466553 494.997559 -41.528416 -41.690975 497.109894 24.701441 -39.242134 492.885223
516 277 532 268 551 268 566 277 549 282 532 282 654 280 670 272 689 273 704 283 688 288 670 286 877 302 1.460477 57.340843 46.556858 0.008256 0.030241 0.038657 -7.295821 -40.163204 500.430573 -40.460648 -41.450428 501.429016 25.869007 -38.875980 499.432159
519 281 535 273 554 273 569 281 552 287 535 287 657 285 673 277 691 278 706 288 690 293 673 291 921 758 -7.182057 147.698959 54.722748 0.029519 0.010974 0.043304 -6.019518 -38.593800 506.824158 -39.191208 -40.036381 507.167145 27.152170 -37.151222 506.481171
510 279 526 269 545 268 560 278 544 283 526 284 648 281 663 272 683 273 698 284 682 288 664 287 1237 372 -70.105194 71.499893 45.610527 -0.032275 0.003129 0.028670 -10.153581 -39.932163 503.758453 -43.344585 -40.882179 503.877686 23.037424 -38.982151 503.639221
517 282 533 272 552 272 567 282 550 287 533 287 655 284 671 276 690 277 705 288 689 292 671 291 967 643 -16.355473 124.957870 52.307793 -0.092982 0.016509 0.036454 -6.868182 -38.380077 506.707916 -40.046429 -39.562981 507.311371 26.310068 -37.197174 506.104462
520 271 536 262 555 262 570 272 553 278 535 278 658 276 673 267 692 269 707 280 691 285 674 283 599 11 56.669804 -0.525857 42.902134 0.022192 0.017430 0.049643 -5.526304 -42.247940 502.786987 -38.685169 -43.901852 503.347168 27.632563 -40.594032 502.226837
503 254 520 242 543 243 560 255 541 262 521 262 659 258 677 246 700 246 718 259 700 266 679 265 999 398 -22.775471 76.455612 47.573914 0.022843 0.165019 0.036545 -6.635054 -43.722134 430.355377 -39.366734 -44.992165 435.794464 26.096628 -42.452099 424.916290
536 264 555 253 578 254 596 266 576 272 555 272 695 271 712 260 733 261 749 273 732 280 712 278 462 807 84.096420 157.030045 58.488125 0.017682 -0.143849 0.035325 8.386821 -39.241089 435.603485 -24.454405 -40.367565 430.834351 41.228046 -38.114616 440.372589
488 265 504 260 521 261 536 268 520 270 503 270 628 273 644 267 662 268 679 275 662 278 645 277 1156 834 -53.891464 162.944443 54.665916 -0.672687 -0.018903 0.043280 -20.557127 -45.284611 507.302307 -53.726292 -46.818474 507.186462 12.612039 -43.750748 507.418152
544 264 563 254 586 255 603 268 583 273 562 272 702 275 719 265 740 267 755 279 738 285 719 283 220 718 132.194672 139.203873 58.347939 0.034809 -0.223852 0.061884 11.364161 -37.442402 429.448822 -20.949238 -39.349648 422.048370 43.677559 -35.535156 436.849243
542 264 561 254 584 255 601 268 581 273 560 272 700 276 718 266 739 267 754 279 737 285 718 284 209 613 134.357407 118.397018 56.473042 0.039775 -0.216746 0.064689 10.654427 -37.244747 428.655365 -21.704676 -39.231407 421.478943 43.013531 -35.258087 435.831818
544 262 564 251 587 253 604 267 584 272 563 270 703 274 721 263 742 265 758 278 740 284 721 282 85 493 158.985428 94.526817 55.024235 0.055115 -0.240530 0.068725 11.812996 -37.462208 423.661072 -20.358541 -39.500458 415.698822 43.984531 -35.423962 431.623322
519 257 538 246 560 248 576 262 557 268 537 266 677 271 696 259 718 261 735 275 716 281 696 279 1001 158 -23.229137 28.919241 43.119404 0.076783 -0.238430 0.082141 1.425879 -38.198742 417.149109 -30.729191 -40.592556 409.219360 33.580948 -35.804928 425.078857
538 262 559 254 582 255 600 267 579 271 558 270 695 275 714 267 736 269 754 281 735 285 714 283 355 523 105.305931 100.689415 53.898045 0.112234 -0.150105 0.079696 9.762506 -38.200390 439.141693 -22.964439 -40.549679 434.043884 42.489452 -35.851101 444.239471
500 260 518 251 538 252 554 265 536 270 517 268 654 273 673 264 695 266 712 278 693 284 673 281 1399 498 -102.287697 96.589546 46.933739 -0.006734 0.277187 0.104345 -8.832256 -38.093758 423.707336 -40.591320 -41.477291 432.788818 22.926809 -34.710228 414.625885
541 269 561 259 583 260 600 273 581 278 560 278 701 280 719 269 741 270 757 283 739 289 719 288 374 831 101.599838 161.712021 59.480358 0.061575 -0.163682 0.060837 10.750750 -35.357391 427.923492 -21.949251 -37.199112 422.457428 43.450748 -33.515675 433.389526
522 261 541 249 564 250 581 264 561 270 540 270 681 270 700 257 723 258 740 272 721 279 700 277 828 311 11.205682 59.083530 47.028587 0.031227 0.176172 0.057973 2.079646 -38.784718 423.162659 -30.555767 -40.789436 428.948029 34.715057 -36.779995 417.377258
532 260 551 251 573 251 590 262 571 267 551 267 686 266 703 257 724 258 741 269 723 274 704 273 592 280 58.124428 52.750607 47.924530 -0.682611 -0.036959 0.033619 5.766830 -45.145412 476.395721 -27.398132 -46.579350 475.628448 38.931793 -43.711479 477.162964
538 266 557 256 579 257 596 269 577 274 556 274 696 276 714 266 736 268 752 280 734 286 714 284 435 676 89.434509 131.060181 56.231647 0.018134 0.002203 0.072235 8.538126 -37.362934 435.820343 -24.580017 -39.759930 435.871674 41.656269 -34.965939 435.769012
549 265 568 255 591 256 608 269 588 274 567 273 708 276 726 265 747 267 763 280 745 286 725 284 61 766 163.821243 148.581711 60.226532 0.058233 -0.131438 0.065783 13.673954 -37.337727 432.766571 -19.172937 -39.386143 428.356903 46.520847 -35.289307 437.176270
541 257 561 246 583 247 600 261 580 267 559 266 701 267 719 255 741 256 758 269 740 277 719 275 635 134 49.540295 23.866747 44.954494 0.051119 0.241457 0.061175 9.515892 -39.683308 420.982239 -22.664381 -41.896603 428.862030 41.696163 -37.470013 413.102448
540 259 560 249 582 249 600 261 580 265 559 265 696 264 713 253 734 254 752 265 734 271 714 270 719 140 32.839230 25.123751 44.542427 -0.687166 -0.033581 0.024434 10.059773 -45.656136 470.116821 -23.117519 -46.773090 469.355713 43.237064 -44.539181 470.877960
536 267 555 256 577 257 595 269 575 275 555 275 694 276 712 265 734 266 750 279 732 285 712 283 1357 735 -93.881172 143.499054 51.581825 0.016333 -0.128049 0.048328 8.273825 -37.200172 432.878204 -24.620483 -38.765133 428.626740 41.168133 -35.635212 437.129669
538 261 557 249 580 250 597 264 577 270 556 269 696 271 714 258 737 259 754 273 735 280 715 278 825 219 11.780737 40.858181 45.344482 0.040798 0.202420 0.061486 8.174814 -38.558197 424.379608 -24.289841 -40.720661 431.007538 40.639469 -36.395733 417.751648
542 262 561 251 584 252 601 266 581 272 560 271 701 273 719 261 742 262 759 276 740 283 720 281 487 421 79.035400 80.593491 51.188133 0.041447 0.029387 0.068232 10.463495 -38.124886 429.040131 -22.649740 -40.408005 429.967834 43.576733 -35.841766 428.112427
546 266 565 256 588 257 605 270 585 275 564 274 705 277 723 267 745 269 762 282 743 288 723 286 139 794 148.318344 154.191467 60.259022 0.078417 -0.079005 0.077311 12.388616 -36.780930 433.003967 -20.613646 -39.237488 430.288147 45.390877 -34.324375 435.719788
553 321 569 312 588 312 603 323 586 327 569 327 685 326 701 318 719 319 734 330 718 334 701 333 451 894 86.303940 174.253586 60.166874 -0.365181 0.005864 0.052183 9.337571 -19.042240 520.271362 -23.821980 -20.700768 520.774475 42.497120 -17.383715 519.768188
530 316 544 308 562 308 576 318 561 323 544 323 658 321 673 313 691 314 706 324 690 329 674 328 984 611 -19.743200 118.633339 51.609650 -0.146202 0.079984 0.050393 -3.941073 -21.670286 526.635193 -36.997887 -23.141478 529.399658 29.115742 -20.199093 523.870728
531 307 545 297 563 298 576 308 561 313 545 313 656 313 671 305 688 306 702 318 687 322 671 320 828 292 11.201250 55.320107 46.676922 -0.032791 0.274024 0.072300 -5.024755 -25.847559 526.157593 -36.905136 -28.067673 535.172668 26.855629 -23.627445 517.142517
503 302 518 295 533 296 547 303 532 306 517 306 622 306 636 300 652 301 665 308 651 311 636 310 890 558 -1.064708 108.058655 51.214088 -0.528661 -0.035602 0.030747 -21.741995 -31.219406 560.203674 -54.910923 -32.498291 559.339844 11.426935 -29.940519 561.067505
511 300 524 292 541 292 553 302 539 306 524 306 629 306 643 298 660 299 673 308 659 313 643 312 1434 42 -109.353432 6.295911 38.275871 -0.131315 0.070381 0.059946 -18.334391 -32.104599 568.219543 -51.397610 -33.933437 570.676941 14.728827 -30.275759 565.762207
549 305 564 298 580 299 593 308 578 312 563 311 668 314 681 307 696 308 708 317 695 322 681 320 257 708 124.835297 137.253311 57.932430 -0.122023 -0.129332 0.067339 2.947575 -29.025061 583.898376 -29.905312 -31.508827 579.765808 35.800461 -26.541294 588.031006
537 306 551 298 568 299 581 309 566 313 551 312 656 314 669 306 685 307 698 317 684 321 669 320 283 299 119.570076 56.261856 50.200512 -0.154276 -0.065187 0.062123 -3.793888 -28.779387 580.200378 -36.864433 -30.997751 578.206055 29.276659 -26.561024 582.194702
510 311 523 303 539 304 551 313 537 317 522 317 627 318 640 310 657 312 670 321 656 326 641 324 1240 818 -70.597664 159.843796 53.846664 -0.014325 0.297970 0.071176 -19.684969 -25.092066 556.155640 -51.343784 -27.348270 565.912109 11.973848 -22.835859 546.399170
502 312 516 303 533 304 545 313 531 318 516 318 621 317 634 308 651 310 665 319 651 324 635 323 1005 30 -24.054352 3.568904 40.725399 -0.014904 0.282285 0.051030 -22.460340 -24.818338 547.249573 -54.308331 -26.420195 556.506958 9.387650 -23.216484 537.992188
572 302 587 295 603 296 615 306 600 310 585 309 687 314 699 307 714 308 725 318 713 322 699 320 50 26 165.835846 1.997230 46.598701 -0.167151 -0.128990 0.091204 14.738143 -30.753967 604.395630 -18.054150 -34.112156 600.402222 47.530437 -27.395781 608.389099
566 308 580 301 596 303 608 313 593 317 579 316 682 321 695 314 710 316 721 326 708 330 694 328 190 191 138.036896 34.793858 48.780754 0.003103 -0.232454 0.105885 11.186454 -25.374882 579.832031 -20.940987 -28.840755 572.191650 43.313896 -21.909006 587.472351
558 305 572 297 589 298 601 308 586 312 571 312 674 314 687 306 703 307 715 318 702 322 687 320 204 45 135.219086 5.886334 45.991318 -0.179541 -0.069173 0.070357 7.056427 -29.438225 593.667603 -25.987324 -31.963589 591.595703 40.100178 -26.912861 595.739441
554 306 568 298 584 298 596 308 582 312 567 312 670 313 682 306 698 307 709 317 696 321 682 319 154 620 145.295166 119.738655 56.945118 -0.237565 -0.021711 0.073667 4.389482 -30.601519 609.018005 -28.717915 -33.107464 608.593567 37.496880 -28.095573 609.442383
518 307 531 299 547 299 559 308 545 313 531 313 634 311 647 304 663 305 675 314 662 319 647 317 441 328 88.160294 62.134975 49.753304 -0.188665 0.053364 0.056542 -16.218008 -30.167486 594.542725 -49.322815 -31.865368 596.478882 16.886797 -28.469604 592.606628
561 310 575 303 590 305 602 314 588 317 573 316 675 322 688 316 703 318 714 328 701 331 687 329 461 456 84.213379 87.504898 51.997849 -0.226229 -0.040695 0.111556 7.677135 -25.806957 605.259460 -25.294840 -29.623014 604.339600 40.649109 -21.990900 606.179382
506 320 518 312 533 312 545 321 532 325 518 326 620 322 633 314 650 315 663 323 649 328 634 327 1129 510 -48.598400 98.746101 48.837288 -0.106561 0.193931 0.031657 -23.358877 -22.899349 577.284241 -55.925312 -23.600111 583.725952 9.207557 -22.198589 570.842468
520 319 533 312 548 312 560 321 547 325 532 325 634 325 648 318 664 319 677 329 663 333 648 331 868 607 3.321178 117.746376 52.258015 -0.064893 0.244103 0.069187 -15.454327 -21.690601 574.591125 -47.596489 -23.700294 582.678284 16.687834 -19.680908 566.503967
557 313 571 306 588 308 600 317 585 321 570 320 674 325 687 318 702 320 713 330 700 334 686 332 175 472 141.085037 90.440697 54.075073 -0.165035 -0.104278 0.096876 6.541551 -23.491093 590.895325 -26.328245 -26.967031 587.724487 39.411346 -20.015154 594.066101
497 323 510 316 526 316 538 324 524 328 510 328 613 326 627 320 644 321 658 329 643 333 628 332 800 788 16.884445 153.542450 56.031540 -0.149229 0.150410 0.055391 -27.265520 -20.885420 579.392944 -60.045498 -22.338848 584.484131 5.514456 -19.431992 574.301758
535 313 548 305 564 306 576 316 562 320 548 319 651 320 664 312 680 314 692 323 679 328 664 326 700 115 36.611336 20.156368 44.198036 -0.092205 0.047084 0.068164 -6.453642 -25.225447 587.068420 -39.544655 -27.411036 588.732056 26.637373 -23.039860 585.404846
484 252 498 243 515 244 528 253 513 258 498 258 607 256 621 248 638 249 652 259 638 263 622 262 1343 437 -91.166946 84.461273 46.153461 -0.240259 -0.005155 0.036477 -30.682001 -58.122711 561.434875 -63.864391 -59.342487 561.410156 2.500391 -56.902939 561.459595
524 249 539 242 556 243 568 252 553 256 538 256 643 261 656 254 671 256 682 266 669 269 656 267 193 468 137.505005 89.663086 53.888943 -0.203725 -0.201569 0.067203 -11.082335 -59.482513 585.447327 -43.543007 -62.358738 579.076172 21.378336 -56.606285 591.818481
531 251 546 245 562 247 575 255 560 259 545 258 651 264 663 258 678 260 688 269 676 272 663 270 500 703 76.516281 136.461258 56.326588 -0.159084 -0.213055 0.076089 -7.131864 -57.798790 584.325745 -39.492332 -60.852379 577.540833 25.228603 -54.745201 591.110657
533 243 548 237 565 238 578 247 563 251 547 250 657 255 669 249 684 250 695 259 683 264 669 262 970 337 -17.023375 64.349365 46.625492 -0.095085 -0.209666 0.069984 -4.455822 -60.427410 565.419312 -36.853386 -63.058250 558.634338 27.941744 -57.796570 572.204346
503 239 518 232 534 232 547 241 532 246 517 245 625 248 638 241 653 243 665 253 652 257 637 255 522 161 72.015388 29.122553 46.157940 -0.242450 -0.136160 0.055227 -21.904701 -65.417892 579.789490 -54.753471 -67.771637 575.549438 10.944068 -63.064144 584.029541
539 243 555 236 572 238 585 247 570 251 553 250 663 257 677 251 692 254 703 264 690 267 676 265 255 570 125.200783 109.917328 55.390705 -0.202364 -0.205124 0.087469 -0.702279 -59.157581 560.919495 -33.087730 -62.702244 554.502502 31.683172 -55.612919 567.336426
529 248 544 241 561 243 574 252 558 255 543 254 651 261 664 255 679 258 689 268 677 271 663 268 300 826 116.312752 160.661255 59.848656 -0.235338 -0.180238 0.086480 -7.506319 -58.593002 577.349670 -40.052883 -62.117783 571.794739 25.040245 -55.068218 582.904541
548 245 563 239 580 240 592 249 577 252 562 251 667 259 679 254 693 256 703 266 691 268 678 266 71 347 161.735107 65.596443 52.409172 -0.170092 -0.277839 0.083204 2.107177 -60.532639 583.328857 -29.714191 -64.020866 574.508911 33.928543 -57.044403 592.148865
545 236 560 230 576 232 587 241 573 245 558 243 662 254 675 248 689 251 698 262 686 265 673 262 338 75 108.581680 11.937942 45.712078 -0.030089 -0.308488 0.133993 -0.321267 -62.544846 571.136597 -31.665812 -67.062630 561.153137 31.023279 -58.027061 581.119995
481 251 495 244 511 244 524 251 510 256 495 256 604 252 618 245 635 246 649 254 635 258 619 258 1208 291 -64.357758 55.432148 44.291935 -0.232324 0.062349 0.026450 -32.491768 -59.649921 560.835449 -65.620796 -60.280331 562.987122 0.637259 -59.019512 558.683838
538 240 553 233 570 234 583 244 568 248 552 247 659 253 672 246 687 248 698 259 685 262 671 260 69 129 162.081940 22.414461 48.386761 -0.274635 -0.158136 0.079488 -2.622798 -63.446461 580.252625 -35.312145 -66.753784 575.453857 30.066547 -60.139141 585.051331
501 257 516 249 533 250 546 259 531 263 515 263 625 264 639 256 656 258 669 268 654 271 639 270 712 694 34.360340 134.851593 54.839764 -0.279212 -0.049672 0.051648 -21.365278 -54.694206 563.791809 -54.485428 -56.614201 562.403015 11.754871 -52.774212 565.180664
477 248 490 240 506 241 519 249 504 254 490 254 598 254 612 247 629 248 643 258 628 262 612 260 1355 49 -93.643532 7.617964 38.897408 -0.222546 0.081026 0.075828 -35.844925 -59.911766 564.483154 -68.846329 -62.105923 567.424683 -2.843519 -57.717613 561.541626
532 255 548 249 565 250 578 260 562 263 546 262 656 267 669 261 685 262 696 272 683 276 669 274 422 853 92.060707 166.108841 59.588623 -0.183836 -0.125196 0.079526 -4.773810 -54.048771 566.802307 -37.615093 -57.045261 562.925354 28.067472 -51.052284 570.679260
489 249 504 241 521 241 534 251 519 254 503 254 614 256 629 249 646 250 659 260 644 263 629 262 1186 564 -59.919617 109.488670 49.481777 -0.476144 -0.047436 0.052063 -26.668581 -57.710522 551.691040 -59.792610 -59.741081 550.579773 6.455451 -55.679962 552.802368
499 256 513 249 531 249 544 259 529 263 513 262 624 265 638 257 654 259 667 268 653 272 638 271 821 790 12.709296 153.955750 55.937778 -0.288488 -0.064726 0.059660 -22.048399 -54.055592 557.707764 -55.125534 -56.314377 555.874573 11.028736 -51.796806 559.541016
553 243 568 237 584 239 597 247 582 251 567 249 670 259 682 254 696 257 706 267 694 269 681 266 287 778 118.886459 151.143051 59.041203 -0.209815 -0.256111 0.102205 4.195830 -62.294044 597.376770 -27.759138 -66.503502 589.394287 36.150799 -58.084583 605.359253
561 244 576 239 591 241 603 248 589 251 574 249 676 261 687 257 700 261 710 269 698 270 686 267 99 827 156.279602 160.695297 61.118908 -0.225924 -0.267306 0.112703 7.954891 -62.728554 608.122681 -23.868423 -67.378479 599.863464 39.778206 -58.078629 616.381897
497 254 511 246 528 247 540 256 526 260 510 260 619 262 633 255 649 257 662 267 648 271 632 269 838 725 9.313871 141.094742 54.628853 -0.307628 -0.027440 0.073633 -24.854044 -56.457829 570.965027 -57.957199 -59.000900 570.442017 8.249111 -53.914761 571.487976
496 251 510 244 527 245 540 254 525 259 509 258 618 260 632 253 649 254 662 264 648 268 632 267 1113 255 -45.476463 48.223919 44.217247 -0.128160 -0.025197 0.071082 -24.921926 -57.380001 566.687866 -58.032486 -59.785103 566.005249 8.188633 -54.974903 567.370483
536 214 552 205 571 206 585 217 568 222 551 222 671 224 686 214 705 216 720 229 704 233 686 231 1267 232 -76.103020 43.793873 42.832500 0.047495 0.002230 0.077805 1.450516 -69.439148 511.704865 -31.653780 -72.020836 511.717468 34.554810 -66.857460 511.692230
537 223 553 214 572 215 586 225 570 229 553 229 672 232 687 224 706 226 720 237 704 241 687 239 1357 858 -93.852486 167.862274 53.858379 -0.126837 0.006583 0.081209 1.940570 -66.902847 520.997803 -31.154243 -69.575325 521.386292 35.035381 -64.230370 520.609375
539 220 555 211 574 212 589 223 572 227 554 227 675 230 691 222 709 224 724 236 708 240 690 237 936 548 -10.213630 106.115448 50.742535 0.027009 0.012231 0.088007 3.255449 -66.911804 514.164551 -29.818384 -69.835350 514.530640 36.329281 -63.988262 513.798401
546 222 562 214 581 215 595 225 579 230 561 229 682 234 698 226 717 229 731 240 715 244 698 241 560 640 64.571251 124.031494 54.786892 -0.069471 0.002536 0.099130 6.727644 -65.379250 513.691467 -26.314114 -68.659882 513.889648 39.769402 -62.098614 513.493286
547 215 564 205 584 207 598 220 581 224 563 223 685 228 701 219 720 221 734 234 718 238 700 236 173 30 141.379593 2.889910 45.906746 0.067750 0.020965 0.104533 7.649455 -66.518311 501.839508 -25.366894 -70.003639 502.416382 40.665802 -63.032974 501.262634
548 220 564 211 584 213 598 224 581 228 563 227 685 233 701 225 720 228 734 240 718 243 701 241 8 614 174.324249 118.431053 57.743294 0.134768 -0.000151 0.108583 7.984724 -65.085411 507.409393 -25.024832 -68.672569 507.162079 40.994278 -61.498245 507.656738
536 222 552 213 571 214 586 225 569 230 551 229 672 232 688 223 708 226 722 238 706 242 688 240 787 369 19.371607 70.538422 48.357414 0.039881 0.054793 0.093077 1.791210 -64.761276 505.727020 -31.220140 -67.881294 507.480835 34.802559 -61.641258 503.973236
533 221 549 211 569 212 583 224 566 228 548 228 669 231 685 222 704 225 719 237 702 241 685 239 907 204 -4.527551 37.953976 44.556190 0.039271 0.041958 0.091804 0.369550 -65.104347 505.849030 -32.666279 -68.174042 507.179718 33.405376 -62.034653 504.518372
533 225 549 216 568 217 583 228 566 232 548 232 669 235 685 228 704 230 718 241 702 245 685 243 973 663 -17.543840 128.924271 52.640598 0.024359 0.022384 0.091796 0.328267 -63.942177 511.186035 -32.728447 -66.994446 511.891022 33.384979 -60.889912 510.481049
534 228 550 220 568 220 582 230 566 234 549 234 669 238 685 231 703 233 718 244 702 247 685 245 912 882 -5.363581 172.252914 57.073856 -0.106271 0.021744 0.093868 0.331217 -63.347988 515.615540 -32.719723 -66.415886 516.500427 33.382156 -60.280094 514.730713
533 225 549 216 569 217 583 228 566 232 549 231 669 235 685 227 704 229 719 241 702 245 685 243 889 587 -0.859104 113.802010 51.757065 0.039068 0.021598 0.093589 0.487167 -63.941700 510.223969 -32.564617 -67.057747 510.879211 33.538952 -60.825645 509.568726
534 223 550 215 570 216 584 227 567 231 549 230 671 234 687 226 706 228 720 239 704 243 687 241 1025 379 -27.949715 72.713402 47.060333 0.044600 0.049097 0.091057 1.043425 -63.782833 504.521149 -31.983900 -66.836281 506.080597 34.070751 -60.729385 502.961700
538 227 554 218 573 220 587 230 571 234 553 233 674 238 690 230 709 233 723 244 707 248 690 245 810 740 14.884859 144.043015 55.080856 0.015494 0.026332 0.099150 2.674976 -62.928699 511.254333 -30.355268 -66.221825 512.101624 35.705219 -59.635574 510.407043
557 228 574 220 593 221 607 232 590 236 573 235 695 241 710 234 729 236 742 247 726 251 710 248 198 724 136.570526 140.374359 58.595997 0.036778 -0.059281 0.098195 12.635498 -61.295029 507.792847 -20.351149 -64.511551 505.769287 45.622143 -58.078503 509.816376
546 228 562 219 581 220 596 231 579 235 561 235 684 238 700 230 718 233 732 244 716 248 699 245 591 653 58.410278 126.631767 54.834450 0.065244 -0.032754 0.082048 7.187747 -62.043522 506.596771 -25.887621 -64.726997 505.422577 40.263115 -59.360046 507.770935
541 228 558 219 577 220 592 231 575 235 557 235 679 238 695 229 713 231 727 242 711 247 694 245 1420 482 -106.467049 93.437485 46.506824 0.041633 -0.073554 0.070459 5.019628 -61.785538 503.871399 -28.013115 -64.069611 501.385345 38.052372 -59.501472 506.357483
537 230 554 221 573 222 588 233 571 237 553 237 676 240 692 232 711 235 725 246 709 250 692 248 173 815 141.562729 158.378784 60.435963 0.114220 -0.013522 0.088343 3.339193 -60.659798 503.880707 -29.733242 -63.557354 503.266022 36.411629 -57.762241 504.495361
535 224 552 214 571 215 586 227 569 232 551 231 674 234 690 224 709 226 723 239 707 243 690 241 702 88 36.207359 14.809977 43.685852 0.068747 -0.086640 0.073393 2.386048 -62.288082 494.580811 -30.605024 -64.619171 491.628754 35.377121 -59.956989 497.532898
537 226 554 217 573 218 588 229 571 233 553 232 676 236 692 228 711 230 725 242 709 246 692 243 470 393 82.409134 75.033516 50.775761 0.061320 -0.027176 0.084527 3.357484 -62.327332 501.814270 -29.716574 -65.100960 500.827667 36.431541 -59.553707 502.800873
534 222 550 212 570 213 584 224 567 229 549 229 672 231 687 221 706 223 721 235 705 240 687 238 1297 44 -82.112038 6.580255 39.166065 0.060511 -0.128274 0.061852 1.627229 -63.894405 496.341309 -31.241558 -65.811401 492.036926 34.496017 -61.977406 500.645660
551 275 567 267 586 268 601 278 584 283 566 282 689 285 705 277 724 279 738 290 722 295 705 292 229 540 130.363586 103.953865 54.997364 0.112838 -0.004974 0.083083 9.602720 -39.137043 503.061188 -23.487267 -41.877480 502.741180 42.692707 -36.396606 503.381195
539 277 555 269 574 270 589 280 572 285 554 284 677 287 693 279 711 281 726 291 710 296 692 294 945 468 -12.021842 90.276787 49.205803 0.077832 -0.003157 0.080592 3.677858 -38.429455 503.164642 -29.419069 -41.095818 502.956024 36.774784 -35.763092 503.373291
538 276 555 266 574 267 589 279 571 283 554 283 676 286 692 277 711 279 725 291 709 296 692 293 843 0 8.150549 -2.505554 41.179008 -0.016630 0.004299 0.086080 3.368950 -38.523449 501.600922 -29.712616 -41.376862 501.767212 36.450516 -35.670033 501.434601
534 281 551 273 570 274 585 283 568 288 550 287 672 290 688 283 707 285 722 295 705 299 688 297 1379 617 -98.283157 120.144150 49.260811 0.021146 -0.004269 0.079414 1.643878 -36.779755 505.073181 -31.455988 -39.412209 504.903717 34.743744 -34.147305 505.242615
532 281 549 273 568 274 583 284 566 288 548 288 671 291 687 284 706 286 721 296 704 300 687 298 981 530 -19.165579 102.586823 50.129139 0.049224 -0.002966 0.084981 0.907342 -36.190624 501.925171 -32.177521 -39.005447 501.757477 33.992207 -33.375805 502.092865
531 283 547 275 566 276 581 286 564 290 546 290 669 293 685 285 704 288 719 298 702 302 685 300 1070 550 -36.857574 106.620949 49.945057 0.015858 0.004186 0.084099 -0.056727 -35.347439 503.804230 -33.143898 -38.137619 503.920929 33.030445 -32.557259 503.687561
531 279 548 271 568 272 582 283 565 287 547 287 671 290 687 282 706 284 721 296 704 300 687 298 712 222 34.250229 41.360188 46.103722 0.006360 0.017180 0.090518 0.627848 -36.110245 496.459930 -32.436134 -39.113411 497.020050 33.691830 -33.107075 495.899841
533 278 550 274 566 274 582 279 565 281 549 281 667 284 682 281 698 284 714 290 698 291 682 289 1181 183 -59.014305 34.018013 42.461155 -0.686200 -0.035537 0.059005 -0.511427 -41.705044 540.987976 -33.640541 -43.901711 540.545349 32.617687 -39.508377 541.430664
530 286 547 278 567 279 582 289 564 294 546 293 670 297 687 289 706 292 720 303 704 307 686 305 719 770 32.986195 149.910995 56.202820 -0.179712 0.011851 0.093753 0.344568 -33.442226 502.910614 -32.712494 -36.498695 503.580200 33.401630 -30.385756 502.241058
541 286 558 279 577 281 592 290 575 294 557 293 680 298 696 291 714 293 729 303 713 307 696 305 8 819 174.372070 159.036438 61.537548 0.059007 -0.022791 0.095061 5.083102 -33.048874 501.016541 -27.963232 -36.176189 500.168396 38.129436 -29.921562 501.864716
534 281 551 273 571 274 586 285 568 289 550 288 674 292 690 284 709 286 724 297 708 302 690 300 680 101 40.584846 17.366997 44.063469 0.029892 -0.077659 0.085827 2.291128 -34.755978 490.877594 -30.691525 -37.560570 488.262543 35.273781 -31.951387 493.492645
532 281 549 274 568 275 583 285 566 289 548 289 671 293 687 285 706 288 720 298 704 303 687 300 586 377 59.340088 71.958984 49.757225 0.021960 -0.008192 0.093112 0.749000 -35.134159 498.859222 -32.310871 -38.218197 498.553711 33.808868 -32.050125 499.164764
526 285 543 278 561 279 576 289 559 293 542 292 665 296 681 290 700 292 714 302 698 306 681 304 457 860 85.102982 167.523941 59.500217 0.076908 -0.012610 0.096561 -2.233104 -33.795166 502.174286 -35.280678 -36.977154 501.633514 30.814470 -30.613176 502.715057
527 278 544 269 564 271 578 282 561 286 543 285 667 290 683 282 702 284 716 296 700 300 682 298 505 144 75.391685 25.741405 45.949165 0.010378 -0.013416 0.096125 -1.321108 -36.155457 494.946747 -34.369652 -39.339882 494.485413 31.727436 -32.971031 495.408051
525 283 541 276 560 277 575 286 558 291 540 290 663 294 679 287 698 289 712 299 696 303 679 301 1119 631 -46.581783 122.705017 51.139099 -0.004700 -0.026281 0.084176 -2.833153 -34.924301 502.753052 -35.908943 -37.717773 501.888062 30.242638 -32.130833 503.618011
523 277 539 269 559 270 574 281 556 286 538 285 662 288 678 280 697 282 711 293 695 298 678 296 1048 5 -32.610256 -1.347879 39.994900 -0.002244 -0.038639 0.083205 -3.533952 -36.804600 495.327301 -36.599136 -39.564957 494.049225 29.531235 -34.044247 496.605408
525 282 541 274 561 276 576 286 558 290 540 289 664 294 681 286 700 289 714 300 698 304 680 301 396 509 97.150269 97.949829 53.383595 0.036723 -0.006444 0.096092 -2.537537 -34.685902 497.549072 -35.588497 -37.867046 497.276947 30.513422 -31.504753 497.821228
526 284 543 276 562 278 577 288 560 292 542 291 666 296 682 289 700 291 715 302 699 306 681 303 42 743 167.593826 144.010483 59.919159 0.066733 -0.012567 0.102004 -2.002232 -33.965614 499.651855 -35.031898 -37.330246 499.122742 31.027435 -30.600981 500.181000
527 282 544 274 563 275 578 286 561 291 543 290 666 294 682 286 702 288 716 299 700 304 682 302 1189 153 -60.612015 28.082293 41.856079 -0.007178 -0.028516 0.089414 -1.384555 -33.948097 492.811218 -34.443241 -36.916096 491.876373 31.674131 -30.980099 493.746033
532 280 549 272 569 273 583 285 566 289 548 288 672 293 688 285 707 287 722 298 705 303 688 301 464 218 83.561340 40.365494 47.574127 0.022552 -0.032669 0.101754 1.067386 -34.678608 492.234589 -31.947996 -38.038399 491.113892 34.082767 -31.318813 493.355255
505 323 522 318 539 318 556 325 539 327 522 327 643 329 660 324 677 325 693 332 676 334 660 333 631 848 50.502213 165.289032 58.194515 -0.839460 -0.037911 0.037705 -12.757418 -18.009790 519.834167 -45.917500 -19.617222 519.213867 20.402664 -16.402359 520.454468
502 322 520 311 541 312 556 324 538 329 519 329 648 329 665 319 685 321 701 334 684 339 665 337 533 78 69.808800 12.691305 44.553226 -0.051407 0.095378 0.066689 -10.673688 -16.076426 470.058228 -43.653934 -18.203560 473.273529 22.306559 -13.949289 466.842896
499 327 516 317 537 317 552 328 534 334 515 334 645 334 662 324 682 327 698 339 680 343 662 341 750 405 26.737043 77.638924 49.254143 -0.045861 0.045066 0.064043 -12.225944 -14.067412 473.874329 -45.329014 -16.156755 475.417419 20.877125 -11.978069 472.331268
496 327 513 317 534 317 549 329 532 334 513 334 641 333 658 324 678 325 694 338 677 343 658 341 1254 182 -73.529778 33.879513 41.988033 -0.047308 0.112245 0.054613 -13.691704 -13.864807 470.021912 -46.638210 -15.584805 473.780762 19.254801 -12.144809 466.263031
538 331 557 322 577 323 593 335 575 339 555 338 684 344 700 336 719 339 732 350 716 355 699 352 185 680 139.145157 131.648453 57.862579 -0.076623 -0.248601 0.090110 6.089444 -10.229300 469.874847 -25.961802 -13.497994 461.837860 38.140690 -6.960607 477.911804
529 327 547 318 569 320 584 332 566 337 546 336 676 340 693 331 712 333 727 346 710 351 692 349 476 130 81.154747 22.944689 45.870644 -0.038693 -0.255911 0.087242 2.470731 -11.481416 458.689423 -29.527946 -14.505774 450.352905 34.469410 -8.457059 467.025940
520 333 538 325 559 326 575 336 556 341 537 340 667 344 684 337 704 339 718 351 702 355 684 352 692 539 38.300957 104.133644 52.095490 -0.058865 -0.135101 0.083693 -1.730680 -9.630471 469.819031 -34.517174 -12.527904 465.436066 31.055813 -6.733039 474.201996
524 330 542 320 564 322 580 334 561 339 541 338 672 342 689 333 709 335 724 348 707 353 688 350 510 128 74.393753 22.576286 45.621887 -0.024142 -0.249671 0.087877 0.644813 -10.450829 454.618225 -31.403698 -13.434015 446.460205 32.693325 -7.467642 462.776245
525 329 543 320 565 321 581 334 562 339 542 337 673 342 690 333 710 335 725 348 708 353 689 351 142 162 147.574402 29.010511 48.542931 -0.010595 -0.262361 0.094031 1.074835 -10.461126 453.192993 -30.848719 -13.588921 444.610260 32.998390 -7.333333 461.775726
524 328 542 319 564 320 580 333 561 338 541 337 673 341 690 332 710 334 725 347 708 352 689 350 465 30 83.318642 3.128211 44.088291 -0.018960 -0.267201 0.087874 0.926065 -10.745044 449.677155 -30.973875 -13.707929 440.949341 32.826008 -7.782158 458.404968
523 335 542 326 563 328 579 339 560 344 541 343 672 348 689 340 709 342 724 354 707 359 688 356 417 809 93.044640 157.389465 58.805382 -0.037322 -0.117787 0.092809 0.171703 -8.263070 466.108093 -32.660511 -11.405355 462.269958 33.003918 -5.120785 469.946259
524 334 543 324 564 326 580 338 561 343 542 342 673 346 690 338 710 340 725 353 708 357 690 355 344 515 107.491287 99.095840 53.818481 -0.031905 -0.177877 0.092536 0.860289 -8.773226 460.363251 -31.679344 -11.918694 454.546234 33.399921 -5.627757 466.180298
520 332 539 322 560 323 576 336 557 341 537 340 668 344 686 335 706 338 721 351 704 356 685 353 274 428 121.389717 81.806190 52.644165 -0.026911 -0.195470 0.091754 -1.035231 -9.519116 459.485535 -33.468967 -12.628781 453.086914 31.398504 -6.409453 465.884155
524 329 543 319 564 321 580 333 561 338 541 337 673 342 690 332 710 335 725 348 708 353 689 350 104 27 155.098785 2.239374 46.280922 -0.008456 -0.275222 0.093974 0.835685 -10.441481 449.524170 -30.974798 -13.556413 440.526947 32.646168 -7.326548 458.521393
517 333 535 324 556 325 573 337 554 342 534 341 665 345 683 336 703 338 718 350 701 355 682 353 812 411 14.410432 78.877975 48.979084 -0.040106 -0.186594 0.079915 -2.457111 -9.366561 459.470062 -34.980282 -12.125021 453.371368 30.066059 -6.608101 465.568726
524 336 542 326 563 328 579 340 561 344 541 343 672 348 690 339 710 342 725 355 707 359 689 356 80 609 160.006683 117.499435 57.202366 -0.023814 -0.159702 0.095750 0.463173 -7.981695 461.000397 -32.167675 -11.205385 455.766357 33.094021 -4.758004 466.234436
518 334 536 324 558 326 574 338 555 343 535 342 667 346 684 336 705 339 720 351 703 356 684 354 549 428 66.709023 82.030617 50.931583 -0.027754 -0.192199 0.085910 -1.838683 -8.882461 456.888641 -34.310421 -11.801918 450.593994 30.633057 -5.963003 463.183258
519 333 537 323 559 324 575 337 556 342 536 341 668 344 685 335 706 337 721 349 704 354 685 352 746 203 27.485275 37.624512 45.540321 -0.026885 -0.237751 0.079835 -1.177084 -9.334505 451.339996 -33.343140 -12.062956 443.564392 30.988974 -6.606055 459.115601
517 335 536 325 557 326 574 338 555 343 535 343 667 346 684 337 705 339 720 352 703 357 684 354 695 498 37.694878 96.015015 51.317955 -0.031049 -0.173093 0.082879 -1.904498 -8.613728 457.161652 -34.499767 -11.437342 451.492859 30.690771 -5.790112 462.830444
520 339 538 330 559 331 575 342 557 347 537 346 669 350 686 342 706 345 721 356 704 360 685 358 595 760 57.639885 147.829056 56.789955 -0.045515 -0.093131 0.085702 -1.432681 -7.071449 465.803375 -34.371952 -9.978863 462.784943 31.506590 -4.164035 468.821838
