630 304 639 297 651 296 661 301 651 305 640 307 718 296 728 289 740 288 750 293 740 298 729 299 1211 739 -126.983086 161.271362 4.866863 0.043370 0.328959 -0.087466 27.123203 -35.566456 700.494873 -4.176788 -32.953373 711.267151 58.423195 -38.179535 689.722595
633 302 643 295 655 294 665 300 655 304 644 305 722 295 732 288 744 287 754 293 744 297 733 298 673 454 -6.749353 97.216537 7.549971 0.025612 0.324451 -0.073325 29.743868 -36.333641 699.315308 -1.640943 -34.080517 709.920837 61.128677 -38.586765 688.709839
634 302 643 295 656 294 666 300 656 304 644 305 723 296 732 289 745 288 755 293 745 298 734 298 176 289 104.381012 60.025208 9.253587 0.029222 0.364404 -0.065999 29.862530 -35.705784 690.989563 -1.091392 -33.739117 702.844788 60.816452 -37.672447 679.134338
637 301 647 294 659 293 669 299 659 303 648 304 727 295 736 288 749 287 759 293 749 297 738 298 790 172 -33.104843 34.210335 9.679010 0.034994 0.371405 -0.063896 32.341587 -35.994804 687.484802 1.466711 -34.136658 699.561584 63.216465 -37.852951 675.408020
643 300 653 294 665 293 675 299 665 302 654 303 733 295 742 289 754 288 765 294 755 298 744 298 684 378 -9.257144 80.224304 8.140381 0.042048 0.358785 -0.054697 36.636040 -36.385796 693.658447 5.593846 -34.857422 705.346313 67.678230 -37.914173 681.970581
639 299 649 292 661 291 671 297 661 301 650 302 729 293 738 286 750 285 761 291 751 295 739 296 610 131 7.154924 24.936275 10.148088 0.035208 0.368182 -0.065583 33.639336 -37.605335 690.888184 2.729347 -35.691200 702.865967 64.549324 -39.519470 678.910339
635 300 644 293 656 291 666 297 656 301 645 302 723 292 732 285 744 285 755 290 745 294 734 295 247 755 88.772781 164.294250 5.521327 0.012149 0.281585 -0.075913 31.046320 -38.965633 712.764465 -0.756412 -36.536987 721.997375 62.849049 -41.394276 703.531494
632 299 642 292 653 291 663 296 654 301 643 302 721 292 730 286 742 285 752 290 742 294 731 295 1132 642 -109.361298 139.530273 5.695755 0.034946 0.308952 -0.072757 29.192780 -38.886829 708.935486 -2.353589 -36.689529 719.062622 60.739147 -41.084129 698.808411
609 311 617 302 629 301 639 306 630 311 619 313 696 298 705 289 718 288 729 293 719 298 707 300 1231 198 -131.786285 40.279884 9.116863 -0.013212 0.392265 -0.126416 11.471399 -32.483276 681.918152 -18.953180 -28.318754 694.549927 41.895977 -36.647797 669.286438
632 302 642 295 654 294 664 300 654 304 643 305 721 295 731 288 743 288 753 293 743 297 732 298 724 508 -18.130657 109.323875 7.082841 0.025692 0.341738 -0.070722 28.969078 -36.282616 698.174133 -2.234340 -34.126236 709.321167 60.172497 -38.438995 687.027100
631 302 641 295 653 294 663 299 653 303 642 304 720 294 729 287 741 286 752 291 742 296 731 297 1029 511 -86.388794 110.170715 6.812198 0.046108 0.364811 -0.082293 27.919081 -36.784092 695.716187 -2.991079 -34.391743 707.607239 58.829243 -39.176445 683.825073
632 302 642 295 654 294 664 299 654 303 643 305 721 295 731 288 743 287 753 292 743 296 732 297 624 557 4.279284 120.225838 6.777418 0.039541 0.356350 -0.079108 29.025965 -36.657814 698.168396 -1.991429 -34.321003 709.788208 60.043358 -38.994621 686.548584
633 302 642 295 654 294 664 300 654 304 643 305 721 295 730 288 743 287 753 293 743 297 732 298 131 609 114.645660 131.572220 6.766584 0.011312 0.327320 -0.071376 29.296253 -36.561069 704.058777 -2.062607 -34.296082 714.738220 60.655113 -38.826057 693.379272
632 299 642 292 654 291 664 297 654 301 643 302 721 293 730 285 743 284 753 290 743 295 732 295 53 259 131.890656 53.244331 9.589764 0.026315 0.383894 -0.065295 28.557678 -37.963333 693.805054 -2.161377 -36.015438 706.259216 59.276733 -39.911224 681.350952
629 302 639 295 651 293 661 299 651 303 640 305 718 294 727 287 739 286 750 292 740 296 729 296 369 558 61.349682 120.302483 6.976028 0.011520 0.306795 -0.080042 27.219141 -37.424740 708.027527 -4.330587 -34.869511 718.059692 58.768867 -39.979969 697.995300
628 301 637 294 649 293 659 298 649 302 638 304 716 294 725 287 738 286 748 291 738 296 727 296 634 542 2.032182 116.876617 6.887606 0.021959 0.342199 -0.073846 25.648275 -37.477016 702.602112 -5.542636 -35.198444 713.759827 56.839188 -39.755589 691.444336
627 299 636 292 648 291 658 296 648 301 637 302 715 292 724 284 737 283 747 289 737 294 726 294 807 51 -36.982662 7.156614 10.619421 0.029451 0.371092 -0.077557 24.702673 -38.506104 695.022644 -6.144580 -36.171734 707.087341 55.549923 -40.840469 682.957947
626 301 635 294 647 293 657 298 647 302 636 304 714 293 723 286 736 285 746 291 736 295 725 296 1108 780 -103.906570 170.382263 4.626955 0.021658 0.313969 -0.082493 24.668375 -38.011585 709.226807 -6.802232 -35.432392 719.498535 56.138985 -40.590778 698.955078
627 299 636 292 648 290 658 296 648 300 637 302 715 292 724 285 737 284 747 290 737 294 726 294 48 179 132.961288 35.348213 10.224673 0.010129 0.338285 -0.067751 24.805191 -38.776123 700.282532 -6.443026 -36.627205 711.304810 56.053410 -40.925045 689.260254
623 299 632 292 644 291 654 296 644 301 633 302 711 291 721 284 733 283 743 289 733 293 722 294 1153 204 -114.326019 41.576908 9.132712 0.023668 0.338362 -0.080346 22.220434 -38.812710 699.690979 -8.996666 -36.330162 710.731323 53.437534 -41.295258 688.650635
645 375 657 366 672 365 685 373 672 377 658 378 753 370 765 362 779 361 792 369 779 374 766 374 182 694 103.283096 150.613174 6.054995 -0.092677 0.288767 -0.043963 39.761089 13.354335 587.469727 7.961730 15.232237 596.841675 71.560448 11.476432 578.097717
637 372 648 362 663 359 676 366 664 372 650 375 748 357 759 347 775 346 789 353 776 359 762 360 531 275 24.922447 57.098557 9.076512 -0.110913 0.242663 -0.124088 34.915386 7.414115 569.106873 2.934981 11.918872 576.821777 66.895790 2.909359 561.391907
639 373 651 362 666 360 679 367 667 373 652 375 751 357 763 348 778 346 792 353 780 359 765 361 677 184 -7.807835 36.829174 9.675887 -0.083535 0.298750 -0.126236 35.953186 7.623693 559.597595 4.478466 12.147877 569.159668 67.427910 3.099508 550.035522
644 376 656 366 671 364 685 370 672 376 658 379 757 362 769 353 784 351 798 358 785 364 771 365 45 685 133.938690 148.521210 6.236908 -0.111717 0.236442 -0.113726 39.581066 10.017722 565.360840 7.511416 14.178590 572.896423 71.650711 5.856853 557.825317
655 374 667 364 683 362 696 369 683 375 669 377 768 362 780 353 795 351 808 359 796 364 782 365 335 485 68.914841 103.955307 7.579221 -0.043722 0.311885 -0.109071 45.310047 9.642916 560.020996 13.900985 13.422209 570.108032 76.719109 5.863623 549.934021
651 376 663 366 678 364 691 371 678 377 665 379 764 364 775 355 791 354 804 361 792 366 777 367 20 743 139.568832 161.479385 5.799778 -0.080011 0.294121 -0.100140 43.321259 10.664117 565.950867 11.705456 14.319858 575.418518 74.937057 7.008376 556.483215
652 373 664 364 679 362 692 369 679 374 666 376 764 363 775 354 790 353 803 360 791 365 777 366 562 547 18.149029 117.953438 6.906482 -0.050318 0.308028 -0.095213 43.917675 9.850123 571.671570 12.423373 13.210894 581.640259 75.411980 6.489353 561.702942
651 372 662 363 677 361 690 368 677 373 663 375 763 361 775 353 790 352 803 359 791 364 777 365 38 439 135.356552 93.495468 8.182474 -0.067576 0.329084 -0.089209 42.332043 9.033695 561.321716 11.037983 12.302073 571.931091 73.626106 5.765318 550.712280
678 370 691 361 707 359 720 367 706 372 692 373 793 363 805 354 820 354 833 361 821 366 807 366 816 200 -38.906792 40.487957 9.437155 -0.119309 -0.156353 -0.054066 59.198956 8.827414 554.166931 26.446964 10.301603 548.904480 91.950943 7.353223 559.429382
655 371 667 362 682 360 696 367 682 372 668 374 768 360 780 351 795 350 808 357 796 363 782 363 647 76 -1.159049 12.656007 10.551844 -0.082201 -0.170710 -0.082371 45.551823 8.171247 555.559631 12.941361 10.654794 549.819458 78.162277 5.687701 561.299805
663 376 675 366 690 364 703 371 691 376 676 378 775 365 787 357 802 356 815 363 803 368 789 369 1017 765 -83.549561 166.974823 4.818932 -0.129152 -0.112370 -0.076487 50.971451 11.184820 570.141418 18.072510 13.469467 566.268494 83.870392 8.900172 574.014343
663 375 675 366 690 365 702 371 690 376 676 378 774 366 786 357 801 357 813 364 801 369 788 369 953 749 -69.235832 163.359283 4.996931 -0.123065 -0.138746 -0.072781 50.483734 11.221305 569.538208 17.685127 13.339494 564.813354 83.282349 9.103116 574.263000
684 374 697 366 712 364 725 372 712 376 698 378 798 368 810 360 825 360 837 367 825 372 812 372 547 490 21.471607 105.195854 7.368117 -0.134815 -0.119337 -0.042183 62.611679 11.847469 559.833435 29.672094 12.973839 555.799255 95.551270 10.721101 563.867615
700 376 713 368 728 368 741 376 727 380 713 380 814 378 826 370 842 371 854 379 841 383 827 383 1120 524 -106.747009 113.130829 6.635992 -0.122715 -0.043157 0.031621 71.537102 15.912243 560.909180 38.379742 14.777620 559.544739 104.694466 17.046865 562.273560
689 381 701 373 717 373 729 381 716 385 702 386 802 380 815 372 830 372 842 379 830 384 816 384 360 787 63.502384 171.516693 5.177477 -0.085423 -0.135923 -0.004394 64.786446 17.448885 556.891174 31.888025 17.401789 552.391052 97.684868 17.495981 561.391357
680 377 693 368 709 368 722 376 708 381 693 382 796 375 808 366 824 365 837 373 824 379 809 379 530 314 25.169832 65.820930 8.769777 -0.087481 0.367495 -0.031744 58.074032 14.392130 540.414062 27.101227 15.948510 552.280945 89.046837 12.835749 528.547180
683 380 695 372 711 372 723 379 710 383 696 384 796 377 808 369 823 369 836 376 823 381 809 381 379 745 59.224728 162.133698 5.493293 -0.102234 0.328179 -0.032482 60.904079 16.358755 560.242126 29.487022 17.967531 570.869446 92.321136 14.749980 549.614807
688 377 701 368 717 368 730 376 716 381 702 382 803 374 816 365 831 365 844 373 831 379 817 379 1071 271 -95.933647 56.515217 8.670770 -0.046549 0.444610 -0.042402 61.814922 14.280966 537.057983 31.866610 15.979950 551.297791 91.763229 12.581982 522.818176
696 376 709 368 725 368 738 376 724 380 710 381 810 374 822 366 837 367 849 374 837 379 823 378 164 458 107.168846 97.817749 7.930611 -0.057172 0.413618 -0.029713 67.866501 14.628791 554.818604 37.475239 15.973761 568.127319 98.257767 13.283820 541.509888
703 376 716 368 731 367 744 375 731 380 716 380 816 374 828 366 844 366 856 374 843 379 829 378 1104 284 -103.311287 59.441895 8.541532 -0.041685 0.461626 -0.031409 70.567017 14.432963 548.388794 40.853054 15.752551 563.150146 100.280975 13.113375 533.627380
1023 516 1035 511 1048 513 1057 521 1045 523 1033 521 1117 534 1128 531 1140 534 1150 543 1138 543 1127 540 1027 228 -86.112312 46.872234 9.045487 -0.293323 0.597726 0.207953 324.628235 134.132050 736.748474 297.807739 130.568222 755.997375 351.448730 137.695877 717.499573
1041 524 1053 520 1065 522 1073 530 1062 531 1051 529 1133 543 1144 540 1156 543 1166 551 1154 552 1143 549 1191 419 -122.700523 89.686890 7.406502 -0.018604 0.088404 0.216064 330.791504 137.061035 721.132996 298.487366 129.979263 724.108093 363.095612 144.142807 718.157837
568 522 576 514 587 512 597 516 588 521 578 523 650 507 658 499 670 497 680 501 671 506 661 508 208 240 97.189682 49.084049 9.614076 -0.182472 0.267737 -0.205394 -20.779179 121.695206 743.497314 -52.116547 129.150421 751.556335 10.558189 114.239983 735.438232
571 519 579 511 590 509 599 513 591 519 581 521 653 504 660 496 672 494 682 498 673 503 663 505 1009 234 -82.080231 48.203850 9.012750 -0.191986 0.245980 -0.204792 -19.070208 120.454758 749.628479 -50.593826 127.873039 756.962646 12.453414 113.036476 742.294312
589 524 598 517 610 515 620 521 610 525 599 527 675 514 683 506 695 504 706 509 696 515 685 516 431 114 47.205399 21.030766 10.427099 -0.191190 0.273398 -0.148797 -3.094596 122.212700 722.040649 -34.708664 127.902527 730.451111 28.519470 116.522865 713.630188
587 523 596 515 607 514 617 519 608 524 597 525 671 512 680 504 691 502 702 507 693 512 682 514 520 109 27.283899 19.963749 10.394457 -0.194080 0.290158 -0.161296 -5.249325 122.035683 728.612976 -36.646851 128.183945 737.498535 26.148201 115.887421 719.727356
588 526 596 518 607 516 617 521 608 526 597 528 671 514 679 506 691 504 701 509 692 514 681 515 302 394 76.245316 83.582726 8.323548 -0.202501 0.270425 -0.165780 -5.401817 125.231094 737.763489 -36.955841 131.505264 745.981628 26.152205 118.956932 729.545349
585 525 594 518 605 516 615 521 606 526 595 528 669 514 678 506 690 504 700 509 691 514 680 515 526 165 25.974945 32.492474 9.947995 -0.191481 0.308654 -0.166899 -6.653849 122.943336 724.507202 -37.841614 129.306992 733.961609 24.533915 116.579681 715.052734
585 526 594 518 605 517 615 521 606 526 595 528 669 513 677 506 689 504 700 509 690 514 680 515 1053 237 -91.925751 48.900215 8.953462 -0.190425 0.298729 -0.172839 -6.870334 123.222931 725.832520 -38.123066 129.746826 734.957458 24.382399 116.699036 716.707520
588 526 597 519 608 517 618 522 608 526 598 528 672 514 681 507 692 505 703 510 693 515 683 516 1209 458 -126.705399 98.420219 7.084381 -0.196542 0.281645 -0.163470 -4.681668 124.285156 729.702881 -36.146976 130.491226 738.303955 26.783640 118.079102 721.101746
599 521 608 514 619 513 629 518 619 523 609 524 684 513 693 506 704 505 715 509 705 514 694 515 354 78 64.416473 12.934417 10.773340 -0.209062 0.277409 -0.125110 3.744538 122.216393 728.676880 -27.940144 127.228897 737.250977 35.429218 117.203888 720.102722
591 522 600 514 612 513 622 518 612 523 601 525 679 511 688 503 700 502 711 507 702 512 690 513 806 379 -36.560520 80.518311 8.033701 -0.184710 0.162090 -0.143664 -0.232373 119.520950 715.759094 -32.663570 124.720856 720.631287 32.198826 114.321045 710.886963
570 524 578 517 588 515 598 519 590 524 580 526 651 509 659 501 671 499 681 503 672 509 662 510 450 71 42.927139 11.424105 10.750800 -0.200096 0.296239 -0.208380 -19.764063 122.857567 740.080505 -50.821873 130.551178 748.956360 11.293748 115.163956 731.204651
562 529 569 521 580 518 589 522 581 528 571 530 642 510 649 502 661 500 672 504 663 510 652 511 642 101 -0.024916 18.244761 10.358748 -0.206165 0.294091 -0.242000 -26.671608 125.415604 742.901062 -57.505592 134.193298 751.548401 4.162376 116.637901 734.253662
566 528 574 520 584 518 594 522 586 527 576 529 647 511 655 504 667 502 677 505 668 511 658 513 990 147 -77.880577 28.734001 9.714196 -0.199685 0.311928 -0.218390 -22.596521 123.870995 733.075745 -53.430958 131.919495 742.404114 8.237915 115.822495 723.747314
569 531 577 523 587 521 597 525 588 530 578 532 651 514 659 507 670 505 681 509 672 514 661 515 734 717 -20.242306 156.075729 5.426619 -0.232326 0.240427 -0.209375 -20.339951 127.701187 743.121948 -51.879017 135.389923 750.102661 11.199118 120.012459 736.141235
574 533 582 525 593 523 603 527 594 532 584 534 657 517 665 510 677 508 687 512 678 517 667 519 922 699 -62.328175 152.158127 5.416322 -0.212251 0.270808 -0.197740 -15.831181 128.947678 737.632446 -47.193619 136.284454 745.702698 15.531256 121.610893 729.562195
574 529 582 521 593 519 603 524 594 529 584 531 657 514 666 506 677 504 688 509 679 514 668 515 779 87 -30.694407 15.192428 10.358208 -0.218195 0.278641 -0.195870 -15.478240 124.803230 728.777893 -46.783188 132.126877 737.079956 15.826708 117.479591 720.475830
559 529 565 523 574 522 581 526 574 530 566 531 631 522 640 516 650 516 660 520 651 523 641 524 632 291 2.328008 60.735432 8.868551 -0.247874 0.498135 -0.116326 -33.428852 131.872391 747.367432 -62.405029 137.525665 762.565552 -4.452674 126.219109 732.169373
585 528 594 520 605 518 615 523 606 528 595 530 672 516 681 508 693 507 703 513 694 517 683 518 573 89 15.410242 15.520995 10.509253 -0.240583 0.242218 -0.149247 -5.433383 122.038864 707.708740 -37.309799 127.837051 714.977478 26.443035 116.240677 700.440002
564 422 575 412 590 410 603 417 591 423 577 425 677 409 689 399 705 398 719 405 706 411 691 412 645 397 -0.517334 84.451469 8.022134 -0.155778 0.270018 -0.111137 -6.154776 35.038502 545.435364 -37.956924 39.353771 553.953674 25.647371 30.723234 536.917053
594 415 606 406 621 404 634 411 621 417 607 418 709 406 721 397 737 396 750 404 737 409 723 410 281 190 80.821823 37.942863 9.949249 -0.150481 0.265728 -0.074461 11.015907 33.053097 548.210571 -20.934908 36.143475 556.704956 42.966724 29.962715 539.716187
583 420 594 410 610 408 623 415 610 421 596 423 698 408 710 399 726 397 740 405 727 411 712 412 994 204 -78.741325 41.485241 9.261469 -0.119572 0.330394 -0.104848 4.814167 33.687794 531.219727 -26.418060 37.740330 541.740417 36.046394 29.635258 520.699097
590 417 601 407 617 406 630 413 617 419 603 421 705 406 717 397 733 395 747 403 734 409 719 410 1119 38 -106.817093 4.428838 10.469282 -0.120185 0.341896 -0.100282 8.398946 32.444298 529.690918 -22.722916 36.370441 540.580078 39.520809 28.518154 518.801697
579 423 590 413 606 411 619 418 606 424 592 426 697 411 709 401 726 400 740 407 726 413 711 414 66 368 129.047134 77.631363 8.719688 -0.172679 0.271497 -0.097091 3.533898 34.760647 526.208008 -28.303581 38.695255 534.778503 35.371376 30.826040 517.637512
576 424 588 414 604 412 618 419 604 426 590 427 694 412 707 402 723 400 738 408 725 414 709 415 1101 363 -102.592110 77.109734 7.920986 -0.122822 0.318856 -0.110613 2.278836 34.593544 516.147339 -29.055130 38.831207 526.285645 33.612804 30.355881 506.009094
582 425 594 416 610 414 623 421 610 427 596 429 698 414 711 405 727 404 741 411 728 417 713 418 691 695 -10.632075 151.130295 5.634927 -0.144368 0.282847 -0.101854 5.031655 36.818497 531.162476 -26.686543 40.809887 540.139343 36.749851 32.827103 522.185608
584 422 596 412 612 411 626 418 612 424 598 426 702 411 715 401 731 400 746 407 732 414 717 415 313 191 73.660728 38.184975 9.915450 -0.182491 0.208470 -0.094524 6.757360 35.059990 530.215393 -25.583775 38.781124 536.754822 39.098495 31.338858 523.676025
588 422 599 412 615 410 629 418 616 424 601 426 704 411 716 401 733 399 747 407 734 413 718 414 693 295 -11.321563 61.665264 8.787611 -0.150882 0.235687 -0.101740 8.184345 35.166134 535.802734 -23.934439 39.080730 543.260559 40.303131 31.251539 528.344910
591 422 603 412 618 410 632 418 619 424 604 426 707 411 719 401 736 400 750 407 737 414 722 415 622 333 4.591436 70.123619 8.545447 -0.156240 0.239619 -0.097670 9.890309 35.348057 536.066223 -22.211296 39.158863 543.650696 41.991917 31.537249 528.481750
579 424 591 414 607 413 620 420 607 426 593 428 697 412 709 402 726 401 740 408 727 415 711 416 1237 416 -132.997284 89.042412 7.392909 -0.131984 0.261644 -0.110492 3.793885 35.496346 525.979492 -28.082588 39.674175 534.285828 35.670361 31.318520 517.673096
589 420 601 410 617 408 630 416 617 422 602 424 707 410 719 399 736 398 750 406 737 413 721 413 111 157 118.848396 30.463894 10.347144 -0.154112 0.280592 -0.089737 9.031445 33.811569 525.901550 -22.745756 37.448040 534.820312 40.808643 30.175102 516.982727
585 421 597 411 613 409 626 417 613 423 598 425 703 410 715 400 732 399 746 406 733 413 717 413 1271 194 -140.740829 39.408283 9.116015 -0.124834 0.310071 -0.102284 6.773440 33.755344 520.686279 -24.679399 37.719051 530.563904 38.226280 29.791637 510.808624
587 425 598 415 614 414 627 421 614 427 600 429 702 414 715 405 731 403 745 411 732 417 717 418 1009 756 -81.764580 164.957230 4.896382 -0.147182 0.246106 -0.098964 7.444182 37.099133 536.856750 -24.601381 40.931820 544.663940 39.489746 33.266449 529.049622
584 419 596 409 612 408 626 416 612 422 597 424 703 409 715 399 732 398 747 406 733 412 718 413 526 42 25.900566 4.981622 10.917944 -0.132239 0.325583 -0.094332 6.495596 32.869579 514.409180 -24.822508 36.640148 524.778320 37.813702 29.099012 504.040070
594 417 606 408 622 406 635 414 622 420 607 421 709 408 722 398 738 397 752 405 739 411 724 412 506 334 30.553202 70.280403 8.631497 -0.157580 0.265170 -0.081476 11.315957 33.828770 542.423767 -20.622046 37.176373 550.868713 43.253960 30.481167 533.978821
593 415 605 405 621 404 634 411 621 418 606 419 710 405 723 396 739 395 754 403 740 409 725 409 13 58 140.721237 8.264513 11.207193 -0.152009 0.310751 -0.081610 10.907642 31.486258 525.241699 -20.601332 34.915443 535.140442 42.416615 28.057072 515.342957
587 418 598 408 612 406 624 412 613 418 599 420 694 403 706 395 720 393 734 400 722 406 708 407 359 769 63.715302 167.490128 5.320230 -0.254979 0.093444 -0.118432 5.252366 35.427361 596.524292 -27.577364 39.695297 599.084229 38.082096 31.159424 593.964417
587 413 598 403 612 401 625 408 613 414 600 417 696 400 707 390 722 389 736 396 724 402 710 403 856 107 -47.915154 19.710129 10.138139 -0.148825 0.228899 -0.121774 5.436806 31.838425 574.403076 -26.660219 36.383335 581.592224 37.533829 27.293512 567.213867
590 415 600 405 615 403 628 409 616 416 602 418 699 401 710 392 725 391 739 398 727 404 713 405 1139 293 -111.138954 61.475060 8.442217 -0.149448 0.212506 -0.119483 7.167114 32.832577 574.129272 -25.057640 37.269825 580.795227 39.391869 28.395325 567.463257
594 384 605 374 620 372 633 378 621 384 607 387 704 368 715 359 731 357 744 363 732 370 718 371 935 559 -65.322273 120.852463 6.509801 -0.073472 0.305572 -0.137434 9.672158 13.782402 563.608765 -21.687035 18.625996 573.391418 41.031349 8.938809 553.826111
570 378 580 368 595 365 608 371 596 378 583 381 684 359 696 349 712 347 727 353 714 360 699 361 1159 669 -115.387650 145.584808 5.460975 -0.100120 0.291858 -0.157293 -2.540844 8.646289 532.461121 -33.938850 14.245687 541.700806 28.857161 3.046890 523.221497
577 375 588 365 604 362 617 368 605 376 590 378 693 357 706 346 722 344 737 351 724 358 709 360 1137 177 -110.761497 35.528713 9.358584 -0.086886 0.346443 -0.147790 2.121370 7.273349 516.325256 -28.757334 12.552950 527.333923 33.000076 1.993748 505.316559
592 381 604 371 620 369 633 375 620 382 606 384 712 366 724 356 741 355 755 362 742 368 727 369 55 712 131.716980 154.565933 6.015894 -0.129110 0.242111 -0.116409 11.379924 11.603296 524.629700 -20.635553 15.926802 532.302795 43.395401 7.279790 516.956665
594 378 606 368 622 366 636 373 623 379 608 381 715 364 727 354 744 352 758 360 745 366 730 367 43 532 134.293777 114.299240 7.445049 -0.119393 0.284110 -0.109625 12.482608 10.262438 518.510315 -19.196243 14.396125 527.561401 44.161457 6.128752 509.459167
603 374 616 365 633 363 647 369 633 374 617 376 721 361 734 353 751 352 766 358 752 363 736 364 84 206 124.920708 41.407936 9.982606 -0.144049 0.203342 -0.083355 17.843819 8.879794 545.111572 -14.563766 12.099356 551.587891 50.251404 5.660232 538.635254
593 372 605 362 621 359 634 366 621 373 607 375 711 357 723 347 740 345 754 352 741 359 726 360 670 27 -6.336151 1.709659 10.919621 -0.068022 0.368891 -0.123330 10.926226 6.657788 515.905273 -19.799261 11.058551 527.700928 41.651711 2.257025 504.109589
532 377 543 366 558 362 572 368 560 376 546 379 646 352 657 341 674 338 689 344 676 352 661 354 468 21 38.868446 0.251209 11.130512 -0.082890 0.311690 -0.199514 -22.378315 5.999643 522.621155 -53.336449 12.890623 532.453125 8.579818 -0.891337 512.789124
524 375 535 365 551 362 564 368 552 375 538 378 641 356 652 345 669 343 683 349 671 356 655 358 406 431 52.992168 91.918304 7.947557 -0.039366 -0.370882 -0.145871 -24.123186 6.604109 514.620728 -54.726067 11.080132 502.538147 6.479692 2.128085 526.703308
715 454 725 448 737 449 746 456 736 458 725 458 803 460 813 454 825 455 834 462 824 465 813 464 261 486 85.476875 104.136307 7.631260 -0.176145 -0.080650 0.082470 90.285484 79.036293 722.168823 57.300762 76.083092 719.750854 123.270203 81.989494 724.586731
723 464 734 459 746 461 755 469 744 470 732 469 810 478 821 473 833 475 841 483 831 485 820 483 481 519 36.260147 111.644104 7.192876 -0.162989 -0.086117 0.173015 94.929100 89.420708 714.526123 62.341099 83.504967 712.162659 127.517105 95.336441 716.889526
711 461 722 456 734 457 743 465 732 467 721 466 800 471 810 465 822 467 831 474 821 477 810 475 472 77 38.007099 12.778781 10.685671 -0.181136 0.375685 0.088506 86.179893 85.132736 712.067505 55.411140 83.394928 724.429688 116.948639 86.870537 699.705322
643 356 653 349 666 348 677 354 666 359 654 360 735 351 745 343 758 342 769 348 758 353 747 353 447 697 43.977093 151.436951 5.816744 -0.037077 0.368689 -0.066581 36.966007 2.151088 674.609741 6.064195 4.534339 686.524353 67.867821 -0.232163 662.695129
638 350 647 342 659 341 670 347 660 351 648 353 728 341 737 333 749 332 760 338 750 343 739 344 512 142 29.094280 27.340097 10.140705 -0.013292 0.435572 -0.101419 31.792809 -3.492277 670.978577 1.853594 -0.141380 684.941895 61.732025 -6.843173 657.015259
647 351 656 343 669 342 679 348 669 353 658 354 737 344 747 336 760 336 770 342 760 346 748 347 698 618 -12.245259 133.912094 6.236462 -0.042118 0.336680 -0.073324 39.771873 -2.116268 693.275635 8.518550 0.502917 704.181091 71.025192 -4.735454 682.370178
649 347 658 339 671 338 681 345 671 349 659 350 739 341 749 333 762 333 772 339 762 343 750 344 842 260 -44.689388 53.922874 8.942954 -0.024040 0.387651 -0.066843 40.308422 -4.326757 680.452087 9.639612 -2.011522 692.967041 70.977234 -6.641992 667.937195
652 347 662 340 674 339 684 345 674 350 663 350 742 342 752 335 765 334 775 340 765 345 754 345 150 420 110.279114 89.310394 8.241607 -0.045229 0.377329 -0.055081 42.801327 -3.752062 685.764038 11.981168 -1.687853 697.946655 73.621483 -5.816270 673.581421
653 347 663 340 675 339 685 345 675 350 663 350 744 342 753 335 766 334 777 341 767 345 755 346 377 229 59.360310 46.721161 9.563965 -0.046278 0.389308 -0.047712 43.330006 -3.631835 682.230713 12.646236 -1.793175 694.787964 74.013779 -5.470495 669.673462
659 350 668 343 681 342 691 348 680 352 669 353 749 345 759 338 771 337 782 344 772 348 760 348 1156 617 -114.747688 133.952469 5.873464 -0.021949 0.396266 -0.056598 46.844681 -1.839790 679.388672 16.264635 0.132067 692.176636 77.424728 -3.811648 666.600708
667 343 676 336 688 335 698 342 688 346 677 346 757 339 766 332 779 332 789 339 779 343 767 343 679 366 -8.145385 77.537437 8.239059 -0.039729 0.328945 -0.038978 53.835331 -6.011263 701.911438 22.435369 -4.525905 712.606995 85.235291 -7.496622 691.215820
691 378 701 371 714 370 724 377 713 381 702 382 786 374 796 366 810 365 822 372 810 376 798 377 0 503 143.899765 107.788147 7.708557 -0.141456 0.366366 -0.040379 68.108955 17.069275 649.108521 37.130508 19.224777 660.866516 99.087395 14.913772 637.350586
699 369 709 363 722 363 732 370 721 373 709 373 794 370 805 363 818 363 830 370 818 374 806 374 1038 233 -88.571129 47.996906 8.997151 -0.069433 0.420020 -0.002624 72.470856 13.248141 642.153625 42.151123 13.809577 655.679871 102.790588 12.686706 628.627441
760 332 771 328 782 330 791 337 780 339 769 337 846 346 856 342 867 344 875 351 865 354 855 352 533 343 24.515961 72.308960 8.538661 -0.017503 -0.147813 0.165183 122.685715 -5.502527 725.270752 90.293289 -10.985097 720.450806 155.078140 -0.019958 730.090698
659 344 666 336 677 334 687 337 678 343 668 345 742 327 750 320 761 319 772 323 763 328 752 329 374 448 60.164146 95.702171 7.839413 -0.194055 0.165650 -0.165105 49.572384 -12.839082 773.020142 17.268751 -6.911191 777.908386 81.876015 -18.766973 768.131836
521 322 530 314 543 311 554 316 544 322 532 324 619 306 630 298 643 296 656 301 645 307 632 308 855 446 -47.486355 95.532143 7.465676 -0.018861 0.357170 -0.138028 -38.847427 -22.839886 597.398315 -69.647629 -18.257650 608.927002 -8.047228 -27.422121 585.869629
559 312 569 304 582 302 594 307 582 312 570 314 657 301 668 294 681 293 692 299 682 304 669 304 411 462 51.891899 98.854813 7.699050 0.007154 0.233684 -0.092086 -16.666967 -28.423918 637.132324 -48.829868 -25.425913 644.821228 15.495935 -31.421923 629.443420
657 352 668 346 680 347 688 355 678 357 667 356 745 361 755 356 767 358 776 366 766 368 755 366 971 44 -73.690605 5.685505 10.541816 -0.049744 0.336562 0.108865 46.845024 6.520977 713.053162 15.695607 3.257523 724.081421 77.994438 9.784432 702.024841
645 362 656 356 668 356 677 363 667 366 655 366 735 367 745 361 757 362 766 369 756 372 745 371 942 239 -67.082397 49.283550 9.027576 -0.056347 0.336920 0.053502 38.561150 11.315183 701.580261 7.269309 9.885899 712.595581 69.852989 12.744468 690.564880
676 360 687 355 699 357 708 365 697 367 686 365 764 374 774 370 786 372 794 379 784 381 774 379 418 465 50.327091 99.529846 7.669724 -0.100256 -0.144829 0.162062 61.459999 14.642326 716.769165 29.035738 9.072411 712.274414 93.884262 20.212242 721.263916
667 361 678 357 690 358 699 366 688 368 677 366 755 373 766 368 777 370 786 378 776 380 765 378 239 520 90.421104 111.728249 7.380960 -0.068029 -0.208249 0.135609 54.391537 14.406855 707.562744 22.206390 9.719719 700.876465 86.576683 19.093990 714.249084
667 362 678 357 690 358 699 366 688 368 677 367 755 374 765 369 776 371 785 378 775 380 764 378 114 536 118.406166 115.234833 7.356011 -0.046932 0.376394 0.121673 53.303680 14.721368 708.080811 22.662586 11.076653 720.344543 83.944778 18.366085 695.817078
504 315 514 306 527 302 540 305 529 313 517 316 613 288 625 278 640 275 655 278 643 286 628 289 1159 588 -115.436630 127.467903 6.099722 0.031703 0.427464 -0.210754 -38.145626 -26.562279 507.428528 -67.650475 -20.048052 521.197632 -8.640783 -33.076508 493.659393
530 316 539 306 553 302 566 307 555 315 542 318 642 289 654 278 670 275 686 279 673 287 658 290 1119 745 -106.389572 162.560318 4.894049 0.000327 0.392443 -0.208273 -23.478491 -25.695971 500.981842 -53.459724 -19.007683 513.589478 6.502745 -32.384258 488.374237
596 308 608 298 624 295 638 302 625 309 610 311 718 290 731 279 749 277 765 283 751 291 734 293 595 488 10.727849 104.776199 7.345019 0.004633 0.406857 -0.131677 13.054828 -25.944780 486.499603 -17.159868 -21.735352 499.611145 43.269524 -30.154211 473.388062
562 309 574 300 589 297 603 301 590 307 576 310 679 289 691 280 707 277 722 282 709 288 694 290 445 455 44.278358 97.308762 7.726717 -0.684432 0.060954 -0.160523 -5.393343 -30.518505 558.678406 -38.128647 -24.955469 558.788940 27.341959 -36.081543 558.567871
554 306 564 295 579 293 594 300 582 308 568 310 674 285 685 272 702 268 717 273 705 284 689 287 864 60 -49.733997 9.202465 10.502292 0.054439 0.451265 -0.174930 -8.893973 -27.864031 480.876038 -38.286091 -22.682293 495.429810 20.498146 -33.045769 466.322266
558 305 570 298 584 296 598 302 584 305 571 306 673 291 687 282 703 279 718 282 704 288 689 290 1222 506 -129.585815 109.163658 6.695337 0.629880 -0.062298 -0.122444 -7.567800 -28.895006 521.074768 -40.469971 -24.475891 520.383240 25.334372 -33.314121 521.766357
582 306 594 296 611 293 626 299 612 307 597 309 706 287 719 276 736 273 752 279 738 287 722 289 54 446 131.779938 95.070351 8.114317 0.013181 0.360721 -0.145166 6.952682 -27.537727 489.710571 -23.773470 -22.916155 501.419739 37.678833 -32.159302 478.001434
559 302 571 294 585 291 598 295 586 300 572 303 673 281 685 272 700 270 715 274 702 280 688 282 1174 448 -118.878334 96.163383 7.191581 -0.725365 0.061428 -0.176579 -8.295925 -34.876537 562.698425 -40.947060 -28.840609 562.523743 24.355211 -40.912468 562.873108
569 304 580 293 596 290 611 296 598 304 583 307 689 282 701 271 717 267 733 273 720 282 704 284 1037 324 -88.292297 68.349884 8.280356 0.049459 0.388009 -0.174962 -1.022647 -29.680555 493.963684 -31.265471 -24.360907 506.598267 29.220177 -35.000206 481.329102
568 306 580 295 596 291 611 298 598 305 583 308 690 283 702 271 719 268 735 274 722 282 706 285 400 238 54.218281 48.747410 9.474368 0.006772 -0.287702 -0.183537 0.678345 -29.265951 493.512512 -30.611679 -23.257265 484.164276 31.968369 -35.274639 502.860748
580 306 592 296 608 293 622 299 610 307 595 310 701 286 713 275 730 272 746 277 732 286 717 288 1154 777 -114.203331 169.737793 4.613362 0.050060 0.387356 -0.165793 4.952676 -27.987295 493.920197 -25.348631 -22.963018 506.535553 35.253983 -33.011574 481.304840
575 305 586 295 602 292 617 298 604 306 589 308 697 284 709 273 726 270 742 275 728 284 712 286 1238 347 -133.262817 73.610069 7.936217 0.047382 0.422616 -0.165823 2.310092 -28.131018 482.372925 -27.531937 -23.140831 496.051788 32.152119 -33.121204 468.694092
572 309 584 298 601 294 616 301 602 308 587 311 695 287 707 276 724 272 739 278 726 286 710 289 862 751 -48.868542 163.754150 5.054850 -0.022833 -0.274310 -0.179253 2.889651 -27.569309 494.845245 -28.548405 -21.826752 485.832397 34.327705 -33.311867 503.858093
581 307 593 296 610 293 625 301 611 308 596 310 708 288 721 277 739 274 755 280 741 288 724 291 138 202 112.832924 40.544403 9.970420 0.018977 0.420692 -0.136780 6.791361 -25.780340 468.057037 -23.217247 -21.515947 481.616455 36.799969 -30.044733 454.497620
584 304 596 292 613 289 628 297 615 305 599 307 709 284 721 271 739 268 755 275 741 284 725 286 901 10 -58.044949 -1.959477 10.866617 0.037712 0.438757 -0.152085 7.707906 -27.914904 471.924011 -21.981098 -23.315439 486.065002 37.396912 -32.514366 457.783020
582 302 594 290 611 287 626 295 612 302 597 305 705 281 718 269 736 266 751 272 738 281 721 284 630 52 2.631091 7.278235 10.754868 0.011371 -0.349399 -0.166846 8.086974 -29.585402 477.407074 -22.659815 -24.117676 466.124420 38.833763 -35.053123 488.689758
577 308 589 297 606 293 622 300 608 308 592 311 701 287 713 275 730 272 746 277 733 286 716 289 812 591 -37.775139 127.938843 6.357061 0.054552 0.371960 -0.169927 4.367929 -27.148415 485.482666 -26.099628 -21.996853 497.637878 34.835487 -32.299976 473.327484
584 299 597 290 612 287 626 291 613 297 599 300 703 279 715 271 731 269 746 274 732 280 718 281 75 294 126.988152 61.085308 9.295947 -0.699014 0.061280 -0.141270 7.789908 -35.707943 557.089966 -25.037746 -30.726196 557.384705 40.617565 -40.689693 556.795166
594 306 606 295 623 292 639 299 625 306 609 309 718 287 731 276 748 273 763 279 750 287 734 289 112 732 118.972298 159.072113 5.812021 0.025030 0.328250 -0.148291 13.055667 -27.839075 494.084747 -18.018478 -23.156305 504.809906 44.129810 -32.521847 483.359589
587 302 599 291 616 288 632 295 618 302 602 305 711 282 723 271 741 268 756 274 742 282 726 284 46 337 133.504440 70.686203 8.980343 0.012862 -0.302068 -0.155885 10.670268 -29.806721 487.299500 -20.634644 -24.665951 477.494659 41.975182 -34.947491 497.104309
