494 252 511 241 533 240 550 252 532 258 512 259 643 250 659 237 680 237 697 247 680 255 661 255 749 271 -3.735852 59.155037 13.211228 -0.007331 -0.061507 -0.029963 -21.366642 -50.977612 467.138763 -54.493771 -49.990952 465.094421 11.760489 -51.964272 469.183105
500 250 517 238 539 238 556 250 538 256 518 257 649 248 665 236 686 235 703 246 686 254 667 254 648 163 16.336140 37.746296 11.182055 -0.001465 -0.069611 -0.021613 -18.718481 -51.797245 466.289978 -51.835129 -51.081921 463.980103 14.398167 -52.512573 468.599854
526 246 544 235 565 235 582 246 564 252 544 253 672 245 687 233 706 233 721 244 706 251 688 251 187 68 108.026596 18.794491 9.889357 0.012932 -0.289237 -0.034695 -7.883357 -53.298450 467.674316 -39.689217 -52.101013 458.213196 23.922503 -54.495892 477.135468
517 258 534 247 556 247 573 259 554 264 535 265 665 257 681 246 700 245 715 255 700 263 682 263 519 636 42.087372 131.324356 20.824753 0.022307 -0.197320 -0.025850 -11.550293 -48.301838 469.784851 -44.099785 -47.376392 463.286102 20.999201 -49.227287 476.283600
520 254 538 243 560 243 577 255 558 261 539 261 669 254 684 242 704 241 719 252 703 259 685 259 333 367 79.038467 78.021889 15.683890 0.031505 -0.240652 -0.023317 -9.791088 -49.468296 465.858154 -42.030174 -48.576450 457.958435 22.447998 -50.360142 473.757874
528 260 546 250 566 250 583 261 565 266 546 266 675 261 690 251 709 251 723 260 708 267 691 267 110 899 123.500519 183.247360 26.632421 0.027302 -0.235928 -0.008740 -7.286813 -47.079407 472.495178 -39.570580 -46.685474 464.738708 24.996954 -47.473335 480.251648
518 255 535 245 556 245 573 256 555 261 536 261 666 256 681 245 701 245 716 255 700 262 682 261 645 491 16.994534 102.665527 17.754400 0.010829 -0.192560 -0.010687 -11.412430 -49.223282 470.906311 -44.001659 -48.836128 464.554016 21.176802 -49.610435 477.258606
521 258 539 248 560 249 577 260 559 265 539 265 669 260 685 249 704 249 719 259 703 266 686 266 610 787 24.012787 161.240753 23.728251 0.013819 -0.191724 -0.004595 -9.814424 -47.661877 472.201202 -42.410496 -47.466400 465.875244 22.781647 -47.857353 478.527161
488 257 504 247 525 247 542 258 524 263 505 264 635 257 652 246 673 245 690 255 672 262 653 262 1403 498 -133.795670 104.295517 16.892033 0.015325 0.063436 -0.010551 -24.768017 -47.905876 464.754669 -57.904198 -47.571918 466.862183 8.368165 -48.239830 462.647156
500 257 517 246 538 246 555 257 537 263 518 263 648 257 664 246 685 246 702 257 685 263 666 263 1015 637 -56.583408 131.682281 20.188759 -0.003464 -0.023017 -0.002940 -19.225496 -48.124653 468.464569 -52.421371 -48.028362 467.700165 13.970378 -48.220943 469.228943
534 256 552 247 573 247 589 259 571 264 551 264 681 259 696 248 715 248 729 258 714 265 697 265 233 654 98.985703 134.794800 21.563482 0.032709 -0.249160 -0.006318 -4.461320 -47.916286 469.631592 -36.640202 -47.574116 461.448547 27.717564 -48.258453 477.814606
530 245 548 235 569 235 586 247 567 252 548 253 680 246 696 235 716 234 733 245 716 252 697 252 424 18 60.869991 8.974564 8.574618 0.018511 -0.162119 -0.011170 -5.073978 -51.881405 457.570404 -37.841343 -51.462460 452.214661 27.693386 -52.300346 462.926147
515 254 532 244 554 244 571 256 552 262 532 262 663 256 680 244 700 244 716 255 699 262 681 262 855 511 -24.777723 106.691811 17.877159 0.026050 -0.170467 -0.006376 -12.157856 -48.661533 465.992798 -44.880745 -48.377319 460.363281 20.565033 -48.945751 471.622314
526 250 544 239 565 240 582 252 563 257 544 257 675 253 691 241 711 242 726 253 710 260 691 259 535 223 38.826881 49.585491 12.533043 0.033948 -0.199384 0.004768 -7.337078 -50.207134 465.210938 -39.883755 -50.252399 458.632843 25.209597 -50.161869 471.789062
494 246 510 234 531 234 547 246 530 252 511 252 640 244 657 233 678 232 695 244 677 250 658 250 1385 54 -130.298248 16.409929 8.024500 0.007798 0.099172 -0.006945 -22.535881 -53.068844 464.485962 -55.576744 -52.851448 467.774384 10.504983 -53.286240 461.197571
524 246 542 235 564 236 580 248 562 254 542 254 673 249 689 237 709 237 724 248 708 255 690 255 307 227 84.184448 50.303658 12.914702 0.043346 -0.204671 -0.000448 -7.987077 -52.052120 466.508209 -40.498940 -51.890579 459.761932 24.524784 -52.213661 473.254486
520 247 537 236 559 236 576 248 558 254 538 254 670 248 686 236 706 236 722 247 706 254 687 254 503 153 45.179604 35.720249 11.173579 0.046272 -0.177660 -0.010913 -9.588223 -51.745335 462.503571 -42.268517 -51.248924 456.645935 23.092068 -52.241741 468.361176
501 245 518 233 539 233 556 245 538 251 519 252 650 245 667 233 688 233 705 244 688 251 668 251 1181 37 -89.719025 12.979361 7.953880 0.013271 0.036397 -0.002158 -18.327456 -53.089138 464.258179 -51.510201 -53.025505 465.466919 14.855289 -53.152767 463.049438
483 249 498 238 518 237 535 248 518 255 499 256 627 246 644 234 665 234 683 244 665 251 646 252 1211 645 -95.572853 133.328918 20.089729 -0.014531 0.080174 -0.017533 -28.234705 -53.134235 471.355072 -61.327759 -52.533398 474.009949 4.858350 -53.735069 468.700195
506 245 523 234 544 234 560 245 543 251 523 251 653 245 670 233 691 234 707 245 690 251 671 251 835 413 -20.817459 87.288475 15.941110 0.000840 0.019525 0.001579 -16.968836 -53.892303 471.370056 -50.167278 -53.944996 472.018311 16.229607 -53.839615 470.721802
569 240 588 230 611 229 630 241 610 247 589 248 731 238 747 225 768 224 784 234 767 242 748 243 92 650 127.034561 133.957611 21.669868 0.061938 -0.220799 -0.041043 14.115646 -51.423687 426.398468 -18.255577 -49.847118 419.175018 46.486870 -53.000259 433.621887
584 241 604 230 627 230 645 242 625 248 604 249 742 239 759 226 779 225 795 235 779 243 760 244 22 528 140.936981 109.787888 19.319336 0.050505 -0.309716 -0.046479 19.624115 -50.668362 423.395752 -11.965867 -48.893250 413.321930 51.214100 -52.443474 433.469543
568 234 587 222 611 222 630 235 610 241 588 242 731 231 747 217 769 216 785 227 768 235 749 236 300 98 85.552757 24.768763 10.340667 0.075460 -0.295115 -0.050661 13.987035 -52.387508 413.425385 -17.741005 -50.365131 403.844086 45.715073 -54.409889 423.006683
552 239 571 227 596 226 615 239 595 246 572 247 716 234 734 220 757 219 775 229 757 239 736 240 515 208 42.802731 46.610130 12.259112 0.099443 -0.260636 -0.049857 8.457439 -50.519260 410.012482 -23.586086 -48.458385 401.555237 40.500965 -52.580132 418.469727
578 230 598 218 623 218 642 231 621 238 599 238 742 226 760 212 782 210 800 221 782 230 762 232 105 75 124.340446 20.153532 10.137990 -0.000295 -0.028305 -0.044755 18.460621 -54.959446 422.899658 -14.697647 -53.474216 421.960022 51.618889 -56.444679 423.839325
531 244 550 232 574 231 593 243 573 250 551 251 695 239 713 225 736 224 755 234 736 243 715 244 793 419 -12.461129 88.462486 16.116814 0.095818 -0.223198 -0.048823 0.142183 -49.103592 413.509125 -32.200394 -47.145714 406.250763 32.484760 -51.061466 420.767517
536 254 555 243 578 242 597 254 578 260 556 261 699 250 718 237 741 235 759 245 740 254 719 254 724 782 1.333441 160.287888 23.477345 0.082329 -0.172787 -0.042102 1.715510 -45.552773 418.436676 -30.965883 -43.928276 412.793365 34.396904 -47.177269 424.080017
569 247 589 236 612 236 631 248 611 254 589 254 732 244 749 231 770 230 786 240 770 249 750 249 344 671 76.907288 138.195374 21.757105 0.071578 -0.248929 -0.042136 14.581800 -48.114979 419.923340 -17.570820 -46.437725 411.802063 46.734421 -49.792233 428.044647
499 243 515 231 537 230 555 241 537 248 517 249 654 235 672 221 696 219 716 229 697 238 675 239 1408 324 -134.823013 69.857758 13.400975 -0.136660 0.047515 -0.060174 -16.017454 -53.579048 437.344025 -49.124866 -51.481556 438.779022 17.089960 -55.676540 435.908997
540 240 559 229 582 229 601 241 582 247 560 248 704 239 722 226 745 225 764 235 745 244 724 244 620 314 21.934631 67.624306 14.242945 0.056069 0.177130 -0.013283 2.521575 -49.620472 416.086639 -30.160919 -49.346367 421.946594 35.204071 -49.894573 410.226715
519 255 536 244 559 244 578 256 559 262 538 262 679 253 697 240 721 238 740 247 721 257 699 258 1002 815 -53.963848 166.909164 23.770498 0.069414 0.213780 -0.023363 -6.862532 -44.584614 417.528900 -39.302784 -44.060745 424.593994 25.577719 -45.108482 410.463837
542 250 561 239 584 239 604 250 584 257 562 257 706 247 724 235 747 234 766 243 747 252 726 252 672 657 11.654504 135.530197 21.042929 0.083133 -0.158564 -0.032004 4.167820 -46.637108 418.217804 -28.603760 -45.362026 413.025757 36.939400 -47.912186 423.409851
501 254 517 244 538 244 557 254 539 261 519 262 659 250 677 238 700 236 720 245 701 254 679 255 1281 840 -109.461571 171.947342 23.902126 0.081585 0.253017 -0.034521 -14.691216 -45.049168 415.068909 -46.819866 -44.257267 423.416473 17.437435 -45.841072 406.721313
512 244 529 233 552 232 571 244 552 251 531 252 674 240 692 226 716 225 736 235 716 244 694 245 969 253 -47.504581 55.663307 12.559793 0.068427 0.238218 -0.028339 -9.102117 -48.378464 410.031799 -41.356392 -47.716423 417.891998 23.152159 -49.040504 402.171570
515 254 532 244 554 244 573 254 554 261 533 261 675 251 693 239 716 238 736 246 716 255 695 256 1022 872 -57.931812 178.197479 24.885502 0.063580 0.196097 -0.024055 -8.654437 -45.283157 419.518707 -41.213535 -44.696384 426.008728 23.904663 -45.869934 413.028687
520 239 538 227 561 226 581 238 561 245 540 246 681 235 700 221 724 220 744 231 724 239 702 240 914 145 -36.583523 34.269402 10.469778 0.063853 0.175953 -0.024981 -5.743580 -51.322723 418.162231 -38.425587 -50.684128 423.996460 26.938429 -51.961319 412.328003
552 245 571 235 594 235 613 246 594 251 572 252 715 242 733 230 755 229 773 238 755 246 734 247 674 459 11.219456 96.341202 17.075226 0.062312 -0.129547 -0.033109 7.773328 -49.263138 423.528961 -25.135193 -48.033962 419.277161 40.681850 -50.492313 427.780792
512 252 529 242 551 242 569 252 551 258 530 259 671 248 690 236 713 235 732 243 713 251 692 252 1140 844 -81.411209 172.693573 24.168718 0.045301 0.107459 -0.037268 -9.757215 -47.041462 425.518188 -42.747520 -45.887783 429.105438 23.233091 -48.195137 421.930939
509 250 526 240 547 239 566 250 548 256 528 257 667 245 685 234 708 232 727 241 708 249 687 250 1414 844 -135.918961 172.781952 23.806320 0.060348 0.180470 -0.035400 -11.389295 -47.676605 423.693939 -44.034321 -46.688744 429.684418 21.255733 -48.664467 417.703461
418 181 437 165 464 163 485 177 463 186 439 188 597 172 618 156 645 155 666 169 645 179 620 179 1070 92 -67.627083 23.829567 9.202096 -0.053461 0.026553 -0.041881 -37.518867 -69.331482 384.270355 -70.682869 -67.918503 385.114136 -4.354863 -70.744461 383.426605
446 193 466 178 492 178 513 191 491 200 467 201 629 188 650 173 676 172 698 185 676 195 652 195 1030 289 -59.632755 62.808369 13.200031 -0.055491 0.010371 -0.027635 -26.398207 -63.422096 379.539246 -59.588562 -62.495533 379.857941 6.792145 -64.348663 379.220551
436 195 455 180 480 179 501 193 480 202 457 203 617 189 637 173 664 172 686 186 664 195 640 195 1234 253 -100.221931 55.748783 12.209298 -0.001915 0.084667 -0.026233 -30.550369 -62.415180 377.059113 -63.624828 -61.542583 379.865936 2.524091 -63.287781 374.252289
520 193 538 183 559 185 576 199 557 202 538 201 683 201 700 187 720 186 737 197 720 205 701 205 649 332 16.168941 71.196358 14.565048 0.416980 -0.038073 0.019594 -6.181715 -67.501732 421.631531 -39.356533 -67.873718 420.270355 26.993103 -67.129738 422.992706
494 209 516 197 542 198 563 212 540 218 516 218 680 212 700 198 724 198 743 210 723 219 701 218 570 760 31.965054 155.883820 23.240465 0.056646 -0.114219 -0.004344 -8.525362 -55.378204 377.873474 -41.513561 -55.127094 374.095215 24.462837 -55.629314 381.651733
422 221 439 210 463 210 483 222 463 229 442 230 595 217 616 203 642 202 665 212 643 221 618 222 1398 854 -132.734146 174.756073 24.027737 -0.208975 -0.018872 -0.057078 -37.750629 -54.325031 388.072998 -70.895676 -52.509888 387.254028 -4.605581 -56.140175 388.891968
491 216 512 204 537 205 557 219 535 224 513 224 670 217 689 203 712 201 731 212 712 220 691 221 680 706 10.072239 145.231216 22.013599 0.516898 0.006460 -0.026183 -11.847525 -55.490559 390.204529 -45.040531 -54.713680 390.629333 21.345482 -56.267437 389.779755
495 217 517 206 543 207 564 221 542 227 517 226 681 222 702 208 726 207 744 219 724 228 702 228 608 747 24.403143 153.323013 22.929874 0.076375 -0.151209 -0.003204 -7.824142 -51.818115 375.747345 -40.650093 -51.520973 370.754517 25.001808 -52.115257 380.740204
438 196 456 183 481 183 501 197 480 204 458 205 616 196 638 181 665 181 687 194 664 203 640 203 1414 221 -136.035950 49.473164 11.330409 0.032968 0.175953 0.007470 -29.817493 -59.070820 368.292450 -62.508755 -59.413593 374.099640 2.873770 -58.728043 362.485260
581 184 598 177 617 180 633 190 615 193 598 192 732 194 748 185 766 184 782 192 766 199 748 199 298 139 85.958321 32.883141 11.164359 -0.161756 -0.014980 0.038884 16.230610 -76.421310 460.027435 -16.945442 -77.746590 459.636505 49.406662 -75.096039 460.418365
455 203 475 190 501 190 522 205 500 212 476 213 636 203 657 189 684 189 706 201 683 211 659 211 1123 494 -78.095070 103.413490 17.182264 0.042163 0.080879 -0.001126 -23.445757 -57.861988 376.866089 -56.542019 -57.881229 379.548737 9.650507 -57.842747 374.183441
518 194 541 182 568 182 589 197 565 203 541 203 701 197 721 183 745 183 763 195 744 204 722 204 361 279 73.451805 60.613304 13.884609 0.070394 -0.207848 -0.012330 -0.020220 -61.060520 379.827362 -32.508167 -60.412449 372.995605 32.467728 -61.708588 386.659119
456 199 475 185 501 185 521 199 500 206 477 207 634 198 655 184 681 184 702 197 681 206 657 205 1414 335 -136.014542 72.036896 13.613320 0.037043 0.074931 -0.001954 -24.098246 -60.276901 381.408173 -57.209831 -60.258141 383.894531 9.013341 -60.295658 378.921783
481 199 503 185 529 185 550 201 527 206 504 207 662 199 683 183 708 182 728 196 707 204 684 204 851 36 -24.071188 12.674990 8.370319 -0.372314 -0.062224 -0.040057 -14.738507 -64.183678 403.129639 -47.853485 -63.265327 400.868103 18.376471 -65.102036 405.391174
474 221 495 209 520 209 542 223 519 228 496 229 653 220 674 205 698 204 719 215 698 223 676 224 870 776 -27.711962 159.147415 23.164089 0.511422 -0.027254 -0.028986 -17.244270 -53.488598 385.287720 -50.423374 -52.341408 384.662689 15.934834 -54.635784 385.912750
505 207 527 195 553 196 574 211 551 216 527 216 688 212 708 198 732 199 750 211 731 219 709 219 532 517 39.478889 107.775192 18.424519 0.061997 -0.156290 0.004503 -5.022508 -56.217327 381.789062 -37.822399 -56.205647 376.619293 27.777386 -56.229004 386.958832
594 196 611 190 629 192 644 203 627 205 610 203 740 207 755 198 773 198 788 205 772 211 755 211 118 424 121.819855 89.234398 17.109709 -0.112615 -0.018718 0.046240 20.965298 -73.427338 475.202545 -12.198254 -74.993805 474.668915 54.128845 -71.860870 475.736145
456 186 475 172 501 171 522 185 500 193 477 194 631 184 653 170 680 170 702 184 679 192 654 191 1343 13 -121.950737 8.281357 7.259003 0.008508 0.122227 0.006520 -24.528883 -65.165909 381.405579 -57.485271 -65.399117 385.453033 8.427504 -64.932693 377.358154
540 161 558 150 581 151 598 163 579 169 559 170 699 163 716 149 738 148 755 158 738 167 718 168 78 465 129.784882 97.336525 17.983662 -0.016031 -0.129223 -0.036869 1.835991 -82.918488 429.766907 -31.069475 -81.732346 425.479340 34.741455 -84.104622 434.054443
474 160 491 148 514 148 532 159 513 166 493 167 634 155 652 142 675 141 694 151 675 160 654 160 1083 149 -70.202515 35.115623 10.326358 0.064506 0.075646 -0.028896 -24.897282 -84.482834 427.440918 -57.993324 -83.606010 429.979156 8.198762 -85.359650 424.902679
552 175 570 165 593 165 611 178 591 184 571 183 711 178 729 166 751 164 768 174 750 183 730 184 152 846 115.135361 172.770752 25.515518 -0.007726 -0.070512 -0.011294 6.667597 -77.045242 430.988617 -26.452589 -76.679581 428.647827 39.787781 -77.410896 433.329376
483 178 500 168 522 168 541 179 522 185 502 185 644 175 662 163 685 161 703 170 685 178 664 179 941 809 -41.830036 165.701935 23.731026 0.095231 0.042116 -0.034411 -21.117535 -76.906395 427.631866 -54.273289 -75.832581 429.081879 12.038220 -77.980209 426.181854
547 163 565 153 588 153 605 166 586 171 566 171 704 162 719 148 739 147 754 156 738 165 720 167 368 521 72.104721 108.514000 18.721531 0.105118 -0.283077 -0.064295 3.950034 -84.177147 436.750549 -27.866829 -81.585892 427.610962 35.766895 -86.768410 445.890167
562 146 580 137 602 137 619 149 601 155 581 155 717 148 733 135 754 134 769 143 753 152 734 153 29 215 139.485672 47.838860 13.042085 0.237492 0.362926 0.001103 8.125130 -88.958038 431.429504 -22.926943 -90.402222 443.101807 39.177200 -87.513847 419.757202
481 174 499 163 522 162 541 173 522 180 501 181 643 168 661 155 683 154 702 163 683 172 662 173 815 764 -16.772879 156.754547 22.996527 0.094258 0.020462 -0.046463 -21.565250 -79.395584 428.849335 -54.727310 -77.887718 429.600128 11.596809 -80.903458 428.098541
462 166 478 153 499 151 518 162 500 170 480 172 619 152 636 138 659 136 678 146 660 155 639 157 1168 441 -87.057022 92.937851 16.061392 0.059770 0.089252 -0.080630 -31.105988 -85.448837 432.501862 -64.070976 -82.868019 435.536469 1.858998 -88.029648 429.467285
461 170 477 157 499 155 517 166 499 173 479 176 619 156 636 142 659 140 678 149 660 158 639 160 1176 426 -88.651306 89.971519 15.750428 0.067299 0.091391 -0.082513 -31.074492 -83.327316 429.591553 -64.028015 -80.698402 432.708252 1.879029 -85.956230 426.474823
525 154 543 143 565 142 583 154 564 160 545 161 681 147 696 133 716 131 732 141 716 149 698 151 302 268 85.186813 58.417072 13.742363 0.641813 0.044694 -0.079609 -6.191569 -93.411957 455.670471 -39.262779 -91.409660 457.871735 26.879639 -95.414253 453.469208
472 164 488 151 511 149 530 159 511 167 491 169 633 149 650 135 673 133 692 142 674 152 653 153 1091 74 -71.808067 20.273645 8.813861 0.081539 0.091501 -0.084040 -25.571167 -84.795380 423.935486 -58.520187 -82.138741 427.076141 7.377855 -87.452026 420.794800
516 161 533 149 556 147 575 157 556 165 535 167 672 145 687 132 707 130 724 138 708 148 690 150 54 287 134.525864 62.097698 14.450858 0.113122 -0.294714 -0.139354 -8.755324 -88.253418 433.709381 -40.213146 -83.169456 424.375641 22.702499 -93.337372 443.043091
472 180 489 169 510 168 529 178 511 185 491 186 629 170 647 157 669 155 688 163 670 172 649 174 923 836 -38.244164 171.040161 24.295523 0.096052 0.094498 -0.071597 -26.870249 -78.887726 433.012360 -59.842152 -76.669991 436.251953 6.101655 -81.105461 429.772797
507 166 525 154 548 153 567 164 548 171 527 173 667 156 684 142 706 140 723 150 706 159 686 161 354 566 74.898239 117.416222 19.641197 0.143632 -0.161658 -0.085775 -11.383371 -84.617393 433.209900 -44.034660 -81.411110 428.093994 21.267920 -87.823669 438.325836
500 173 517 161 540 160 559 171 540 177 519 178 657 161 673 147 694 144 713 153 695 162 676 164 520 684 41.897449 140.825195 21.784657 0.638498 -0.033556 -0.095873 -15.692462 -84.125122 441.159851 -48.731865 -80.815392 441.103058 17.346939 -87.434853 441.216644
491 157 508 144 530 142 549 153 530 160 510 162 648 144 665 131 687 129 705 139 688 148 667 149 824 300 -18.650412 64.919121 13.692773 0.077848 0.032019 -0.075513 -19.347986 -89.908943 438.156830 -52.441227 -87.448242 439.315277 13.745255 -92.369644 436.998413
518 160 536 148 559 147 578 159 559 166 537 167 678 153 694 140 716 139 733 149 716 158 696 159 487 633 48.452675 130.720261 20.806999 0.139611 -0.151742 -0.063616 -7.048078 -86.546265 435.239014 -39.805164 -84.099915 430.386383 25.709009 -88.992615 440.091675
501 152 518 138 541 137 560 148 541 156 520 158 660 140 676 126 698 124 716 135 699 144 679 145 645 161 16.932564 37.349472 11.145971 0.107644 -0.061626 -0.080755 -14.628328 -91.616196 437.972809 -47.662132 -88.834602 436.078033 18.405476 -94.397789 439.867554
462 99 481 86 506 86 526 100 505 107 483 108 632 98 651 83 676 82 695 94 675 103 653 104 970 8 -47.749519 7.171406 7.652213 0.163424 0.075876 -0.013838 -25.305243 -101.632401 403.272430 -58.411560 -101.380722 405.815643 7.801076 -101.884087 400.729218
519 114 533 108 548 109 562 116 548 119 533 118 660 114 673 107 686 105 700 111 687 116 674 117 596 195 26.686686 44.063202 11.891648 0.036230 -0.256907 -0.069945 -15.239791 -116.285912 489.629333 -47.274666 -113.837639 481.242889 16.795082 -118.734192 498.015778
470 117 489 105 513 106 532 119 512 124 490 124 634 116 653 103 676 102 695 113 676 121 655 121 834 227 -20.653454 50.473648 12.217682 0.579611 -0.033163 -0.023028 -24.678555 -100.267479 424.944366 -57.857059 -99.234901 424.119537 8.499949 -101.300056 425.769196
473 120 494 109 519 110 540 123 518 130 495 130 646 120 666 106 690 105 710 115 690 125 667 126 746 180 -3.156141 41.142673 11.392872 0.213699 -0.260760 -0.047544 -18.807501 -91.456535 395.015991 -50.857113 -88.991905 386.690887 13.242111 -93.921165 403.341095
549 230 565 217 585 216 602 226 585 233 567 235 689 218 704 205 725 203 741 213 725 221 707 222 791 0 -12.141945 5.530249 7.728757 0.023839 0.016778 -0.084449 0.266435 -66.881004 491.138458 -32.815384 -64.087265 491.728210 33.348255 -69.674744 490.548676
541 247 555 235 575 233 592 244 576 251 558 253 680 235 695 222 716 220 734 228 717 238 698 239 970 491 -47.658821 102.770355 17.324549 0.053668 0.108922 -0.082858 -4.050225 -58.922352 489.318420 -36.944645 -56.277843 492.995819 28.844193 -61.566860 485.640991
552 252 567 242 586 241 603 250 587 256 569 257 693 242 708 231 728 229 745 236 729 245 711 246 848 894 -23.313269 182.495758 25.556200 0.028159 0.047976 -0.074088 1.486328 -56.106476 490.595306 -31.589231 -53.672318 492.220673 34.561890 -58.540638 488.969910
604 233 620 223 640 222 656 233 639 239 621 240 744 225 757 212 775 210 789 218 775 227 759 229 187 364 108.082184 77.381012 15.816916 0.074087 -0.246707 -0.105397 26.041826 -65.668541 499.626251 -5.975758 -61.912346 491.668549 58.059410 -69.424736 507.583954
558 239 573 228 593 227 609 236 593 243 575 245 701 229 716 216 736 215 753 223 737 231 719 233 918 353 -37.340199 75.439598 14.629800 0.071572 0.031805 -0.075861 4.723692 -61.648407 485.700378 -28.368893 -59.172192 486.844421 37.816277 -64.124619 484.556305
592 234 608 224 629 223 645 233 628 239 610 240 736 227 750 215 770 214 785 222 770 230 752 232 279 390 89.785194 82.556801 16.215899 0.068274 -0.127478 -0.068162 20.795340 -62.461208 483.098328 -12.063277 -60.063351 478.960571 53.653957 -64.859070 487.236115
549 247 563 237 583 236 599 245 583 252 565 253 689 238 704 227 725 225 742 233 725 241 707 242 1183 777 -89.977928 159.446304 22.770134 0.023695 0.127779 -0.063250 -0.323554 -57.443047 485.633728 -33.191460 -55.400337 489.886719 32.544350 -59.485756 481.380768
604 226 620 215 640 214 657 224 640 231 621 232 747 218 762 205 781 204 797 212 782 221 764 222 178 12 109.806480 7.707650 8.779830 0.057580 -0.181438 -0.077824 25.923809 -65.707588 476.354980 -6.636181 -62.968803 470.446869 58.483799 -68.446365 482.263092
574 233 589 223 609 221 625 230 609 237 591 238 716 224 731 213 751 211 767 219 751 227 733 228 644 116 17.123047 28.442415 10.246145 0.024497 0.086367 -0.060275 11.585066 -63.199928 482.388214 -21.435764 -61.237480 485.274933 44.605896 -65.162376 479.501495
585 232 601 221 621 219 637 230 621 237 602 238 728 223 742 209 761 207 777 217 762 225 744 227 362 23 73.204803 9.944202 8.756748 0.175823 -0.089916 -0.093200 18.044395 -66.661652 501.819092 -14.883082 -63.330078 499.128082 50.971870 -69.993233 504.510071
601 247 617 237 637 236 653 246 637 252 618 253 746 241 762 229 781 227 798 235 782 244 764 245 257 850 94.248108 173.596329 25.456745 0.013258 -0.039903 -0.058891 24.881556 -55.616032 476.052734 -8.239280 -53.653496 474.741882 58.002388 -57.578571 477.363617
602 231 619 220 640 219 657 230 639 236 620 237 747 223 762 211 781 209 797 218 782 227 764 228 221 37 101.257042 12.669706 9.223596 0.089415 -0.252590 -0.076157 25.330322 -61.935070 466.869659 -6.726392 -59.066303 458.702850 57.387035 -64.803841 475.036469
568 240 588 229 611 230 628 244 608 249 587 249 723 245 739 232 760 232 775 243 759 252 740 252 243 496 96.966698 103.525497 18.386221 0.108432 -0.322339 0.003699 12.778383 -50.732868 436.536102 -18.717741 -50.278625 426.031464 44.274509 -51.187111 447.040741
599 233 618 223 640 225 657 240 637 245 617 244 753 242 770 228 791 228 807 239 790 248 770 249 52 348 134.935181 74.170624 15.675061 0.117922 0.346667 0.032768 23.478809 -52.155739 435.653809 -7.735505 -53.890545 446.843842 54.693127 -50.420933 424.463806
512 237 529 227 550 227 567 238 549 244 530 244 664 238 682 226 704 226 722 236 703 243 683 243 1282 597 -109.706139 123.851303 19.034597 0.022207 0.116859 0.003130 -12.240520 -54.360088 447.174591 -45.218716 -54.506817 451.044586 20.737677 -54.213360 443.304626
578 219 597 208 620 209 637 222 617 227 597 227 731 224 748 213 768 213 783 225 766 232 748 231 291 127 87.348602 30.505754 10.933311 0.035182 -0.157808 0.018122 16.460503 -61.588890 454.173279 -16.326328 -62.096012 448.945831 49.247334 -61.081768 459.400726
539 231 556 221 578 222 595 234 576 239 556 239 690 237 708 226 729 226 746 238 728 245 708 244 1084 402 -70.353943 85.191589 15.391496 0.013634 0.019634 0.036944 -1.099729 -56.330120 456.040405 -34.275486 -57.560898 456.683777 32.076027 -55.099342 455.397034
591 237 610 228 631 229 648 240 629 245 609 244 740 242 755 233 774 233 788 243 772 249 755 249 49 714 135.600708 146.611099 23.008377 0.055077 -0.311228 0.010666 20.982990 -53.799141 454.245758 -10.625151 -53.865215 444.073212 52.591129 -53.733063 464.418304
516 238 532 227 554 227 570 239 553 245 533 245 665 240 683 228 705 228 723 239 704 246 684 246 1432 551 -139.554779 114.795029 17.915030 0.033302 0.166239 0.016314 -11.485209 -53.775955 449.539612 -44.227909 -54.406742 455.023895 21.257492 -53.145168 444.055328
521 232 537 221 559 221 576 233 558 239 538 239 672 233 689 220 711 220 729 231 711 239 690 239 1245 54 -102.447563 16.364771 8.209666 0.037052 0.194490 0.010389 -9.117575 -55.885509 443.414276 -41.694645 -56.347469 449.823700 23.459496 -55.423550 437.004852
544 237 562 226 585 227 603 240 583 245 563 245 698 241 716 229 738 229 755 240 737 247 717 247 612 436 23.549007 91.768875 16.696642 0.095224 -0.158513 0.010004 2.600101 -53.192371 444.812012 -30.187090 -53.272755 439.562897 35.387291 -53.111988 450.061157
537 236 555 224 578 224 596 237 576 243 556 243 691 237 709 224 731 224 748 235 730 243 710 243 866 122 -27.039040 29.701588 10.072677 0.089248 -0.217846 -0.007875 -0.237914 -53.744270 439.693237 -32.657436 -53.163902 432.538025 32.181610 -54.324635 446.848480
575 235 594 225 617 226 634 238 614 244 594 243 729 239 745 227 766 227 780 238 764 246 746 245 160 313 113.443802 67.278000 14.831325 0.100796 -0.331879 -0.000044 15.311965 -52.882465 436.369324 -16.082458 -52.331196 425.569061 46.706387 -53.433735 447.169586
552 246 571 236 593 237 611 249 592 254 571 254 707 249 724 237 745 237 761 247 744 255 725 255 652 770 15.654392 157.889542 23.332266 0.099576 -0.222926 -0.002362 6.171002 -49.471085 443.430878 -26.212736 -49.026722 436.105865 38.554741 -49.915447 450.755890
581 241 600 231 622 232 639 243 620 248 600 248 732 243 748 232 767 232 782 242 766 249 748 249 51 549 135.171860 113.953720 19.701517 0.069143 -0.321868 -0.010808 17.161940 -52.004238 445.107269 -14.336451 -51.285664 434.624207 48.660328 -52.722816 455.590363
562 246 580 237 603 238 620 249 601 254 580 254 717 250 734 238 754 238 769 248 753 255 734 255 417 707 62.391911 145.344315 22.381474 0.104468 -0.264186 -0.001066 10.011268 -49.016708 441.073425 -22.042545 -48.526642 432.420532 42.065083 -49.506775 449.726318
529 241 547 231 569 231 586 243 567 249 547 249 683 243 701 231 723 231 740 242 722 249 702 249 1059 515 -65.359383 107.549324 17.687447 0.023289 0.054022 0.004706 -4.446933 -51.957748 446.824432 -37.602940 -52.134815 448.615387 28.709074 -51.780685 445.033508
585 243 604 234 626 235 643 247 624 252 604 251 737 248 753 237 773 237 787 247 771 254 753 254 58 855 133.836792 174.521774 25.820074 0.078531 -0.320151 0.000804 19.132591 -50.385864 444.859436 -12.385880 -49.998432 434.419342 50.651062 -50.773296 455.299530
512 233 528 222 550 222 567 234 549 240 529 240 662 233 680 220 702 220 721 231 702 239 681 239 1413 162 -135.848099 37.795124 10.150225 0.037932 0.180503 0.004095 -12.899653 -56.150829 446.424438 -45.564793 -56.399376 452.381500 19.765488 -55.902279 440.467407
525 239 542 229 563 229 580 241 562 247 543 247 676 242 693 231 715 231 733 242 715 249 694 249 1081 722 -69.697052 148.527405 21.803637 0.024891 0.138822 0.022212 -7.250516 -52.962772 450.292206 -40.127739 -53.755100 454.876953 25.626709 -52.170444 445.707458
525 236 543 225 565 225 582 238 563 244 543 244 678 239 696 227 718 227 736 238 717 246 697 245 1011 290 -55.852833 63.000168 13.245187 0.044181 0.173580 0.022515 -6.483776 -53.555386 442.515717 -39.181320 -54.425926 448.231659 26.213770 -52.684845 436.799744
526 193 541 181 561 180 577 190 560 197 543 198 666 184 681 172 701 171 718 181 702 188 683 189 1026 518 -58.794022 108.132462 17.791170 -0.173631 0.039717 -0.056342 -10.873384 -83.614799 493.709167 -43.999535 -81.640678 494.858368 22.252766 -85.588921 492.559937
590 202 606 193 626 192 642 202 625 207 607 208 733 199 748 189 767 188 783 196 767 203 750 204 32 879 139.013565 179.263641 26.335075 -0.050093 -0.020670 -0.029584 19.562298 -77.039116 490.040192 -13.620898 -76.074577 489.329681 52.745495 -78.003654 490.750702
582 197 599 187 620 187 637 197 619 203 600 204 726 195 741 184 760 183 775 193 760 200 742 200 426 406 60.544987 85.771057 16.341883 0.070501 -0.147325 -0.037304 16.549015 -78.128761 485.242004 -16.273241 -76.723846 480.416534 49.371273 -79.533676 490.067505
552 192 568 181 588 180 605 191 587 197 569 198 695 189 711 177 731 177 747 187 731 194 712 194 987 176 -51.099842 40.428699 10.994019 -0.011228 0.018926 -0.019065 2.197581 -80.786308 485.222626 -30.995251 -80.149826 485.847443 35.390415 -81.422798 484.597839
542 196 557 185 577 184 593 194 577 200 559 201 684 190 700 179 720 178 737 188 720 195 702 195 1206 310 -94.641090 67.021614 13.387787 -0.055170 0.040836 -0.031262 -2.733811 -79.990944 486.136169 -35.894733 -78.916504 487.462189 30.427111 -81.065384 484.810120
572 195 588 185 609 185 625 196 608 202 589 202 715 196 731 185 751 185 766 195 750 202 732 202 817 515 -17.217505 107.471268 18.007521 -0.000004 -0.035328 -0.001662 11.556192 -78.663933 488.467377 -21.627857 -78.608772 487.294586 44.740242 -78.719093 489.640198
608 191 624 181 644 181 660 192 643 198 625 198 751 193 766 182 786 181 802 191 786 198 768 198 177 289 110.057434 62.533226 14.328227 -0.024746 -0.105435 -0.013403 27.628908 -78.585922 478.141785 -5.388546 -78.185051 474.642273 60.646362 -78.986794 481.641327
569 202 585 192 606 192 622 203 604 208 586 208 712 204 728 194 748 194 764 204 747 210 729 210 852 745 -24.136982 153.005859 22.567104 -0.008335 -0.018579 0.012064 10.120511 -75.243919 488.656097 -23.076155 -75.647026 488.040924 43.317177 -74.840813 489.271301
590 199 608 190 628 190 645 201 627 206 608 206 733 200 748 190 767 189 781 199 766 206 749 206 94 626 126.632187 129.208008 21.186611 0.069207 -0.168091 -0.016548 19.990047 -76.639122 488.171173 -12.742437 -75.900101 482.639618 52.722530 -77.378143 493.702698
547 200 563 190 583 189 599 199 582 205 564 206 690 196 706 185 726 184 743 194 726 200 708 201 967 543 -47.052254 113.061615 18.369844 -0.016967 0.025064 -0.029790 -0.015921 -77.778252 487.108154 -33.195572 -76.782303 487.931763 33.163731 -78.774200 486.284546
590 183 608 172 629 172 645 183 627 189 608 190 732 182 747 170 766 170 781 181 766 188 748 188 297 100 86.149933 25.163649 10.384686 0.047946 -0.184388 -0.028925 19.965569 -84.747559 488.562805 -12.662676 -83.646713 482.501007 52.593815 -85.848404 494.624603
550 195 566 184 586 183 602 194 585 200 567 201 693 192 709 181 730 180 746 191 729 197 711 197 976 404 -48.868759 85.552605 15.574390 -0.023721 0.044178 -0.011945 1.255289 -79.555763 485.939270 -31.914761 -79.141899 487.400848 34.425339 -79.969635 484.477722
551 193 567 182 586 182 602 192 586 198 567 199 694 190 710 179 730 179 746 189 729 196 711 196 1053 306 -64.205032 66.180557 13.510046 -0.030949 0.040644 -0.011295 1.505604 -80.676720 488.004974 -31.669672 -80.280952 489.348145 34.680882 -81.072487 486.661804
599 186 616 177 636 177 652 189 634 195 616 194 740 187 754 175 772 174 786 183 771 191 755 192 271 172 91.335724 39.406036 11.860912 0.077883 -0.207841 -0.040959 23.464508 -83.624298 492.313782 -8.998418 -82.008179 485.523651 55.927437 -85.240417 499.103943
594 192 610 182 629 182 645 192 628 198 610 199 737 191 752 180 772 179 788 188 772 196 754 196 264 426 92.775955 89.677353 16.956657 -0.049725 -0.049582 -0.024683 21.149221 -79.428383 480.034088 -12.004686 -78.650452 478.368866 54.303127 -80.206306 481.699280
599 192 615 182 635 182 651 193 634 199 615 199 742 192 757 182 777 181 793 190 777 198 759 198 124 487 120.638084 101.705765 18.363382 -0.053424 -0.058691 -0.014873 23.529343 -78.978722 480.673798 -9.614641 -78.537415 478.713898 56.673328 -79.420021 482.633698
523 136 541 128 563 129 580 141 561 147 541 146 674 139 690 126 709 125 723 134 708 143 690 145 92 175 126.945366 39.942081 12.157738 0.230066 0.389230 0.009699 -9.007530 -93.133804 434.170532 -39.738125 -94.906548 446.622345 21.723063 -91.361053 421.718719
463 150 482 139 505 139 524 151 504 158 483 158 624 150 642 136 665 136 683 147 664 155 643 155 848 368 -23.412043 78.385933 15.022766 0.114530 -0.010380 -0.017338 -29.161667 -88.312523 432.843018 -62.359707 -87.718399 432.532043 4.036375 -88.906639 433.153992
550 131 566 124 584 125 598 136 582 139 565 138 687 137 701 127 717 126 730 133 716 140 701 141 127 54 119.959969 16.004152 9.688356 0.138296 -0.201082 -0.010662 -1.222267 -110.636452 506.400421 -33.757233 -109.826523 499.814117 31.312698 -111.446388 512.986755
514 155 534 145 557 145 575 157 555 163 534 163 673 154 689 142 709 141 724 151 708 159 690 160 253 431 94.965157 90.663437 17.071335 0.151066 -0.361584 -0.050651 -8.372247 -84.588600 423.825806 -39.392464 -82.055031 412.254852 22.647970 -87.122162 435.396759
445 166 462 155 485 155 504 167 485 174 464 174 606 163 625 150 648 148 668 158 648 167 627 168 1035 338 -60.618221 72.508423 14.174670 0.144130 0.171358 -0.024562 -35.299427 -78.896317 414.325836 -68.008820 -78.495926 420.026276 -2.590039 -79.296700 408.625397
560 127 576 120 594 122 608 132 592 135 575 134 696 133 709 123 726 122 739 129 725 136 710 137 138 64 117.773582 17.986975 9.874063 0.233516 0.302816 0.029240 2.128517 -109.469269 493.658386 -29.558447 -111.576233 503.356659 33.815479 -107.362297 483.960083
454 166 472 155 495 155 515 167 495 174 473 174 616 164 635 150 659 149 678 159 658 168 637 169 930 775 -39.648155 158.968842 23.064705 0.143583 0.125092 -0.024019 -31.637609 -79.626884 418.417511 -64.573875 -79.131500 422.602814 1.298656 -80.122269 414.232208
516 151 536 141 560 142 578 154 557 160 536 160 677 152 694 140 715 139 731 149 714 158 695 158 141 357 117.231804 75.980682 15.737577 0.168241 -0.355783 -0.042507 -6.690177 -84.521370 418.564728 -37.791126 -82.165634 407.174347 24.410772 -86.877098 429.955139
455 155 473 142 496 142 515 155 496 160 475 161 615 150 633 136 655 134 675 145 656 153 635 154 1006 295 -54.857227 63.988194 13.351928 0.639088 -0.093732 -0.034372 -32.501984 -88.343246 434.222717 -65.547005 -86.319511 431.675049 0.543041 -90.366974 436.770386
516 307 535 296 557 296 575 307 555 313 535 313 672 304 688 292 708 291 725 301 708 308 690 309 681 880 9.905980 179.670914 25.496719 -0.554034 -0.074234 -0.056812 -9.946109 -27.523163 469.653351 -43.009621 -26.399479 466.807098 23.117403 -28.646847 472.499603
511 294 530 281 554 282 572 295 552 301 531 302 672 293 690 279 712 278 730 290 712 298 691 299 821 146 -18.082531 34.437332 10.612807 0.029932 -0.202645 -0.023504 -8.889415 -29.543007 428.212982 -41.405724 -28.667717 421.543427 23.626896 -30.418295 434.882568
503 306 521 294 544 294 563 306 544 312 522 313 663 303 681 290 703 289 721 300 703 308 682 309 825 764 -18.762213 156.757782 22.983299 0.010354 -0.174071 -0.029252 -12.606756 -25.290104 430.349945 -45.295647 -24.294001 424.605042 20.082134 -26.286207 436.094849
579 293 595 285 614 288 628 299 612 302 595 301 720 300 733 289 750 289 762 297 749 303 734 304 123 593 120.856918 122.685753 20.487411 -0.138804 -0.087495 0.015314 13.054208 -32.313824 494.532867 -20.019911 -33.021210 491.675964 46.128326 -31.606438 497.389771
596 283 611 278 628 280 642 290 626 293 610 291 731 292 744 283 760 282 772 289 759 296 744 296 41 501 137.152191 104.449974 18.753517 0.015610 -0.243074 0.025366 19.634090 -36.532349 499.157440 -12.584034 -37.303547 491.160095 51.852215 -35.761150 507.154785
522 297 541 285 564 286 582 298 562 304 541 305 684 299 702 286 724 286 740 298 723 306 703 305 621 511 21.772692 106.616333 18.186653 -0.002088 -0.158580 0.001280 -4.643473 -27.503759 427.984192 -37.431622 -27.551577 422.740662 28.144676 -27.455940 433.227722
493 292 511 279 534 279 553 291 533 298 512 299 654 289 672 275 695 275 713 287 695 295 674 295 1029 198 -59.450912 44.796650 11.379030 -0.027407 0.018684 -0.026128 -16.784721 -30.490795 426.428253 -49.972408 -29.614977 427.036560 16.402964 -31.366613 425.819916
490 295 507 283 530 282 548 294 529 301 508 301 650 292 667 279 690 279 708 290 690 298 669 298 1197 411 -92.831726 87.009384 15.422270 -0.017446 0.040175 -0.020673 -18.851873 -29.858225 431.676208 -52.022800 -29.160423 433.003693 14.319054 -30.556028 430.348694
494 294 512 282 535 282 554 295 534 301 513 302 654 293 672 279 695 279 713 291 694 299 673 299 1031 293 -59.830940 63.600403 13.278811 -0.012154 -0.009988 -0.018029 -16.725943 -29.745644 432.866089 -49.923702 -29.149059 432.530853 16.471819 -30.342230 433.201324
483 300 500 288 523 287 542 299 523 306 502 307 644 296 662 284 685 283 703 294 684 302 663 302 1130 523 -79.482155 109.155647 17.753746 -0.005455 0.096535 -0.027299 -21.054207 -27.407457 425.014648 -54.092072 -26.493782 428.212219 11.983656 -28.321133 421.817108
533 301 553 290 576 290 594 303 574 309 553 309 696 301 712 289 733 288 749 299 732 307 713 308 272 598 91.216782 123.723450 20.390469 0.006952 -0.284808 -0.018166 0.127631 -25.775852 422.213928 -31.734148 -25.148176 412.886932 31.989408 -26.403528 431.540924
509 283 527 269 551 269 570 282 550 289 528 290 670 279 687 266 710 265 727 278 709 286 689 286 740 99 -1.977751 25.108614 9.778739 0.021862 -0.226026 -0.027582 -9.850384 -34.264820 425.821411 -42.198132 -33.275253 418.391510 22.497364 -35.254387 433.251343
545 278 565 267 588 266 606 278 586 284 565 285 702 276 718 264 738 264 754 275 738 282 719 282 215 45 102.452141 14.251190 9.391736 -0.043533 -0.305523 -0.036061 3.700713 -36.380150 431.398224 -27.945368 -35.420975 421.389954 35.346794 -37.339325 441.406464
546 301 565 292 587 292 605 302 586 307 565 307 704 300 720 291 739 291 754 300 738 306 720 306 219 810 101.800064 165.666977 24.705982 -0.044348 -0.299118 -0.022272 3.837946 -26.576223 431.136536 -27.884592 -26.066523 421.339569 35.560486 -27.085922 440.933472
528 291 546 278 569 279 586 294 567 300 546 299 687 293 703 278 724 277 740 290 723 298 705 299 662 367 13.589380 78.128006 15.248748 0.470700 0.013973 -0.015966 -3.822354 -30.915186 437.687134 -37.019833 -30.511641 438.256592 29.375122 -31.318731 437.117645
504 300 522 288 545 288 563 299 544 306 523 307 664 298 682 286 704 286 721 297 703 304 683 304 767 849 -7.208114 173.562897 24.762182 -0.036124 -0.078261 -0.017561 -12.725286 -27.566048 434.102966 -45.823364 -27.030605 431.497162 20.372791 -28.101490 436.708771
530 143 545 131 566 130 584 140 566 147 547 149 676 134 692 121 713 119 731 129 714 137 694 138 866 163 -27.031340 37.816612 10.893723 0.120871 0.083206 -0.059935 -6.674044 -101.074158 467.687714 -39.704639 -99.258980 470.559021 26.356554 -102.889343 464.816437
572 136 589 125 611 124 628 136 610 142 590 143 721 133 736 121 756 120 771 131 755 138 737 139 377 60 70.227753 17.272356 9.477855 0.155795 -0.237716 -0.049289 12.870123 -101.028587 461.597870 -19.362940 -98.803947 453.940186 45.103184 -103.253227 469.255585
581 144 599 134 619 133 636 142 618 147 599 148 722 139 736 128 755 128 770 137 755 143 738 143 377 287 70.270378 62.201885 14.023652 -0.215428 -0.091851 -0.065470 16.232973 -111.041451 520.044128 -16.761648 -109.215797 516.791199 49.227592 -112.867104 523.297119
583 148 601 139 622 139 639 150 621 155 601 155 731 148 747 136 766 136 781 145 765 152 748 153 298 507 86.027428 105.720436 18.533756 0.154248 -0.232775 -0.039494 17.710180 -95.760696 464.826050 -14.575266 -93.874443 457.299316 49.995625 -97.646957 472.352783
557 158 573 148 594 148 612 158 594 164 575 164 705 156 721 145 742 144 758 153 741 160 722 161 861 598 -25.954987 123.913437 19.611446 0.158166 -0.184370 -0.037350 6.177668 -91.473694 462.560822 -26.442585 -89.764252 456.597900 38.797920 -93.183144 468.523743
523 141 538 131 558 130 575 141 558 147 539 148 665 138 682 126 703 125 721 134 703 143 684 143 1428 139 -138.836411 33.247631 9.669798 0.159874 0.251643 -0.008905 -11.050644 -99.321945 463.504791 -43.210590 -99.693626 471.760651 21.109303 -98.950272 455.248932
596 159 614 152 635 153 652 163 634 167 614 167 745 164 761 154 780 154 794 162 778 169 761 169 101 859 125.283409 175.327347 25.843304 0.176148 -0.259813 -0.007064 23.296207 -88.513725 460.183716 -8.796249 -87.529396 451.718201 55.388664 -89.498055 468.649231
545 147 561 136 582 136 599 147 582 153 562 154 692 144 708 132 730 132 747 141 730 149 710 150 1121 94 -77.772316 24.241871 9.174693 0.162220 -0.224458 -0.046531 0.943589 -95.151283 457.346741 -31.394545 -93.025909 450.115723 33.281723 -97.276657 464.577759
602 157 620 148 641 148 658 159 639 163 620 164 746 158 761 147 780 147 793 156 778 162 762 163 25 575 140.349014 119.091446 20.256569 0.132101 -0.358705 -0.042034 24.781963 -90.682312 460.503235 -6.283847 -88.543663 448.974976 55.847775 -92.820969 472.031525
544 164 560 155 581 155 598 165 581 171 562 171 691 163 708 152 729 151 746 160 729 167 709 168 1057 561 -64.952881 116.653343 18.611267 0.173696 0.249638 -0.004429 -0.572201 -87.384155 456.983215 -32.749996 -87.953735 465.157867 31.605595 -86.814583 448.808594
592 160 611 151 632 152 649 163 630 168 610 167 742 164 758 154 778 153 792 162 776 169 758 169 222 689 101.180542 141.718719 22.278925 0.178239 -0.261466 -0.008478 21.904707 -87.977730 457.847076 -10.173357 -86.933609 449.334290 53.982773 -89.021858 466.359833
578 152 596 143 618 143 635 154 616 160 596 160 728 154 744 142 765 142 780 151 764 159 745 159 507 251 44.402275 55.118427 13.130792 0.181603 0.271306 0.014757 14.656498 -91.314880 456.029724 -17.333515 -92.606964 464.834778 46.646511 -90.022797 447.224670
578 147 596 138 618 138 635 149 616 155 597 155 728 149 744 137 765 137 780 146 764 154 745 154 683 3 9.343426 6.089195 7.931677 0.196207 0.314102 0.016784 14.519370 -92.760101 452.478546 -17.061501 -94.316238 462.616913 46.100243 -91.203964 442.340149
607 151 625 142 646 143 662 155 644 160 624 159 755 157 772 146 792 146 807 155 791 163 772 163 237 299 98.123306 64.531853 14.449125 0.205489 0.344901 0.039435 26.122072 -89.512375 450.339966 -5.108943 -91.947365 461.351501 57.353085 -87.077393 439.328400
613 147 632 139 654 140 670 152 651 157 631 156 761 155 777 144 797 145 811 155 795 162 777 161 81 95 129.118607 24.104340 10.570244 0.162605 -0.353418 0.001749 30.041790 -89.895760 446.494110 -1.115281 -89.010269 435.048035 61.198860 -90.781242 457.940186
604 156 622 148 643 149 660 160 641 165 622 164 752 161 768 151 788 150 803 159 787 167 769 167 235 720 98.600227 147.858658 22.882523 0.142737 -0.263297 -0.008746 26.569563 -89.040207 456.540314 -5.491608 -88.134842 447.948395 58.630733 -89.945580 465.132263
546 151 562 140 583 139 600 150 583 156 564 157 692 146 709 134 730 133 747 143 730 151 710 151 964 429 -46.476864 90.496918 16.090900 0.173626 0.224851 -0.020797 0.149306 -95.222427 462.660828 -32.214649 -95.184944 470.085968 32.513264 -95.259911 455.235718
566 144 583 134 604 134 621 144 603 150 583 151 713 143 730 132 751 131 767 141 750 148 731 148 712 222 3.615482 49.444656 12.278913 0.181338 0.264462 0.006123 8.888433 -96.145882 458.755798 -23.164509 -97.135124 467.369141 40.941376 -95.156639 450.142426
591 149 609 140 630 140 647 151 628 156 609 156 739 152 755 141 775 141 789 151 773 158 755 158 372 427 71.291336 89.910110 16.833839 0.169476 -0.316708 -0.018875 20.869310 -92.386093 455.161835 -10.682239 -90.891205 444.923462 52.420856 -93.880974 465.400238
560 119 576 107 598 105 616 115 598 123 579 125 710 107 727 94 749 92 768 102 750 110 730 112 1173 256 -88.086426 56.322887 12.350054 0.130477 0.090814 -0.071575 7.874683 -109.100250 454.591125 -25.108715 -106.931877 457.745972 40.858082 -111.268623 451.436249
595 128 612 117 634 116 652 126 634 133 614 134 748 122 765 109 786 108 803 117 786 125 766 126 755 683 -4.852085 140.703079 21.453815 0.141584 -0.086559 -0.056991 23.723524 -103.917961 454.241547 -9.303429 -101.832314 451.515747 56.750477 -106.003601 456.967377
622 119 640 107 662 107 680 118 661 124 641 125 775 116 791 103 811 102 826 113 810 121 792 121 273 264 90.955132 57.616009 13.700617 0.137057 -0.204839 -0.052051 34.892422 -105.816101 449.934357 2.425294 -103.642334 443.322235 67.359543 -107.989868 456.546478
610 127 628 115 650 114 668 126 649 132 629 133 764 122 781 109 801 108 817 118 801 126 782 127 569 632 32.139950 130.548782 20.678520 0.137690 -0.147686 -0.056711 30.358053 -103.490883 452.103760 -2.432765 -101.285210 447.364899 63.148872 -105.696556 456.842621
624 125 642 114 664 113 682 124 663 130 643 131 778 122 794 109 814 109 829 119 813 126 795 127 306 533 84.440842 110.869133 19.043840 0.140206 -0.187916 -0.050065 36.055771 -103.875343 452.222900 3.475845 -101.793488 446.158752 68.635704 -105.957199 458.287048
576 129 592 117 613 116 631 126 614 133 594 134 727 120 743 108 765 106 783 116 765 124 745 125 1133 678 -80.049850 139.835373 20.853737 0.111692 0.024894 -0.057105 14.836622 -105.003944 458.460846 -18.303850 -103.159065 459.390930 47.977097 -106.848824 457.530731
521 113 537 101 558 99 577 109 559 117 539 119 673 100 690 87 712 85 731 94 713 103 693 104 1064 476 -66.361374 99.831764 16.899837 0.143677 0.117658 -0.074759 -8.422985 -110.145126 446.928223 -41.306252 -107.959045 450.986755 24.460281 -112.331200 442.869720
595 104 613 92 634 91 652 102 634 108 614 110 745 96 761 85 781 84 797 94 781 101 762 102 179 238 109.649986 52.439575 13.304279 0.129638 -0.142208 -0.068063 23.433506 -117.196892 465.675415 -9.360072 -114.647514 461.132111 56.227085 -119.746262 470.218719
569 113 585 101 606 100 623 109 606 116 587 118 717 103 733 91 754 90 771 100 754 107 735 108 1097 429 -72.935005 90.539818 15.914991 0.123730 -0.023054 -0.065909 11.197455 -114.338188 467.439178 -21.926550 -112.109772 466.811401 44.321461 -116.566605 468.066925
595 113 612 102 633 101 651 111 633 118 613 119 745 109 762 97 782 97 798 107 781 114 763 114 584 368 29.106373 78.300774 15.371938 0.121285 -0.108379 -0.044213 23.222198 -112.069679 464.394226 -9.755688 -110.390823 460.901367 56.200085 -113.748528 467.887115
578 117 595 105 616 104 634 114 616 121 596 122 728 109 745 97 766 96 783 106 766 114 746 114 1004 366 -54.446030 78.040398 14.776386 0.120496 -0.079494 -0.058886 15.786631 -110.528358 461.483582 -17.256027 -108.422272 458.972229 48.829288 -112.634438 463.994904
619 115 637 106 659 106 677 116 658 122 638 122 770 113 786 103 805 102 820 111 804 118 787 118 98 478 125.808662 99.916031 18.217541 0.133009 -0.225075 -0.054377 33.649227 -108.538895 456.381897 1.329282 -106.260628 449.116180 65.969170 -110.817154 463.647583
566 124 582 113 603 112 620 122 603 128 584 130 715 118 732 106 753 105 771 114 753 122 733 122 1177 671 -88.804230 138.464066 20.655363 0.107930 0.021927 -0.041141 10.099909 -107.491692 462.963928 -23.068861 -106.167992 463.763977 43.268681 -108.815392 462.163879
586 111 603 100 625 99 643 110 625 116 605 117 738 107 755 95 776 95 793 105 776 113 756 113 791 80 -12.126922 21.364443 9.330800 0.150179 -0.151800 -0.044525 19.702410 -109.714119 452.425964 -13.088561 -107.870377 447.535919 52.493382 -111.557861 457.315979
585 115 602 103 624 102 642 113 624 119 604 121 736 110 753 98 774 97 791 107 774 115 754 115 988 271 -51.280933 59.232128 12.895123 0.132018 -0.106724 -0.047470 19.246655 -110.158333 458.821198 -13.732231 -108.356941 455.399536 52.225540 -111.959724 462.242828
580 121 597 110 618 109 635 119 617 125 598 127 730 115 746 104 767 103 784 113 767 120 747 120 1023 799 -58.144451 163.749100 23.422316 0.107857 -0.048744 -0.045261 16.517963 -109.260262 465.806427 -16.613489 -107.674240 464.273132 49.649418 -110.846275 467.339691
555 125 570 114 591 112 608 121 591 128 572 130 702 115 718 104 740 102 758 111 740 119 721 120 1266 738 -106.496727 151.753906 21.879360 0.124033 0.090084 -0.055346 4.598464 -108.709229 465.558960 -28.421173 -107.064682 468.650665 37.618099 -110.353775 462.467224
575 111 592 99 614 98 632 109 614 116 594 117 727 105 743 93 765 92 782 102 764 110 745 110 767 32 -7.361534 11.856185 8.401318 0.145996 -0.114038 -0.052968 14.881984 -110.943649 454.957123 -18.061152 -108.920151 451.321899 47.825119 -112.967155 458.592346
597 129 614 119 636 118 654 128 636 134 616 135 750 123 767 111 788 110 804 119 787 127 768 128 648 844 16.464022 172.534882 24.819447 0.170459 -0.128096 -0.062724 24.610096 -103.184578 453.978333 -8.258364 -100.757912 449.936676 57.478558 -105.611252 458.020020
565 119 581 107 602 105 620 115 602 122 583 124 714 108 730 95 751 93 769 102 752 111 733 112 1256 385 -104.573677 81.882301 14.823571 0.152173 0.131333 -0.061362 9.401160 -110.178413 459.767456 -23.456059 -108.486458 464.250763 42.258381 -111.870369 455.284149
612 124 628 113 649 113 667 122 649 129 630 130 764 118 781 106 801 104 818 113 801 121 782 122 365 741 72.742828 152.057068 23.131117 0.084676 -0.081109 -0.061772 30.544937 -105.874184 455.582123 -2.487554 -103.715187 452.983490 63.577427 -108.033188 458.180756
607 122 624 112 645 110 663 120 645 127 625 128 759 114 775 102 795 101 811 110 795 118 776 119 532 587 39.492035 121.630112 19.826307 0.146174 -0.150928 -0.079243 28.557934 -107.599564 457.733002 -4.166459 -104.625641 452.954956 61.282326 -110.573486 462.511017
573 114 589 102 610 100 628 111 611 118 591 120 722 103 738 90 760 88 778 98 760 107 740 108 1240 104 -101.443512 26.259531 9.217557 0.127856 0.008280 -0.073205 13.188015 -112.603783 461.488251 -19.926851 -110.199394 461.917297 46.302883 -115.008171 461.059174
616 124 634 114 655 113 673 123 655 129 635 130 768 118 784 107 803 106 818 115 803 122 785 123 225 838 100.611725 171.210876 25.258762 0.139673 -0.154314 -0.064778 32.735474 -107.097534 462.013367 -0.006160 -104.607155 457.079498 65.477104 -109.587906 466.947235
620 124 636 114 657 113 675 123 657 129 638 130 772 119 788 108 808 106 825 115 808 123 789 124 104 808 124.677032 165.234024 24.818033 0.088842 -0.089296 -0.054504 33.807095 -105.701149 456.699646 0.783701 -103.765533 453.824127 66.830490 -107.636772 459.575134
605 121 622 110 644 110 662 119 643 126 623 127 757 115 773 103 793 102 809 111 793 119 774 119 600 633 25.973202 130.756714 20.657543 0.141523 -0.137594 -0.063822 27.889019 -107.992081 459.401459 -4.935216 -105.565910 455.014771 60.713253 -110.418259 463.788116
631 120 648 109 668 109 685 119 668 125 649 126 782 118 799 107 819 106 835 116 818 123 800 123 144 730 116.705048 149.808578 23.203136 0.060646 -0.084309 -0.031759 38.771595 -107.476028 460.182281 5.701406 -106.338730 457.420288 71.841789 -108.613327 462.944275
589 120 606 109 627 108 645 118 627 124 607 125 740 112 756 100 777 99 793 108 777 116 758 117 882 383 -30.172962 81.365807 15.278180 0.162645 -0.146266 -0.070526 20.651810 -108.333221 457.218414 -12.117160 -105.618759 452.593933 53.420780 -111.047684 461.842896
587 125 604 114 625 113 643 123 625 129 606 131 738 117 754 106 774 105 791 113 774 121 756 122 994 868 -52.362427 177.396744 24.842434 0.149961 -0.107257 -0.068549 19.921671 -107.377357 462.383362 -13.014998 -104.849663 459.014954 52.858341 -109.905052 465.751770
609 120 626 110 648 109 666 119 647 125 627 126 761 115 777 103 797 103 813 112 796 119 778 119 480 650 49.848404 134.082764 21.156693 0.140860 -0.149801 -0.059148 29.564636 -108.212654 459.507965 -3.211171 -105.914612 454.709534 62.340443 -110.510696 464.306427
576 120 591 109 612 108 629 118 612 124 593 126 724 112 740 100 761 98 778 107 761 115 742 116 1065 468 -66.561813 98.248672 16.738312 0.138279 0.082420 -0.052283 13.805759 -109.892754 464.368591 -19.241264 -108.353745 467.212036 46.852783 -111.431770 461.525146
585 109 601 98 623 97 641 108 623 114 603 116 735 102 751 89 773 88 790 97 773 105 753 106 856 31 -25.066793 11.686965 8.263578 0.184631 -0.197435 -0.079738 18.673935 -111.330887 451.170624 -13.783113 -108.116905 444.944092 51.130981 -114.544868 457.397186
583 114 599 103 620 101 638 111 621 118 601 120 732 103 748 91 769 90 786 98 769 107 750 108 829 167 -19.670053 38.596386 11.022762 0.171870 -0.178723 -0.094925 17.715502 -111.636360 456.953857 -14.813383 -108.014305 451.358154 50.244389 -115.258415 462.549591
599 109 615 99 636 98 654 109 636 115 617 116 748 102 763 89 783 87 799 95 783 104 765 106 596 53 26.660021 15.957504 9.048021 0.157143 -0.141036 -0.090758 24.760057 -115.500412 467.291962 -7.979810 -112.146919 462.885742 57.499924 -118.853905 471.698181
578 118 594 107 614 106 632 115 615 122 596 124 727 109 743 97 763 95 780 104 764 112 745 113 1006 401 -54.837322 84.968498 15.474635 0.160667 -0.128912 -0.082275 15.200952 -110.216591 460.297485 -17.617167 -107.164566 456.270569 48.019070 -113.268608 464.324402
613 115 630 104 652 104 669 114 651 120 631 122 764 110 780 98 799 97 815 107 799 114 781 115 293 442 87.009888 92.853546 17.238710 0.136650 -0.176402 -0.065478 31.056488 -110.530518 460.855682 -1.563159 -107.977470 455.198822 63.676136 -113.083557 466.512573
586 121 602 109 624 108 641 118 623 125 604 126 736 112 752 100 773 99 790 108 773 116 754 117 880 596 -29.735098 123.523712 19.546265 0.150080 -0.087983 -0.068325 19.151545 -109.498367 462.907928 -13.847844 -107.024239 460.173218 52.150932 -111.972496 465.642639
572 137 587 127 607 126 624 135 607 141 589 142 716 128 731 117 751 116 767 123 751 131 733 132 953 710 -44.235828 146.110977 21.732626 0.157964 0.108760 -0.059745 11.018135 -105.234352 476.338257 -21.931892 -103.548134 480.081512 43.968163 -106.920570 472.595001
568 132 584 122 604 121 621 130 604 136 585 138 714 122 730 110 750 108 766 115 750 124 732 125 893 683 -32.304893 140.747589 21.271294 0.177855 -0.225155 -0.105521 10.402508 -105.002975 462.074249 -21.783756 -100.893829 455.023071 42.588772 -109.112129 469.125397
549 125 565 115 583 114 600 122 583 127 566 129 688 113 703 102 722 100 740 107 724 114 706 115 1007 264 -55.061985 57.852764 12.729814 -0.436327 0.051164 -0.076766 -0.347003 -115.698090 492.090363 -33.412842 -112.868202 493.186523 32.718838 -118.527977 490.994171
533 139 547 129 565 127 582 135 567 142 549 144 672 125 687 113 707 110 724 116 709 126 690 128 1187 515 -90.822861 107.590614 17.518152 0.226331 0.352797 -0.085692 -8.173927 -102.966118 461.487549 -39.223572 -101.512329 473.165100 22.875717 -104.419914 449.809967
644 105 661 96 680 96 697 104 680 110 661 111 788 98 802 88 819 87 833 94 819 101 803 102 204 360 104.699562 76.594788 15.714330 0.096504 -0.232119 -0.100358 43.818378 -120.053970 479.125977 11.668838 -116.392502 471.672119 75.967918 -123.715446 486.579865
595 107 611 96 630 94 647 103 630 110 612 112 735 95 750 85 769 83 785 92 770 99 752 100 1009 19 -55.505856 9.361187 7.820911 0.162077 -0.186357 -0.100194 21.487425 -122.646500 488.138428 -10.978520 -118.860313 482.291473 53.953369 -126.432693 493.985382
571 110 585 100 604 97 620 105 604 113 587 115 709 97 724 86 743 84 760 92 744 100 726 101 1149 56 -83.349586 16.729660 8.376689 0.191813 0.240835 -0.069598 8.729843 -121.378944 487.264526 -23.440224 -119.866760 495.349060 40.899910 -122.891136 479.179993
603 126 619 116 638 114 655 123 638 129 620 131 746 117 761 107 779 106 795 114 779 121 762 121 683 629 9.460979 129.991776 20.467665 0.153502 -0.211688 -0.087298 25.353008 -111.448753 480.270477 -6.986794 -108.050537 473.551178 57.692810 -114.846977 486.989746
635 129 652 121 671 121 688 128 671 134 652 135 777 123 791 114 808 114 821 120 808 127 792 127 136 806 118.310783 164.848495 24.735659 0.106665 -0.247497 -0.084254 39.789986 -110.300850 485.544861 7.712482 -107.104851 477.583771 71.867485 -113.496849 493.505951
610 122 626 112 646 111 663 120 646 126 627 127 753 114 768 104 787 103 802 111 787 118 770 119 645 244 16.948151 53.777451 12.808091 0.145715 -0.234765 -0.086649 28.518961 -111.644806 475.447296 -3.653408 -108.243683 467.968597 60.691330 -115.045929 482.925964
642 122 659 113 678 113 694 122 677 126 659 127 779 118 793 107 809 106 824 114 810 120 794 121 279 281 89.764725 60.982708 14.033115 -0.332973 -0.005574 -0.045664 45.037987 -123.967026 530.917725 11.867979 -122.509682 530.486023 78.207993 -125.424370 531.349426
594 117 609 106 629 105 645 114 629 121 611 122 735 108 749 97 769 95 784 104 769 112 751 112 1112 5 -75.998627 6.623426 7.404324 0.233478 0.321284 -0.039959 19.581409 -114.786163 478.371399 -11.906124 -114.723221 488.911346 51.068943 -114.849098 467.831421
627 120 644 110 665 109 681 120 663 126 644 127 772 117 787 106 806 106 820 116 805 122 788 123 458 176 54.135925 40.258064 11.693685 0.132433 -0.230260 -0.056632 36.594612 -111.059898 475.756714 4.317576 -108.699303 468.328400 68.871651 -113.420494 483.185059
600 134 616 124 636 123 652 132 635 138 617 139 743 127 758 116 777 115 793 123 778 130 760 131 913 697 -36.280933 143.525024 21.525198 0.214266 0.290403 -0.033480 22.924664 -106.257660 476.838562 -8.876858 -106.191956 486.389404 54.726185 -106.323357 467.287720
597 127 613 116 634 115 651 125 633 131 615 132 740 119 756 108 776 106 792 115 776 123 758 123 1072 173 -68.009743 39.862335 10.821519 0.228905 0.331000 -0.035269 21.664377 -108.232010 470.827698 -9.725698 -108.333412 481.654175 53.054451 -108.130608 460.001221
638 124 655 114 676 114 692 124 675 130 656 130 782 121 796 110 814 109 828 118 814 126 797 126 223 217 100.892975 48.297291 12.825547 0.132723 -0.298489 -0.068229 40.869053 -108.342384 470.714172 9.206340 -105.467010 461.134796 72.531761 -111.217758 480.293549
646 126 663 119 683 119 699 127 682 132 663 133 788 124 803 115 820 114 834 122 819 128 803 129 19 495 141.527588 103.255318 18.662462 0.126254 -0.287132 -0.064764 44.318359 -108.284866 476.227295 12.539712 -105.574226 466.989899 76.097008 -110.995506 485.464722
639 122 657 114 678 114 695 123 676 129 657 129 784 120 799 110 818 109 832 117 817 124 800 125 245 35 96.482262 12.281592 9.151802 0.135216 -0.288082 -0.067451 41.653961 -108.004051 466.960663 9.889764 -105.162605 457.712860 73.418159 -110.845497 476.208435
580 130 595 120 614 118 631 127 615 134 597 135 719 121 735 110 755 109 772 117 755 124 737 125 1432 330 -139.596283 71.053062 13.489386 0.199890 0.371531 -0.030759 12.802505 -107.170296 470.361908 -18.129089 -107.393845 482.434448 43.734100 -106.946754 458.289368
651 125 668 116 688 117 704 126 687 132 668 132 796 125 811 115 830 114 845 123 830 130 812 130 79 266 129.548584 57.949287 13.997256 0.096953 -0.238175 -0.043899 46.335442 -105.310356 463.999329 14.098922 -103.487968 456.250458 78.571960 -107.132736 471.748230
562 70 578 57 600 54 618 64 601 73 581 75 723 55 741 42 764 40 785 50 766 58 744 60 1267 467 -106.746544 98.115898 16.451117 0.097102 0.090675 -0.072619 10.829384 -122.950851 426.414642 -22.151800 -120.694656 429.530853 43.810566 -125.207054 423.298462
553 65 565 54 583 52 598 62 584 69 568 70 694 51 707 38 726 35 742 43 728 51 711 54 1339 149 -121.129463 35.198196 9.987766 0.324422 0.422913 -0.072044 0.017179 -130.877579 448.445892 -30.204987 -130.822556 462.200073 30.239344 -130.932587 434.691711
648 73 667 63 691 63 709 76 689 82 668 82 815 72 832 57 852 55 867 65 851 75 832 76 246 486 96.368019 101.547188 18.181997 0.128762 -0.226203 -0.080204 45.408939 -114.477264 413.007782 13.154534 -111.366333 405.759674 77.663338 -117.588196 420.255920
563 90 580 77 604 75 625 86 605 94 583 96 733 77 752 63 777 60 798 70 778 80 755 82 1102 589 -73.899628 122.209824 19.112465 0.171038 0.043463 -0.077213 13.113532 -108.022728 403.142609 -19.961340 -105.597740 404.795441 46.188404 -110.447708 401.489746
585 88 604 75 629 74 650 85 629 93 607 95 760 77 779 63 803 61 823 71 803 80 781 82 864 585 -26.554228 121.341347 19.347147 0.172536 -0.065771 -0.081109 22.709110 -107.518898 399.687592 -10.315276 -104.656158 397.750000 55.733498 -110.381645 401.625153
607 85 628 73 653 72 674 84 652 91 629 93 784 77 802 63 826 61 844 71 825 81 804 82 616 468 22.759283 98.103844 17.332169 0.175002 -0.137809 -0.078618 31.249395 -106.860535 396.118530 -1.539440 -103.875710 391.812408 64.038231 -109.845360 400.424652
585 103 605 91 629 90 651 101 630 108 607 109 762 94 781 80 805 78 825 87 805 96 783 98 721 732 1.920852 150.390549 22.480036 0.200326 -0.091044 -0.075620 22.878941 -100.203392 394.164001 -10.094365 -97.413612 391.418457 55.852245 -102.993172 396.909515
553 68 571 53 595 51 615 62 595 70 574 73 722 54 742 40 767 38 789 50 768 58 745 59 1133 105 -80.157448 26.422943 9.379103 0.142038 0.044197 -0.069656 9.467325 -116.531395 403.309784 -23.624756 -114.332848 404.934631 42.559406 -118.729942 401.684937
564 77 582 65 606 63 626 74 606 81 584 83 734 67 754 54 779 53 800 63 779 71 756 72 1195 431 -92.430099 90.967285 15.825426 0.160308 0.054207 -0.053041 13.687351 -111.793968 402.441528 -19.422220 -110.185875 404.372803 46.796925 -113.402061 400.510223
643 78 664 67 689 67 709 80 687 86 664 86 818 78 836 65 858 65 874 76 857 84 837 84 169 523 111.692841 108.845665 19.024784 0.148307 -0.226221 -0.048612 43.801674 -106.644135 393.700531 11.480156 -104.496712 386.402069 76.123192 -108.791557 400.999023
569 103 588 92 612 91 633 101 612 108 590 110 743 94 763 80 787 78 807 86 787 96 765 98 947 876 -43.011055 178.964996 25.064800 0.190827 -0.060644 -0.075895 16.408751 -100.673714 396.749878 -16.639973 -97.981461 394.991089 49.457474 -103.365967 398.508636
657 60 669 51 684 51 697 60 684 64 670 64 791 56 802 46 816 44 829 51 817 57 804 58 350 160 75.617729 37.056393 11.516119 -0.071798 -0.063286 -0.066719 49.188610 -153.704803 528.050293 16.124039 -151.569778 525.874207 82.253181 -155.839828 530.226379
553 66 571 52 596 50 617 61 596 69 574 72 725 54 744 40 770 39 791 51 770 59 747 59 1302 203 -113.758789 45.874344 11.118083 0.126110 -0.020544 -0.071436 10.170242 -116.242836 401.384369 -22.943005 -113.836349 400.853943 43.283489 -118.649323 401.914825
647 74 667 63 690 64 709 76 689 80 667 81 813 71 830 58 852 56 868 65 851 74 832 75 111 655 123.255768 134.953384 21.744867 0.640482 0.179566 -0.058528 46.340420 -119.768402 431.823456 13.706127 -119.805733 437.952179 78.974716 -119.731071 425.694763
613 79 633 68 656 68 676 80 655 85 634 85 784 75 802 61 824 59 842 69 823 77 803 78 455 674 54.826244 138.824966 21.670370 0.707728 0.113673 -0.061617 32.339844 -112.920372 412.895660 -0.599174 -112.325401 417.046173 65.278862 -113.515335 408.745148
607 73 626 60 651 59 670 73 650 79 628 80 780 65 797 49 820 47 837 57 820 67 799 69 652 256 15.557871 56.154839 13.039140 0.230451 -0.047422 -0.087777 31.459963 -117.805176 417.371307 -1.580461 -114.740593 416.147247 64.500389 -120.869751 418.595398
666 65 685 55 709 56 727 69 707 75 685 74 832 66 848 52 870 51 885 59 869 69 849 71 189 243 107.661591 53.432438 13.391181 0.171179 -0.197287 -0.064980 53.527542 -120.030296 423.055817 21.034714 -117.341278 416.767334 86.020363 -122.719307 429.344299
608 84 629 72 654 72 675 84 653 91 630 91 787 80 806 67 829 66 847 76 828 85 807 85 565 525 32.915588 109.369255 18.541077 0.185629 -0.179056 -0.058192 31.502325 -104.343605 388.792908 -1.117397 -101.885147 383.094727 64.122047 -106.802055 394.491119
568 72 587 59 612 58 633 70 612 77 589 79 743 64 762 50 787 48 808 59 788 68 764 69 986 193 -50.897717 43.793144 11.335775 0.163801 -0.093351 -0.066317 16.264503 -110.548729 392.368835 -16.723337 -108.108292 389.469452 49.252342 -112.989166 395.268188
