570 380 584 372 602 372 616 382 601 387 585 387 702 383 717 373 736 373 752 382 736 388 718 388 1010 505 -29.008051 107.896042 50.969696 -0.078738 0.084919 0.008976 5.528140 12.105326 525.293457 -27.555748 11.918850 528.118530 38.612030 12.291801 522.468323
560 374 576 368 594 369 608 377 592 381 576 380 701 379 715 371 732 372 747 379 732 384 716 384 1184 582 -63.453365 123.565994 51.883186 -0.443624 0.022720 0.033346 2.452624 9.483469 502.817261 -30.725601 8.577065 503.788544 35.630848 10.389873 501.845978
556 365 571 359 588 361 602 369 587 373 571 373 695 371 709 364 726 364 740 371 725 377 709 377 1260 252 -79.153603 58.882931 41.488056 -0.310327 0.007493 0.031761 -0.189857 5.695190 512.710083 -33.377132 4.695888 513.117188 32.997417 6.694493 512.302979
586 391 601 384 619 385 634 394 618 398 601 398 721 397 736 389 754 389 768 397 753 402 736 402 783 829 16.693968 170.944290 62.377533 -0.052740 -0.001699 0.033620 14.138587 18.623571 522.883789 -19.047419 17.506474 522.856873 47.324593 19.740667 522.910706
577 375 592 367 611 368 625 379 609 382 592 381 710 382 726 372 745 372 760 382 744 387 726 387 1368 569 -100.048424 121.562820 50.046238 0.379511 0.024344 0.034774 9.241052 10.298784 504.978973 -23.934208 9.020450 505.551361 42.416313 11.577119 504.406586
580 378 596 370 615 372 630 382 613 385 596 384 714 385 730 376 749 376 765 385 748 389 731 389 1237 614 -73.929932 130.020050 52.415112 0.528087 0.036597 0.025746 11.024795 11.565312 494.814697 -22.147549 10.436468 495.753296 44.197140 12.694156 493.876099
581 380 596 373 614 374 629 384 613 386 596 386 714 387 730 378 748 379 764 388 748 392 731 391 1282 812 -82.517342 169.102646 57.937706 -0.751607 0.011915 0.046196 11.092607 13.092794 503.866547 -22.076172 11.841595 504.775543 44.261383 14.343994 502.957550
591 379 606 371 624 372 639 383 622 386 606 385 725 387 740 379 758 379 773 389 757 393 740 392 87 500 154.437393 104.133713 58.100212 -0.642937 0.046996 0.071729 15.763843 13.097007 509.734192 -17.323103 11.363097 511.926727 48.850788 14.830916 507.541626
581 383 596 376 614 377 628 387 613 389 596 389 715 390 731 381 749 382 764 391 748 395 731 394 1160 725 -58.425507 151.622223 56.317291 -0.627809 0.020947 0.048076 11.262466 14.706573 511.182281 -21.898180 13.424953 512.317505 44.423111 15.988192 510.047089
578 374 594 366 613 367 628 378 611 382 594 381 712 381 728 372 747 372 762 382 746 387 728 387 1435 31 -114.334587 15.938507 33.547771 -0.368645 0.021813 0.042118 10.505634 10.614631 522.111084 -22.662256 9.380075 523.073608 43.673527 11.849186 521.148499
582 381 597 373 615 374 630 385 614 388 597 387 715 389 731 380 750 381 765 390 749 395 732 394 922 733 -11.106481 152.479309 58.431675 -0.521163 0.029435 0.057304 11.905128 14.100143 520.797485 -21.232349 12.532518 522.215088 45.042606 15.667768 519.379883
580 382 596 374 614 375 628 385 612 389 596 388 714 389 729 381 748 382 763 391 747 395 730 394 1228 858 -71.701485 177.988388 59.729031 -0.514271 0.023996 0.053328 11.078433 14.532391 522.272095 -22.070862 13.040011 523.479004 44.227726 16.024769 521.065186
576 379 591 371 610 372 625 383 609 386 592 386 710 386 726 376 745 377 761 386 744 391 726 391 1433 423 -113.230797 93.039925 45.199745 -0.457495 0.013695 0.038085 9.525142 12.678043 520.496094 -23.652952 11.559644 521.219177 42.703236 13.796444 519.772949
580 374 596 366 615 367 630 379 613 382 596 382 714 382 730 372 749 373 764 382 748 388 730 387 1415 88 -110.256714 27.090345 35.397495 -0.380496 0.019177 0.045707 11.414844 10.805355 522.214600 -21.749678 9.444294 523.121033 44.579365 12.166416 521.308105
584 376 599 368 618 369 633 380 617 384 599 383 718 384 734 375 753 376 768 386 752 391 734 390 581 681 56.576611 141.224152 59.577282 -0.469183 0.040749 0.061192 13.197778 11.905551 519.939209 -19.918974 10.260681 521.709717 46.314529 13.550420 518.168640
582 377 597 370 616 371 631 382 615 385 597 384 716 385 732 376 751 377 766 386 750 391 732 390 584 616 55.863224 128.447510 57.624149 -0.468082 0.032557 0.052992 12.294397 12.402877 520.841370 -20.847382 10.956304 522.286926 45.436176 13.849450 519.395874
584 378 600 369 618 371 633 382 616 385 599 384 719 386 734 377 752 378 767 388 751 393 734 391 685 759 36.046219 156.880051 61.072487 -0.540315 0.034355 0.066705 13.035419 12.730356 516.818909 -20.078220 10.924260 518.487610 46.149055 14.536451 515.150208
582 373 598 365 616 366 631 377 615 381 598 380 715 381 732 372 751 372 766 382 749 387 732 386 910 68 -9.919509 21.635921 38.786327 -0.419841 0.031683 0.055141 12.260070 10.334121 521.283691 -20.878599 8.775253 522.683044 45.398739 11.892989 519.884399
586 375 601 367 620 369 634 379 618 382 601 381 720 383 736 374 754 375 769 385 753 389 736 388 8 291 169.762787 62.785019 52.519222 -0.471336 0.052801 0.063676 13.907369 11.324884 517.943542 -19.185993 9.695678 520.119446 47.000732 12.954092 515.767639
583 379 598 372 616 373 631 383 615 386 598 385 716 387 732 379 750 380 765 388 749 392 732 391 1381 841 -102.142227 175.105072 58.017815 -0.507535 0.010843 0.050690 12.246695 13.210150 523.214905 -20.914465 11.688462 523.977478 45.407856 14.731837 522.452332
