549 262 567 248 590 245 610 253 591 262 569 266 719 245 738 233 762 233 783 244 763 251 741 251 946 459 -37.684540 82.278885 61.077518 -0.221632 0.062822 -0.066888 11.454419 -47.611160 421.526581 -21.611259 -45.181339 423.347717 44.520100 -50.040981 419.705475
567 259 586 246 609 244 628 254 609 263 587 265 741 249 760 237 783 237 802 248 783 256 762 256 446 315 61.864052 54.093513 57.851799 0.305514 0.063583 -0.056693 18.691349 -45.112076 406.544586 -14.393990 -43.580826 408.905792 51.776688 -46.643330 404.183380
546 259 564 245 587 242 607 252 588 261 566 264 714 244 732 231 756 230 777 242 757 250 735 250 1424 6 -132.523911 -7.404374 49.835205 0.197665 0.014530 -0.076823 9.699993 -47.427464 416.709412 -23.403713 -44.943256 417.439423 42.803699 -49.911674 415.979431
558 270 575 258 597 255 616 263 597 271 577 274 727 256 745 247 767 247 787 257 768 263 747 263 123 601 125.961266 110.725250 64.960922 -0.260920 0.057602 -0.046868 14.319234 -44.298359 429.526642 -18.794584 -42.513142 431.214142 47.433052 -46.083576 427.839111
551 274 568 262 590 258 610 265 591 274 570 277 719 257 737 248 760 248 780 257 761 263 739 263 1191 572 -86.486992 104.469627 63.687469 -0.249910 0.043237 -0.068495 11.490345 -43.290058 428.310425 -21.606165 -40.863411 429.447113 44.586853 -45.716709 427.173767
550 275 568 263 590 260 609 267 591 275 570 279 719 259 737 249 760 249 780 259 761 265 739 265 622 510 26.742544 92.509621 62.487431 -0.273956 0.063411 -0.061622 11.372338 -42.663998 427.952026 -21.703566 -40.359558 429.750275 44.448242 -44.968437 426.153778
561 272 579 260 601 258 620 266 601 275 580 277 732 261 750 251 773 251 792 261 773 268 752 268 15 445 147.533356 79.976097 61.234909 0.262290 0.021311 -0.049167 15.572641 -40.760357 412.673065 -17.584782 -39.239464 413.585083 48.730064 -42.281250 411.761047
548 278 566 265 589 261 609 268 589 277 568 281 717 260 736 249 759 249 779 260 760 266 738 265 1302 460 -108.506569 82.299843 60.911743 -0.189213 0.042620 -0.074530 10.855325 -41.981171 426.594177 -22.227547 -39.390774 427.765930 43.938198 -44.571564 425.422424
540 272 558 260 580 257 599 266 580 275 559 277 712 260 731 249 754 250 773 260 754 267 732 267 62 448 138.181656 80.545158 61.282585 0.255808 0.001590 -0.052709 7.677258 -40.595188 408.633179 -25.481649 -38.871536 408.907990 40.836166 -42.318840 408.358398
541 275 559 264 581 261 600 269 581 278 560 280 713 264 731 254 754 254 773 264 754 270 733 270 189 595 112.834785 109.507812 64.780167 0.264130 0.013709 -0.052464 7.909678 -39.439823 410.537262 -25.246613 -37.778549 411.215637 41.065968 -41.101097 409.858887
538 277 556 265 578 263 597 271 578 279 557 282 710 265 728 256 751 256 771 265 752 272 730 272 530 631 44.977306 116.447067 65.471298 0.259398 0.022886 -0.055481 6.854380 -38.807648 410.276459 -26.290985 -37.085072 411.264984 39.999744 -40.530224 409.287933
530 271 547 258 569 255 588 262 570 271 549 274 700 254 718 244 741 244 761 254 742 260 720 260 897 447 -27.929955 79.933739 60.812622 -0.219252 0.043232 -0.068280 3.250235 -44.530979 426.091095 -29.846638 -42.127666 427.266174 36.347107 -46.934288 424.916046
521 273 538 260 559 257 578 264 560 273 540 276 689 255 708 245 730 245 751 254 731 261 710 261 1394 342 -126.743004 58.954762 58.000637 0.213211 -0.011118 -0.076987 -0.718036 -42.389938 414.980072 -33.822823 -39.816288 414.885406 32.386753 -44.963589 415.074707
542 265 560 251 584 249 603 259 583 268 562 271 714 253 732 240 757 240 777 253 757 260 735 260 107 25 129.465179 -2.999838 50.999027 0.231540 -0.008933 -0.049826 8.667346 -43.213337 407.475769 -24.495123 -41.540123 407.372559 41.829815 -44.886551 407.578979
534 274 552 262 574 259 594 268 575 276 553 279 707 261 726 251 749 251 769 261 750 268 728 267 835 412 -15.576377 73.053612 59.996819 -0.290148 0.026803 -0.057616 5.773060 -40.806808 413.888977 -27.365204 -38.793533 414.490417 38.911324 -42.820084 413.287506
537 277 555 264 577 261 597 269 578 278 556 281 708 262 727 251 751 251 771 262 751 268 729 268 497 371 51.687077 65.125603 59.182816 -0.314251 0.054804 -0.054485 6.594931 -40.564041 417.812531 -26.511593 -38.502842 419.318909 39.701454 -42.625244 416.306183
528 272 546 259 568 256 587 266 568 274 547 277 699 259 718 247 741 247 761 258 742 265 720 265 1088 145 -65.758606 20.208193 53.385891 0.235364 0.008373 -0.065029 2.911085 -40.998043 407.854706 -30.222712 -38.892746 408.382812 36.044880 -43.103340 407.326599
529 284 546 272 567 269 586 275 568 283 548 286 698 266 716 257 738 257 758 265 739 271 718 271 1278 874 -103.962746 164.057343 70.965805 -0.328058 0.049893 -0.073042 2.505462 -39.051559 422.872345 -30.570690 -36.403465 424.103333 35.581615 -41.699657 421.641357
536 286 553 274 574 271 592 277 574 286 554 289 704 269 723 260 745 260 765 269 746 275 724 275 594 874 32.109970 164.396454 71.330917 -0.349802 0.061616 -0.061873 5.081222 -37.996815 424.291901 -27.998367 -35.632584 425.938354 38.160809 -40.361046 422.645447
533 282 550 270 572 267 592 274 573 283 552 286 703 266 722 256 745 255 766 265 746 272 724 272 941 515 -36.721054 93.338737 62.438423 -0.268550 0.051514 -0.066397 4.674929 -39.257084 421.223206 -28.413406 -36.853191 422.617126 37.763264 -41.660973 419.829285
535 239 556 225 582 222 603 234 581 243 557 245 721 231 741 219 767 220 788 234 767 241 743 240 689 218 13.576471 34.820084 55.369431 0.210872 0.013375 -0.025090 9.255115 -48.636211 380.580963 -23.936327 -47.856030 381.109253 42.446556 -49.416389 380.052673
558 243 582 230 609 229 631 241 607 249 582 250 756 242 777 231 802 233 822 247 801 253 778 252 266 398 97.626419 70.571365 59.960983 0.169260 -0.016747 0.006802 19.443880 -43.359612 362.700165 -13.755522 -43.537441 362.127716 52.643280 -43.181782 363.272644
557 239 580 224 607 223 629 236 605 245 580 247 752 235 773 222 799 224 820 238 798 246 774 245 92 160 132.374008 23.663774 54.281353 0.169055 -0.000599 -0.013149 18.743000 -45.796383 365.184052 -14.458943 -45.360191 365.201080 51.944942 -46.232571 365.167023
553 233 575 219 602 218 623 233 600 242 575 243 748 231 768 216 794 216 814 230 794 240 770 240 242 43 102.598686 0.487390 51.363541 0.189052 -0.001627 -0.023384 16.943295 -47.462002 363.665100 -16.252424 -46.685127 363.684570 50.139011 -48.238873 363.645660
549 255 570 243 595 240 618 249 595 257 571 260 739 248 759 239 783 240 803 252 782 257 760 255 731 831 4.879597 155.838043 70.214851 -0.295718 -0.037650 -0.024731 15.053008 -43.427757 384.454803 -18.118366 -42.802223 383.102692 48.224384 -44.053288 385.806915
565 278 585 267 608 265 629 273 608 281 586 283 740 274 759 265 782 267 800 278 781 283 760 281 319 856 86.827599 160.978638 71.041130 -0.285926 -0.032179 -0.008562 18.771696 -36.979176 415.095703 -14.414835 -36.850475 414.001526 51.958225 -37.107872 416.189850
554 279 573 268 596 266 616 273 596 281 574 283 728 272 747 263 769 264 788 275 769 280 748 278 1060 739 -60.519325 137.509247 67.807854 -0.258318 -0.044268 -0.032435 14.182146 -37.696499 417.229706 -18.972956 -36.820728 415.638519 47.337250 -38.572269 418.820892
554 270 573 257 597 256 617 267 596 276 574 277 731 264 749 253 772 253 791 265 773 273 751 272 353 234 80.410294 38.145912 55.936848 0.237050 0.036911 -0.032194 14.165530 -39.098957 401.381256 -18.999651 -38.184917 402.721039 47.330711 -40.012997 400.041504
557 276 576 264 600 262 620 271 599 279 577 281 731 269 749 260 772 261 791 273 772 278 750 276 46 562 141.301117 103.062752 64.056107 -0.229319 -0.015796 -0.020043 15.394743 -39.083630 420.572754 -17.799307 -38.483860 419.976929 48.588791 -39.683403 421.168579
554 269 574 255 599 253 619 265 598 273 575 275 728 263 747 251 771 253 790 266 770 272 748 271 40 97 142.753815 11.250006 52.781094 0.172234 0.023690 -0.024384 14.286637 -40.150936 408.553223 -18.899036 -39.412991 409.405365 47.472309 -40.888882 407.701080
550 278 569 267 591 265 610 273 591 281 570 283 723 270 741 261 762 261 781 271 763 277 742 277 884 899 -25.595608 169.189011 71.782471 -0.281158 -0.030311 -0.039799 12.179834 -39.069252 423.957733 -20.983709 -37.906166 422.780365 45.343380 -40.232342 425.135101
554 273 573 260 597 258 616 268 596 276 574 278 727 266 746 256 768 257 787 269 768 275 747 273 111 285 128.524567 48.335999 57.302990 -0.282002 -0.015483 -0.023590 13.992988 -40.221569 420.290649 -19.198694 -39.520718 419.673676 47.184669 -40.922421 420.907593
551 274 569 263 592 261 611 269 591 278 570 280 725 266 742 256 764 257 783 267 765 274 744 273 458 519 59.363152 94.368011 62.793259 -0.290275 -0.014435 -0.035475 12.545242 -40.551392 423.362091 -20.635391 -39.459278 422.719849 45.725876 -41.643509 424.004333
553 273 572 260 596 258 615 267 595 275 573 277 726 264 745 255 768 256 786 268 767 273 746 272 249 342 101.039543 59.522415 58.611820 -0.259293 -0.014409 -0.025581 13.697190 -40.631077 420.203430 -19.493393 -39.852940 419.620880 46.887772 -41.409214 420.785950
546 277 565 265 588 262 607 270 587 278 566 281 717 267 736 258 758 258 777 269 758 275 737 274 1120 580 -72.366943 106.084450 63.919399 -0.310381 -0.036533 -0.046388 10.464756 -39.904957 424.817841 -22.682652 -38.576843 423.387756 43.612164 -41.233067 426.247894
551 281 569 269 592 266 611 274 592 282 571 285 721 270 739 262 761 263 779 273 761 278 741 277 499 818 51.040157 153.386169 70.023384 -0.344270 -0.021871 -0.040518 12.054338 -38.653332 427.441406 -21.115629 -37.458572 426.500427 45.224304 -39.848091 428.382355
550 275 569 263 593 261 613 270 592 278 571 280 723 267 741 257 764 257 783 268 764 274 743 273 269 580 96.928207 106.506348 64.373650 -0.481687 0.009351 -0.029089 11.742722 -37.541470 400.260773 -21.446890 -36.539303 400.331207 44.932331 -38.543633 400.190369
545 279 565 269 587 267 607 273 587 280 566 283 717 270 736 263 758 263 777 272 758 277 737 276 1048 798 -58.164959 149.164932 69.245255 -0.381976 -0.019962 -0.038032 10.080928 -37.565475 413.125244 -23.093630 -36.458542 412.240387 43.255486 -38.672413 414.010132
544 281 562 268 586 265 606 272 586 282 564 285 715 268 734 259 757 260 776 271 757 276 735 275 811 605 -10.909426 111.173973 64.690697 -0.007854 -0.140195 -0.068686 10.066592 -37.672836 412.794281 -22.734402 -35.419643 408.149109 42.867584 -39.926029 417.439423
548 280 567 268 589 266 608 273 589 281 568 284 719 270 737 261 759 262 777 273 758 278 738 277 259 622 98.894173 114.804344 65.397667 -0.382618 -0.004405 -0.035649 10.860453 -38.664474 425.148407 -22.323200 -37.537315 424.782013 44.044106 -39.791637 425.514801
552 276 572 262 597 260 617 270 596 279 573 281 729 266 750 255 775 255 796 268 775 275 751 274 884 275 -25.247948 45.978241 56.647835 0.213769 0.030388 -0.037347 14.064746 -37.195099 395.703125 -19.101732 -36.072330 396.836121 47.231224 -38.317867 394.570129
591 244 611 230 637 229 657 241 635 249 612 251 769 242 789 231 813 232 833 247 812 253 790 251 142 96 122.462830 11.001985 52.702393 0.252849 0.074806 0.001970 28.841288 -47.602478 398.928375 -4.271094 -47.979351 401.375366 61.953671 -47.225601 396.481384
562 249 581 236 604 234 624 242 604 250 582 253 736 240 756 231 779 232 799 244 779 249 757 247 1374 373 -122.781540 65.085724 58.763195 -0.247386 0.019542 -0.018425 17.410749 -50.165081 418.002350 -15.782149 -49.479725 418.569275 50.603649 -50.850441 417.435425
574 240 594 226 619 225 639 235 618 244 595 246 750 235 770 225 795 227 814 241 794 246 771 244 392 67 72.744804 5.151901 51.865574 -0.256155 0.032359 0.009203 22.993092 -52.211689 416.154449 -10.193035 -52.377048 417.255951 56.179218 -52.046333 415.052979
570 246 589 233 612 231 632 239 612 247 590 250 743 238 763 230 786 232 805 244 785 248 764 246 800 495 -8.659835 89.459579 62.028603 -0.353242 0.031609 -0.000609 20.560139 -51.319187 421.698212 -12.628254 -51.115932 422.722382 53.748531 -51.522442 420.674072
572 241 592 228 615 226 635 235 614 243 592 246 746 235 765 225 789 227 808 240 788 245 766 243 270 236 96.920929 38.581966 56.029663 -0.312949 0.042156 0.008480 21.617899 -52.909252 421.628784 -11.556470 -52.968964 423.049103 54.792271 -52.849537 420.208496
570 238 589 225 612 223 631 233 611 242 589 244 746 232 765 222 788 223 807 236 788 242 766 241 458 78 59.608856 7.291165 52.097141 -0.246692 0.044852 0.001264 20.818672 -54.112041 419.914337 -12.352889 -53.970837 421.393250 53.990234 -54.253250 418.435425
565 244 584 233 606 231 625 239 605 248 584 250 740 237 758 228 780 230 799 241 780 247 759 245 837 347 -15.938036 60.218170 58.419228 -0.289178 0.037810 -0.008002 18.454300 -52.244007 423.717255 -14.725891 -51.801826 424.916870 51.634491 -52.686188 422.517670
565 245 583 234 604 232 622 239 604 247 583 249 737 237 755 230 776 231 795 241 776 246 756 244 1124 604 -73.176064 110.821342 64.499367 -0.280128 0.031525 -0.011766 17.577934 -52.675632 427.548615 -15.608206 -52.144451 428.527191 50.764072 -53.206818 426.570007
563 243 581 232 603 230 622 238 603 246 582 248 736 236 755 227 777 228 796 239 777 245 756 244 830 381 -14.564422 66.935043 59.247608 -0.334254 0.040536 -0.008065 17.257286 -52.891148 425.200684 -15.919434 -52.405560 426.477020 50.434006 -53.376736 423.924347
570 240 588 228 609 226 627 234 609 243 588 245 739 232 757 224 778 225 797 236 778 241 758 240 32 281 144.242798 47.585354 57.248142 -0.230559 0.046671 -0.006537 19.191872 -55.121326 432.229218 -13.976238 -54.728436 433.739746 52.359982 -55.514217 430.718658
566 243 584 231 606 229 625 237 606 246 585 248 739 235 757 227 779 229 798 240 779 245 758 244 369 517 77.069633 94.017227 62.792255 -0.323961 0.046820 -0.000766 18.388613 -53.135494 426.516876 -14.780121 -52.860916 428.039825 51.557346 -53.410076 424.993958
566 251 584 239 606 237 625 244 606 252 585 255 734 242 753 235 775 236 794 247 775 252 754 250 489 890 52.989410 167.607758 71.775032 -0.392513 0.048657 -0.002496 17.762072 -50.654839 431.584961 -15.403845 -50.261124 433.142731 50.927986 -51.048553 430.027161
557 245 575 232 598 229 618 237 598 246 577 248 728 234 747 225 770 226 790 238 770 243 748 241 1020 295 -52.314484 49.859879 57.060326 -0.350731 0.038320 -0.018486 14.824942 -53.040482 425.404449 -18.350130 -52.218525 426.544006 48.000015 -53.862434 424.264862
562 247 580 234 603 232 622 239 602 248 581 250 732 237 752 229 774 230 793 242 774 247 752 245 173 426 116.111931 76.146156 60.689743 -0.376656 0.059579 -0.002829 16.595142 -52.233250 428.076050 -16.551317 -51.773506 429.989288 49.741604 -52.692989 426.162811
562 240 580 228 602 226 621 235 602 244 581 246 735 232 753 223 775 224 794 236 776 242 754 240 169 173 117.048637 26.192492 54.555557 -0.305190 0.062968 -0.004037 16.755087 -54.354744 426.218323 -16.384163 -53.906376 428.255157 49.894333 -54.803108 424.181458
566 249 583 237 604 235 622 243 604 251 584 253 722 239 740 230 761 231 779 242 761 247 741 246 36 676 143.226974 125.577370 66.826431 -0.205357 0.026369 -0.032068 15.456804 -54.159809 451.960205 -17.719496 -53.013191 452.720459 48.633106 -55.306427 451.199951
560 249 579 237 601 235 620 241 600 250 580 253 729 238 748 231 770 232 789 243 770 248 749 246 274 648 95.895638 119.930687 66.020271 -0.368171 0.054275 -0.011973 15.559431 -51.867039 431.397949 -17.594685 -51.150650 433.086426 48.713547 -52.583424 429.709442
560 251 578 239 599 237 618 243 599 251 579 254 727 240 745 233 767 234 786 245 767 249 746 247 367 667 77.383934 123.636192 66.431458 -0.364865 0.053456 -0.015325 14.937876 -51.559944 434.631714 -18.216175 -50.742393 436.274933 48.091927 -52.377499 432.988525
555 250 573 238 594 235 613 242 594 250 574 253 723 238 742 230 764 231 783 242 764 246 743 245 793 558 -7.302379 101.902596 63.560356 -0.429389 0.044966 -0.022877 13.107766 -51.773129 429.894012 -20.055443 -50.721363 431.180450 46.270977 -52.824894 428.607574
500 292 519 279 542 277 561 286 541 294 520 297 672 282 690 272 713 273 732 284 713 290 692 289 29 289 144.835144 49.166466 57.443779 -0.328096 -0.015672 -0.037132 -8.061791 -33.557137 423.268555 -41.239880 -32.431091 422.557159 25.116297 -34.683178 423.979919
493 267 512 253 536 251 555 261 535 270 513 273 668 256 687 245 711 245 731 257 711 265 689 264 1148 143 -77.693695 19.783541 53.305355 -0.201915 -0.003674 -0.045198 -9.655242 -43.357162 416.116241 -42.826035 -41.879322 415.844147 23.515553 -44.835003 416.388336
494 278 512 265 535 262 554 270 535 279 514 282 665 265 684 255 708 255 728 267 708 273 686 272 1120 443 -72.290611 79.033371 60.596573 -0.316468 0.008774 -0.048884 -10.475734 -40.034908 422.138397 -43.639942 -38.393623 422.170135 22.688475 -41.676193 422.106659
499 277 518 264 541 261 561 270 541 279 519 282 671 265 690 255 714 256 734 268 714 274 692 273 854 248 -19.264803 40.661877 56.008984 -0.292281 0.009942 -0.039911 -8.036966 -40.065357 422.263367 -41.213898 -38.711380 422.396454 25.139963 -41.419334 422.130310
491 281 509 268 532 265 551 273 532 282 511 285 663 268 681 258 705 258 724 269 705 275 683 275 1222 381 -92.547615 66.740707 59.038364 -0.291392 0.002649 -0.052150 -11.662075 -39.078957 423.698181 -44.821949 -37.359795 423.534424 21.497799 -40.798122 423.861969
491 280 509 267 532 264 551 272 532 281 511 284 662 267 681 256 704 257 724 268 705 274 683 274 1237 308 -95.490997 52.319187 57.259796 -0.268045 0.002509 -0.052360 -11.726915 -39.564610 423.933838 -44.886391 -37.836452 423.784546 21.432560 -41.292770 424.083160
554 254 575 242 599 241 620 251 598 258 575 259 732 253 750 244 772 246 789 257 771 262 751 260 12 636 148.023743 117.691139 65.869072 -0.255639 -0.096556 -0.006426 15.070897 -45.490429 412.509583 -17.979410 -45.686974 409.316101 48.121204 -45.293884 415.703033
501 255 520 241 544 238 565 248 544 256 522 259 677 244 697 233 721 234 742 246 721 252 699 251 817 354 -11.963202 61.610256 58.599682 -0.256072 -0.011974 -0.041503 -5.856421 -47.640415 411.154602 -39.030430 -46.328369 410.586029 27.317589 -48.952461 411.723206
502 248 522 233 546 231 567 242 546 251 523 254 679 239 698 226 723 227 744 240 723 248 700 247 643 43 22.825062 0.288587 51.149494 0.260389 -0.003709 -0.032773 -5.108098 -47.975368 398.194031 -38.294952 -46.883656 398.213165 28.078758 -49.067081 398.174896
505 256 524 243 548 240 569 249 548 257 526 260 681 246 701 236 725 237 745 249 724 254 702 253 484 395 54.259884 69.870926 59.771854 -0.272064 -0.003780 -0.033681 -4.468047 -47.050232 412.784241 -37.653908 -45.962784 412.509125 28.717815 -48.137680 413.059387
497 260 516 248 538 246 557 253 538 261 517 264 672 249 691 240 713 241 732 251 713 256 692 255 1300 764 -108.278069 142.326599 68.286095 -0.257054 -0.029159 -0.049272 -8.489809 -46.324104 417.346558 -41.640514 -44.830597 416.180420 24.660894 -47.817612 418.512695
494 256 512 244 535 241 555 250 535 258 514 261 669 245 688 235 711 236 731 247 711 253 690 252 1176 359 -83.384270 62.419540 58.529324 0.277314 -0.006211 -0.045105 -9.201420 -45.797047 402.410370 -42.372040 -44.290573 402.413147 23.969202 -47.303520 402.407593
492 257 511 244 534 242 553 250 533 259 512 261 667 246 686 236 709 236 729 247 709 253 687 252 1118 393 -71.864883 69.161705 59.384926 -0.193159 -0.023186 -0.051001 -10.265780 -47.652344 416.895660 -43.418659 -46.044350 415.967957 22.887098 -49.260334 417.823364
491 255 510 242 533 240 553 249 533 258 511 260 666 244 685 233 709 233 729 245 709 252 687 251 993 255 -46.920906 41.975140 56.104568 0.281818 -0.014202 -0.045953 -10.088680 -46.188118 401.456635 -43.255348 -44.616970 401.204987 23.077988 -47.759266 401.708282
494 261 512 250 534 248 554 255 534 263 513 266 668 250 687 242 709 243 729 253 710 258 688 257 559 856 39.082783 160.859650 70.913017 -0.285227 -0.003519 -0.042257 -9.979572 -45.799149 418.951416 -43.154739 -44.431942 418.637482 23.195597 -47.166355 419.265381
491 261 510 249 532 246 552 254 532 263 511 265 667 249 686 240 709 240 728 250 709 257 687 256 766 607 -1.958387 111.591187 64.763222 -0.260299 -0.010006 -0.049567 -10.570873 -46.021183 415.862396 -43.733482 -44.437523 415.321045 22.591734 -47.604843 416.403717
496 261 514 250 536 248 555 255 536 263 515 266 668 250 687 242 709 242 728 252 709 258 688 257 69 802 136.591858 150.440109 69.864845 -0.220319 0.002621 -0.042003 -9.882394 -46.080158 421.132202 -43.057926 -44.687580 421.065491 23.293137 -47.472740 421.198883
484 254 502 240 526 237 546 248 526 257 504 260 659 242 678 230 703 229 724 242 704 250 681 249 1196 25 -87.176918 -3.539729 50.417736 0.228288 -0.014035 -0.054622 -12.529963 -46.480583 399.449524 -45.682213 -44.630585 399.193817 20.622288 -48.330578 399.705200
486 266 504 254 527 251 547 257 527 266 506 269 660 251 679 242 702 243 722 252 702 258 681 257 1153 805 -79.057213 150.495056 69.358986 -0.279198 -0.009558 -0.062695 -12.875911 -44.689529 415.504059 -46.014404 -42.680080 414.902374 20.262583 -46.698975 416.105743
481 255 500 241 524 239 544 249 524 258 501 261 657 243 676 230 701 230 722 242 702 250 679 250 1245 118 -96.976631 14.799122 52.647224 0.232954 -0.015048 -0.055756 -13.359578 -46.068680 398.618286 -46.509285 -44.177101 398.338013 19.790127 -47.960262 398.898590
526 228 544 216 567 214 586 222 566 231 545 233 698 219 716 209 738 210 758 220 739 227 717 226 1170 601 -82.325478 110.206177 64.402054 -0.351419 0.000362 -0.036234 2.210280 -59.305092 423.549194 -30.972960 -58.124741 423.351715 35.393520 -60.485439 423.746643
531 217 549 204 572 203 590 215 571 224 550 225 705 212 723 198 746 198 765 210 747 220 725 220 332 72 84.678223 6.168913 52.018875 0.280808 0.002113 -0.030549 4.457703 -59.512463 402.580811 -28.731646 -58.521317 402.791534 37.647053 -60.503609 402.370087
529 227 547 216 569 214 588 221 569 229 548 232 699 219 718 210 740 211 759 222 740 227 719 226 829 659 -14.520372 121.827522 65.990814 -0.341047 0.009716 -0.023653 3.012525 -59.750359 426.359680 -30.181538 -58.925697 426.543396 36.206589 -60.575024 426.175964
529 226 547 214 569 212 588 220 569 228 548 230 699 217 718 208 740 209 759 220 740 226 719 224 829 510 -14.437357 92.406998 62.376938 -0.325753 0.009129 -0.024849 3.066709 -60.337334 426.195190 -30.126572 -59.477894 426.359741 36.259991 -61.196770 426.030640
529 226 547 215 569 212 588 220 569 229 548 231 699 218 718 209 740 210 759 221 740 226 719 225 772 621 -3.159808 114.352562 65.099579 -0.337829 0.012589 -0.023064 3.037060 -60.204880 426.787109 -30.156399 -59.383671 427.069031 36.230518 -61.026093 426.505157
529 220 548 206 571 204 590 215 570 223 549 225 701 213 720 201 744 202 763 215 743 221 721 220 468 105 57.604446 12.617442 52.746670 -0.240200 0.017429 -0.017038 3.801996 -61.945904 422.065613 -29.393002 -61.316471 422.571106 36.996994 -62.575340 421.560089
526 227 544 216 566 214 585 221 566 229 545 231 696 218 715 210 737 211 756 222 737 227 716 225 870 808 -22.759794 151.227707 69.582809 -0.350516 0.009321 -0.025489 1.798578 -59.896721 426.971069 -31.394131 -59.014008 427.127411 34.991287 -60.779434 426.814697
519 221 537 207 560 205 580 215 560 223 538 226 690 211 709 200 732 200 752 213 732 219 710 218 1260 103 -99.952324 11.829888 52.275402 -0.228827 0.001458 -0.036996 -0.491281 -62.416302 423.257416 -33.673435 -61.193306 423.165466 32.690876 -63.639297 423.349365
518 222 537 209 559 206 579 215 559 224 538 226 689 212 707 202 730 202 750 214 730 220 709 219 1400 255 -127.888153 41.773361 55.887318 -0.258923 -0.004089 -0.039021 -0.967618 -62.328899 425.338104 -34.147018 -61.065449 425.037079 32.211784 -63.592354 425.639099
525 224 544 212 566 210 585 218 566 226 545 229 696 215 715 206 737 208 756 218 737 224 716 222 482 590 54.549114 108.375282 64.502495 -0.337211 0.020737 -0.022032 1.764281 -61.009586 425.910370 -31.425478 -60.176910 426.463684 34.954041 -61.842258 425.357086
524 227 542 215 564 213 582 220 564 228 543 230 693 216 712 209 733 210 752 220 733 225 713 223 686 857 13.817264 160.994141 70.869484 -0.363210 0.015622 -0.027883 0.645160 -60.800461 429.711029 -32.542881 -59.801830 430.052063 33.833202 -61.799091 429.370026
526 227 544 215 565 213 584 220 565 228 545 230 694 217 712 209 734 210 753 220 734 225 713 224 410 857 68.723801 161.130966 71.016808 -0.358973 0.021523 -0.025049 1.039032 -60.942749 431.022369 -32.147869 -60.001995 431.573975 34.225933 -61.883503 430.470764
527 225 545 214 567 211 585 219 566 227 546 229 692 215 711 207 732 208 751 218 732 223 712 222 230 826 104.549683 155.099167 70.361008 -0.317538 0.020192 -0.027750 1.104229 -62.102425 435.504456 -32.081196 -61.091011 436.018555 34.289654 -63.113838 434.990387
526 217 545 204 568 201 587 211 567 219 546 222 697 208 716 198 739 199 759 212 739 217 717 216 157 122 119.464294 16.128330 53.324997 -0.270562 0.030638 -0.015303 2.296250 -63.624981 424.048370 -30.889212 -62.986340 424.984833 35.481712 -64.263626 423.111938
517 217 535 203 558 201 577 210 558 218 536 221 687 206 706 195 729 196 748 208 729 214 707 213 1331 64 -114.055099 4.094016 51.291592 -0.271333 0.002790 -0.040636 -1.588679 -64.512711 425.437836 -34.766121 -63.167774 425.347382 31.588762 -65.857643 425.528259
521 220 539 207 562 204 581 212 561 221 540 224 691 209 710 200 733 201 752 213 733 218 711 216 722 395 6.912944 69.752930 59.644814 -0.354168 0.019733 -0.028440 -0.036713 -63.358974 426.880798 -33.221844 -62.319637 427.356812 33.148415 -64.398315 426.404785
525 213 543 201 565 199 583 208 564 216 543 219 696 205 714 195 736 196 755 207 736 214 715 212 262 173 98.547523 26.146385 54.505917 -0.307245 0.029937 -0.018627 1.308643 -65.772720 428.625977 -31.875694 -65.012543 429.510010 34.492981 -66.532906 427.741974
524 217 542 204 564 201 583 209 564 218 543 221 693 206 712 197 735 199 754 211 734 215 713 214 268 327 97.268105 56.551197 58.237865 -0.368891 0.028949 -0.020078 0.824743 -64.655640 428.635529 -32.359699 -63.828835 429.453369 34.009186 -65.482445 427.817688
521 215 539 202 562 199 581 208 561 216 540 219 690 204 709 195 732 196 752 208 732 213 711 212 561 170 39.067116 25.405792 54.273552 -0.336817 0.024692 -0.024788 -0.194717 -65.481354 428.266205 -33.379402 -64.537163 428.933197 32.989967 -66.425545 427.599182
519 221 537 209 558 206 577 213 558 221 538 224 685 209 703 201 725 203 744 213 725 218 704 216 1283 876 -104.958542 164.449783 71.011650 -0.377875 0.008662 -0.035979 -2.078471 -64.481934 436.568451 -35.260818 -63.262074 436.626190 31.103876 -65.701790 436.510681
580 67 598 56 620 55 640 65 620 71 600 73 743 61 763 49 786 48 806 58 786 65 764 65 871 860 -22.987701 161.494781 70.843498 0.405579 0.076141 -0.041058 22.469204 -123.419281 424.528748 -10.613139 -122.600090 427.257690 55.551548 -124.238464 421.799805
566 188 582 175 603 174 620 185 603 193 584 195 715 180 731 168 753 167 770 178 753 186 733 186 829 1 -14.153769 -8.096658 50.031532 0.239649 0.043328 -0.053402 14.187493 -83.139969 470.611908 -18.939211 -81.556580 472.247131 47.314198 -84.723358 468.976654
576 187 592 174 613 173 629 185 612 194 593 195 726 181 742 167 763 166 781 177 764 187 745 188 665 28 18.456810 -2.684117 50.773937 0.222548 0.024451 -0.048329 18.534454 -82.339676 465.744904 -14.621867 -80.838860 466.727509 51.690777 -83.840500 464.762329
565 204 580 193 600 191 617 199 600 207 582 209 712 194 728 184 748 184 765 193 748 199 730 199 931 825 -34.904404 154.554169 69.962570 0.295896 0.040955 -0.060722 12.879477 -77.957535 478.223541 -20.236961 -76.171989 479.858459 45.995914 -79.743080 476.588623
567 204 583 193 602 191 618 199 602 206 584 208 714 194 730 184 750 184 767 193 750 199 732 199 322 861 86.228004 161.964417 71.160797 0.310956 0.027499 -0.056600 13.771444 -78.284782 479.134430 -19.368176 -76.577522 480.322052 46.911064 -79.992035 477.946808
560 204 575 193 594 191 610 199 594 206 576 208 705 192 720 182 740 182 757 190 741 197 722 197 1266 802 -101.535393 149.846664 69.225906 0.253201 0.043564 -0.077723 9.997099 -79.382637 483.177948 -23.076702 -77.014771 484.931976 43.070900 -81.750496 481.423950
561 200 576 187 596 184 614 194 597 202 578 205 706 185 722 173 744 172 762 182 744 190 725 190 161 80 118.691948 7.833314 52.304184 0.256380 0.003488 -0.081768 10.837424 -81.041840 477.158081 -22.256853 -78.374161 477.618469 43.931702 -83.709526 476.697693
562 203 577 193 596 190 612 197 596 205 578 207 707 190 722 180 742 180 759 189 743 195 724 195 263 805 97.996468 150.936279 69.834053 -0.121056 0.058779 -0.066236 11.010479 -82.333160 495.166382 -22.064379 -80.024117 496.977936 44.085335 -84.642197 493.354828
555 201 570 189 589 187 606 195 590 203 572 206 700 187 716 176 736 175 754 185 737 192 718 192 717 467 7.867513 83.972038 61.393787 0.284033 0.011014 -0.083395 7.928689 -80.743881 480.286835 -25.159500 -78.066643 481.037659 41.016880 -83.421120 479.536041
557 198 572 188 591 186 606 194 591 201 573 203 702 189 717 179 737 178 754 187 738 194 719 194 353 785 80.103310 146.942596 69.300934 0.277075 0.039903 -0.062772 8.521072 -81.477882 484.530640 -24.592514 -79.604340 486.124298 41.634659 -83.351425 482.936951
556 199 571 188 589 187 605 194 590 201 572 203 701 189 716 180 736 179 752 188 736 194 718 194 199 897 110.677162 169.133713 72.099609 0.266553 0.036205 -0.061137 8.016830 -81.602104 485.846100 -25.104696 -79.756912 487.301910 41.138355 -83.447296 484.390289
547 196 561 184 581 182 597 191 581 199 563 201 690 184 705 173 725 171 742 181 726 188 707 189 1211 402 -90.371010 70.892677 59.553574 0.269368 0.029427 -0.083519 3.465886 -84.062286 488.637451 -29.609612 -81.456795 489.972565 36.541382 -86.667778 487.302368
546 201 560 189 579 187 596 194 580 202 563 205 689 185 704 174 724 173 742 181 725 189 707 189 782 412 -5.032731 73.079887 60.025108 -0.148210 0.068392 -0.088359 3.080322 -84.546265 496.738556 -29.917809 -81.461349 498.779663 36.078453 -87.631187 494.697418
551 203 565 192 583 189 600 196 584 204 567 207 693 187 708 177 728 176 745 185 728 191 710 191 761 836 -1.091291 156.810440 70.320114 -0.180380 0.065669 -0.085861 4.895619 -84.225670 501.279785 -28.115917 -81.199699 503.188080 37.907154 -87.251633 499.371460
547 195 562 182 581 180 597 189 581 197 564 200 690 182 705 170 726 169 743 179 727 186 708 187 790 172 -6.490509 25.687166 54.199825 0.257844 0.015234 -0.083194 3.726474 -84.791862 488.186646 -29.360306 -82.128029 489.040253 36.813251 -87.455696 487.333038
547 201 561 190 580 187 596 194 580 201 563 204 689 184 704 175 724 174 741 182 725 188 707 189 678 183 15.784275 27.914679 54.526405 0.143904 0.055822 -0.090717 2.958790 -85.307724 499.723816 -30.058161 -82.444550 501.783630 35.975739 -88.170898 497.663971
546 201 560 189 579 187 596 194 580 202 563 205 689 184 704 174 724 172 742 181 725 188 707 189 455 497 59.972221 90.025528 62.261265 -0.089232 0.077439 -0.088882 2.964674 -85.195587 499.453857 -30.009840 -82.140511 501.884399 35.939186 -88.250671 497.023315
544 203 558 191 577 188 593 195 578 203 560 206 686 185 701 174 721 173 739 181 722 188 704 189 907 629 -30.020721 115.865257 65.221558 -0.087864 0.067609 -0.097579 1.795142 -85.207184 501.397003 -31.176126 -81.880417 503.491669 34.766411 -88.533943 499.302307
548 202 562 190 581 188 597 195 582 203 564 206 690 186 706 175 726 174 743 183 727 190 708 190 96 488 131.395523 88.426430 62.234608 -0.058875 0.084428 -0.083491 3.663171 -84.715981 499.873505 -29.307909 -81.869370 502.587219 36.634251 -87.562599 497.159790
543 204 557 192 575 189 592 196 576 204 559 207 684 186 699 176 718 174 736 183 720 189 701 190 1321 734 -112.439026 136.392593 67.547264 0.280292 -0.005456 -0.106636 0.907828 -83.078880 493.674438 -32.109116 -79.565712 493.988495 33.924770 -86.592049 493.360382
628 259 642 249 661 248 676 257 661 264 644 265 765 254 780 243 798 242 814 251 799 258 782 259 593 419 32.562408 74.555763 60.295773 0.211098 0.069739 -0.052099 41.315613 -55.542706 513.598572 8.236063 -54.071110 516.075989 74.395157 -57.014301 511.121185
617 264 631 253 650 251 665 260 650 267 633 268 753 255 768 244 787 244 803 253 788 259 770 260 1051 457 -58.571781 81.831924 60.972961 0.191805 0.060376 -0.060602 35.790745 -54.380787 514.601562 2.706979 -52.574837 516.783875 68.874512 -56.186741 512.419189
622 257 637 247 655 246 671 255 655 262 638 263 759 251 774 241 793 240 809 249 793 256 776 256 510 266 49.159401 44.386578 56.629181 0.234878 0.064175 -0.049013 38.408997 -56.478329 513.010315 5.311885 -55.116520 515.309509 71.506104 -57.840134 510.711090
612 260 626 249 645 247 660 255 645 263 628 265 747 249 762 237 781 236 798 245 782 252 764 253 1105 227 -69.186218 36.390923 55.365665 0.155110 0.059362 -0.081750 33.266705 -57.125443 515.038757 0.230868 -54.578850 517.208557 66.302544 -59.672039 512.868958
613 260 627 250 645 249 660 256 645 263 628 265 747 250 762 241 780 240 796 249 781 255 764 255 587 687 33.606712 127.476181 66.799110 0.230911 0.048899 -0.067357 33.620613 -57.340477 523.146301 0.530245 -55.312828 525.010681 66.710983 -59.368130 521.281921
612 265 626 255 643 253 658 259 643 266 627 268 745 252 760 243 778 243 794 250 779 256 762 256 730 847 5.069619 158.997787 70.603455 -0.194028 0.107926 -0.064050 33.479679 -57.566093 535.661072 0.535202 -55.112083 539.007568 66.424156 -60.020100 532.314636
598 96 612 83 632 79 649 87 633 96 615 100 741 77 757 65 777 64 795 75 779 81 759 82 674 131 16.608994 17.649097 53.267319 -0.105574 0.096073 -0.083540 27.986032 -134.772781 497.201691 -4.950284 -131.843460 500.231171 60.922348 -137.702118 494.172211
553 122 566 110 585 106 601 113 586 121 569 125 692 100 707 90 726 88 744 96 728 103 709 104 1020 369 -52.355713 64.471413 58.855137 -0.114421 0.090469 -0.113585 5.211286 -125.811043 506.983246 -27.644440 -121.889542 509.755005 38.067013 -129.732544 504.211456
575 117 590 105 609 101 626 108 610 116 592 120 717 97 733 86 753 85 770 94 754 100 735 101 648 466 21.594704 83.808792 61.406364 -0.181701 0.091340 -0.094881 16.897797 -126.173981 500.345703 -16.020248 -122.775467 503.068207 49.815842 -129.572495 497.623199
569 119 583 106 602 103 618 109 603 118 585 122 710 97 725 86 745 85 763 93 747 101 728 101 937 416 -35.870152 73.792862 60.039391 -0.145102 0.100876 -0.103627 13.481238 -125.842720 500.936859 -19.377556 -122.183655 504.014282 46.340034 -129.501785 497.859467
588 124 603 112 623 109 640 117 623 125 605 128 735 107 751 96 772 95 789 104 772 111 753 112 367 703 77.363876 130.744507 67.304611 -0.183933 0.084757 -0.075380 23.644344 -117.811386 484.062653 -9.347692 -115.070023 486.625854 56.636383 -120.552750 481.499451
587 125 602 113 621 110 638 117 622 124 604 127 733 107 749 97 769 96 786 104 770 111 751 111 38 877 142.717117 165.264465 71.700462 -0.194407 0.094340 -0.074674 23.147791 -119.114563 489.408600 -9.817727 -116.353401 492.273926 56.113308 -121.875725 486.543243
584 122 599 109 619 106 637 114 620 123 602 126 730 104 745 92 767 90 785 100 768 108 748 108 353 203 80.427567 32.024864 55.184967 -0.070971 0.089632 -0.086042 21.929955 -120.634232 489.370087 -11.019000 -117.681519 492.234924 54.878910 -123.586945 486.505219
578 125 593 112 612 109 629 117 613 125 595 129 721 105 737 94 757 92 775 101 759 109 740 110 1302 143 -108.329956 19.707191 53.223156 0.358920 0.036278 -0.120886 18.309082 -118.796333 486.776154 -14.634436 -115.092049 488.663605 51.252602 -122.500626 484.888733
592 126 607 113 627 110 644 118 628 126 609 129 737 108 753 96 773 94 791 104 775 111 755 112 883 191 -25.002211 29.392670 54.611012 0.355521 0.061971 -0.108763 25.017288 -116.723610 481.405640 -7.930433 -113.558525 484.049408 57.965012 -119.888687 478.761871
606 120 622 107 642 104 660 113 643 121 624 124 752 104 768 93 788 92 806 102 789 109 770 109 257 122 99.570618 16.078753 53.271618 -0.019153 0.036349 -0.084729 32.380745 -120.640587 489.175476 -0.683048 -117.819794 490.353729 65.444534 -123.461388 487.997192
597 127 612 114 631 111 648 118 632 127 614 130 740 108 755 96 775 95 793 104 777 111 758 112 722 183 7.031060 27.892864 54.502918 -0.004904 0.048905 -0.107962 27.620022 -121.073776 499.160309 -5.351843 -117.493347 500.771606 60.591888 -124.654205 497.549011
594 126 609 113 628 110 645 118 629 126 611 130 736 107 751 96 772 94 789 104 773 111 754 112 747 106 2.100542 12.676577 52.621998 -0.072570 0.078781 -0.097004 25.984026 -121.400917 500.186218 -6.961970 -118.096359 502.676361 58.930023 -124.705475 497.696045
591 132 605 120 624 116 640 122 625 131 608 134 732 111 747 101 766 100 783 108 767 114 749 115 1148 708 -78.008484 131.344574 67.008995 -0.157957 0.078218 -0.104701 24.055216 -120.645531 505.851685 -8.867013 -116.988831 508.157104 56.977444 -124.302223 503.546234
591 131 605 121 623 118 639 123 624 131 607 134 730 113 745 104 764 103 780 110 765 116 747 117 969 860 -42.483501 161.446198 70.791183 -0.149409 0.084164 -0.090804 23.619383 -121.408264 511.603271 -9.331733 -118.203918 514.155884 56.570499 -124.612610 509.050659
499 143 515 132 534 131 550 139 534 146 516 147 635 136 650 126 669 127 685 136 669 142 652 141 913 416 -31.095671 73.804756 60.052200 0.328334 -0.046441 -0.040020 -21.621557 -114.047180 521.496643 -54.764549 -112.492073 520.199219 11.521434 -115.602295 522.794128
486 145 502 131 525 129 544 140 525 148 505 151 648 132 666 119 690 118 710 129 691 137 669 138 1239 323 -95.897224 55.279995 57.622543 0.287216 0.008169 -0.065451 -16.244570 -94.672264 428.857452 -49.377674 -92.568962 429.434631 16.888533 -96.775574 428.280273
524 136 542 122 564 120 583 130 564 138 544 141 682 124 699 112 721 112 739 123 722 130 701 130 320 318 86.928406 54.748341 57.991821 -0.133344 -0.013028 -0.066767 -1.674295 -105.431244 459.893066 -34.802422 -103.251312 459.314575 31.453833 -107.611183 460.471588
510 143 526 131 547 128 566 135 548 143 528 146 666 128 683 118 703 118 721 127 704 134 684 134 830 895 -14.850797 168.425964 71.714279 -0.212244 -0.005352 -0.079615 -9.041940 -104.279655 464.988800 -42.141495 -101.677422 464.533295 24.057615 -106.881889 465.444336
516 133 533 120 555 118 574 127 555 136 535 138 673 122 690 110 712 110 730 121 712 128 692 128 198 258 111.232117 42.961632 56.601688 -0.080493 -0.004420 -0.060000 -5.755787 -107.638031 464.744232 -38.900558 -105.654991 464.517609 27.388983 -109.621078 464.970856
505 135 522 121 544 119 562 128 544 137 524 140 660 121 677 109 700 108 718 119 700 127 680 127 1107 200 -69.569046 31.058697 54.709732 -0.065088 -0.007620 -0.080698 -10.897841 -107.525017 464.266846 -43.993671 -104.858490 463.927185 22.197989 -110.191536 464.606537
506 134 523 120 545 117 564 127 546 136 525 139 662 120 679 107 701 107 720 118 702 125 681 126 898 136 -27.955618 18.525311 53.269024 -0.058639 -0.001190 -0.079779 -10.283121 -108.251160 465.183502 -43.382328 -105.607597 465.066437 22.816086 -110.894730 465.300568
542 135 560 124 581 122 599 130 581 138 561 140 699 128 716 119 736 119 753 130 736 135 717 134 195 791 111.531967 148.205658 69.530792 -0.178917 -0.033780 -0.037139 5.539437 -105.680237 466.370941 -27.623652 -104.554176 465.145721 38.702526 -106.806297 467.596161
526 130 544 116 566 114 585 124 566 132 545 135 682 120 699 108 721 108 739 120 721 127 701 126 613 294 28.653318 49.864204 57.253319 -0.171824 -0.021961 -0.052321 -1.287142 -108.756248 465.411255 -34.438644 -107.090889 464.537140 31.864361 -110.421608 466.285339
525 128 542 114 565 112 583 123 564 131 544 133 680 118 697 106 719 106 737 118 719 125 699 125 306 124 89.821609 16.449368 53.293972 -0.143573 -0.019113 -0.054267 -2.072344 -109.997177 467.411285 -35.222309 -108.247887 466.650085 31.077621 -111.746460 468.172485
523 129 540 116 562 114 580 124 562 132 542 134 678 119 695 108 717 108 734 120 717 126 697 125 158 235 119.202400 38.440041 56.065193 -0.173761 -0.009393 -0.050875 -3.183617 -109.705788 468.477417 -36.344116 -108.052757 468.020844 29.976881 -111.358818 468.933960
511 138 527 127 548 124 566 131 548 138 529 141 664 125 680 115 701 115 718 125 701 130 682 130 1320 883 -112.323105 165.813599 71.161674 -0.253304 -0.008649 -0.072677 -9.565120 -107.589050 472.537964 -42.681511 -105.239853 471.950195 23.551271 -109.938255 473.125702
510 138 527 126 547 123 565 130 548 138 528 141 663 124 680 114 700 114 718 124 701 129 681 129 782 658 -5.169789 121.653366 65.991653 -0.256946 0.001159 -0.073985 -9.897696 -107.900215 472.755127 -43.012150 -105.467827 472.479431 23.216759 -110.332611 473.030823
505 138 522 126 542 123 560 130 542 138 523 141 658 123 675 114 695 114 712 123 695 129 676 128 1275 753 -103.298523 140.167007 68.032646 -0.232247 -0.007372 -0.080600 -12.241313 -108.295639 473.651794 -45.337917 -105.674507 473.100250 20.855289 -110.916771 474.203308
510 130 527 117 548 115 566 124 548 133 529 135 664 118 681 107 702 107 720 118 702 125 683 125 1 152 150.481705 22.129265 54.135895 -0.127099 0.010233 -0.058813 -9.472998 -110.543579 471.684540 -42.618744 -108.575562 471.899323 23.672747 -112.511597 471.469757
508 141 524 130 544 127 562 134 544 142 525 144 661 127 677 118 698 118 715 127 698 133 679 132 1147 844 -77.885323 158.198700 70.308105 -0.217200 -0.007782 -0.077140 -11.154580 -106.442574 472.412506 -44.260036 -103.931747 471.879456 21.950876 -108.953392 472.945557
502 141 518 130 538 126 556 133 539 141 520 144 654 125 670 116 690 115 708 124 691 130 672 130 1246 873 -97.596214 163.875763 70.958633 -0.237283 -0.001083 -0.087605 -14.081528 -107.513474 474.694000 -47.159580 -104.639717 474.315155 18.996527 -110.387230 475.072845
502 139 518 126 539 122 557 130 539 138 520 142 655 122 671 112 692 111 711 122 693 128 673 127 637 348 23.848751 60.514774 58.550236 -0.209534 0.013128 -0.081118 -13.548324 -107.889359 470.853149 -46.641502 -105.173058 471.004364 19.544855 -110.605659 470.701935
495 136 511 122 533 119 551 128 533 137 514 140 648 119 664 107 686 106 704 117 687 124 667 125 1203 118 -88.621292 14.819944 52.669643 -0.075168 -0.005411 -0.094868 -16.439032 -109.735214 472.232605 -49.494122 -106.599579 471.935120 16.616058 -112.870857 472.530060
496 135 512 121 533 118 551 128 534 136 514 139 649 119 665 107 687 106 706 117 688 125 668 125 890 122 -26.356323 15.764933 52.933735 -0.107342 0.005211 -0.086326 -16.050350 -109.443298 470.781158 -49.131184 -106.576645 470.800018 17.030485 -112.309944 470.762268
603 183 621 173 642 172 659 181 641 186 621 187 740 180 758 171 779 173 797 183 778 187 759 186 446 661 61.671276 122.412308 66.243767 -0.335740 0.089536 0.031127 30.101788 -89.256882 501.275360 -2.955351 -89.775566 504.360199 63.158928 -88.738190 498.190552
604 186 623 173 645 173 663 184 643 189 623 190 743 183 761 173 784 175 803 188 783 192 763 190 287 862 93.190231 162.179214 71.203735 -0.363396 0.088642 0.041597 31.111225 -86.104881 492.289551 -1.936279 -86.925217 495.411896 64.158730 -85.284538 489.167175
581 177 597 166 616 165 632 176 616 181 598 182 712 173 728 162 749 162 766 172 749 178 730 178 732 248 5.005478 40.722363 56.074104 -0.259090 0.098352 -0.000420 17.880213 -95.912651 518.365479 -15.165026 -95.478508 521.587830 50.925449 -96.346786 515.143188
580 177 595 167 614 166 629 175 613 180 596 181 709 172 725 162 744 162 761 172 744 176 726 176 976 636 -43.751255 117.213219 65.354500 -0.249241 0.098594 -0.004054 16.538061 -96.717743 521.521667 -16.506056 -96.179199 524.739685 49.582176 -97.256279 518.303589
568 182 585 165 610 165 627 181 608 190 586 192 713 179 731 163 756 164 775 181 755 190 733 189 1122 743 -72.855629 138.268326 67.871773 0.222752 -0.401957 -0.004403 14.374019 -73.773369 414.653320 -16.194918 -72.171722 401.787292 44.942955 -75.375008 427.519348
578 176 593 166 611 166 627 174 611 179 594 181 708 172 724 163 743 163 760 172 743 177 725 176 449 526 61.149681 95.754639 62.967842 -0.234961 0.095845 0.002297 15.686068 -96.794083 521.378418 -17.366961 -96.497665 524.535828 48.739094 -97.090508 518.221069
576 172 590 163 608 162 624 170 608 175 591 176 703 166 719 157 737 157 754 166 737 171 720 170 1241 682 -96.495117 126.164688 66.328743 -0.324788 0.095746 -0.005714 13.704084 -99.818466 524.699097 -19.349443 -99.120956 527.787354 46.757614 -100.515976 521.610840
570 163 586 152 606 152 622 163 605 169 587 170 703 160 720 148 740 147 758 158 741 165 722 166 1277 200 -103.388290 30.974417 54.618988 -0.291383 0.090404 -0.001670 12.782833 -99.447182 503.759918 -20.287294 -98.958618 506.707367 45.852962 -99.935738 500.812439
569 172 586 162 607 161 624 170 606 175 586 177 703 169 722 160 744 160 762 171 743 175 723 174 849 579 -18.454535 106.021355 64.039803 -0.145540 0.119450 0.020070 13.021847 -92.665588 491.288330 -19.940117 -93.040276 495.279327 45.983810 -92.290894 487.297333
574 172 589 162 606 162 621 169 606 174 589 175 701 166 716 157 735 157 751 166 734 170 717 170 900 589 -28.605879 107.970596 64.255119 -0.289782 0.086765 -0.008821 12.581202 -100.483208 526.623718 -20.498295 -99.780495 529.418884 45.660698 -101.185928 523.828613
566 170 583 161 603 160 621 167 602 172 584 173 703 165 722 158 743 160 761 169 742 172 722 170 57 820 138.969070 154.000214 70.307831 -0.211515 0.081197 0.011097 12.176414 -93.019035 487.036713 -20.917374 -93.100426 489.748566 45.270203 -92.937637 484.324829
569 171 586 161 606 161 622 169 605 175 586 176 702 168 720 159 741 159 759 169 741 174 721 173 473 221 56.545132 35.519531 55.557491 -0.228333 0.085627 0.010642 12.615070 -94.491753 498.019714 -20.466745 -94.518631 500.874939 45.696888 -94.464867 495.164459
568 171 585 162 605 161 622 169 604 174 585 175 700 168 717 159 738 160 756 170 738 174 718 173 946 656 -37.794296 121.177155 65.855598 -0.167535 0.099566 0.013980 11.785256 -94.461838 498.623291 -21.252258 -94.647026 501.947113 44.822773 -94.276649 495.299438
569 173 584 163 603 163 619 172 603 177 585 178 700 168 716 159 736 159 753 168 736 173 718 173 377 291 75.604057 49.388844 57.306530 -0.295696 0.080426 -0.006964 11.530758 -96.202530 509.718872 -21.566704 -95.583153 512.313904 44.628220 -96.821899 507.123871
558 177 577 164 600 163 619 172 599 179 577 181 703 170 723 161 747 163 766 176 746 180 724 178 743 795 2.512413 148.723785 69.335297 -0.008571 0.301762 0.048465 10.160415 -83.544693 451.318451 -21.505625 -85.086395 461.189880 41.826454 -82.002983 441.447052
559 176 578 163 601 162 620 172 599 179 578 181 700 171 720 161 744 163 763 176 743 180 721 178 941 646 -36.794041 119.205101 65.615730 -0.054743 0.234283 0.043373 10.124702 -86.009064 464.458954 -22.142282 -87.223099 472.200256 42.391685 -84.795036 456.717682
568 169 584 161 603 160 619 168 602 172 584 173 704 167 722 160 741 161 759 170 741 173 722 172 157 555 119.223045 101.625549 63.827080 -0.229360 0.063427 0.020282 12.191262 -93.930412 493.018005 -20.940279 -94.357094 495.181000 45.322803 -93.503731 490.855011
572 170 586 161 603 160 618 168 603 172 587 173 702 165 717 157 735 158 751 166 735 169 718 169 62 559 138.119812 102.462456 63.974804 -0.287031 0.074493 -0.002164 11.843630 -99.935997 520.691589 -21.269650 -99.512794 523.118774 44.956909 -100.359200 518.264404
555 178 573 163 596 161 614 173 595 181 573 184 704 170 723 158 746 160 766 174 746 180 724 178 507 361 49.703281 63.146114 58.934933 -0.007109 0.318445 0.035147 8.902024 -81.217506 438.046783 -22.613205 -82.327415 448.444763 40.417255 -80.107597 427.648804
558 177 576 160 600 159 618 172 598 182 576 184 700 169 718 155 743 156 763 172 743 179 720 178 1372 810 -122.627144 151.373749 69.363358 0.023423 0.415429 0.035452 8.667290 -81.389534 437.091125 -21.693089 -82.692017 450.474335 39.027668 -80.087051 423.707886
581 196 599 187 621 188 638 197 619 201 599 201 719 199 738 192 759 194 777 204 758 208 738 206 982 329 -44.773830 56.592125 57.905251 -0.106202 0.120564 0.066067 19.341360 -78.210617 484.489349 -13.550449 -80.181297 488.588715 52.233170 -76.239937 480.389954
579 191 596 181 617 182 632 193 615 197 596 197 713 196 731 187 751 189 769 199 750 204 731 202 1230 574 -94.246643 104.845200 63.715160 -0.043887 0.155276 0.070700 17.060467 -81.568726 492.994019 -15.662313 -83.791328 498.174713 49.783245 -79.346115 487.813354
582 189 598 177 619 178 635 191 617 196 598 196 713 191 730 179 751 179 768 192 751 198 731 198 930 34 -34.264763 -1.630776 50.778011 -0.285040 0.075864 0.035766 18.502693 -87.397102 514.819092 -14.586186 -88.210915 517.469299 51.591572 -86.583290 512.168945
586 190 603 182 622 182 638 191 621 195 603 195 722 193 739 185 758 187 775 197 757 200 739 198 124 624 125.749519 115.266174 65.518234 -0.390857 0.053567 0.054910 20.987312 -84.699348 505.541840 -12.121088 -86.131760 507.625519 54.095715 -83.266945 503.458191
591 185 608 177 627 177 643 186 626 190 608 190 726 189 743 182 762 184 778 194 761 197 743 195 226 606 105.468002 111.661453 65.027214 -0.365290 0.049581 0.064539 23.262146 -87.253975 508.942871 -9.833977 -89.050117 510.937927 56.358269 -85.457840 506.947815
596 187 612 179 631 179 647 188 630 191 612 191 729 191 745 184 764 186 780 196 763 198 745 196 14 766 147.553436 143.359055 69.021049 -0.326721 0.053720 0.063600 25.275957 -87.763336 516.921997 -7.814876 -89.546722 519.013855 58.366791 -85.979958 514.830078
599 188 615 180 634 180 649 188 632 192 615 192 733 191 750 184 768 186 784 195 767 198 750 197 352 149 80.656593 21.362890 53.875774 -0.387187 0.060383 0.063278 26.805239 -87.333908 514.703674 -6.274222 -88.997192 517.057922 59.884697 -85.670616 512.349487
594 184 612 175 632 174 649 182 631 187 612 188 730 185 747 178 767 181 784 192 766 194 748 191 241 728 102.415977 135.743301 67.978226 -0.270006 0.056804 0.056816 25.595104 -88.814941 510.032471 -7.503251 -90.423691 512.146790 58.693462 -87.206192 507.918152
598 186 616 175 638 176 654 188 635 194 616 194 732 189 749 179 771 180 788 193 770 199 750 197 1233 75 -94.565430 6.314586 51.610699 -0.299707 0.100613 0.068277 26.498924 -84.712250 495.272461 -6.462562 -86.443756 498.892120 59.460411 -82.980736 491.652802
590 185 608 174 631 173 648 184 628 190 608 191 727 184 746 175 768 176 787 189 768 194 747 192 1233 405 -94.749290 71.474129 59.614594 -0.350887 0.094343 0.053234 23.913824 -85.577080 490.674408 -9.098350 -86.761787 494.043762 56.925995 -84.392365 487.305054
588 187 607 177 629 176 646 185 627 191 606 192 729 186 748 179 770 181 788 192 769 196 749 194 677 45 16.060099 0.666638 51.179855 -0.363277 0.084310 0.057522 23.595972 -83.464149 483.953857 -9.437938 -84.826675 487.030212 56.629883 -82.101631 480.877502
631 177 647 170 665 171 680 180 663 183 647 183 758 185 774 179 791 180 805 190 790 193 774 191 26 394 145.373459 69.900536 59.992073 -0.233437 0.064031 0.094024 42.245506 -95.423981 540.469055 9.254333 -98.264290 542.933716 75.236679 -92.583679 538.004395
601 187 620 178 642 178 659 187 639 192 619 193 742 190 761 183 784 186 802 198 783 201 762 198 766 298 -1.786228 50.578163 57.268669 -0.350862 0.114226 0.095592 28.820192 -80.127434 472.678345 -4.020729 -82.567879 476.930145 61.661114 -77.686996 468.426544
606 186 622 177 641 178 656 187 639 192 622 192 734 191 750 182 769 184 784 195 768 199 751 197 579 246 35.443909 40.403309 56.107265 -0.239979 0.036172 0.058083 29.911087 -91.316597 535.594910 -3.216397 -93.081894 537.013794 63.038570 -89.551292 534.176025
595 186 613 174 635 173 652 185 633 191 613 192 730 185 747 175 769 177 787 190 768 196 748 194 1135 38 -75.049019 -0.942596 50.765602 -0.367023 0.094170 0.059435 26.370512 -89.047768 512.996460 -6.630937 -90.406433 516.405029 59.371960 -87.689110 509.587952
595 181 612 172 631 172 647 179 629 184 611 185 725 181 742 175 761 177 777 187 760 190 742 187 1095 495 -67.346169 89.313332 61.871136 -0.266540 0.074566 0.055638 24.889690 -93.876923 528.403442 -8.172369 -95.372139 531.091187 57.951752 -92.381706 525.715637
582 185 601 175 623 174 641 181 621 187 601 189 725 183 744 177 766 180 785 192 765 194 744 191 732 879 4.653917 165.315308 71.378525 0.005567 0.240753 0.069731 20.430052 -82.106544 471.206299 -11.737176 -84.419907 479.110535 52.597282 -79.793175 463.302032
584 183 603 174 624 173 641 181 622 186 602 188 721 182 739 175 760 178 779 188 760 191 740 189 433 356 64.427383 62.195538 58.853165 -0.312422 0.065263 0.046055 21.055433 -87.131294 494.593048 -12.044366 -88.298584 496.959564 54.155231 -85.964005 492.226532
583 184 602 173 625 173 643 182 623 188 602 189 722 183 742 175 765 177 784 190 764 193 742 190 1301 802 -108.498177 149.829315 69.207222 -0.135418 0.169840 0.067331 21.090275 -84.523346 482.465637 -11.562749 -86.359642 488.207397 53.743298 -82.687050 476.723907
585 183 604 172 626 171 644 180 624 187 603 188 723 182 742 173 765 176 784 188 764 192 743 190 1260 506 -100.176857 91.403511 62.049858 -0.222578 0.140337 0.069104 21.694336 -85.947655 487.013672 -11.106718 -87.698647 491.870056 54.495388 -84.196671 482.157257
514 268 529 258 549 256 566 263 550 271 531 273 670 256 687 245 709 243 728 251 710 260 689 261 1351 826 -118.458382 154.543411 69.762634 -0.424010 0.058721 -0.065722 -7.294506 -46.990196 449.962189 -40.372364 -44.468525 451.396118 25.783350 -49.511868 448.528229
558 262 578 249 601 247 621 255 600 263 579 266 732 253 750 243 773 244 792 256 773 261 752 260 456 554 59.741524 101.279861 63.643223 -0.422892 -0.010224 -0.030313 15.971212 -45.366791 422.432770 -17.216864 -44.460869 421.893738 49.159286 -46.272713 422.971832
559 263 575 250 596 249 613 259 595 266 576 268 710 255 727 243 748 243 765 255 748 262 729 262 1335 756 -115.236397 140.729614 68.073380 -0.230024 0.079927 -0.017779 10.976071 -48.684559 460.209656 -22.117983 -47.796333 462.769775 44.070126 -49.572784 457.649536
551 258 570 244 593 242 612 252 592 260 571 262 723 250 741 239 764 240 784 253 764 259 743 257 283 287 94.306335 48.645634 57.259689 -0.393437 0.014475 -0.017624 12.645987 -47.372437 427.498993 -20.550303 -46.708927 427.853638 45.842274 -48.035946 427.144318
546 256 561 243 581 242 596 252 579 261 561 262 687 252 703 242 724 244 739 257 722 263 704 261 1257 401 -99.521545 70.672417 59.504765 -0.021492 0.436041 0.042814 1.340722 -47.783241 441.919922 -28.727789 -49.006611 455.953735 31.409233 -46.559868 427.886108
576 347 600 337 627 338 651 350 626 353 600 352 776 349 798 336 824 335 847 345 824 351 800 352 443 525 62.343861 95.560165 62.946789 0.517488 0.035367 -0.021268 24.818573 -7.156632 343.704010 -8.358592 -6.778838 345.004974 57.995739 -7.534426 342.403015
517 352 535 338 560 338 579 353 559 358 537 359 699 346 718 329 743 327 765 338 744 347 721 349 1372 885 -122.668930 166.182739 71.182426 0.432992 -0.010613 -0.050859 1.193379 -7.941231 365.542908 -31.967325 -6.230399 365.561401 34.354084 -9.652064 365.524384
513 340 531 326 556 325 576 340 555 347 533 347 697 333 716 316 742 313 764 326 743 335 720 337 1417 230 -131.256149 36.828606 55.271889 0.344549 -0.001126 -0.053990 0.302346 -12.153655 364.187225 -32.854538 -10.390664 364.456329 33.459232 -13.916646 363.918152
522 346 541 332 567 331 587 346 566 352 543 353 707 339 728 323 754 322 776 334 754 343 730 344 578 761 35.355915 142.092178 68.598724 -0.573537 0.064190 -0.030666 4.104211 -10.177423 378.245636 -29.018894 -8.620525 379.976410 37.227318 -11.734320 376.514862
525 335 544 321 569 320 590 334 569 341 546 342 711 327 731 311 758 310 780 323 758 331 734 332 438 0 63.631046 -8.100266 50.215988 0.247264 -0.054080 -0.031540 5.204691 -13.801280 367.033936 -27.935402 -12.544518 365.386414 38.344784 -15.058043 368.681488
581 319 602 308 626 307 646 318 625 324 602 325 760 316 780 304 804 304 824 316 803 322 781 322 201 855 110.302689 160.839676 71.079865 -0.304334 0.113164 0.011451 25.261068 -20.309921 405.995789 -7.730839 -20.116711 409.744965 58.252975 -20.503132 402.246582
575 316 596 302 621 301 641 314 619 320 596 321 752 310 772 296 797 296 818 309 797 316 774 316 398 457 71.333900 82.155655 61.321522 -0.201238 0.126904 -0.004960 22.499279 -22.219280 404.229187 -10.439010 -21.634144 408.386871 55.437569 -22.804417 400.071503
584 317 603 302 627 302 646 316 626 323 604 323 742 311 760 295 785 294 805 307 785 316 763 316 1324 240 -112.760605 38.849243 55.564072 0.142515 -0.218099 -0.016494 22.795214 -21.704769 408.059723 -9.619857 -20.650171 400.938568 55.210285 -22.759367 415.180847
583 303 602 292 626 291 645 303 624 308 603 309 759 300 778 288 801 288 821 300 801 306 779 306 25 76 145.749573 7.110926 52.279762 0.200389 -0.070149 -0.001553 24.552877 -25.186367 392.791351 -8.570504 -24.902691 390.484680 57.676262 -25.470043 395.097992
567 304 587 291 613 290 633 303 611 309 588 310 748 300 768 287 793 287 814 299 793 306 770 306 281 44 94.839600 0.665508 51.366978 0.237435 -0.036789 -0.013591 19.779541 -24.640114 383.976227 -13.399858 -24.048855 382.819763 52.958942 -25.231373 385.132721
584 323 603 310 626 308 645 317 625 325 603 327 749 314 768 303 792 305 812 317 792 323 769 321 276 768 95.430908 143.624069 68.929710 0.136083 -0.466699 0.027348 21.421354 -16.593882 350.139404 -8.226035 -16.432751 335.187286 51.068741 -16.755013 365.091522
579 314 597 300 620 299 639 312 619 319 598 320 733 306 751 290 774 289 793 302 774 310 753 311 1294 101 -106.715057 11.418126 52.208748 -0.214601 0.261305 -0.014778 19.561657 -24.617895 431.363586 -12.516730 -23.214375 439.823303 51.640045 -26.021416 422.903870
562 307 582 293 607 292 627 306 605 313 582 314 737 302 757 288 782 287 803 301 783 309 759 309 331 425 84.680489 75.870377 60.581150 -0.203779 0.097968 -0.006871 17.562433 -25.981749 411.505951 -15.482934 -25.425514 414.708130 50.607800 -26.537983 408.303772
577 317 595 305 616 304 634 314 615 320 596 321 729 309 747 298 768 298 787 310 768 315 748 314 1357 219 -119.313812 34.686367 55.037117 -0.284493 0.185027 0.000372 18.783867 -23.999218 447.637665 -13.857994 -23.145746 453.665955 51.425728 -24.852692 441.609406
569 302 587 289 609 288 627 300 608 307 588 308 733 295 750 282 772 282 791 294 773 301 752 301 648 198 21.744020 30.891348 54.906231 -0.157120 0.180769 -0.006164 16.954580 -28.773844 425.445770 -15.709672 -28.101837 431.374908 49.618835 -29.445850 419.516632
554 323 569 312 586 312 600 320 585 326 569 327 678 323 691 316 708 318 720 330 707 332 691 330 642 181 22.947111 27.537619 54.497112 -0.543208 -0.050366 0.035786 1.022339 -25.043118 582.022644 -32.120659 -26.616102 580.747131 34.165337 -23.470131 583.298157
635 263 653 251 674 251 690 261 671 269 652 269 787 260 802 250 822 251 838 263 822 270 804 268 474 175 56.371822 26.436190 54.441261 -0.289411 0.075612 0.026544 45.858814 -48.935104 478.350037 12.759819 -49.442730 480.949707 78.957809 -48.427479 475.750336
638 288 658 276 680 275 699 285 679 291 658 293 800 283 817 274 838 276 855 289 837 293 818 291 269 851 96.777222 160.016159 70.946548 -0.427348 0.071047 0.031650 47.622345 -35.560207 450.063599 14.516396 -36.082218 452.570251 80.728294 -35.038200 447.556946
553 295 575 284 600 282 621 288 598 295 575 298 720 288 744 282 770 285 794 297 769 299 744 296 1240 811 -96.368050 151.636642 69.458076 -0.515143 0.119811 0.046495 13.235087 -29.186626 399.276611 -19.701893 -29.658098 403.459015 46.172066 -28.715155 395.094177
554 294 572 280 594 279 612 288 593 295 573 297 708 286 727 276 749 277 769 290 749 294 728 292 1359 781 -120.024811 145.654053 68.666924 -0.515684 0.080063 0.005423 10.017758 -33.369492 440.576172 -23.082548 -32.871441 443.160980 43.118065 -33.867546 437.991394
551 291 568 278 591 277 608 288 589 296 569 298 712 284 730 272 754 272 773 284 754 292 732 292 1293 699 -106.849297 129.495605 66.713310 -0.445683 0.142733 0.013938 9.351901 -32.479553 416.583191 -23.517641 -31.888639 421.252625 42.221443 -33.070469 411.913757
561 283 578 270 599 269 616 281 598 289 578 290 715 278 731 265 753 266 771 279 753 286 733 285 259 293 99.077477 49.842251 57.418026 -0.414063 0.109744 0.009390 12.320453 -38.365303 453.212921 -20.686003 -37.924686 456.810059 45.326908 -38.805923 449.615814
558 284 576 272 598 272 615 282 596 289 576 290 722 283 740 273 763 274 781 287 762 292 741 291 309 469 89.032578 84.569221 61.660080 -0.481721 0.092379 0.043507 12.932105 -34.314690 423.208710 -20.103067 -34.977638 426.494659 45.967278 -33.651741 419.922760
556 288 574 275 595 273 612 282 594 290 574 293 706 280 724 271 746 272 765 285 746 290 725 288 1437 87 -135.155212 8.582887 51.792858 -0.503299 0.083096 0.010249 10.061652 -37.010166 458.315216 -23.029282 -36.656506 461.040039 43.152584 -37.363827 455.590363
556 286 574 275 596 274 613 282 594 289 574 290 715 285 734 278 757 281 775 293 756 295 735 293 220 398 106.777504 70.594170 59.985535 -0.422551 0.072575 0.052802 11.439044 -33.640896 428.785706 -21.634100 -34.838871 431.485992 44.512188 -32.442924 426.085388
547 287 564 274 587 273 604 284 585 292 564 294 711 281 730 270 753 271 773 284 753 291 731 290 1046 462 -57.579884 82.821663 61.096901 -0.343526 0.179215 0.033086 8.163877 -33.294220 411.556061 -24.496439 -33.356049 417.544342 40.824196 -33.232388 405.567780
549 287 567 276 587 275 604 284 586 291 567 292 712 282 729 273 751 274 770 285 751 290 731 289 800 545 -8.687693 99.332237 63.241314 -0.434910 0.119492 0.027449 8.672177 -33.858013 421.897217 -24.287291 -33.890541 425.926117 41.631645 -33.825481 417.868317
566 281 586 268 609 268 626 279 606 286 585 287 728 281 746 272 769 274 788 287 768 292 747 290 10 136 148.700195 18.965551 53.743023 -0.485966 0.069617 0.054067 16.331503 -35.381577 428.126068 -16.746916 -36.554386 430.772278 49.409920 -34.208767 425.479858
561 283 579 269 600 268 618 277 599 285 579 287 720 272 738 262 759 263 778 275 760 281 739 280 665 822 18.014435 154.093689 70.031799 -0.507760 0.091519 -0.004508 13.663026 -39.004005 443.794800 -19.405457 -38.106339 446.663452 46.731510 -39.901672 440.926117
571 274 590 258 613 257 630 271 610 280 589 281 733 268 751 255 774 256 793 271 774 279 753 278 355 69 80.104355 5.565151 51.933834 -0.506140 0.099358 0.025068 18.717628 -40.919525 437.813354 -14.316692 -40.898876 441.173859 51.751949 -40.940170 434.452881
567 285 585 272 606 270 624 278 605 286 585 288 728 273 745 264 767 265 785 277 767 282 747 280 528 848 45.254280 159.295395 70.735535 -0.542720 0.091510 -0.001074 16.344828 -37.826736 438.518372 -16.724411 -36.988899 441.396393 49.414066 -38.664577 435.640320
562 283 579 271 600 269 616 278 599 285 580 287 720 273 736 263 757 264 774 275 757 281 738 280 1260 738 -100.306114 137.212646 67.676842 -0.472836 0.086805 -0.008600 13.437592 -39.376919 450.010345 -19.643307 -38.433807 452.716675 46.518490 -40.320030 447.303986
566 277 583 265 604 265 620 275 602 283 583 283 727 273 743 262 765 263 782 275 765 282 745 281 879 59 -24.132919 3.330837 51.411591 -0.469952 0.106506 0.026315 15.019857 -38.421448 428.823792 -17.988977 -38.446712 432.425995 48.028690 -38.396183 425.221588
574 283 593 269 615 268 633 279 614 287 593 289 736 276 754 264 777 265 796 278 777 285 756 284 89 705 132.667175 131.277237 67.501511 -0.525406 0.106738 0.017554 19.408060 -36.581539 427.001984 -13.607100 -36.227901 430.528107 52.423222 -36.935177 423.475830
563 284 582 270 606 269 624 280 604 289 582 291 728 277 746 265 770 266 790 280 770 287 748 286 811 678 -10.950097 125.588051 66.461258 -0.541442 0.095240 0.014019 15.715238 -35.480675 420.863129 -17.339558 -35.088280 423.991425 48.770031 -35.873074 417.734863
591 182 609 175 628 176 644 184 627 186 609 186 729 185 745 179 763 180 778 189 762 191 746 189 14 892 147.483246 168.238159 72.077087 -0.226750 0.036506 0.045236 23.592045 -87.967529 503.035797 -9.556926 -89.319092 504.406433 56.741016 -86.615967 501.665161
555 219 573 207 595 208 613 220 593 225 574 225 699 217 717 203 739 202 757 214 739 220 719 221 939 842 -36.505371 157.906906 70.370621 -0.512514 0.074608 -0.003823 8.367282 -65.082779 452.573334 -24.746927 -64.340660 454.909576 41.481491 -65.824905 450.237091
546 208 563 198 582 199 599 209 581 212 563 213 688 206 704 195 724 194 741 204 724 209 706 209 863 558 -21.227949 101.867897 63.522991 -0.531175 0.056894 -0.003110 2.945844 -70.427933 457.258575 -30.206337 -69.839592 459.032349 36.098026 -71.016281 455.484802
