670 503 681 495 694 496 704 503 693 507 680 507 767 508 777 503 790 505 799 514 788 517 777 515 658 189 -16.632860 46.856705 16.163614 -0.449566 0.022816 0.088538 60.015545 93.839226 739.906250 26.947104 91.168701 741.286865 93.083984 96.509750 738.525574
672 506 683 499 697 499 706 506 695 510 683 510 769 512 779 507 792 509 801 518 790 520 779 518 424 186 35.706364 45.998745 14.436262 -0.453948 0.030698 0.096037 61.725281 96.552216 742.477722 28.686220 93.704224 744.171570 94.764343 99.400208 740.783875
684 500 694 494 706 493 716 499 705 503 694 503 780 500 789 494 800 495 809 501 800 505 789 504 159 734 95.754005 167.994629 22.840834 -0.084337 -0.344858 0.052076 63.308125 81.495659 676.082336 32.101238 79.325638 664.947693 94.515007 83.665688 687.217041
624 520 633 512 645 510 655 515 645 521 634 523 716 509 725 503 737 502 748 509 738 513 727 513 824 787 -52.925331 180.351105 28.585432 -0.360672 0.068389 -0.091377 26.217651 101.204300 761.758484 -6.773453 104.571243 763.434875 59.208755 97.837349 760.082092
624 522 633 513 646 511 656 515 646 522 635 524 718 509 728 502 741 502 751 509 741 513 730 513 819 272 -52.530338 65.496574 18.872877 -0.459029 0.080903 -0.099340 26.909592 99.578133 746.297729 -6.027833 103.358223 748.140686 59.847019 95.798035 744.454712
621 524 630 515 642 513 652 517 643 524 631 526 715 510 724 503 736 502 747 509 738 514 726 514 1038 392 -101.349854 92.434669 22.691544 -0.455938 0.083792 -0.112008 24.474194 100.878807 750.004700 -8.411871 105.080978 751.850769 57.360260 96.676628 748.158569
630 528 639 520 651 518 661 523 651 529 640 531 723 518 733 512 745 512 756 518 746 523 734 522 928 795 -76.177841 182.219147 29.478411 -0.423785 0.063230 -0.073891 30.751612 106.159393 753.184387 -2.298635 108.974274 754.706665 63.801857 103.344513 751.662109
626 526 635 517 648 515 658 520 648 526 637 528 719 514 729 507 741 507 752 514 742 518 730 518 1030 636 -99.217575 146.842819 27.219177 -0.472770 0.077179 -0.092409 28.288282 104.157822 756.961243 -4.680597 107.699852 758.712402 61.257160 100.615799 755.210022
639 513 648 504 661 503 671 508 661 514 649 516 733 506 743 500 755 500 766 508 756 512 744 511 862 261 -62.164455 63.078175 18.973248 -0.393387 0.060914 -0.035498 37.469170 96.482536 749.710815 4.345788 98.022697 751.451294 70.592552 94.942383 747.970398
696 505 707 500 720 502 729 509 718 512 706 511 789 520 799 516 811 519 818 528 809 529 798 526 101 563 108.487801 129.812973 19.213568 -0.426446 -0.050108 0.174361 78.315804 102.114082 757.632874 45.647709 96.181007 757.240479 110.983894 108.047157 758.025208
694 497 705 491 717 492 726 498 715 501 704 501 789 500 798 495 809 496 818 502 809 505 798 504 56 240 118.100105 57.744205 12.823054 -0.069051 -0.315083 0.078801 70.724068 82.383369 688.191895 39.254559 79.456718 678.010315 102.193581 85.310020 698.373413
614 532 623 523 634 521 644 524 635 531 624 534 705 515 714 509 727 508 738 513 728 518 716 519 972 454 -86.499222 106.208046 23.385221 -0.403224 0.164976 -0.140417 18.422522 106.756989 760.288391 -14.016583 112.343681 764.653381 50.861626 101.170296 755.923401
642 526 651 519 664 517 674 522 663 528 652 529 735 521 745 515 757 515 768 523 758 526 746 525 606 536 -4.513530 124.199417 22.312416 -0.052256 0.013402 -0.033366 39.828072 107.915573 761.398132 6.644718 109.034370 761.813904 73.011429 106.796776 760.982361
630 512 639 503 651 501 661 506 651 512 640 515 723 501 732 495 745 495 756 502 746 506 734 506 982 117 -89.209534 31.061527 17.124401 -0.519460 0.132520 -0.064377 30.612930 94.792007 754.842468 -2.240183 97.942657 758.490234 63.466042 91.641350 751.194763
679 503 690 497 703 497 713 504 701 508 689 508 774 512 784 508 796 510 805 519 795 521 784 519 358 236 50.540134 57.095989 14.904460 -0.481358 -0.023983 0.121844 66.766106 97.623070 753.221924 33.812092 93.554100 753.411804 99.720123 101.692047 753.032043
679 499 689 492 701 492 711 498 700 502 689 502 774 499 783 493 794 494 803 501 794 504 783 503 262 456 72.323418 106.080826 18.352730 -0.200295 0.465408 -0.001772 60.970314 84.060616 702.536316 31.285437 85.631805 717.331543 90.655197 82.489418 687.741089
625 526 633 518 645 516 655 520 646 527 635 529 716 514 725 508 738 507 748 514 738 518 727 518 946 797 -80.201454 182.679703 29.644527 -0.422367 0.141093 -0.095035 26.465935 105.845047 766.987854 -6.266668 109.865158 770.857666 59.198536 101.824944 763.118103
625 517 634 509 646 507 656 511 646 518 635 520 718 506 727 499 740 499 751 506 741 510 729 510 1271 109 -153.867157 29.510775 19.037813 -0.415133 0.148226 -0.082305 27.097925 98.304100 756.217834 -5.637592 101.950951 760.418579 59.833443 94.657242 752.017151
626 518 635 510 647 508 656 513 647 519 636 521 718 508 727 502 740 502 751 508 741 513 729 513 1232 198 -145.018219 49.327236 20.431627 -0.338519 0.148486 -0.072393 27.512289 100.240372 761.476501 -5.244796 103.412422 765.889099 60.269375 97.068329 757.063904
709 504 719 499 730 498 740 503 730 505 719 505 797 502 806 498 816 498 825 503 816 505 806 505 74 574 114.542877 132.244293 19.227451 -0.854450 0.068632 0.014396 93.218361 101.746750 828.233887 60.090317 102.240593 830.435791 126.346413 101.252907 826.032043
654 553 665 545 678 545 688 552 677 557 665 557 750 553 760 546 773 547 782 555 772 559 760 558 1001 161 -93.397827 40.889336 18.086838 -0.180011 -0.147802 0.028898 47.922150 124.037926 726.180420 15.092163 122.647453 721.403564 80.752136 125.428398 730.957275
680 549 691 543 704 544 714 552 702 555 691 555 775 557 785 552 797 553 806 560 796 564 785 562 108 733 107.160782 167.730438 22.457855 -0.194378 -0.140260 0.095747 66.198792 126.666779 736.446655 33.470150 123.072578 732.148132 98.927437 130.260986 740.745117
642 555 652 547 665 547 675 553 664 558 653 559 737 551 746 544 759 544 770 551 759 556 748 556 1092 288 -113.575203 69.285164 21.122995 -0.236214 0.217721 -0.048967 38.860817 124.851463 732.093872 6.475560 127.295296 739.006348 71.246078 122.407631 725.181396
643 555 653 547 666 546 676 553 665 558 653 559 738 551 748 544 760 544 771 551 760 556 749 556 1253 396 -149.437561 93.500298 24.302008 -0.230577 0.225874 -0.045065 39.519356 124.597351 731.628357 7.187535 126.924446 738.825439 71.851181 122.270264 724.431335
656 551 666 543 680 543 689 551 678 555 666 555 752 552 762 545 775 546 784 554 774 558 762 557 160 155 94.716949 38.872265 11.968562 -0.152863 -0.168792 0.042779 48.786930 122.177544 721.140747 16.083265 120.343285 715.694153 81.490593 124.011803 726.587341
646 555 656 548 668 548 678 554 668 559 656 559 740 553 750 546 763 547 773 553 763 558 751 557 927 769 -75.990677 176.420074 28.982731 -0.248122 0.139784 -0.024186 42.176083 127.785027 744.778931 9.303118 129.149155 749.258545 75.049049 126.420898 740.299316
659 548 670 541 683 540 693 547 682 552 670 552 755 549 765 543 777 544 787 551 776 555 765 554 546 409 8.729459 95.828621 19.497629 -0.178395 -0.106801 0.038581 51.729214 122.721008 735.987549 18.737690 121.134308 732.581421 84.720734 124.307709 739.393616
676 548 687 542 700 543 709 550 698 554 686 553 771 555 781 550 793 551 802 559 792 562 781 561 126 628 102.986862 144.328857 20.613441 -0.191822 -0.136736 0.091277 63.263847 125.516602 735.909363 30.505384 122.084763 731.706360 96.022308 128.948441 740.112366
671 550 682 544 695 545 705 552 693 556 682 555 766 556 776 550 789 551 797 559 787 562 776 561 405 681 40.651833 156.373672 23.601635 -0.197130 -0.114168 0.073839 60.159931 126.887955 738.912476 27.260574 124.087639 735.398193 93.059288 129.688263 742.426758
638 556 647 548 660 547 670 553 660 559 648 560 732 551 742 544 755 544 765 551 755 555 743 555 1189 355 -135.179001 84.305191 23.074596 -0.254455 0.249808 -0.054513 35.639408 124.873283 732.965942 3.508275 127.688316 740.854248 67.770546 122.058258 725.077637
668 546 679 539 692 540 702 548 690 552 678 551 764 551 774 545 787 546 796 554 786 558 774 557 56 95 117.896416 25.407660 10.098503 -0.166996 -0.173718 0.074289 56.978798 120.640808 719.779358 24.363504 117.721024 714.276917 89.594093 123.560593 725.281799
640 552 649 544 662 543 672 549 661 554 650 555 734 547 744 540 757 540 767 547 757 552 745 551 841 367 -57.318062 86.700348 20.815027 -0.274105 0.249128 -0.045916 36.896149 122.115303 733.173035 4.744449 124.725418 741.048035 69.047844 119.505180 725.298096
670 550 681 544 694 545 704 552 692 556 681 555 765 556 776 551 788 552 797 560 787 563 775 562 378 722 46.749054 165.495316 24.179220 -0.176124 -0.120813 0.081574 59.424217 126.845978 737.780334 26.570675 123.809135 734.041138 92.277763 129.882812 741.519592
627 558 635 550 647 549 657 554 647 560 636 561 718 550 728 543 740 542 752 548 741 553 729 554 1259 539 -150.578827 125.395668 27.031824 -0.304789 0.288061 -0.084125 26.725449 125.829742 738.678406 -5.006875 129.974258 747.535217 58.457771 121.685226 729.821655
631 559 640 552 652 551 661 556 652 562 641 563 723 553 733 547 745 546 756 553 746 557 734 558 1275 690 -153.945740 159.083191 29.983370 -0.277603 0.282050 -0.063600 30.129433 127.915520 739.616211 -1.705950 131.253891 748.443604 61.964813 124.577156 730.788757
672 548 683 541 696 542 705 549 694 553 682 553 767 555 777 549 790 550 799 558 789 562 777 560 512 190 16.027271 46.961838 15.139826 -0.157714 -0.159237 0.098778 59.764950 123.640648 726.770142 27.140198 119.978561 721.792786 92.389709 127.302727 731.747498
680 546 692 540 705 541 714 549 703 553 690 552 776 556 786 550 799 552 808 560 797 563 786 562 130 38 101.263290 12.755798 9.555903 -0.155075 -0.183758 0.122468 65.184021 122.383102 718.887268 32.783932 117.895508 713.172791 97.584114 126.870697 724.601746
681 545 691 538 704 538 714 546 703 550 691 550 775 548 785 541 797 541 806 548 796 553 785 553 298 676 64.579628 155.172241 22.743605 -0.256322 0.555919 -0.003195 59.986820 111.924530 678.639099 31.754835 114.316910 695.953552 88.218811 109.532158 661.324646
636 555 645 548 657 547 667 553 657 558 646 559 729 550 739 543 752 542 762 549 752 554 740 554 1045 265 -103.094093 64.117973 20.355200 -0.276128 0.289918 -0.060408 33.634670 123.930168 731.020325 1.866128 127.192680 740.112915 65.403214 120.667656 721.927734
684 545 696 539 709 540 719 548 707 552 695 551 780 555 790 549 802 550 810 559 800 562 789 561 43 30 120.713074 10.901470 8.784321 -0.194974 -0.196974 0.114485 68.229126 122.574783 723.803223 35.879635 118.197205 717.728149 100.578621 126.952354 729.878296
609 433 630 425 652 427 669 439 648 442 627 440 774 451 793 444 814 448 831 460 812 463 792 459 118 93 104.024834 25.011696 10.503662 -0.996301 0.024308 0.152693 28.621460 29.183445 425.649872 -4.218960 25.298834 428.645935 61.461880 33.068058 422.653839
500 444 514 433 531 430 546 436 531 444 515 447 634 425 650 415 670 414 688 422 671 429 653 429 1246 4 -148.422409 6.074472 16.886339 -0.819598 0.068125 -0.110153 -28.010849 28.217779 510.033569 -60.952778 32.344910 510.630035 4.931080 24.090647 509.437134
550 437 566 424 588 424 605 438 587 445 567 446 713 438 731 425 755 425 774 438 755 447 733 446 917 9 -74.821404 6.923897 14.630919 -0.248429 0.120638 0.006312 3.860615 25.205620 412.258942 -29.103449 25.493122 416.239807 36.824680 24.918119 408.278076
554 454 572 442 592 442 609 452 591 459 571 460 713 453 732 443 754 444 774 455 754 462 733 460 850 349 -59.356560 82.693428 20.541077 -0.946347 0.063812 0.029307 5.339478 33.989582 447.768219 -27.789433 34.085648 450.010010 38.468391 33.893517 445.526428
525 455 540 445 559 443 575 451 558 458 541 460 671 446 689 437 711 437 730 446 711 452 690 452 1210 220 -140.066132 54.215710 20.687906 -0.884293 0.094572 -0.020036 -11.284237 34.370132 476.691956 -44.343861 36.250351 479.158875 21.775387 32.489914 474.225006
580 445 598 434 619 434 635 444 617 452 597 452 739 449 757 439 778 441 796 453 778 459 758 457 703 157 -26.743858 39.756695 15.883677 -0.925979 0.039343 0.054684 16.332108 31.858101 453.204346 -16.802620 30.854797 455.112976 49.466835 32.861404 451.295715
519 481 534 473 551 472 566 478 551 484 534 485 664 473 682 465 703 465 722 472 703 478 684 478 1049 571 -103.558990 132.362457 26.133505 -0.898683 0.070028 -0.024972 -14.338501 46.058121 472.768768 -47.457596 47.755337 474.443451 18.780594 44.360905 471.094086
676 407 697 400 719 404 734 417 714 421 694 418 832 436 849 429 867 434 879 446 864 450 847 446 63 19 116.223824 8.464501 8.720449 -0.216423 -0.173101 0.176686 55.989929 22.510183 445.427521 23.791775 16.132004 440.411835 88.188087 28.888361 450.443207
522 448 533 436 551 433 566 442 552 451 536 454 663 429 679 416 700 414 720 423 702 433 682 435 1092 81 -113.865990 23.121956 17.233463 -0.303829 0.281831 -0.105973 -14.207390 26.319553 443.504822 -45.929855 31.132139 452.053741 17.515076 21.506969 434.955902
643 458 662 451 682 452 700 461 680 463 661 462 802 462 820 454 839 454 857 462 839 465 821 465 297 682 64.811745 156.509491 22.849203 -0.854223 0.157229 0.072891 41.724182 36.416965 439.698517 8.987224 36.383858 445.252777 74.461136 36.450073 434.144226
642 455 661 448 682 449 700 459 680 460 661 459 802 460 819 452 839 452 857 461 839 464 820 463 179 594 91.083534 136.789291 20.353052 -0.869338 0.153072 0.087677 41.169548 35.285355 435.533386 8.448372 34.809307 441.159912 73.890724 35.761406 429.906891
584 466 603 456 624 457 641 468 622 474 602 474 748 473 767 463 789 465 807 476 788 482 767 481 512 440 16.378464 102.714500 19.837326 -0.973707 0.049064 0.066279 18.678225 40.178600 435.332550 -14.422393 39.043736 437.703369 51.778839 41.313465 432.961700
653 427 671 419 692 419 709 428 690 431 672 431 811 423 826 413 845 413 862 421 846 425 828 426 254 278 73.862885 66.378471 14.950981 -0.736211 0.099138 -0.000616 48.439663 22.573095 467.847565 15.390665 23.748758 470.837738 81.488663 21.397432 464.857391
523 484 535 476 551 475 565 481 552 486 537 488 659 474 676 465 694 464 712 470 695 476 677 477 1151 756 -126.115479 173.701782 30.338032 -0.876704 0.055933 -0.063726 -16.586224 49.207783 500.098938 -49.679195 51.823437 500.856079 16.506746 46.592133 499.341827
682 439 701 431 721 432 738 442 719 444 700 443 834 445 851 436 870 437 887 446 870 449 852 448 23 476 125.813400 110.348076 17.021843 -0.824327 0.145827 0.087332 58.907864 30.292601 460.033325 26.155073 29.603910 465.449951 91.660652 30.981293 454.616669
560 453 577 442 598 441 615 451 597 458 577 459 718 450 737 440 760 441 779 452 760 458 738 457 798 270 -47.835659 65.033600 18.685337 -0.941561 0.073472 0.019930 7.871386 33.474335 452.746368 -25.244156 33.972309 455.128113 40.986927 32.976360 450.364655
545 449 561 438 580 436 596 444 579 452 561 454 694 441 712 431 734 432 753 442 734 448 713 447 1135 192 -123.328728 47.910854 19.626215 -0.878927 0.117929 -0.000607 -1.387153 31.685205 474.038574 -34.375805 33.313808 477.452667 31.601500 30.056602 470.624481
553 450 569 439 588 437 604 445 587 453 569 455 702 442 720 433 741 433 761 443 742 449 721 448 1172 208 -131.582779 51.508900 20.191071 -0.894794 0.113056 -0.000398 2.167950 32.243626 475.561920 -30.838655 33.823856 478.821747 35.174553 30.663395 472.302094
654 448 673 441 693 442 710 450 691 453 672 452 815 451 832 443 851 443 868 451 851 455 833 454 344 547 54.108677 126.441002 20.648178 -0.822240 0.153485 0.066826 47.047535 32.203583 444.751740 14.281311 32.211166 450.130768 79.813759 32.195999 439.372711
568 478 585 470 604 469 621 478 603 485 585 485 726 481 745 473 766 475 785 484 766 490 745 489 732 696 -32.473694 159.982849 26.218575 -0.952096 0.052229 0.045376 10.786901 45.772705 450.497009 -22.344296 45.249393 452.644012 43.918095 46.296013 448.350006
