485 333 503 326 523 328 540 338 522 341 503 340 647 342 663 334 682 334 698 343 681 348 663 347 408 279 46.346111 70.223740 -5.111811 -0.406049 -0.072271 0.035153 -14.700759 -6.526898 439.599335 -47.799862 -8.141406 437.501129 18.398344 -4.912391 441.697510
473 332 491 325 511 327 527 338 509 342 490 340 636 343 653 334 673 334 689 342 671 349 653 349 654 277 -2.542413 69.878456 -2.886090 0.166121 -0.036213 0.052412 -18.954985 -6.568851 429.873474 -52.092598 -8.200417 428.533173 14.182625 -4.937284 431.213745
474 324 492 316 512 318 528 330 510 333 491 332 637 335 654 325 673 325 689 334 672 341 654 340 677 80 -7.338285 30.896585 -6.663228 0.175724 -0.031101 0.051134 -18.590158 -9.958580 430.259491 -51.735676 -11.556248 429.083923 14.555356 -8.360912 431.435028
474 326 492 318 512 321 528 332 510 335 491 334 637 337 654 327 673 327 689 336 672 343 654 342 664 139 -4.687418 42.570103 -5.588306 0.176627 -0.029428 0.051281 -18.616974 -9.145147 430.942261 -51.763916 -10.752036 429.820801 14.529970 -7.538258 432.063721
427 330 443 322 463 323 479 333 462 337 444 337 586 334 604 324 625 323 643 332 625 339 605 339 1021 208 -75.553200 56.298622 -0.902356 -0.383958 -0.007086 0.006154 -39.172337 -9.409405 439.274628 -72.375702 -9.653366 439.083832 -5.968966 -9.165443 439.465424
475 326 492 319 512 321 529 332 510 336 492 334 637 337 654 328 673 328 689 337 672 343 654 343 690 153 -9.838251 45.346066 -5.065303 0.166694 -0.031498 0.051886 -18.589729 -8.950264 431.301483 -51.733536 -10.577147 430.117859 14.554078 -7.323380 432.485138
553 317 568 311 585 313 600 323 584 326 568 324 697 330 712 323 729 323 743 331 728 336 712 335 100 82 107.328056 31.173893 -11.938211 -0.140770 -0.183777 0.061268 9.417150 -12.845054 469.842590 -23.167582 -15.287515 463.940948 42.001881 -10.402594 475.744202
525 317 542 310 561 312 576 323 559 326 541 325 679 329 694 320 713 320 727 328 712 334 694 334 301 56 67.354706 26.069733 -10.613014 -0.236376 -0.086775 0.045080 -0.331256 -13.168333 457.570221 -33.378178 -14.987632 454.896149 32.715668 -11.349035 460.244293
505 347 524 341 544 344 561 354 542 356 523 355 666 361 683 353 702 354 718 362 700 367 683 366 531 591 22.259666 131.994278 2.338934 0.063760 -0.039606 0.067406 -6.272484 0.435376 438.709198 -39.375908 -1.757128 437.324982 26.830938 2.627881 440.093384
529 354 546 349 565 352 580 363 563 365 545 363 684 370 699 363 717 363 731 371 716 376 699 375 238 699 80.609421 153.307465 1.826612 -0.256772 -0.031809 0.078945 1.206260 4.344968 455.441467 -31.879015 1.620695 454.732605 34.291534 7.069242 456.150330
560 328 575 325 591 327 605 337 590 339 574 336 713 346 727 340 744 340 757 347 742 352 727 352 150 573 97.953140 128.353806 -1.535421 -0.047217 0.475664 0.080123 10.649426 -5.361219 411.602142 -18.767445 -7.553108 426.846924 40.066296 -3.169330 396.357361
503 307 522 300 543 302 559 313 540 316 521 314 657 324 673 316 691 318 705 329 690 332 673 330 278 30 71.895645 20.919569 -11.351366 -0.293876 -0.168564 0.082308 -9.137775 -15.803108 457.681976 -41.764271 -19.295219 452.595062 23.488720 -12.310998 462.768860
428 318 445 312 465 315 481 327 463 329 444 327 590 338 608 329 629 330 645 339 627 345 608 343 796 221 -30.825315 58.825134 -2.711882 0.100179 -0.047223 0.102162 -37.230793 -9.934404 428.756989 -70.225700 -13.235447 427.025299 -4.235886 -6.633361 430.488708
421 325 440 317 461 320 478 333 459 336 439 334 587 340 605 329 626 329 643 340 625 346 605 346 670 155 -5.861475 45.737759 -5.209051 0.085089 -0.051108 0.068423 -38.315907 -8.213313 424.054871 -71.399773 -10.407670 422.265411 -5.232041 -6.018956 425.844330
455 317 473 312 493 313 509 323 491 326 473 325 615 332 633 325 654 325 671 333 653 339 633 337 266 35 74.286057 21.906612 -11.360669 0.099820 0.040926 0.072218 -26.968081 -11.581905 434.333527 -60.058655 -14.040903 435.569153 6.122495 -9.122909 433.097900
393 334 411 327 431 329 448 341 430 344 410 342 558 348 578 338 599 339 618 348 598 354 578 353 970 404 -65.194183 95.076843 2.596590 0.110276 -0.066093 0.078795 -49.384167 -4.904603 421.466278 -82.413712 -7.390301 419.135986 -16.354624 -2.418905 423.796570
501 325 516 321 532 323 545 332 530 334 515 332 645 339 659 333 675 333 688 339 673 344 658 343 137 352 100.283913 84.614899 -6.130172 -0.084989 -0.302061 0.068786 -14.111855 -8.706830 465.115814 -45.736946 -11.374346 455.353760 17.513237 -6.039314 474.877869
444 327 461 320 482 322 498 334 480 337 461 335 605 342 623 333 644 334 660 343 642 349 623 348 610 127 6.029989 40.184196 -6.328755 0.025906 0.002420 0.070793 -31.142048 -7.265166 431.776489 -64.263596 -9.614659 431.826355 1.979502 -4.915672 431.726624
510 346 525 341 542 344 555 353 540 355 524 353 654 362 669 356 686 357 699 364 684 369 668 368 60 646 115.921799 142.782120 -0.886360 -0.061573 -0.342666 0.099671 -9.407372 1.252510 455.776672 -40.520805 -2.331671 444.746399 21.706064 4.836690 466.806976
488 351 503 347 519 350 533 358 518 360 502 358 636 366 651 361 667 361 681 367 666 371 651 371 292 783 69.974319 169.942276 4.024977 -0.077204 0.163165 0.074039 -19.236599 2.973207 457.716034 -51.910088 0.738806 463.194183 13.436892 5.207608 452.237885
505 332 522 324 542 326 558 336 540 339 522 338 657 341 673 333 691 333 705 342 690 347 673 346 228 100 81.911896 34.762405 -10.394561 -0.341792 -0.115573 0.031056 -9.324802 -7.433108 463.121216 -42.294430 -9.090614 459.541290 23.644827 -5.775602 466.701141
556 368 570 364 585 366 598 375 584 376 569 375 694 382 708 376 723 376 736 382 722 386 708 386 211 756 86.040146 164.582306 2.732064 -0.127758 -0.173536 0.078610 8.581348 10.668375 488.334137 -24.023531 7.714511 482.788330 41.186226 13.622239 493.879974
480 378 497 371 517 374 533 385 515 388 497 387 636 390 652 379 671 379 687 387 670 394 652 394 586 769 11.533304 167.232040 6.449901 0.108340 -0.047367 0.047960 -18.723576 12.856698 448.181702 -51.853054 11.353598 446.527008 14.405902 14.359797 449.836395
455 375 469 370 484 370 498 376 484 380 469 380 585 378 598 373 612 374 625 380 612 384 598 383 902 582 -51.477425 130.289352 5.574447 -0.637904 -0.094846 0.004057 -46.859886 12.112781 567.325195 -79.920189 11.017048 564.431213 -13.799583 13.208514 570.219238
413 355 430 347 449 349 465 360 448 364 430 363 570 363 588 353 609 352 627 361 609 368 589 368 1317 10 -134.602005 17.174911 -2.184792 0.052324 -0.034407 0.042931 -45.987385 1.977693 442.884338 -79.141968 0.583417 441.705688 -12.832803 3.371969 444.062988
543 337 559 330 578 332 593 342 576 345 559 344 687 349 702 340 720 341 734 349 718 355 702 354 106 59 106.109421 26.623390 -12.348660 -0.212046 -0.146102 0.049298 5.429553 -4.671475 484.522247 -27.382776 -6.801132 479.898926 38.241882 -2.541817 489.145599
544 339 557 336 571 338 583 347 570 349 557 347 678 351 690 344 705 343 716 347 704 354 690 354 129 59 101.538757 26.628115 -12.136778 0.023448 0.275392 0.031674 0.546473 -3.643771 500.716980 -31.390753 -4.788508 509.731567 32.483700 -2.499033 491.702393
421 365 437 357 456 359 473 369 456 373 437 372 577 371 595 361 616 361 634 369 616 376 596 376 1050 402 -81.094429 94.697472 3.293074 0.152186 -0.076027 0.040327 -42.550404 5.751286 440.948486 -75.632568 4.610667 438.335236 -9.468239 6.891905 443.561707
543 377 558 372 576 374 590 384 574 386 558 385 683 390 698 383 715 383 729 390 714 395 698 395 200 803 88.279846 173.881409 3.582425 -0.123068 -0.156888 0.068093 4.108364 14.593325 488.164307 -28.612614 12.029632 483.131927 36.829342 17.157019 493.196655
497 352 514 345 533 346 548 357 531 360 513 359 648 362 664 354 683 354 699 362 682 368 665 367 439 168 40.058754 48.263042 -7.073851 -0.260720 -0.083041 0.040545 -13.005992 1.486574 467.788788 -46.069927 -0.199782 465.240814 20.057941 3.172931 470.336731
546 351 560 346 575 348 588 356 574 358 559 357 681 362 694 356 709 356 722 362 708 366 694 366 0 447 127.617775 103.387405 -5.468614 -0.136327 -0.217255 0.058630 3.280244 1.681621 499.521332 -29.088707 -0.731700 492.522308 35.649197 4.094942 506.520386
514 347 529 340 547 342 562 351 546 354 529 353 657 355 672 347 690 347 704 355 689 360 672 360 168 118 93.855942 38.312313 -10.582819 -0.210680 -0.109838 0.030016 -8.434508 -1.112797 485.339020 -41.425095 -2.482336 481.831116 24.556076 0.256742 488.846893
792 364 801 357 813 357 822 364 812 367 802 367 879 364 888 357 900 357 909 364 899 368 889 367 941 47 -59.839287 24.420052 -4.899400 -0.138263 0.396747 0.011364 165.256607 7.153966 788.226440 134.629028 7.685051 801.041565 195.884201 6.622882 775.411255
550 258 568 252 588 255 604 267 586 269 567 267 713 278 731 270 750 270 765 279 748 284 730 283 99 111 107.559937 36.912830 -11.360208 -0.120353 -0.147270 0.075593 12.541220 -33.632839 422.678589 -20.210232 -36.418629 417.973114 45.292671 -30.847052 427.384064
567 289 582 286 598 289 612 299 597 300 581 298 720 310 735 304 751 304 764 311 750 316 734 315 82 586 111.481270 130.912552 -1.898620 0.002947 0.345381 0.098405 14.458099 -20.796841 427.307861 -16.628384 -24.011299 438.526489 45.544582 -17.582380 416.089233
506 287 524 282 543 286 559 296 541 298 523 295 674 308 691 300 710 301 725 309 708 314 690 313 586 598 11.337819 133.390869 2.987351 -0.249825 -0.008402 0.100891 -4.814499 -21.378473 414.491730 -37.850170 -24.722761 414.632050 28.221174 -18.034184 414.351410
535 256 554 248 575 251 593 264 573 267 553 265 702 276 721 267 741 268 757 279 739 284 720 282 147 132 98.045166 41.078621 -10.492792 -0.189944 -0.115847 0.084473 7.714008 -34.075573 417.469086 -25.151131 -37.217686 413.923737 40.579147 -30.933456 421.014435
482 267 502 261 524 264 542 276 522 279 501 276 661 286 680 277 701 278 718 288 699 293 679 292 612 298 5.828025 74.025764 -2.847780 0.184795 -0.011746 0.082422 -10.026562 -28.358999 393.577423 -43.116692 -31.041183 392.938049 23.063568 -25.676813 394.216827
606 306 620 303 636 306 649 315 635 317 619 314 750 327 765 322 780 323 793 329 778 333 764 332 8 532 126.125153 120.210678 -3.673765 0.009641 0.382358 0.106218 29.908192 -14.743633 454.417969 -0.716231 -18.239090 466.766510 60.532612 -11.248177 442.069427
561 290 578 284 598 286 614 298 596 301 577 299 718 308 735 299 754 300 770 309 753 315 734 313 153 200 96.930557 54.537155 -9.060598 -0.117365 -0.125493 0.073563 16.183128 -22.307060 442.422638 -16.671398 -24.979322 438.422791 49.037655 -19.634800 446.422455
557 287 575 280 595 283 611 295 593 298 574 296 718 306 736 297 756 298 772 307 754 313 735 312 301 111 67.417580 36.954315 -9.499329 0.125730 0.134349 0.075239 14.705226 -22.636198 429.031616 -18.107229 -25.397598 433.306763 47.517681 -19.874798 424.756439
546 309 563 303 582 306 597 316 580 319 562 317 704 324 720 316 739 317 754 324 738 330 720 329 311 452 65.820160 104.440781 -2.502354 -0.078242 -0.078462 0.066933 9.518657 -14.897588 440.022949 -23.509813 -17.215675 437.511719 42.547127 -12.579500 442.534180
502 304 521 297 542 300 559 313 540 316 520 313 671 322 689 312 711 312 728 322 709 329 689 328 717 328 -15.003757 79.984375 -1.273026 0.153059 -0.003759 0.080127 -5.073952 -15.495365 412.198975 -38.172203 -18.133217 411.871674 28.024300 -12.857513 412.526276
589 299 604 295 622 298 636 307 620 309 603 307 739 318 754 311 771 312 785 319 770 324 754 323 1 251 127.194984 64.598915 -9.428173 0.055459 0.370457 0.083966 23.674517 -17.922470 438.716858 -7.164035 -20.979488 450.641541 54.513065 -14.865452 426.792175
448 303 466 295 487 297 504 308 486 312 466 311 617 312 637 302 659 302 679 311 659 317 638 317 1281 197 -127.234154 54.175102 1.270098 0.124941 -0.011334 0.044348 -25.742067 -18.039755 408.837524 -58.912148 -19.484499 408.370422 7.428011 -16.595009 409.304626
487 312 507 304 532 306 552 320 530 324 508 322 683 325 705 313 730 312 751 321 729 330 705 331 797 477 -30.731384 109.488129 2.481031 0.212301 -0.007348 0.042975 -3.324859 -11.822569 351.107788 -36.498238 -13.212614 350.714813 29.848518 -10.432524 351.500763
614 336 631 332 650 335 666 346 648 347 630 344 785 357 802 350 821 351 836 359 819 363 801 362 251 848 78.196335 182.797455 4.963448 -0.074457 -0.083692 0.108731 36.144588 -1.571550 395.132690 3.251710 -5.270530 392.499115 69.037468 2.127431 397.766266
590 317 610 312 632 315 650 328 630 330 609 327 775 339 794 330 816 330 833 340 814 346 793 345 212 456 85.498466 105.212059 -3.333373 -0.032661 -0.052699 0.092962 29.898663 -8.283657 376.169342 -3.116762 -11.392578 374.473480 62.914089 -5.174736 377.865173
586 334 608 329 632 332 651 344 629 345 607 343 777 352 796 344 817 345 835 354 816 359 796 358 186 806 91.065414 174.472244 3.514199 0.061326 -0.055110 0.078998 29.707083 -3.203406 370.177917 -3.343864 -5.764771 368.271637 62.758030 -0.642040 372.084198
592 337 609 332 629 336 646 347 628 348 609 346 772 355 791 347 810 347 827 354 809 360 790 360 225 724 83.221420 158.252335 2.213073 0.009014 -0.067643 0.082956 29.289822 -2.218377 381.994995 -3.724957 -4.957504 379.740845 62.304600 0.520749 384.249146
606 328 623 324 642 327 657 338 640 339 622 336 781 347 798 340 816 340 831 347 814 352 797 352 281 589 71.938515 131.547134 -0.004632 0.004089 -0.194765 0.091268 33.458630 -4.977206 384.361176 1.018939 -7.971237 377.937653 65.898323 -1.983175 390.784729
412 272 429 266 449 269 465 280 447 282 428 280 567 289 583 281 601 281 616 290 600 295 583 294 371 129 53.527439 40.530918 -8.489990 0.179920 -0.084837 0.085476 -48.500412 -31.187639 455.642395 -81.465378 -33.751289 452.593048 -15.535452 -28.623987 458.691772
301 296 317 288 337 289 354 298 337 303 318 303 464 298 481 287 502 286 520 293 502 301 483 301 982 423 -67.557159 98.839439 3.091865 0.232801 -0.189965 0.019262 -90.243965 -24.299410 438.980408 -122.848053 -24.200693 432.693634 -57.639874 -24.398127 445.267151
670 226 689 221 711 225 728 239 709 241 688 238 854 249 873 238 895 237 911 245 892 253 872 254 143 315 99.049271 77.293777 -6.824105 -0.011281 -0.120248 0.068214 57.291573 -39.901337 369.319916 24.403570 -42.181583 365.352631 90.179581 -37.621090 373.287201
679 229 697 224 718 229 733 242 715 243 696 240 843 260 861 253 881 254 896 264 878 269 860 267 25 165 122.327286 47.584316 -10.948479 -0.051829 -0.149890 0.141086 63.008293 -41.197880 413.451630 30.504322 -45.976002 408.632843 95.512268 -36.419758 418.270447
679 204 699 198 721 203 737 218 717 218 697 214 844 238 864 230 885 233 900 245 881 248 862 246 79 27 111.438400 20.284998 -13.245355 -0.119714 -0.138742 0.159217 63.614071 -50.030365 412.082336 31.146088 -55.539761 407.835449 96.082054 -44.520973 416.329254
509 233 527 224 548 225 567 236 548 241 527 241 690 237 709 226 733 224 754 234 733 242 711 242 1059 243 -83.064720 63.232979 0.156420 -0.297323 0.080420 0.024536 0.310451 -44.192638 387.774719 -32.777924 -44.600628 390.522949 33.398827 -43.784653 385.026520
529 323 543 317 559 318 572 327 558 331 543 330 659 331 673 323 689 323 702 331 688 336 673 335 671 123 -6.096781 39.405117 -5.847802 0.236896 -0.012379 0.046127 -6.418215 -13.641161 537.051880 -39.585342 -15.109482 536.464294 26.748913 -12.172840 537.639465
557 336 572 331 588 332 602 339 587 342 571 341 686 344 700 338 715 339 728 346 714 349 700 348 117 614 104.557915 136.460983 -1.009223 -0.366516 -0.027941 0.055894 7.905983 -6.854017 546.740967 -25.234743 -8.835587 546.170593 41.046711 -4.872447 547.311279
572 325 587 319 603 321 617 328 602 330 586 329 698 334 711 329 726 330 739 337 725 340 712 338 48 310 117.922379 76.284760 -7.800515 -0.334557 -0.078176 0.066222 15.045630 -12.377385 557.119080 -17.986681 -14.961491 554.940002 48.077942 -9.793279 559.298157
516 340 529 334 545 334 558 343 544 346 529 346 645 345 659 338 676 338 690 345 676 350 660 350 1071 637 -84.999001 141.208633 8.245007 -0.356239 0.018322 0.031462 -13.454700 -5.951634 544.730469 -46.637741 -6.866933 545.510010 19.728340 -5.036336 543.950867
540 324 556 317 573 317 587 325 572 328 556 328 670 329 685 322 701 324 715 332 701 335 685 334 499 54 28.004959 25.714590 -8.829482 -0.401969 -0.018801 0.046823 0.129409 -13.818715 542.841370 -33.033710 -15.455054 542.542297 33.292530 -12.182376 543.140503
510 325 523 318 538 319 551 327 537 331 523 330 636 330 650 323 667 323 681 330 666 335 651 334 1160 22 -103.388542 19.517488 -3.388133 -0.342659 0.041148 0.041383 -17.740700 -14.001075 552.138306 -50.889538 -15.115933 553.710388 15.408136 -12.886217 550.566284
520 332 534 325 550 326 563 335 549 339 533 338 648 339 663 331 680 332 695 340 680 345 664 344 1001 194 -71.594711 53.523895 -1.370085 -0.339946 0.022590 0.048035 -11.218783 -9.438794 545.254272 -44.377277 -10.876271 546.258118 21.939709 -8.001318 544.250427
592 341 607 336 623 338 636 347 621 349 606 347 714 355 727 349 742 350 754 358 741 361 727 360 52 886 117.785957 190.276840 3.899661 -0.174230 -0.085461 0.098740 24.829113 -2.187105 568.777405 -8.093694 -5.686131 566.246521 57.751919 1.311921 571.308228
528 345 542 339 558 340 571 348 556 351 541 350 655 352 670 345 686 346 701 353 686 357 670 356 917 820 -54.186214 177.392990 10.531854 -0.346828 0.018559 0.050072 -7.564811 -2.756694 548.520142 -40.722763 -4.279637 549.409180 25.593142 -1.233751 547.631104
507 217 526 211 547 214 563 226 544 229 525 226 676 236 694 227 715 228 731 237 713 243 694 242 234 289 80.935608 72.167023 -6.512258 0.000862 -0.098731 0.071752 -2.909116 -49.344303 414.822968 -35.866924 -51.719479 411.551727 30.048693 -46.969128 418.094208
432 234 451 226 473 230 490 243 470 246 450 244 610 253 630 242 652 242 670 253 650 260 629 259 698 470 -11.065658 108.082481 1.427275 0.213549 -0.049891 0.086828 -28.733614 -40.565937 391.590027 -61.772705 -43.246330 389.642303 4.305477 -37.885544 393.537750
476 231 495 224 516 228 533 241 514 243 494 240 651 252 669 243 689 243 705 253 687 259 668 258 394 455 49.329453 105.051529 -1.676988 0.038377 -0.058638 0.090510 -13.915181 -42.514416 405.062988 -46.927113 -45.475903 403.062561 19.096748 -39.552925 407.063385
395 218 414 210 436 213 454 227 434 231 413 229 575 237 595 225 619 225 638 236 617 244 595 243 1050 11 -81.541420 17.317982 -4.624220 0.020568 0.002395 0.083646 -41.732891 -46.425922 390.343140 -74.821526 -49.200741 390.394012 -8.644262 -43.651108 390.292267
444 213 464 206 487 209 505 223 484 225 463 223 625 233 645 223 667 224 684 234 665 240 644 239 615 106 5.012359 36.029293 -6.707919 0.178976 -0.044257 0.082988 -23.120321 -47.604286 388.800720 -56.178776 -50.210091 387.095428 9.938132 -44.998478 390.506012
528 314 545 307 564 309 580 321 562 323 544 321 681 328 697 319 716 319 730 328 714 333 697 333 577 286 12.769666 71.643761 -3.413195 0.184514 -0.005413 0.069304 0.698122 -14.074174 458.518158 -32.426723 -16.343987 458.127960 33.822968 -11.804361 458.908356
556 308 571 302 590 306 604 318 588 321 571 318 702 325 718 314 737 313 751 321 735 329 718 329 266 201 74.475822 54.758263 -7.999363 0.160370 0.124254 0.054089 11.008374 -16.174500 470.983826 -21.892656 -18.286970 474.935944 43.909405 -14.062027 467.031708
535 325 553 319 572 321 587 331 570 333 552 332 687 337 703 329 721 330 735 338 719 342 703 342 417 725 45.067451 158.489655 4.002079 0.191991 -0.008139 0.062110 3.686162 -9.808852 464.126831 -29.453728 -11.831349 463.661102 36.826050 -7.786356 464.592560
498 307 513 300 531 302 546 314 530 317 513 316 646 320 663 309 682 309 698 318 681 325 663 325 1094 110 -90.172119 36.919266 -2.214246 0.131590 -0.012185 0.068128 -13.956388 -17.623161 465.492401 -47.081821 -19.850445 464.940704 19.169048 -15.395876 466.044067
475 351 492 345 510 347 526 357 509 359 491 358 625 361 641 353 659 352 674 360 658 365 641 365 549 853 18.982140 183.848160 7.809949 0.219546 -0.050601 0.051614 -23.439640 0.996944 467.585449 -56.558098 -0.518057 465.732880 9.678820 2.511944 469.438019
493 308 509 302 528 304 542 314 526 316 509 315 636 321 652 314 669 315 682 323 667 327 651 326 535 120 20.926327 38.783482 -7.161417 -0.316194 -0.099686 0.064580 -18.184528 -17.654501 489.952148 -51.157333 -20.276680 487.040466 14.788279 -15.032322 492.863800
518 315 535 310 554 312 569 321 552 322 534 321 660 329 675 323 691 324 705 333 690 336 674 334 73 287 112.927979 71.738159 -8.035932 -0.260291 -0.098559 0.086162 -6.950131 -13.862119 491.082947 -39.872421 -17.105722 488.226135 25.972158 -10.618514 493.939758
633 337 648 332 665 334 678 344 663 346 647 344 770 351 785 343 801 343 814 351 800 356 784 356 126 760 102.936302 165.356445 2.030017 -0.059677 -0.047789 0.076137 46.109783 -4.223223 507.523651 13.038998 -6.793741 506.015259 79.180573 -1.652705 509.032013
616 329 632 324 650 326 665 335 648 337 631 336 760 342 775 335 792 335 805 343 790 347 775 347 253 475 77.372475 108.980606 -2.570942 -0.199160 -0.008946 0.074526 38.891003 -8.142898 492.595581 5.779377 -10.628335 492.546234 72.002632 -5.657461 492.644928
613 337 629 330 647 332 661 342 645 345 629 344 755 348 769 340 786 340 800 349 785 353 770 353 306 889 67.313354 190.922714 6.300325 -0.224991 0.004476 0.064179 37.702000 -5.083879 502.906433 4.565591 -7.178897 503.292328 70.838409 -2.988862 502.520508
631 329 646 324 664 326 677 336 662 338 646 337 770 342 784 334 801 334 814 341 800 346 784 346 94 534 109.037125 120.624138 -2.841012 -0.046680 -0.058284 0.057730 45.879452 -8.445934 505.663025 12.786286 -10.405131 503.775299 78.972618 -6.486737 507.550751
607 333 624 328 642 330 657 338 640 340 623 339 752 344 767 338 784 339 798 346 783 350 767 349 409 724 46.656105 158.290115 3.908132 -0.266628 0.005611 0.071140 34.951450 -6.566228 489.601776 1.830646 -8.873859 490.098663 68.072250 -4.258597 489.104889
556 320 572 314 590 316 605 325 588 328 571 327 703 332 719 325 737 326 752 334 736 339 719 337 1100 368 -91.069527 87.979088 3.065227 -0.360413 0.011126 0.076985 11.636009 -12.273259 478.742676 -21.469486 -14.706169 479.559265 44.741505 -9.840349 477.926117
597 316 614 310 632 312 647 321 630 323 613 322 742 326 757 319 774 320 788 328 773 332 757 331 352 162 57.340931 47.057766 -7.996812 -0.277258 -0.006307 0.063257 30.339907 -14.909441 489.241180 -2.798264 -17.010492 489.323822 63.478077 -12.808390 489.158569
604 318 621 313 639 315 654 324 637 326 620 325 748 329 762 323 779 323 793 331 778 335 762 334 137 350 100.281624 84.219093 -6.170670 -0.257308 -0.003754 0.068869 33.369423 -13.624108 493.448181 0.243123 -15.899884 493.617462 66.495728 -11.348333 493.278900
583 326 600 319 619 320 635 329 617 331 600 331 728 334 744 327 762 328 777 337 761 340 744 339 696 498 -10.636199 113.623314 1.975817 -0.342655 0.027690 0.065499 24.098867 -10.737464 485.540436 -9.022841 -12.712304 486.810059 57.220577 -8.762624 484.270813
584 329 601 323 619 325 634 334 617 337 600 336 731 340 746 333 763 334 778 342 762 346 746 345 605 719 7.700379 157.340866 5.612493 -0.347341 0.003840 0.069158 24.610809 -8.426710 487.065948 -8.515182 -10.653451 487.585449 57.736801 -6.199969 486.546448
476 244 494 237 514 239 531 251 512 254 493 252 636 259 653 251 672 252 688 262 671 267 653 265 610 169 6.078002 48.496059 -5.478304 -0.307454 -0.071468 0.069465 -19.219812 -42.905598 448.473267 -52.261143 -45.533852 446.492767 13.821520 -40.277344 450.453735
469 240 487 232 507 235 523 247 505 250 486 248 629 256 646 247 666 248 681 258 664 263 646 262 856 65 -42.927124 27.964823 -5.317964 0.261160 -0.041833 0.089637 -21.823889 -43.706657 440.018250 -54.867302 -46.464306 438.261047 11.219525 -40.949013 441.775482
1134 266 1141 261 1152 262 1159 270 1151 272 1141 272 1209 272 1217 266 1228 266 1236 272 1227 276 1217 276 1273 379 -125.436295 90.191528 4.881687 0.062177 -0.357884 0.027289 375.939941 -56.793785 713.992737 344.850403 -57.314621 702.342468 407.029480 -56.272949 725.643005
532 250 549 244 568 247 582 260 565 261 548 259 679 272 696 263 714 264 728 274 712 279 695 277 21 381 123.369110 90.330215 -6.611579 -0.014944 -0.099153 0.109706 1.403671 -40.687222 472.803802 -31.438766 -44.341164 469.550720 34.246109 -37.033279 476.056915
499 264 517 259 537 262 553 272 534 274 516 272 656 283 673 276 691 278 706 287 689 290 672 288 339 795 60.647987 172.326752 4.700940 -0.331108 -0.071401 0.095037 -10.525413 -33.609230 453.265503 -43.498043 -37.088684 451.460297 22.447218 -30.129778 455.070679
521 262 539 256 559 260 574 272 555 273 537 271 675 285 691 277 709 279 723 289 707 292 690 291 154 576 97.161667 128.948318 -1.437825 -0.266642 -0.057327 0.122434 -2.131880 -33.865906 459.010773 -35.035515 -38.122910 457.673462 30.771753 -29.608902 460.348083
483 248 502 241 523 244 539 257 520 258 500 256 645 267 663 259 682 260 698 271 680 275 662 274 541 141 19.757986 42.940647 -6.680918 0.234554 -0.027240 0.104748 -14.982344 -38.708111 433.079956 -47.993752 -42.042202 431.779816 18.029066 -35.374020 434.380066
485 272 505 266 525 269 543 280 523 281 504 279 645 290 664 283 683 285 699 295 681 298 663 296 644 717 -0.052165 156.953064 5.931273 -0.339061 -0.069126 0.095023 -14.599686 -29.828663 444.843231 -47.577705 -33.301563 443.126038 18.378336 -26.355764 446.560394
617 294 631 289 646 293 658 305 644 306 630 303 743 315 756 306 772 306 784 313 770 319 756 319 40 469 119.693947 107.749451 -4.654649 0.092198 0.337608 0.102184 35.385086 -23.753588 525.822571 4.223175 -27.583006 536.631348 66.546997 -19.924168 515.013733
606 318 621 311 637 312 650 321 635 324 620 323 732 328 745 321 760 322 772 331 758 334 745 332 255 34 76.470886 21.706451 -11.482253 -0.445608 -0.020744 0.079994 33.179131 -16.286715 566.085754 0.085774 -19.003756 566.002014 66.272491 -13.569673 566.169434
619 314 633 308 649 309 663 318 648 321 633 321 755 321 770 313 787 313 803 320 787 326 770 326 962 213 -63.822735 57.276012 -1.344636 -0.369303 0.114715 0.057646 39.634220 -17.908644 516.515442 6.699590 -19.079937 520.577209 72.568855 -16.737350 512.453674
714 318 728 313 743 315 754 324 741 326 727 324 832 333 845 327 859 328 871 336 858 340 844 338 0 29 127.139923 20.664577 -13.932627 -0.270502 0.018954 0.121197 93.772758 -15.384778 601.574585 60.815945 -19.265705 602.735046 126.729568 -11.503852 600.414124
683 393 695 387 708 387 719 395 707 398 694 397 791 397 803 390 817 390 829 396 816 400 803 400 889 318 -49.195808 78.040680 0.108996 -0.471128 0.158098 0.055429 78.783264 25.143032 655.785156 46.034809 24.589348 661.243347 111.531715 25.696716 650.326965
470 360 484 353 500 355 513 364 499 367 484 366 599 365 613 356 630 355 645 362 630 368 614 368 1064 654 -83.588493 144.571518 8.524752 0.299079 -0.070706 0.030634 -35.975140 3.903872 532.544617 -69.082153 3.251072 530.083069 -2.868128 4.556671 535.006165
426 312 439 306 455 307 467 317 453 320 439 319 552 321 567 313 584 313 598 320 583 326 567 325 1330 219 -136.946503 58.538998 2.166973 -0.347553 -0.039320 0.040027 -60.992886 -19.330984 550.010254 -94.145966 -20.857342 548.960022 -27.839802 -17.804628 551.060486
417 236 436 228 460 230 478 244 458 248 436 247 602 249 622 237 646 236 665 246 645 255 623 255 844 61 -40.547005 27.170752 -5.509506 0.129589 -0.035629 0.045800 -31.267210 -39.778954 377.607422 -64.416214 -41.218094 376.329987 1.881797 -38.339817 378.884888
447 231 468 222 492 225 511 238 489 242 467 240 631 244 651 233 674 233 692 243 672 251 651 250 645 5 -1.064839 16.047400 -8.476683 0.082341 -0.056122 0.042016 -20.754770 -42.467640 385.151550 -53.878059 -43.783417 383.234253 12.368521 -41.151867 387.068817
428 237 448 228 472 230 490 245 469 249 448 247 613 252 633 240 657 240 676 252 655 259 633 259 846 96 -40.904442 34.097713 -4.782372 0.133250 -0.034245 0.061511 -27.274343 -39.012226 378.515778 -60.397026 -40.971336 377.247162 5.848339 -37.053112 379.784424
490 235 511 227 535 229 554 241 532 244 511 243 670 246 688 237 709 238 726 248 708 253 688 252 181 152 91.311394 45.043633 -9.774599 -0.198238 -0.111151 0.034641 -6.480505 -41.777763 394.204285 -39.461269 -43.282131 390.659454 26.500259 -40.273396 397.749084
472 232 491 225 513 227 530 239 511 243 491 241 650 245 668 235 690 235 707 243 688 251 668 251 418 45 44.091358 23.916843 -9.757915 -0.025143 -0.052937 0.039874 -14.091111 -43.168243 396.342438 -47.223034 -44.513241 394.602783 19.040812 -41.823250 398.082092
496 236 516 228 538 231 555 242 536 246 515 244 672 248 689 239 708 239 724 248 707 255 689 254 19 214 123.575645 57.280258 -10.011559 -0.135798 -0.116157 0.039130 -5.845433 -41.937878 400.612518 -38.801514 -43.491112 396.864990 27.110647 -40.384644 404.360016
473 229 493 222 515 224 533 236 513 240 492 238 653 242 671 232 692 232 709 241 691 248 671 248 357 51 56.220413 25.091724 -10.198371 -0.150230 -0.090043 0.033745 -13.193021 -44.035110 394.560486 -46.244728 -45.373672 391.670410 19.858686 -42.696548 397.450562
539 262 554 259 571 262 586 271 570 273 553 271 698 280 713 273 730 273 744 279 729 284 713 284 96 585 108.697983 130.717529 -1.789897 -0.025171 0.264998 0.083769 4.590066 -31.729086 416.607025 -27.340654 -34.364624 425.327271 36.520786 -29.093546 407.886810
519 227 540 219 563 222 580 234 560 237 539 236 691 242 709 232 728 233 744 243 727 249 709 248 53 68 116.652107 28.393620 -12.654672 -0.096339 -0.235221 0.038494 2.822202 -44.574512 400.605194 -29.444599 -46.212814 392.941711 35.089005 -42.936214 408.268677
490 289 508 284 527 287 543 298 525 299 507 297 657 307 675 298 694 299 709 307 692 312 674 311 444 758 39.739613 165.025955 4.919021 -0.206352 0.039278 0.087124 -11.253988 -20.917248 410.709686 -44.307819 -23.651325 412.299927 21.799841 -18.183170 409.119476
444 237 466 228 490 231 510 245 488 248 465 246 632 252 652 241 675 242 694 253 673 259 652 258 613 98 5.400662 34.445667 -6.888334 0.124860 -0.050563 0.056602 -20.475716 -38.790657 376.971954 -53.585064 -40.558807 375.181854 12.633630 -37.022507 378.762054
535 270 550 266 567 269 581 278 566 281 549 279 689 284 704 276 721 275 734 280 719 287 704 288 65 737 115.032204 160.792191 1.002345 0.056801 -0.378291 0.052119 3.471987 -29.583229 413.971558 -27.341774 -30.918825 401.671631 34.285748 -28.247633 426.271454
472 271 490 265 510 268 527 280 508 282 490 280 646 286 663 277 683 276 699 284 682 290 663 290 463 638 35.826664 141.281677 2.664195 -0.189924 0.007985 0.059092 -16.207647 -28.357643 402.235107 -49.353622 -30.281750 402.684204 16.938328 -26.433535 401.785980
487 237 508 230 532 233 551 245 529 247 507 246 669 251 687 242 708 243 725 253 707 258 687 257 218 203 84.016891 55.144207 -8.401054 -0.146347 -0.125956 0.044421 -7.077744 -40.195721 392.003418 -39.987370 -41.966118 387.955963 25.831881 -38.425327 396.050873
477 405 493 397 512 399 527 409 511 413 493 412 633 413 650 404 671 404 688 413 670 419 651 418 967 211 -64.818642 56.881237 -1.339072 0.088798 -0.043305 0.060560 -19.835049 23.300741 444.023712 -52.947941 21.358135 442.499817 13.277843 25.243347 445.547638
483 427 499 419 519 421 535 431 518 435 499 434 641 435 659 425 680 425 697 433 679 440 660 439 877 623 -46.462440 138.398178 6.174343 0.110797 -0.025254 0.044080 -16.314568 31.924059 437.744720 -49.476585 30.510408 436.827271 16.847452 33.337711 438.662201
441 411 455 403 473 403 488 413 472 417 456 417 590 413 607 403 627 402 645 411 627 417 608 417 1436 284 -157.936996 71.424362 4.459648 -0.326927 0.084177 0.011648 -38.625031 25.051249 464.058655 -71.711082 25.124371 466.863525 -5.538973 24.978125 461.253815
509 396 527 389 547 391 563 402 545 405 526 404 667 408 684 399 703 399 718 409 701 414 684 414 653 41 -2.613481 23.173498 -7.674027 0.154461 0.009834 0.057249 -5.755926 20.729601 444.935120 -38.904846 18.812130 445.113708 27.392996 22.647072 444.756561
470 401 486 393 504 394 519 404 503 408 486 407 624 408 641 399 661 399 679 407 661 413 642 412 1160 77 -103.325668 30.402071 -2.274447 -0.398737 0.034290 0.038409 -23.928833 21.665588 456.260529 -57.090221 20.648258 457.619537 9.232555 22.682917 454.901489
476 410 491 403 510 404 526 415 509 419 491 418 632 419 649 409 670 409 687 418 669 424 650 424 1127 215 -96.609993 57.705700 0.215887 0.101766 -0.030664 0.054799 -20.321192 25.591679 442.992249 -53.460617 23.828182 441.884003 12.818233 27.355177 444.100494
556 396 574 390 593 392 608 402 590 404 573 403 706 411 721 403 739 404 753 414 737 418 721 416 156 225 96.362961 59.485310 -8.526741 -0.385560 -0.097941 0.076618 12.678196 23.022932 476.316498 -20.273392 19.929453 473.636383 45.629784 26.116411 478.996582
520 424 538 416 559 418 576 429 557 432 538 431 681 435 698 426 718 426 734 436 717 441 698 440 461 122 35.634228 39.164089 -7.802628 -0.503327 -0.047202 0.052155 -0.107114 32.050468 443.000458 -33.231529 30.006252 441.926270 33.017300 34.094688 444.074646
508 423 526 416 546 418 562 430 544 433 525 431 669 435 685 425 705 425 721 434 704 440 686 440 631 35 1.751600 21.981571 -7.998190 0.116335 -0.003614 0.053798 -5.457876 31.207317 435.284119 -38.614487 29.432817 435.060669 27.698734 32.981819 435.507568
579 439 592 434 607 437 620 446 606 448 592 446 716 449 729 441 744 439 756 444 743 451 729 452 32 431 121.240303 100.227554 -5.497803 -0.106607 0.286065 0.009136 17.692324 42.319874 491.625153 -14.163019 42.523609 500.992920 49.547665 42.116138 482.257385
546 421 563 414 582 416 598 427 581 430 563 429 698 432 713 423 732 423 746 432 731 437 713 437 38 8 119.564384 16.516449 -14.007786 -0.339268 -0.079564 0.045426 8.593344 32.418751 466.426056 -24.473539 30.497681 464.091431 41.660225 34.339821 468.760651
469 429 485 422 504 424 519 435 502 438 485 437 624 442 642 433 663 433 680 443 662 448 643 447 1373 122 -145.602554 39.351379 0.598964 -0.016128 0.004326 0.081176 -23.473839 34.786861 445.314453 -56.569004 32.095676 445.479645 9.621325 37.478046 445.149261
537 307 550 300 565 300 578 308 564 312 550 312 660 309 672 300 687 300 700 307 687 312 673 312 721 459 -15.648896 105.910294 1.416420 -0.416131 -0.014915 -0.001752 -5.262118 -25.641945 576.803894 -38.463242 -25.687012 576.310852 27.939005 -25.596876 577.296875
579 309 593 304 609 305 622 314 607 316 592 315 701 321 714 315 728 317 740 324 727 327 713 326 53 597 117.256851 133.083511 -1.943039 -0.328237 -0.062599 0.085863 17.830040 -20.696829 583.158997 -15.189164 -23.829449 581.584717 50.849243 -17.564207 584.733337
511 308 523 301 538 301 550 310 537 313 524 313 628 309 641 300 657 300 670 307 656 312 642 312 1134 279 -97.927902 70.372833 1.576298 -0.358921 0.032573 -0.002427 -21.666182 -26.125027 594.077393 -54.853474 -25.854155 595.121399 11.521110 -26.395897 593.033386
557 311 571 305 587 305 600 314 585 317 571 316 680 319 693 312 708 313 721 321 707 324 693 323 540 547 20.420845 123.288452 1.530896 -0.406226 -0.031095 0.056447 6.114026 -21.033527 576.719543 -27.022800 -23.062208 576.091248 39.250854 -19.004847 577.347839
520 312 533 304 548 303 560 311 547 315 533 316 640 311 653 303 669 303 682 311 669 315 654 315 1213 281 -113.624855 70.784859 2.344565 -0.353983 0.047073 0.004364 -15.262906 -24.026009 582.961853 -48.431007 -23.894150 584.517273 17.905195 -24.157867 581.406433
604 312 619 308 634 310 647 318 632 320 618 318 725 327 738 322 752 324 763 331 750 334 737 332 3 778 127.400002 168.893417 1.261386 -0.305498 -0.054781 0.111024 31.679239 -18.188805 588.900391 -1.273400 -22.084278 587.672180 64.631882 -14.293332 590.128601
575 307 589 301 605 302 618 311 603 314 589 313 697 317 710 310 725 311 737 319 724 323 710 321 202 235 87.233063 61.473770 -7.900488 -0.337767 -0.049013 0.066948 15.808184 -22.721323 582.364807 -17.283480 -25.171875 581.141602 48.899845 -20.270771 583.588013
554 322 567 316 583 317 596 324 582 327 567 327 677 328 690 321 705 322 718 329 704 333 690 332 567 710 15.241622 155.551941 5.080187 -0.385957 -0.026913 0.040800 4.364730 -15.841970 576.292542 -28.800919 -17.333099 575.679443 37.530380 -14.350842 576.905640
520 330 532 324 546 324 559 332 546 335 532 335 640 330 652 323 667 322 681 327 667 333 653 333 1153 784 -101.126358 170.317001 11.976992 0.204144 -0.023029 -0.008811 -15.663860 -13.624168 576.982300 -48.858616 -13.255872 576.252808 17.530895 -13.992465 577.711853
596 302 610 296 625 298 637 307 623 310 609 308 717 313 729 306 743 307 754 315 742 319 729 318 111 319 105.413025 78.078812 -7.037903 -0.328797 -0.044703 0.074388 26.945818 -25.449587 591.191895 -6.135147 -28.113977 590.138184 60.026783 -22.785198 592.245667
589 310 603 305 618 307 631 315 616 317 602 316 710 321 723 314 737 315 749 322 736 326 723 325 138 557 100.319542 125.184914 -1.969949 -0.320128 -0.036147 0.068372 23.064739 -20.961016 586.957275 -10.041663 -23.380875 586.138733 56.171139 -18.541155 587.775879
543 322 556 315 571 316 584 323 570 326 556 326 666 324 679 317 694 317 707 323 694 327 680 327 777 712 -26.488245 155.990875 7.055262 -0.379363 -0.000983 0.009062 -1.727815 -17.345873 576.692017 -34.931267 -17.645706 576.716553 31.475636 -17.046041 576.667480
570 303 584 296 599 297 612 306 598 309 584 308 692 309 705 301 720 302 732 310 719 314 706 313 479 63 31.989738 27.491596 -8.831488 -0.354771 -0.016489 0.040121 13.087494 -26.563940 583.487549 -20.086412 -27.964050 583.185425 46.261398 -25.163828 583.789673
516 322 528 316 542 316 555 324 542 327 529 327 635 322 647 314 663 313 676 319 663 324 649 325 1278 543 -126.242439 122.648407 8.248557 0.171198 -0.032343 -0.011454 -18.191763 -18.274618 582.973633 -51.377079 -17.804531 581.937561 14.993553 -18.744707 584.009644
541 310 554 303 569 303 581 311 568 315 554 315 662 312 675 304 691 305 704 312 691 316 676 316 1217 147 -114.572945 44.266884 -0.331929 -0.344915 0.026516 0.018256 -3.299491 -23.833750 579.244080 -36.487267 -24.277571 580.210510 29.888287 -23.389931 578.277588
559 307 573 301 588 302 601 310 587 313 572 312 683 313 696 306 711 307 724 315 711 318 696 318 798 204 -31.242199 55.461220 -3.037688 -0.362765 -0.012090 0.042768 7.420486 -23.698702 574.064514 -25.751896 -25.159418 573.926697 40.592869 -22.237986 574.202393
538 309 551 302 566 302 578 310 565 314 551 313 659 311 672 303 688 303 701 310 687 314 673 314 1183 62 -107.913475 27.438272 -2.366297 -0.341331 0.025502 0.013098 -5.092812 -24.820127 582.040588 -38.284111 -25.103479 582.944458 28.098488 -24.536774 581.136780
562 308 576 301 591 302 604 310 590 313 575 313 685 315 699 308 714 308 726 316 713 320 699 319 666 319 -4.879093 78.192787 -1.925092 -0.363759 -0.009334 0.049778 8.879032 -23.249460 576.169922 -24.283672 -24.921167 576.164185 42.041737 -21.577755 576.175659
529 325 541 317 556 318 569 325 555 329 542 329 650 324 663 316 678 316 692 322 678 327 664 327 1154 639 -101.490845 141.621490 9.050123 -0.338568 0.018859 -0.010715 -10.146302 -16.912779 579.750549 -43.343380 -16.458771 580.305176 23.050776 -17.366789 579.195923
580 320 594 315 609 316 622 325 607 327 593 326 703 331 716 325 730 325 743 333 729 336 716 335 519 819 24.905008 177.113342 6.845120 -0.349206 -0.020876 0.075145 18.314819 -15.117585 577.565735 -14.790081 -17.679615 577.318298 51.419720 -12.555556 577.813171
397 366 410 359 426 359 440 368 426 371 411 371 530 365 545 356 562 355 577 362 562 368 546 368 1212 631 -113.026016 140.050186 9.422444 0.215411 -0.088004 -0.007362 -69.693054 5.046789 519.092041 -102.768974 5.602345 516.222412 -36.617142 4.491232 521.961670
528 383 543 378 559 380 573 389 557 391 542 390 658 395 672 388 687 388 700 395 686 400 672 399 155 696 97.100128 152.696716 1.001247 0.235372 -0.002021 0.066464 -6.849180 18.298086 536.233948 -39.980949 16.120943 535.909058 26.282589 20.475229 536.558838
531 351 546 345 563 346 576 356 561 358 545 357 661 361 674 354 689 354 702 363 688 367 674 366 104 33 106.477142 21.477541 -12.893555 -0.459040 -0.075522 0.054717 -5.637803 1.555581 549.901794 -38.700836 -0.760687 547.894226 27.425232 3.871849 551.909363
448 377 461 370 476 371 489 379 475 382 461 382 574 378 588 370 604 370 619 376 604 381 589 381 1368 655 -143.999603 144.831863 11.345531 -0.382355 -0.047415 -0.014566 -50.084740 11.941611 554.679810 -83.249207 12.116108 553.052795 -16.920271 11.767115 556.306824
479 382 493 375 508 376 521 385 507 388 493 387 607 389 622 381 638 381 652 389 637 394 622 393 1051 820 -80.815300 177.420502 11.766298 0.184160 -0.020223 0.051254 -32.331631 16.150656 539.891418 -65.486191 14.520874 539.067810 0.822935 17.780436 540.715027
537 359 552 353 568 355 582 364 567 366 551 365 666 370 680 363 695 364 707 372 694 376 679 375 141 307 99.437569 75.710152 -7.004520 -0.406833 -0.087673 0.065129 -2.575607 6.128051 552.637268 -35.585289 3.445357 550.244873 30.434076 8.810745 555.029663
443 382 455 375 470 376 484 384 470 387 456 387 569 383 583 375 600 374 615 380 600 386 584 386 1291 622 -128.735550 138.285294 9.967975 -0.342244 -0.048007 -0.015148 -52.518707 14.372081 552.941467 -85.681862 14.595017 551.293762 -19.355549 14.149144 554.589111
458 359 471 353 486 354 499 363 485 366 471 365 584 365 598 358 615 358 629 365 614 370 599 370 1351 141 -141.208893 43.106991 0.781022 -0.349406 -0.010044 0.029722 -44.968925 4.436735 555.824524 -78.157562 3.412273 555.668457 -11.780287 5.461196 555.980591
494 365 509 359 525 361 538 370 523 373 508 372 625 375 639 367 655 368 668 376 654 380 639 379 789 420 -29.206749 98.206100 1.253150 0.209259 -0.016361 0.060979 -23.615562 8.533345 535.578125 -56.754459 6.581251 534.828186 9.523335 10.485439 536.328064
486 381 499 376 515 377 528 386 514 389 499 387 614 392 628 384 645 385 658 392 644 396 629 396 937 857 -58.118408 184.719452 11.465305 0.168145 -0.013182 0.066727 -28.971956 16.946238 539.328796 -62.100174 14.779419 538.707703 4.156260 19.113058 539.949890
454 383 467 377 482 378 495 386 481 389 467 388 581 389 595 381 612 381 626 388 611 393 596 393 1388 617 -148.017532 137.315704 10.760321 0.096106 -0.003455 0.036265 -45.954842 16.300884 543.166870 -79.137642 15.104342 542.994568 -12.772043 17.497427 543.339172
521 359 536 353 553 356 566 365 551 367 535 366 652 373 666 366 682 367 694 375 680 379 665 378 435 145 40.827358 43.710484 -7.576424 -0.395776 -0.079739 0.081176 -10.184964 6.942591 547.054871 -43.177834 3.806121 545.007263 22.807907 10.079061 549.102478
486 357 500 351 516 352 529 362 514 365 499 364 615 366 629 358 645 358 659 366 644 371 629 370 829 143 -37.472393 43.395596 -3.987286 0.206822 -0.053462 0.063474 -28.790161 4.025441 541.412598 -61.881104 2.118014 539.434998 4.300781 5.932867 543.390198
460 370 472 364 488 365 500 374 487 377 473 376 586 375 600 368 617 368 631 374 616 379 601 379 1200 402 -110.903114 94.728271 4.674914 -0.342891 -0.027546 0.019389 -43.939255 9.822971 553.884094 -77.125420 9.036556 553.096741 -10.753097 10.609385 554.671509
502 379 516 373 533 375 546 384 531 386 516 385 632 391 646 384 662 385 675 392 661 396 646 395 715 831 -14.031283 179.528412 8.893712 0.186717 -0.001029 0.077917 -20.048346 16.192886 536.626160 -53.152691 13.626463 536.351501 13.056000 18.759310 536.900757
519 376 534 370 550 372 563 382 548 384 533 382 649 389 663 382 679 383 691 391 677 395 663 394 341 774 60.226532 168.171234 4.294139 0.177844 -0.001941 0.083170 -11.429682 15.141081 538.973267 -44.519958 12.402872 538.664429 21.660595 17.879290 539.282104
465 370 478 364 493 365 507 373 493 376 478 376 593 374 607 366 623 365 637 372 623 378 607 378 1089 259 -89.008163 66.405563 0.756769 0.115719 -0.038468 0.024091 -40.143410 8.978932 543.523438 -73.314064 8.254876 542.203186 -6.972757 9.702988 544.843689
535 380 549 375 565 377 578 387 563 389 548 387 661 395 675 388 690 389 702 396 689 401 674 399 243 885 79.828430 190.118164 5.638957 0.087354 -0.000637 0.090777 -4.640682 18.388643 554.220215 -37.708858 15.383312 554.067688 28.427496 21.393972 554.372803
465 384 477 379 492 380 505 388 492 391 477 390 592 391 606 383 622 383 636 390 622 394 606 394 1215 802 -113.426704 173.891953 12.912632 0.123857 -0.013216 0.037780 -40.569530 17.200253 543.127258 -73.747787 15.976466 542.612061 -7.391276 18.424040 543.642456
527 370 542 365 559 367 572 376 557 378 541 376 657 383 671 377 686 378 698 385 684 389 670 388 337 666 60.897964 146.797043 2.070416 -0.374202 -0.082993 0.078867 -7.538376 12.386897 553.491760 -40.528332 9.325413 551.289490 25.451578 15.448380 555.693970
516 328 530 321 547 323 561 333 546 336 530 335 655 337 670 328 688 328 703 336 687 342 671 341 1101 678 -90.913864 149.328766 9.351578 0.289299 0.002964 0.048046 -9.145375 -9.942385 489.886475 -42.311993 -11.529120 489.754395 24.021240 -8.355648 490.018585
570 307 586 301 604 303 619 312 602 315 586 313 712 318 727 311 743 312 757 320 742 324 726 323 346 367 58.767632 87.626343 -3.901075 -0.426646 -0.024395 0.068244 17.223389 -19.277414 502.351593 -15.895574 -21.643499 502.042480 50.342354 -16.911327 502.660675
598 313 614 308 632 310 646 319 630 321 613 320 736 327 751 321 767 322 780 330 765 333 750 332 15 584 124.793526 130.502991 -2.556340 -0.383978 -0.028429 0.090039 30.077436 -15.739239 513.488892 -2.981282 -18.830542 513.135864 63.136154 -12.647937 513.841858
508 315 521 307 538 307 551 317 537 321 522 320 643 317 658 307 676 307 691 315 676 320 659 321 1125 203 -96.226265 55.330471 -0.045524 -0.366598 0.031942 0.006985 -14.452077 -18.901613 511.176300 -47.639339 -18.936121 512.255188 18.735188 -18.867105 510.097443
531 318 546 311 563 313 577 323 561 326 545 325 670 326 685 317 703 317 717 325 702 331 685 331 929 402 -57.048763 94.672623 2.178389 0.259153 -0.004345 0.040930 -2.109435 -14.972064 497.384857 -35.286282 -16.296993 497.067139 31.067413 -13.647136 497.702576
514 310 529 301 546 302 560 311 544 315 528 315 650 313 666 304 684 304 700 314 684 318 667 318 1289 72 -128.966843 29.439054 -1.187308 -0.396544 0.039386 0.028957 -10.729439 -20.370319 505.054443 -43.895103 -21.050577 506.515839 22.436224 -19.690063 503.593048
604 311 621 306 638 309 652 319 636 320 619 318 741 329 756 323 772 324 784 332 770 336 755 334 82 567 111.459549 127.152428 -2.283348 -0.379197 -0.041896 0.111458 33.010544 -15.656719 517.351562 0.038039 -19.521282 516.689209 65.983047 -11.792157 518.013855
508 331 521 324 537 326 550 334 536 337 521 337 643 335 657 327 674 326 690 333 674 338 658 339 1202 705 -110.954178 154.692841 10.828735 0.188897 -0.006140 0.019765 -14.877316 -10.486621 509.150024 -48.075039 -11.119773 508.885590 18.320406 -9.853469 509.414459
538 311 553 304 570 306 584 316 569 319 553 318 678 320 692 311 710 311 724 319 709 325 693 325 902 223 -51.887829 59.242706 -1.694884 0.268331 -0.002117 0.047787 1.408665 -18.143892 498.388611 -31.758396 -19.701694 498.107635 34.575726 -16.586090 498.669617
523 330 537 325 554 326 567 336 553 339 537 337 659 341 674 332 691 332 706 339 691 345 674 344 1274 678 -125.293205 149.364288 10.945300 0.199964 0.018999 0.050388 -6.920593 -8.826542 505.069427 -40.077435 -10.550572 505.529144 26.236246 -7.102512 504.609741
551 332 567 326 584 328 598 337 582 340 566 339 691 342 706 334 723 334 737 342 722 346 706 346 693 786 -9.710787 170.618332 7.779844 0.252534 0.025916 0.045299 7.654582 -7.892366 498.101746 -25.505260 -9.487967 498.763916 40.814426 -6.296766 497.439575
542 315 557 309 574 310 588 320 573 323 557 322 681 324 696 316 713 315 727 323 712 328 696 328 806 418 -32.587353 97.813782 1.369261 0.243385 0.004138 0.045527 3.031281 -16.420536 500.782227 -30.139013 -17.933481 500.735199 36.201576 -14.907589 500.829285
577 310 593 304 611 306 625 316 609 318 592 317 716 323 731 315 747 316 761 324 746 329 731 328 352 386 57.597004 91.387703 -3.461073 -0.398494 -0.027037 0.074434 20.105749 -17.652462 510.803711 -12.996369 -20.233015 510.416168 53.207867 -15.071908 511.191254
599 321 615 316 633 318 647 327 631 329 614 327 737 336 752 330 768 331 780 338 766 342 751 341 1 757 127.773438 164.737076 0.817736 -0.360748 -0.023527 0.096489 30.702188 -11.838424 516.354187 -2.340768 -15.107344 516.162292 63.745144 -8.569504 516.546082
544 317 559 310 576 312 590 321 574 324 559 323 683 325 698 317 715 317 729 324 714 330 698 329 743 406 -20.081425 95.426033 0.545902 0.248969 0.005637 0.041686 3.948436 -15.732413 501.019501 -29.227156 -17.125093 501.033295 37.124027 -14.339733 501.005707
573 305 590 298 608 300 623 309 606 312 589 311 714 315 729 308 746 309 760 318 745 322 729 320 272 139 73.212601 42.489601 -9.199516 -0.407234 -0.038335 0.065104 18.870214 -20.628561 507.189941 -14.241178 -22.984543 506.387024 51.981606 -18.272581 507.992859
580 305 596 299 614 300 628 310 612 313 595 312 719 317 734 310 750 311 763 320 749 324 734 323 54 129 116.523117 40.465816 -11.410280 -0.377085 -0.031851 0.075435 21.628967 -20.163313 512.697388 -11.465903 -22.803358 512.132263 54.723835 -17.523268 513.262512
500 332 513 325 529 326 543 334 529 338 514 337 633 334 648 326 665 325 681 332 665 337 649 338 1415 558 -153.450546 125.645065 9.814371 0.071824 0.025440 0.006746 -19.270117 -10.822238 516.459412 -52.463436 -11.076336 517.295227 13.923202 -10.568140 515.623535
520 333 534 326 551 327 564 336 550 339 534 339 657 339 672 331 689 330 704 338 688 343 672 343 1179 666 -106.428093 146.969955 9.827148 0.181123 0.006949 0.032793 -8.157461 -8.912403 505.225677 -41.343670 -10.015963 505.356781 25.028749 -7.808844 505.094574
548 316 563 310 581 312 595 321 579 324 563 323 689 326 704 319 720 319 734 327 719 331 704 331 758 373 -23.100019 88.898361 0.015874 0.232795 0.019435 0.053426 6.342373 -15.249822 497.458496 -26.809036 -17.081646 497.892151 39.493782 -13.417996 497.024811
635 412 648 407 662 407 675 415 661 418 648 417 753 417 766 410 780 409 792 416 779 420 766 420 228 397 82.251419 93.539154 -4.380658 0.253210 0.064420 0.007069 47.609795 33.660984 587.922241 14.474313 33.159641 590.007446 80.745277 34.162331 585.836975
526 373 540 366 556 368 569 377 555 380 540 379 657 382 671 373 688 374 702 382 687 386 672 386 954 192 -62.256947 53.118439 -1.843559 0.255735 -0.007965 0.054472 -7.210093 11.721427 525.298889 -40.364876 9.966869 524.807434 25.944691 13.475985 525.790283
613 376 628 371 644 372 657 381 642 383 627 382 744 387 757 380 772 381 784 388 771 392 757 391 59 487 115.938759 111.315582 -4.115137 -0.415146 0.015098 0.076122 36.995750 14.668455 549.478394 3.889449 12.317853 550.481873 70.102058 17.019056 548.474915
535 393 548 386 563 388 576 396 562 399 548 398 661 398 675 391 691 390 705 397 691 402 676 402 1196 840 -109.607498 181.408310 13.507054 0.166606 0.025704 0.026673 -4.665457 21.323298 545.629822 -37.847546 20.371008 546.405579 28.516630 22.275587 544.854065
586 360 600 353 616 355 629 364 614 367 599 366 713 369 727 362 742 362 754 370 741 375 727 374 279 109 71.787231 36.553993 -9.742496 -0.442479 -0.002270 0.065632 22.369892 5.839392 557.701172 -10.764505 3.715642 558.102478 55.504288 7.963141 557.299866
538 387 552 381 567 382 580 390 566 393 552 392 665 391 679 383 695 382 709 389 695 394 680 394 915 659 -53.972820 145.530426 7.253367 -0.462070 0.004770 0.010793 -2.542238 18.137123 552.262451 -35.744781 17.827303 552.496643 30.660305 18.446943 552.028320
609 375 623 370 640 372 653 380 638 382 623 381 737 386 751 380 765 381 777 388 764 391 750 390 62 416 115.261414 97.265190 -5.525167 -0.402231 -0.001580 0.077034 34.741314 14.615249 557.782471 1.633693 12.117859 558.238770 67.848930 17.112638 557.326172
524 384 537 377 552 378 565 386 551 389 537 389 649 387 663 378 680 378 694 385 679 390 664 390 1145 498 -99.863518 113.715523 6.112127 -0.418072 0.009938 0.008082 -10.614009 16.181461 555.444153 -43.816135 15.988825 555.819946 22.588120 16.374100 555.068420
555 380 569 373 585 374 598 383 583 385 569 385 685 386 699 379 715 379 728 387 714 391 699 390 755 475 -22.387239 109.083694 2.053618 -0.469965 0.007871 0.044494 6.786829 15.116028 546.377563 -26.384712 13.753162 546.970093 39.958370 16.478893 545.785034
544 386 558 381 573 382 586 390 572 393 558 392 672 394 686 387 702 387 716 394 701 398 686 397 1005 706 -71.804298 154.850281 9.034166 0.190856 0.024148 0.040264 0.535504 18.610477 541.874084 -32.632832 17.205847 542.543579 33.703838 20.015108 541.204529
555 370 569 364 585 366 598 374 584 377 569 376 683 379 697 372 713 372 726 379 712 383 697 383 812 219 -34.007195 58.432617 -2.604983 -0.422769 0.012275 0.057523 6.554101 10.924148 553.242737 -26.594143 9.156443 554.035767 39.702343 12.691853 552.449768
552 385 565 380 580 381 593 390 579 392 565 391 678 396 692 388 708 389 721 396 707 400 692 400 929 734 -56.669224 160.375916 8.901001 0.171270 0.025576 0.062431 3.892792 19.212799 547.592163 -29.236664 17.078945 548.259583 37.022247 21.346653 546.924744
555 385 568 380 583 382 595 390 582 393 567 391 680 396 694 389 710 389 723 396 709 400 694 400 923 751 -55.457443 163.739014 9.189958 0.165836 0.026024 0.061377 5.183738 19.335009 548.704712 -27.947483 17.236368 549.395691 38.314960 21.433647 548.013733
577 385 592 380 608 382 621 390 606 392 591 391 707 397 721 390 737 391 749 398 735 402 721 401 547 807 19.327002 174.744278 6.860078 -0.483474 0.002779 0.080360 18.478050 19.704126 548.433777 -14.621551 17.163197 549.154663 51.577652 22.245056 547.712952
548 366 561 360 577 361 590 369 576 372 561 371 676 371 689 363 705 364 719 371 705 375 690 375 896 5 -50.944698 16.098946 -6.164403 -0.423120 0.017312 0.030816 2.509075 7.504088 553.812012 -30.675306 6.631103 554.583008 35.693455 8.377074 553.041077
548 377 561 371 576 372 589 381 575 383 561 382 674 385 688 378 704 378 717 385 703 390 688 389 1136 460 -98.118439 106.193420 5.259761 0.184867 0.008183 0.055886 1.872470 14.113011 547.342529 -31.279543 12.243829 547.441528 35.024483 15.982195 547.243469
591 383 605 377 621 379 634 387 620 389 605 388 719 393 733 387 747 387 760 395 746 398 732 397 186 743 90.993393 162.004456 2.238523 -0.427426 -0.004064 0.071876 25.161858 18.341780 556.221497 -7.958250 16.000795 556.592834 58.281967 20.682762 555.850159
578 384 592 379 608 381 622 389 607 392 592 390 707 395 721 388 736 388 749 395 735 399 721 399 427 821 43.189953 177.490265 6.038089 0.195291 0.029732 0.055736 18.365868 18.630659 543.292603 -14.772924 16.696848 544.092896 51.504662 20.564470 542.492371
552 371 566 365 582 365 595 373 581 376 566 376 682 375 695 368 711 368 724 375 710 379 696 379 654 114 -2.728753 37.620514 -6.186650 -0.431298 0.002478 0.022832 5.274365 9.747193 550.387146 -27.921827 9.029886 550.627869 38.470558 10.464501 550.146423
552 377 565 370 581 372 594 380 580 383 565 383 680 383 694 375 710 375 723 383 709 388 694 387 789 364 -29.270767 87.123611 0.119215 0.187910 0.009635 0.035197 4.681609 13.402944 542.921570 -28.501163 12.211408 543.130066 37.864380 14.594480 542.713074
522 403 535 397 550 397 563 404 549 408 535 408 640 406 652 399 667 400 679 407 667 411 653 410 402 453 47.737373 104.657372 -1.643788 -0.443222 -0.074749 0.012286 -15.470126 28.882671 602.423279 -48.581261 27.947489 600.112915 17.641010 29.817854 604.733643
588 347 604 341 623 344 637 354 621 356 603 354 733 362 748 354 765 354 778 362 763 367 747 366 177 546 92.556709 123.016006 -1.833408 0.267134 0.047196 0.068056 25.447025 0.560601 480.646301 -7.644651 -1.877799 481.893219 58.538700 2.999000 479.399384
568 341 584 335 602 336 617 345 601 347 584 346 712 350 727 342 744 343 758 350 743 354 727 354 627 895 3.529640 192.176041 9.378957 -0.533468 0.004752 0.055334 16.525471 -3.826966 492.902954 -16.629347 -5.536409 493.531769 49.680290 -2.117522 492.274170
572 351 587 346 604 347 618 356 602 358 586 357 704 361 718 355 733 356 746 363 733 366 718 366 91 828 109.969398 178.806564 3.084508 -0.474366 -0.021735 0.064809 16.095388 1.628067 535.572388 -17.033323 -0.610377 535.378723 49.224098 3.866512 535.766113
559 355 574 349 590 350 604 358 589 361 574 360 691 364 705 357 721 357 734 365 720 369 705 368 412 763 46.104515 166.008896 4.725473 -0.461219 -0.023562 0.056295 9.621821 2.915140 537.597107 -23.522266 0.935391 537.265991 42.765907 4.894889 537.928223
516 358 529 351 545 352 557 361 544 365 529 364 645 362 658 353 675 353 688 360 674 366 659 366 983 683 -67.458649 150.294037 8.365773 0.241466 -0.030551 0.020018 -13.534045 2.862475 535.964050 -46.716820 2.326254 534.879822 19.648729 3.398696 537.048340
564 355 579 350 596 351 610 358 595 361 579 360 696 361 709 355 724 355 737 362 723 365 709 365 81 698 111.808029 153.077316 0.360037 -0.399423 -0.040506 0.032603 12.252971 2.266445 546.290771 -20.907558 0.947918 545.195190 45.413502 3.584973 547.386414
507 333 523 328 541 329 556 338 540 340 523 339 651 343 666 336 683 336 697 344 682 348 666 347 401 629 48.137299 139.487823 1.910794 -0.473378 -0.059331 0.043180 -11.752760 -7.073915 493.773773 -44.869873 -8.910922 492.211090 21.364353 -5.236909 495.336426
486 287 504 279 524 281 540 293 522 296 503 295 649 299 667 289 687 289 704 299 686 305 667 305 1084 328 -87.935661 80.059738 2.107877 0.256217 -0.009051 0.062571 -13.331193 -24.368576 423.935944 -46.470028 -26.383938 423.374268 19.807642 -22.353216 424.497620
626 342 643 336 663 339 678 349 661 351 643 349 778 356 794 348 811 349 826 357 810 361 794 361 5 623 126.825356 138.219101 -1.858758 0.141102 0.055775 0.060841 43.806225 -1.869166 466.596100 10.714263 -4.010763 468.297668 76.898186 0.272431 464.894562
561 354 577 347 596 349 611 360 594 363 577 361 711 365 727 356 745 356 761 364 744 370 727 369 738 681 -18.773426 149.847916 6.068269 0.224483 0.051093 0.040911 14.235266 2.596842 462.701752 -18.898743 1.061200 464.231079 47.369274 4.132483 461.172394
569 348 586 341 605 344 620 355 603 357 585 356 720 360 736 351 754 352 769 361 753 366 736 365 663 532 -4.039421 120.345192 2.360273 0.216844 0.056121 0.050224 18.167830 0.432991 463.123230 -14.943228 -1.421243 464.790375 51.278885 2.287225 461.456085
543 330 558 323 576 324 590 335 575 338 558 337 689 338 705 328 724 328 740 337 723 343 706 343 1003 79 -72.123627 30.765633 -3.680276 0.168149 0.021678 0.037860 5.419802 -8.985012 471.349548 -27.753490 -10.296204 471.960327 38.593094 -7.673820 470.738770
548 355 563 348 581 350 596 360 580 363 563 362 695 365 711 357 729 357 745 365 728 370 711 370 990 665 -68.870300 146.733246 8.065781 0.203557 0.049445 0.047239 7.712701 2.820248 468.890167 -25.414772 1.097249 470.360352 40.840176 4.543247 467.419983
557 340 573 333 591 335 606 345 590 349 572 347 706 350 722 340 741 340 757 349 740 355 723 354 751 251 -21.848415 64.752937 -2.518969 0.203058 0.033745 0.042385 12.409740 -3.879035 464.974182 -20.746521 -5.389428 465.944122 45.566002 -2.368643 464.004272
607 328 624 321 643 323 658 333 641 336 624 334 756 340 771 332 788 333 802 342 787 346 771 345 199 112 87.688629 37.131268 -10.418731 -0.350550 -0.003939 0.074548 35.528149 -8.766160 483.352722 2.414873 -11.211527 483.653961 68.641426 -6.320793 483.051514
593 334 610 328 629 330 644 340 627 343 609 341 742 347 757 339 775 339 789 348 774 353 757 352 454 304 37.233360 75.180725 -4.181826 -0.383299 0.006055 0.074465 29.014639 -5.769373 480.853699 -4.098676 -8.141557 481.517578 62.127956 -3.397190 480.189850
521 335 535 328 552 329 566 338 551 342 536 341 663 338 678 329 697 328 713 336 697 342 679 342 1434 104 -157.745331 35.801682 0.796434 -0.312136 0.053244 0.012125 -5.775193 -8.330609 488.468628 -38.930912 -8.452898 490.269470 27.380526 -8.208320 486.667786
570 354 587 347 605 349 620 358 603 361 586 360 720 364 736 355 754 356 768 364 752 368 736 368 631 715 2.528968 156.554596 5.771017 -0.444547 -0.000664 0.054345 18.776884 2.314266 477.326324 -14.379704 0.564655 477.699432 51.933472 4.063877 476.953217
519 358 533 352 550 353 565 363 549 366 533 366 661 365 677 356 696 355 713 362 696 369 678 369 1311 596 -132.739761 133.143967 9.625751 0.134294 0.055728 0.018509 -6.492995 3.328599 478.436127 -39.640663 2.592190 480.238739 26.654673 4.065009 476.633514
474 352 489 345 507 346 522 355 506 358 489 358 618 358 633 350 650 350 665 358 649 363 633 363 698 545 -10.979918 122.925095 2.945937 -0.349064 -0.076787 0.023973 -27.184666 0.520944 492.269836 -60.283188 -0.698434 489.911774 5.913857 1.740322 494.627930
509 332 526 325 545 328 560 339 543 341 525 340 664 347 680 338 699 339 714 348 697 353 680 352 678 459 -7.103742 105.901459 1.020292 0.168797 0.003626 0.071834 -6.908330 -5.889023 448.422180 -40.027496 -8.271025 448.341156 26.210835 -3.507022 448.503235
533 340 550 334 568 336 582 346 566 348 549 346 674 353 688 345 705 346 718 354 703 358 688 357 175 417 92.806686 97.486298 -4.463932 -0.347145 -0.072027 0.069872 -0.611607 -3.109326 503.178192 -33.651047 -5.789856 501.236603 32.427834 -0.428796 505.119751
426 324 440 316 456 317 470 327 455 330 440 330 562 327 577 318 594 317 609 325 594 331 578 332 1270 62 -125.202515 27.456139 -1.564830 0.204766 -0.097303 0.029427 -53.564796 -14.120502 508.699951 -86.598793 -14.759780 505.397491 -20.530804 -13.481226 512.002380
445 329 460 321 478 322 492 331 476 335 460 335 586 335 601 326 619 327 633 336 618 340 602 340 723 62 -16.500191 27.343805 -6.603942 -0.444465 -0.088689 0.017205 -42.320518 -10.547024 504.790497 -75.392136 -11.742231 502.070312 -9.248904 -9.351816 507.510681
445 355 460 348 477 349 491 358 476 362 459 361 585 362 599 354 617 354 632 362 616 367 600 367 864 541 -43.972763 122.167580 4.394179 -0.357422 -0.088862 0.025204 -43.342659 2.153848 510.372375 -76.407425 0.814497 507.636169 -10.277889 3.493199 513.108582
459 339 474 332 492 333 506 343 490 346 474 345 599 349 614 341 631 342 645 351 630 355 614 354 734 346 -18.361496 83.550095 -0.751939 -0.381437 -0.093757 0.048968 -36.564732 -4.618080 511.217682 -69.586205 -6.787955 508.491211 -3.543259 -2.448205 513.944153
412 364 426 357 442 358 456 367 442 371 426 370 548 368 563 360 581 359 597 366 581 372 564 372 1430 755 -156.206207 164.634735 13.941575 0.097232 -0.020390 0.018898 -60.182537 5.592310 509.084991 -93.374527 4.998770 508.378632 -26.990543 6.185851 509.791351
504 331 520 325 538 327 552 336 536 339 519 337 641 344 655 338 671 339 684 348 670 351 655 350 48 270 117.876656 68.368698 -8.610469 -0.307039 -0.166811 0.069389 -15.941636 -7.360521 521.079163 -48.610245 -10.457525 516.006653 16.726971 -4.263518 526.151672
431 344 445 337 462 338 476 347 461 351 445 350 568 351 583 342 601 342 615 350 600 356 584 356 1023 393 -75.739159 92.910812 2.862103 -0.336069 -0.055650 0.027142 -51.598183 -3.340453 517.942932 -84.739967 -4.531765 516.280823 -18.456400 -2.149141 519.605042
436 335 450 328 467 330 480 340 465 344 450 343 573 346 588 337 605 338 620 346 604 352 588 351 1207 147 -112.585693 44.264828 -0.424052 0.124681 -0.058689 0.076992 -48.936787 -6.218413 511.599365 -81.986320 -8.643072 509.499634 -15.887251 -3.793754 513.699097
513 347 529 341 546 343 559 353 544 356 528 354 647 360 661 352 677 353 690 361 676 366 660 365 19 646 124.069504 142.773712 -1.264063 -0.109102 -0.126153 0.069846 -12.656919 0.398953 532.036133 -45.517460 -2.135530 527.996216 20.203621 2.933435 536.076050
417 352 431 345 447 346 461 355 447 358 431 358 554 356 569 347 587 347 603 354 587 360 570 360 1331 432 -136.901733 100.692223 6.489187 0.065041 -0.036128 0.026799 -57.754772 -0.355287 510.174744 -90.926010 -1.205218 508.947449 -24.583534 0.494643 511.402039
450 351 465 345 482 346 496 355 481 358 465 357 590 361 605 354 622 354 636 363 621 367 605 366 725 558 -16.330620 125.503365 3.457903 -0.334474 -0.088464 0.051459 -41.056126 1.355455 512.275696 -74.088814 -0.804847 509.680634 -8.023437 3.515756 514.870728
454 360 470 354 487 356 501 365 485 367 469 366 595 372 610 365 627 366 641 374 626 378 610 377 772 821 -25.370014 177.561111 9.216323 -0.381247 -0.108217 0.057527 -38.525856 6.247353 509.965912 -71.484612 3.711946 506.827118 -5.567104 8.782761 513.104675
429 349 443 342 459 343 473 353 458 356 442 355 566 358 581 350 599 350 614 358 598 363 581 363 1378 375 -146.306946 89.421486 5.767980 0.071200 -0.025428 0.061792 -52.024975 -0.264107 508.486908 -85.155724 -2.282598 507.570953 -18.894230 1.754383 509.402863
432 348 447 341 463 343 477 352 462 355 446 354 570 359 585 351 603 351 618 360 602 365 585 364 1335 326 -137.817810 79.715485 4.379660 0.090696 -0.034175 0.078237 -50.011524 -0.085880 506.869751 -83.095482 -2.625632 505.620270 -16.927570 2.453872 508.119232
472 336 488 329 506 330 520 340 504 343 487 342 612 346 627 338 644 339 658 348 643 352 627 351 356 113 56.490017 37.361412 -8.952155 -0.323457 -0.128155 0.044448 -30.141594 -6.020184 512.584534 -63.044052 -8.147198 508.652100 2.760863 -3.893171 516.516907
443 339 457 331 475 332 489 342 473 346 457 345 583 345 598 336 615 337 629 345 614 350 598 350 815 117 -34.719975 38.247280 -4.642727 -0.350763 -0.076178 0.021778 -44.553940 -5.887501 512.004456 -77.655655 -7.033999 509.654633 -11.452227 -4.741003 514.354309
430 365 444 359 461 360 475 369 460 373 444 372 568 374 583 365 601 365 616 373 600 378 583 378 1152 762 -100.952789 165.962952 11.522305 0.124302 -0.024715 0.049957 -50.786724 7.442525 505.016724 -83.940041 5.839769 504.095642 -17.633406 9.045282 505.937775
506 364 522 357 540 359 554 369 538 372 522 371 652 375 667 366 685 367 699 375 683 380 667 380 558 630 16.938688 139.717972 3.377370 -0.509807 -0.041988 0.052962 -11.572131 7.467865 486.132294 -44.702763 5.438156 485.237213 21.558500 9.497575 487.027344
521 366 536 358 554 359 568 369 552 372 536 371 659 375 674 366 691 367 705 377 690 381 674 380 523 441 23.677984 102.307404 -0.772089 -0.483554 -0.043347 0.053983 -7.255294 8.149301 510.798859 -40.382099 6.086115 509.840912 25.871511 10.212486 511.756805
539 378 555 372 572 373 586 382 570 385 554 384 677 388 692 381 707 381 721 389 706 393 691 393 173 713 93.542519 156.064728 1.511298 -0.432020 -0.044260 0.059024 1.349863 14.488173 519.109314 -31.766026 12.278042 518.102844 34.465752 16.698303 520.115723
494 388 508 381 524 382 537 392 523 395 507 394 629 397 644 388 661 388 675 396 660 402 644 401 998 878 -70.216599 188.887909 12.452479 0.146175 -0.011051 0.056021 -21.554686 18.592312 511.408997 -54.705479 16.766520 510.907867 11.596107 20.418106 511.910095
490 365 504 356 522 357 535 367 520 371 504 371 626 370 640 361 658 361 673 371 658 375 641 375 989 205 -69.197441 55.698345 -1.257895 -0.432146 -0.011633 0.028841 -23.211626 6.692065 519.642151 -56.400631 5.681913 519.471558 9.977380 7.702218 519.812744
536 349 551 341 568 342 582 352 566 355 550 354 670 358 684 351 700 352 713 362 699 365 684 364 215 64 84.454163 27.635283 -11.243279 -0.443573 -0.072044 0.064025 -1.353820 0.218728 531.782654 -34.407036 -2.356452 529.935181 31.699394 2.793909 533.630066
505 378 520 371 537 373 550 382 535 385 519 384 642 387 656 380 673 380 687 389 672 393 657 392 775 646 -26.166245 142.928955 5.700414 -0.436272 -0.040893 0.054481 -15.774821 14.526754 520.963501 -48.903835 12.484517 520.037598 17.354193 16.568993 521.889404
507 360 521 352 538 354 552 363 536 367 521 366 643 368 658 360 675 361 689 370 674 375 658 374 801 129 -31.924112 40.619225 -4.528713 -0.417174 -0.022781 0.053748 -15.145896 5.254569 521.479248 -48.294960 3.366719 521.111755 18.003170 7.142418 521.846741
504 379 518 372 535 374 548 384 533 387 518 385 639 390 653 382 670 383 684 392 669 396 653 395 914 690 -53.738655 151.665176 7.871869 -0.423333 -0.031544 0.068847 -17.139414 15.604535 524.748108 -50.250473 13.170012 524.209167 15.971644 18.039059 525.287048
493 360 507 352 523 353 536 364 522 367 506 366 626 368 641 359 658 359 672 368 657 373 641 373 1112 32 -93.838333 21.486647 -3.627834 -0.390928 0.005824 0.048233 -23.196459 5.025390 528.357971 -56.362591 3.502252 528.855408 9.969672 6.548527 527.860535
490 364 503 357 519 358 532 367 518 371 503 370 621 371 635 363 652 363 667 371 652 376 636 376 1379 308 -146.582260 76.162292 4.420521 -0.394495 0.005786 0.044646 -25.792208 6.876085 533.537415 -58.963810 5.469654 534.013123 7.379395 8.282516 533.061707
502 360 516 353 533 355 546 364 531 368 516 367 637 369 651 361 668 361 682 370 667 375 651 374 897 180 -50.943363 50.731915 -2.611645 -0.421403 -0.014630 0.053683 -18.299835 5.616190 526.959839 -51.454018 3.786035 526.858521 14.854349 7.446345 527.061157
534 352 549 345 566 346 580 355 564 359 548 358 669 360 683 353 699 354 712 363 698 367 683 366 195 29 88.388641 20.704622 -12.136233 -0.412256 -0.068373 0.049912 -2.078876 1.458057 530.496155 -35.166462 -0.611874 528.628906 31.008709 3.527987 532.363464
539 366 555 359 572 360 587 369 571 372 554 371 674 374 688 367 705 368 718 377 704 380 688 379 24 468 122.872398 107.548264 -4.822294 -0.398597 -0.081952 0.046464 0.766073 8.445747 529.832825 -32.293442 6.410892 527.490295 33.825588 10.480603 532.175354
509 359 524 352 541 353 554 362 539 366 523 365 646 367 660 359 677 359 691 368 676 373 660 372 641 125 -0.132758 39.794758 -6.083672 -0.437015 -0.037858 0.046093 -13.881650 4.606807 523.375366 -47.028347 2.855192 522.487732 19.265047 6.358422 524.263062
534 363 550 356 567 357 581 366 566 369 549 369 670 371 684 363 700 364 713 373 699 377 684 376 114 248 104.735687 64.028419 -8.447933 -0.390874 -0.077122 0.044094 -1.702473 6.815711 530.310059 -34.778004 4.896653 528.099609 31.373056 8.734770 532.520569
485 364 498 356 514 356 527 366 513 370 498 370 618 368 632 358 649 358 663 367 648 372 633 372 1323 55 -135.742920 26.081713 -1.218321 -0.376556 0.004696 0.019134 -27.633087 5.629525 530.105835 -60.831532 5.038160 530.376282 5.565358 6.220890 529.835327
539 377 554 371 571 372 585 381 570 384 554 383 675 386 689 380 704 380 717 388 703 392 689 391 154 807 97.425743 174.663574 3.239655 -0.375527 -0.076907 0.051665 0.585025 14.308559 529.431274 -32.479042 12.161956 527.258911 33.649094 16.455162 531.603638
482 385 496 378 512 379 525 388 511 392 496 391 616 390 630 381 647 381 662 388 647 394 631 394 1104 765 -91.410576 166.546799 11.140862 -0.383867 -0.013299 0.014496 -28.278229 16.526363 526.081055 -61.476696 15.973078 525.741516 4.920238 17.079647 526.420654
485 372 499 365 515 366 528 375 514 379 499 379 619 377 633 368 651 368 665 377 650 382 634 382 1249 217 -120.852104 58.126560 1.380282 -0.333391 -0.001512 0.024385 -26.777630 10.266166 526.049927 -59.972626 9.463161 526.134399 6.417365 11.069170 525.965515
