613 483 624 478 637 478 647 485 636 488 624 488 713 488 723 482 736 483 747 489 736 493 724 492 824 283 -12.441436 61.378780 21.313566 -0.179038 0.358377 0.021414 38.097565 88.553955 673.990967 7.004129 88.912872 685.636963 69.191002 88.195045 662.344971
612 485 622 480 635 480 645 487 634 490 622 490 711 490 722 484 735 484 745 491 734 495 722 494 727 592 7.010948 122.688393 25.041430 -0.184221 0.343642 0.021212 37.309090 90.189163 677.388245 6.047444 90.540321 688.575134 68.570732 89.838005 666.201416
611 487 622 481 634 481 644 488 633 491 622 491 711 491 721 485 734 486 745 492 734 496 722 495 815 674 -10.410975 138.916718 27.430698 -0.186095 0.329204 0.020860 37.050526 90.977600 678.159607 5.630733 91.306412 688.894958 68.470322 90.648788 667.424255
619 484 629 479 642 479 652 486 641 490 629 489 718 490 729 484 741 485 752 492 741 495 729 494 23 150 146.519577 35.297649 9.335903 -0.178550 0.400193 0.027541 41.154045 89.002151 669.511597 10.578136 89.284134 682.457397 71.729958 88.720177 656.565796
615 485 626 479 639 480 649 487 637 490 625 490 715 489 726 484 738 484 749 491 738 495 726 494 891 187 -25.804501 42.317669 20.609142 -0.165760 0.388205 0.016441 38.945896 88.853325 668.330017 8.210546 89.376060 680.884888 69.681244 88.330597 655.775146
614 486 625 480 638 481 648 488 637 491 625 491 714 491 725 485 738 485 748 492 737 496 725 495 754 203 1.407713 45.540478 19.177710 -0.167257 0.388066 0.016233 38.458500 89.701073 668.372925 7.721197 90.239632 680.922302 69.195808 89.162521 655.823486
611 487 622 481 635 481 645 488 634 492 622 491 712 491 722 484 735 485 746 492 735 496 723 495 1369 68 -120.788635 18.545584 24.597219 -0.158848 0.397368 0.008549 36.729958 89.206627 664.993347 6.108100 89.963394 677.810852 67.351814 88.449852 652.175842
612 487 622 481 635 481 645 488 634 492 622 491 712 490 722 485 735 485 746 492 735 496 723 495 1190 291 -85.108162 62.831493 25.945953 -0.163737 0.401809 0.006931 36.761021 89.266609 665.309937 6.195654 90.118881 678.255615 67.326385 88.414337 652.364197
612 487 622 482 635 482 645 489 634 492 622 492 711 491 722 486 735 486 745 493 734 496 722 496 1005 367 -48.327873 77.969734 24.879395 -0.168721 0.394394 0.010454 36.608822 89.980247 666.857605 5.948861 90.731598 679.584045 67.268784 89.228889 654.131165
613 486 624 480 637 481 647 487 636 491 624 491 713 490 724 484 737 485 747 491 736 495 724 494 620 128 27.967596 30.717043 16.333740 -0.172803 0.409565 0.011707 37.436283 88.492516 662.558960 6.973065 89.272247 675.747742 67.899506 87.712784 649.370178
616 486 626 480 639 481 649 488 638 491 626 491 716 491 726 485 739 485 749 492 738 496 726 495 42 152 142.748245 35.687305 9.601624 -0.176480 0.421365 0.017715 38.927250 88.687775 661.753662 8.624305 89.333084 675.313721 69.230194 88.042458 648.193604
618 487 629 482 642 482 652 489 641 492 629 492 718 492 728 486 741 487 751 494 740 497 729 496 194 467 112.763771 98.095772 16.489906 -0.164940 0.406574 0.017560 40.817657 90.444962 668.459839 10.318487 90.976051 681.577698 71.316826 89.913879 655.341980
613 490 624 484 637 485 647 491 636 494 624 494 712 493 723 488 735 488 746 495 735 498 723 498 1354 854 -117.320892 174.413559 36.932121 -0.156640 0.398590 0.004497 37.676121 91.859741 670.960693 7.069262 92.735756 683.806396 68.282982 90.983727 658.114990
614 487 625 481 638 482 648 488 637 492 625 492 714 491 725 485 737 486 748 492 737 496 725 495 619 76 28.133776 20.405893 15.493167 -0.166819 0.427941 0.008326 37.866776 88.757797 659.655640 7.650456 89.655479 673.393433 68.083099 87.860123 645.917786
613 490 623 484 636 485 646 491 635 495 623 495 712 493 723 488 735 488 746 495 735 498 723 498 1085 819 -63.930965 167.571365 33.063614 -0.160414 0.404608 0.002436 37.239132 91.375237 666.603638 6.709713 92.357536 679.624695 67.768547 90.392937 653.582520
614 490 625 484 637 485 648 491 636 495 625 494 714 494 724 488 737 489 747 495 736 499 724 498 740 714 4.505674 146.876053 27.144678 -0.164773 0.416915 0.005741 38.001183 91.251160 665.591431 7.634686 92.188408 678.991333 68.367676 90.313911 652.191528
613 486 623 481 636 481 646 487 635 491 623 491 713 489 723 484 736 484 746 491 735 494 723 494 627 227 26.639341 50.346024 17.996788 -0.164813 0.428203 0.000677 36.979584 87.968300 659.631592 6.765931 89.097862 673.358154 67.193237 86.838730 645.905029
615 486 626 480 639 481 649 487 638 491 626 491 716 490 726 484 739 484 749 491 738 495 726 494 369 42 77.751747 13.755057 11.874450 -0.164857 0.439747 0.003616 38.386829 87.449142 654.818848 8.334179 88.515083 668.899414 68.439484 86.383202 640.738342
615 488 626 482 639 483 649 489 637 493 626 493 714 491 725 486 738 486 748 493 737 497 725 496 599 588 32.423698 121.941948 23.402212 -0.163664 0.419126 0.003820 38.518902 89.816788 664.467712 8.181940 90.813934 677.930054 68.855865 88.819633 651.005371
613 486 624 480 637 480 647 487 636 490 624 490 713 489 724 483 737 483 747 490 736 494 724 493 1365 4 -120.034264 5.855951 23.528584 -0.153769 0.425406 -0.003954 37.408035 87.613098 659.695129 7.157137 88.807610 673.333862 67.658936 86.418587 646.056335
639 365 654 357 672 358 686 367 671 372 654 372 777 371 792 363 809 364 823 373 808 378 792 377 567 42 38.437546 13.682742 14.311561 -0.081517 -0.198023 0.041610 52.562042 9.827597 489.243988 20.034315 8.189929 482.776794 85.089775 11.465264 495.711182
643 374 658 367 675 368 690 376 674 380 658 380 781 380 795 373 812 374 825 383 811 387 795 386 547 728 42.835812 149.722717 24.992105 -0.087932 -0.172353 0.048331 54.542236 14.165593 493.331116 21.867628 12.320606 487.716339 87.216843 16.010580 498.945892
634 377 649 370 666 370 680 378 665 382 649 382 771 381 785 375 802 376 815 384 801 388 785 387 923 828 -31.759197 169.415222 31.212969 -0.094422 -0.176656 0.040113 50.221470 15.010590 495.583252 17.559599 13.411934 489.820770 82.883347 16.609243 501.345703
638 375 654 368 671 369 685 377 670 381 653 381 778 381 793 375 809 376 823 385 808 389 793 387 142 545 123.137283 113.582031 17.092253 -0.071333 -0.185516 0.053531 52.046528 14.619850 485.477264 19.458502 12.635947 479.423798 84.634552 16.603752 491.530731
639 375 654 368 672 369 686 378 670 382 654 382 778 382 793 375 810 376 824 385 809 389 793 388 431 446 65.692787 93.844948 19.072561 -0.059073 0.345230 0.030629 51.426052 15.081128 488.160736 20.195099 14.420043 499.419067 82.657005 15.742213 476.902405
639 377 654 370 672 371 686 379 671 383 654 383 779 383 794 377 811 378 824 386 810 391 794 389 451 602 61.818790 124.772179 21.803528 -0.078214 -0.194142 0.052137 52.482159 15.307253 484.009735 19.945639 13.338331 477.680603 85.018677 17.276175 490.338867
642 378 657 372 674 372 689 380 673 384 657 384 782 384 796 378 812 380 826 388 811 392 796 390 224 845 107.042435 173.041580 22.880009 -0.070811 -0.200344 0.054977 53.739071 15.950324 486.008942 21.247946 13.904873 479.474243 86.230202 17.995773 492.543671
635 382 649 374 665 374 678 382 664 386 648 386 778 387 793 379 810 380 825 389 810 392 794 391 1075 570 -62.100437 118.198730 28.974417 -0.127034 0.008912 0.036952 49.892223 16.897442 479.795135 16.711361 15.692822 480.168030 83.073082 18.102060 479.422241
629 378 643 370 660 369 673 378 658 382 643 383 771 382 786 373 804 374 820 383 804 387 788 386 1296 153 -106.241081 35.427605 25.052582 -0.129178 0.216002 0.017284 46.555241 14.881869 476.134705 14.125877 14.774818 483.268036 78.984604 14.988921 469.001343
632 376 648 367 666 368 680 378 665 383 647 382 773 381 788 373 806 374 820 383 805 388 788 387 477 95 56.340641 24.225426 14.047976 -0.052192 0.412783 0.019113 47.448818 14.328225 475.090637 17.038206 14.064310 488.420471 77.859428 14.592140 461.760803
627 382 641 373 657 373 670 381 656 385 641 386 770 384 785 376 803 376 818 385 802 389 786 388 992 571 -45.619621 118.427345 27.968727 -0.156551 0.205593 0.014581 45.888714 16.027512 478.158020 13.385259 16.080109 484.946442 78.392166 15.974913 471.369629
640 369 655 362 673 362 687 372 671 376 654 376 780 376 794 369 812 370 826 379 811 384 794 382 181 72 115.099068 19.772671 10.038271 -0.053773 0.435857 0.034069 50.406376 11.938259 475.548767 20.323837 11.226111 489.587769 80.488914 12.650407 461.509796
641 377 656 371 673 372 687 379 672 383 656 383 780 383 795 378 811 379 824 387 810 390 795 389 71 797 137.391708 163.579147 20.232237 -0.067337 0.392512 0.031025 51.703583 15.759065 485.213409 21.038565 15.189087 497.937073 82.368599 16.329042 472.489746
629 381 643 373 659 373 673 380 658 385 643 385 772 384 787 377 805 377 820 386 804 390 788 389 970 570 -41.251999 118.237083 27.682009 -0.147401 0.194754 0.023745 47.000587 16.110050 479.124207 14.431645 15.803713 485.584076 79.569527 16.416389 472.664368
634 382 648 375 663 374 676 381 662 385 648 385 775 386 790 379 807 380 822 388 806 391 791 390 499 749 52.379601 153.904510 24.735781 -0.151913 0.259690 0.029324 48.660763 16.713314 481.899628 16.581263 16.404366 490.465271 80.740257 17.022261 473.334015
618 376 633 366 651 365 665 375 649 381 633 382 759 376 773 367 791 367 806 378 791 383 774 382 1236 23 -94.408630 9.670734 22.243404 -0.067045 0.350163 -0.007645 41.280579 13.102831 477.586548 10.090939 13.736999 488.960358 72.470215 12.468663 466.212708
631 375 646 367 664 367 678 376 663 381 646 381 771 379 786 371 804 372 818 381 803 386 786 385 38 0 143.447830 5.547418 7.131309 -0.068025 0.446078 0.017073 46.179966 13.485686 471.808075 16.227797 13.433144 486.140717 76.132141 13.538229 457.475433
629 380 643 372 659 371 673 379 658 383 643 384 771 382 786 374 804 374 820 383 804 387 787 386 673 648 17.767870 133.812820 25.268740 -0.144887 0.264461 0.015612 46.429649 15.146416 476.863129 14.381219 15.267208 485.548950 78.478081 15.025622 468.177338
621 379 636 371 654 371 668 379 653 385 636 385 761 381 776 372 793 373 808 382 793 387 776 386 1180 512 -82.984993 106.659081 29.342989 -0.059525 0.370521 -0.003216 42.606010 14.961864 479.871277 11.654014 15.428052 491.884430 73.558006 14.495674 467.858093
621 376 636 368 654 368 669 377 653 382 636 382 761 378 775 370 793 370 808 379 793 385 776 384 1235 94 -94.165871 23.750282 23.361994 -0.046298 0.429752 -0.005954 41.784470 13.493477 472.473358 11.599030 14.010316 486.298401 71.969910 12.976638 458.648315
593 285 603 278 616 278 626 286 615 290 603 290 690 285 700 278 711 278 721 284 711 289 700 289 148 53 121.639603 16.017056 9.329451 0.007426 -0.398287 -0.018422 24.222193 -39.404671 655.032715 -6.378098 -38.760593 642.157654 54.822483 -40.048752 667.907776
545 285 556 278 569 278 579 284 568 289 556 289 644 281 653 273 665 272 676 279 666 284 654 284 1028 110 -53.054695 26.998659 21.068956 -0.001336 -0.343681 -0.065149 -4.996619 -42.182709 673.250793 -36.190571 -40.070831 662.068787 26.197332 -44.294586 684.432800
558 291 568 284 581 283 591 289 580 294 569 294 655 285 664 278 676 277 685 282 676 287 665 288 364 609 79.097572 126.192047 20.844173 -0.015692 -0.340848 -0.078433 2.232560 -39.903156 682.824219 -28.961960 -37.439579 671.716003 33.427078 -42.366734 693.932434
560 292 570 284 583 284 594 290 583 294 571 295 657 286 666 278 678 277 687 283 678 288 667 289 1215 596 -89.882172 123.303360 31.111757 -0.023696 -0.352287 -0.083525 3.681337 -39.466049 682.886353 -27.370964 -36.890148 671.411194 34.733639 -42.041950 694.361511
544 288 555 282 568 281 578 288 567 292 555 293 642 286 652 279 664 278 673 284 664 289 653 289 635 230 25.052757 50.937996 18.143042 -0.010312 -0.338907 -0.047147 -6.070529 -39.885792 680.642212 -37.350433 -38.408157 669.599365 25.209375 -41.363430 691.684998
550 287 560 280 572 280 582 287 572 291 560 291 644 285 653 278 664 278 673 284 664 288 654 288 27 427 145.897812 90.224831 13.797237 -0.017142 -0.410127 -0.044040 -4.202789 -41.262661 692.869812 -34.622700 -39.956573 679.622803 26.217119 -42.568745 706.116821
532 291 543 285 556 285 566 291 555 295 543 295 629 290 638 283 650 283 659 288 650 293 639 293 1166 893 -79.967972 182.215866 35.239296 -0.008073 -0.340281 -0.036174 -14.712851 -38.472004 696.655151 -45.992432 -37.339325 685.570740 16.566730 -39.604683 707.739624
533 291 544 285 557 285 567 292 556 296 544 296 630 291 639 284 651 284 661 290 651 295 640 295 987 310 -44.789349 66.673302 23.749935 -0.003284 -0.370715 -0.024892 -13.773063 -37.416092 687.746338 -44.712177 -36.628437 675.716797 17.166050 -38.203747 699.775940
530 293 541 287 554 287 564 294 553 297 541 298 627 293 637 286 649 285 658 291 648 296 637 296 661 303 19.935738 65.404282 19.625822 -0.000554 -0.371170 -0.027704 -15.598292 -36.264725 687.173767 -46.529522 -35.369278 675.131470 15.332938 -37.160168 699.216064
534 294 545 288 558 288 568 295 557 299 545 299 631 294 640 287 652 287 661 293 651 297 641 298 199 468 111.771614 98.292244 16.567377 0.002073 -0.380632 -0.024445 -13.338257 -35.446041 689.713501 -44.156925 -34.640934 677.379761 17.480412 -36.251148 702.047241
531 298 541 291 554 291 565 298 554 301 542 302 628 296 637 289 649 288 659 294 649 298 638 299 699 567 12.554966 117.741165 24.298584 -0.002181 -0.382454 -0.041581 -15.187458 -34.018253 686.709290 -45.965275 -32.685043 674.319458 15.590360 -35.351460 699.099121
531 298 541 292 554 292 564 298 553 302 541 302 627 296 636 289 648 289 658 294 648 299 637 299 1035 707 -54.072876 145.380219 30.664228 -0.002824 -0.375959 -0.038886 -15.608977 -33.883087 689.858826 -46.470116 -32.639828 677.668518 15.252162 -35.126347 702.049194
530 299 540 292 553 292 563 299 552 302 540 303 626 297 635 290 647 290 657 295 647 300 636 300 1342 686 -115.042816 141.103821 34.108490 -0.008948 -0.378717 -0.038244 -16.335201 -33.385471 690.879333 -47.163429 -32.201622 678.600159 14.493027 -34.569317 703.158569
531 299 541 293 554 293 564 299 553 303 541 303 627 297 636 291 648 290 657 296 648 300 637 301 1057 744 -58.418079 152.709213 31.524361 -0.003330 -0.383759 -0.035822 -15.705045 -33.065815 690.268127 -46.473888 -31.926544 677.836731 15.063797 -34.205086 702.699524
533 300 544 294 556 294 567 300 556 304 544 304 630 299 639 292 651 292 660 297 650 302 640 302 809 753 -9.170446 154.584473 28.615171 -0.002068 -0.381000 -0.032468 -14.053050 -32.340816 690.272095 -44.859776 -31.301737 677.926025 16.753675 -33.379898 702.618164
531 298 542 292 555 292 565 298 554 302 542 302 628 297 638 290 650 289 659 295 650 300 639 300 624 59 27.130407 17.032995 15.283932 0.003590 -0.401497 -0.035421 -14.642200 -33.260223 681.160645 -45.186192 -32.092049 668.189148 15.901791 -34.428398 694.132141
524 299 535 292 548 292 559 299 547 303 535 303 622 296 631 289 643 288 653 294 643 299 632 300 1294 21 -105.926163 9.252954 22.925447 -0.002462 -0.400345 -0.050295 -18.960232 -33.116264 680.898621 -49.498550 -31.507303 667.960999 11.578087 -34.725224 693.836243
529 301 540 295 552 295 563 301 552 305 540 305 626 299 635 293 647 292 657 298 647 302 636 303 302 634 91.423645 131.172150 20.479242 -0.000938 -0.377393 -0.038820 -16.344208 -31.632074 688.326355 -47.187920 -30.379583 676.092957 14.499506 -32.884563 700.559753
529 301 539 294 552 294 563 301 552 305 540 305 626 299 635 292 648 291 657 297 647 302 636 302 1133 163 -73.870132 37.470123 23.205557 -0.002912 -0.407330 -0.041797 -16.139647 -31.656136 680.103516 -46.599499 -30.326143 666.951050 14.320206 -32.986126 693.256042
528 303 538 297 551 297 562 303 551 307 539 307 625 301 634 294 646 293 656 299 646 304 635 304 876 769 -22.463776 157.732788 29.694700 -0.005892 -0.382823 -0.041299 -17.098909 -30.594326 687.262512 -47.872536 -29.293644 674.858826 13.674718 -31.895010 699.666199
662 433 675 427 690 427 703 435 689 439 675 439 779 433 791 426 806 425 818 431 806 437 792 437 11 60 148.846207 17.455179 7.754665 -0.089821 -0.169081 -0.000237 66.470573 46.429359 573.873901 33.738945 46.185825 568.293518 99.202194 46.672894 579.454346
654 443 668 436 683 436 696 443 682 447 668 448 773 442 785 434 800 433 813 439 800 445 786 445 991 740 -45.315838 151.940125 30.648277 -0.028209 -0.010683 -0.015397 64.364532 52.409454 590.974121 31.165548 52.915596 590.612244 97.563515 51.903313 591.335938
654 439 668 433 683 433 696 440 682 444 668 445 773 439 786 432 801 431 813 438 801 443 786 443 867 351 -20.937029 74.847359 22.925953 -0.033577 -0.132583 0.005538 63.372585 50.000427 577.543030 30.459665 49.743324 573.157471 96.285507 50.257526 581.928589
653 440 667 434 682 434 695 441 681 445 667 445 771 440 784 433 799 432 812 438 799 444 785 444 490 302 53.888290 65.268433 17.505117 -0.036077 -0.071973 -0.001126 63.226215 51.014210 584.650208 30.107380 51.008472 582.262268 96.345047 51.019947 587.038147
650 440 664 433 679 434 693 441 679 445 664 445 769 440 781 432 796 431 809 437 796 443 782 443 1088 98 -64.975563 24.597164 21.616337 -0.046769 -0.048811 -0.006314 61.611675 50.651604 584.235107 28.447065 50.823215 582.610657 94.776291 50.479992 585.859497
649 445 662 438 678 438 691 446 677 450 662 450 768 444 780 436 795 435 808 441 795 447 781 447 946 745 -36.377678 152.948059 30.174030 -0.040676 -0.038195 -0.018634 61.205364 53.353531 587.447205 28.030529 53.946114 586.167114 94.380203 52.760948 588.727295
646 447 660 440 675 440 688 447 675 451 660 452 765 444 778 437 792 436 805 442 793 447 779 448 1250 841 -96.679108 171.873672 35.444958 -0.045847 0.005942 -0.032507 59.984364 54.185131 590.162720 26.797674 55.268456 590.335205 93.171051 53.101807 589.990234
645 445 658 439 674 439 686 446 673 450 658 450 763 445 776 437 791 437 804 443 791 448 777 449 1276 598 -101.992874 123.677673 31.894440 -0.148572 0.355232 -0.021226 57.471561 53.657021 582.483948 26.343349 55.209896 593.937439 88.599770 52.104145 571.030457
645 444 658 437 674 437 686 444 673 449 658 449 764 443 776 435 791 435 804 441 791 447 777 447 1031 151 -53.624836 35.127796 21.758938 -0.147284 0.357364 -0.022578 57.070210 52.329823 577.355103 25.967682 53.923904 588.872559 88.172737 50.735737 565.837646
647 444 660 438 675 438 688 445 674 449 660 449 765 444 777 436 792 436 805 441 792 447 778 447 332 310 85.265213 66.912529 15.687778 0.136912 0.035041 -0.021394 59.285610 52.828995 585.253967 26.108734 53.457436 586.462097 92.462486 52.200554 584.045898
640 448 653 439 670 439 683 447 669 452 654 453 760 444 772 435 788 434 801 441 788 447 774 448 1328 130 -112.609215 30.855057 25.080111 -0.133787 0.000280 -0.041884 56.237408 53.481037 581.942688 23.061672 54.867851 581.859070 89.413139 52.094223 582.026306
643 448 656 440 672 440 685 447 671 452 657 452 764 444 777 435 793 434 807 440 794 446 779 447 842 122 -16.115700 29.446171 18.970688 -0.343015 0.111298 -0.039544 57.055271 52.266697 571.443420 24.079546 54.178032 574.835815 90.030991 50.355362 568.051086
642 449 655 441 671 441 684 448 670 453 656 453 764 445 776 436 792 435 806 441 793 447 778 448 780 326 -3.678173 69.921677 21.456898 -0.402543 0.109580 -0.039453 56.568634 52.635944 569.893066 23.585743 54.629642 573.166260 89.551529 50.642250 566.619873
642 446 655 439 670 439 684 447 670 451 655 451 760 444 772 436 788 435 801 441 788 447 774 447 485 31 54.712337 11.531409 13.127043 -0.033072 -0.058317 -0.017829 56.435333 53.003674 580.942993 23.292236 53.563210 578.998352 89.578430 52.444138 582.887695
639 450 652 444 667 444 680 450 666 454 652 455 757 448 769 440 784 439 797 445 784 450 770 451 685 787 15.471739 161.371918 27.630459 -0.029573 -0.130509 -0.014253 54.849407 55.358994 581.503174 21.930317 55.766865 577.175720 87.768494 54.951122 585.830566
640 447 653 440 668 440 681 448 668 452 653 452 758 446 770 437 786 436 799 443 786 448 771 449 248 20 101.763397 9.436687 10.034685 -0.010485 -0.097404 -0.006823 55.058647 53.576241 578.623169 22.011995 53.785477 575.392944 88.105301 53.367004 581.853455
635 449 648 442 664 442 677 449 663 454 648 454 754 446 766 437 782 436 795 442 782 448 768 449 1209 150 -88.968529 34.864487 23.933947 -0.008699 0.015048 -0.039928 53.130604 54.459080 583.771423 19.956015 55.786640 584.265198 86.305199 53.131523 583.277710
638 452 651 445 666 445 679 453 666 457 652 457 756 449 768 441 783 440 796 446 783 451 769 452 176 656 116.455467 135.580734 19.278772 -0.044980 -0.025104 -0.032190 54.816948 56.787045 588.578125 21.639791 57.836514 587.721008 87.994102 55.737579 589.435181
635 453 648 446 663 446 676 453 663 457 648 458 753 450 765 442 780 441 793 446 781 452 766 453 1042 701 -55.466507 144.187866 30.654819 -0.002113 -0.003443 -0.036358 53.072460 57.112537 589.053467 19.889788 58.319405 588.937866 86.255135 55.905670 589.169006
634 449 647 441 663 441 676 449 662 454 648 455 752 448 765 439 781 438 794 445 781 452 766 452 1016 42 -50.714355 13.518754 19.838139 -0.155416 0.489308 -0.031410 49.443863 53.330326 560.965576 20.143190 55.562870 576.426697 78.744537 51.097778 545.504456
663 435 676 428 692 429 704 436 691 440 676 440 779 436 792 429 806 428 819 435 806 440 792 440 721 115 7.905287 28.102276 17.369846 -0.050382 -0.137835 0.016273 68.554848 48.819237 588.427734 35.669270 48.165783 583.881165 101.440430 49.472687 592.974365
660 443 673 437 688 437 701 444 688 448 673 448 776 442 788 435 803 434 816 440 803 446 789 446 1284 734 -103.496651 150.643326 34.159138 -0.122548 0.358288 -0.036288 66.185982 53.141613 591.057251 35.108440 55.037910 602.596313 97.263519 51.245319 579.518188
665 446 678 439 693 439 706 447 692 451 678 451 781 446 793 439 808 439 821 445 808 451 794 450 978 477 -42.898357 99.792412 26.299160 -0.123382 0.388587 -0.024178 68.416885 54.952099 587.895752 37.693947 56.517780 600.394104 99.139832 53.386414 575.397400
669 443 683 437 698 437 711 445 697 449 683 449 786 445 799 437 814 437 826 444 813 449 799 449 633 75 25.353361 20.202482 15.649560 -0.066964 -0.178969 0.018369 71.724785 53.138794 581.984802 39.055698 52.334217 576.098938 104.393867 53.943371 587.870605
670 448 682 442 698 442 710 450 697 454 682 454 786 450 798 443 813 443 825 450 812 455 798 454 824 519 -12.294493 108.177185 25.072613 -0.128854 0.408013 -0.012285 70.903641 56.765697 588.164185 40.423237 58.020882 601.276367 101.384056 55.510517 575.052063
672 451 685 445 699 446 711 452 698 456 685 456 787 452 799 446 813 446 824 452 812 457 799 457 156 856 120.551132 175.247711 22.218231 -0.064867 -0.235973 0.029639 72.166588 57.560623 583.156982 39.896088 56.333569 575.432373 104.437080 58.787678 590.881531
669 449 682 443 697 444 710 451 696 455 682 455 785 452 797 445 812 445 824 452 812 456 798 456 470 60 57.708744 17.287540 13.404329 -0.147615 0.435924 -0.005160 69.717354 57.043579 581.814636 39.612621 58.258568 595.771301 99.822090 55.828590 567.857971
669 453 682 447 697 448 710 455 696 458 682 458 785 455 797 448 812 448 824 455 812 459 798 459 701 780 12.290475 159.977982 27.715899 -0.064834 -0.201413 0.027509 71.395882 58.948891 583.898926 38.874546 57.826412 577.291138 103.917213 60.071369 590.506653
668 452 681 446 696 447 709 454 695 458 681 458 784 454 797 447 812 447 824 454 811 459 797 459 609 466 30.362171 97.745903 21.582062 -0.145641 0.406083 -0.009739 69.913948 58.908901 585.914001 39.406261 60.189102 598.960144 100.421631 57.628700 572.867859
664 453 678 446 693 447 706 455 692 459 677 459 782 455 794 448 809 448 822 455 809 460 795 460 1429 89 -132.688965 22.687937 25.670229 -0.128209 0.435777 -0.015922 67.140434 58.453606 576.406128 37.038677 59.875992 590.349609 97.242195 57.031216 562.462646
664 453 678 447 693 448 706 455 692 459 678 459 782 455 794 448 809 448 822 455 809 460 795 460 1141 171 -75.453606 39.053585 23.431450 -0.136768 0.414420 -0.014991 67.490273 58.866493 579.053528 37.095482 60.274746 592.347656 97.885071 57.458241 565.759460
667 456 679 450 695 450 707 458 694 461 679 461 783 458 795 451 810 451 822 457 809 462 795 462 171 637 117.436424 131.814896 18.914595 -0.165933 0.402412 -0.006094 68.989212 60.980286 586.731445 38.431335 62.267490 599.658936 99.547081 59.693077 573.804016
667 455 679 449 695 449 707 457 694 461 679 461 783 458 795 451 810 451 822 458 809 463 796 462 130 355 125.401657 75.909729 13.918200 -0.159214 0.463669 -0.003812 67.929329 59.938431 578.157288 38.223164 61.261288 592.934082 97.635490 58.615574 563.380493
663 455 676 448 692 449 705 457 691 461 676 461 780 457 793 449 808 449 821 456 808 461 793 461 815 56 -10.795767 16.368341 17.587097 -0.144116 0.447847 -0.014891 66.179161 59.119141 574.538513 36.246838 60.647457 588.831177 96.111488 57.590828 560.245911
664 458 677 452 692 452 704 460 691 463 677 463 780 459 793 453 807 452 820 459 807 464 793 464 395 705 73.002090 145.217361 22.754845 -0.158154 0.400052 -0.011696 67.505821 61.824162 585.593201 36.919567 63.234955 598.440369 98.092079 60.413364 572.746033
664 457 677 451 692 452 704 459 691 463 677 463 780 459 792 452 807 452 819 459 807 464 793 464 481 555 55.832829 115.441200 21.424164 -0.153090 0.440224 -0.011655 66.874489 61.246616 581.228088 36.831539 62.718525 595.292725 96.917450 59.774712 567.163452
661 458 674 452 689 453 702 460 688 464 674 464 778 460 790 453 805 453 818 459 805 464 791 464 1139 643 -74.762604 132.651138 30.924925 -0.139677 0.419814 -0.018694 65.643356 61.737579 581.464844 35.322815 63.295959 594.910889 95.963898 60.179199 568.018799
663 459 676 454 691 454 703 461 690 465 676 464 779 461 791 455 806 454 818 460 805 465 792 465 163 695 119.060989 143.319107 19.739958 -0.163858 0.430416 -0.012990 66.590393 62.500881 584.028870 36.410038 64.067467 597.785767 96.770744 60.934296 570.271973
664 458 677 452 692 453 704 460 691 464 677 463 780 460 793 453 807 453 819 460 807 465 793 465 75 427 136.367096 90.207298 14.388052 -0.163023 0.464335 -0.010712 66.534409 61.402206 578.206116 36.839359 62.975292 592.980713 96.229462 59.829124 563.431519
661 458 675 451 691 452 703 460 690 464 675 463 779 459 791 452 807 451 820 458 807 464 792 464 858 206 -19.240303 46.097389 20.505592 -0.146828 0.426234 -0.019783 65.576553 60.638443 575.313049 35.343540 62.294796 588.943176 95.809570 58.982090 561.682861
670 327 682 320 696 320 707 328 695 332 682 332 776 329 787 322 801 323 812 330 800 334 787 334 505 442 50.997112 93.024727 19.919689 0.004666 0.403185 0.018265 73.276649 -11.802979 639.177917 42.739716 -12.423930 652.203674 103.813583 -11.182030 626.152222
671 329 683 322 697 322 708 330 696 334 683 334 777 331 788 324 801 325 812 332 801 336 788 336 435 562 64.970787 116.846092 20.969463 0.004509 0.406570 0.016301 74.080673 -10.767032 640.894775 43.586918 -11.323508 654.024170 104.574425 -10.210555 627.765381
670 330 681 323 695 323 706 331 694 335 681 335 775 331 786 325 800 325 811 332 800 336 787 336 966 573 -40.455906 118.833435 27.680559 0.004150 0.383498 0.007810 73.548416 -10.397491 643.553894 42.756538 -10.676601 655.977356 104.340286 -10.118379 631.130493
680 328 691 322 705 322 716 330 704 334 691 334 785 332 796 325 809 326 820 333 809 338 796 337 550 120 41.861576 29.156221 15.344710 0.009353 0.438713 0.030390 79.105286 -10.342797 641.771973 49.059818 -11.386703 655.869446 109.150764 -9.298891 627.674438
679 329 691 323 704 323 715 330 703 334 691 334 783 332 794 325 808 326 819 333 807 337 795 337 382 416 75.403381 87.913887 17.991594 0.004994 0.426886 0.021890 79.156372 -10.398178 647.163086 48.939083 -11.137965 660.908203 109.373665 -9.658390 633.417969
664 331 675 324 689 324 700 331 688 335 675 335 768 331 779 324 793 324 804 331 792 335 780 335 1340 460 -114.786423 96.289131 30.484108 -0.000974 0.391166 -0.003297 70.035217 -10.748710 649.638611 39.338707 -10.635756 662.298462 100.731728 -10.861663 636.978821
668 332 679 325 692 325 703 332 691 336 679 336 771 332 782 326 795 326 806 333 795 337 782 336 1217 815 -90.142929 166.729965 34.624641 -0.008475 0.388942 0.003935 72.777725 -9.930279 657.223267 42.053185 -10.003638 669.815186 103.502258 -9.856918 644.631287
667 332 678 325 692 325 702 332 691 336 678 336 770 332 781 326 795 326 805 332 794 337 782 336 1386 634 -123.811684 130.776245 33.821804 -0.001529 0.400076 0.000313 72.199455 -9.906703 654.821655 41.616779 -9.906805 667.754517 102.782127 -9.906601 641.888733
664 331 675 325 689 324 700 331 688 335 676 336 768 331 778 324 792 324 803 331 792 336 779 335 1385 438 -123.735168 91.910126 30.687576 0.000894 0.387636 -0.005443 70.537376 -10.416430 655.191650 39.796658 -10.245863 667.743103 101.278091 -10.586997 642.640198
673 332 684 325 697 325 708 332 697 336 684 336 776 332 787 326 800 326 811 333 800 337 788 336 1173 491 -81.608170 102.497368 28.922338 -0.001054 0.401971 0.002101 76.016411 -9.959285 656.832886 45.458370 -10.020248 669.823730 106.574455 -9.898321 643.842102
667 329 678 322 692 322 703 330 691 334 678 334 770 330 781 323 795 323 805 330 794 335 782 335 346 152 82.387039 35.576275 13.343449 -0.004480 0.432713 0.007980 71.523048 -11.254878 649.412720 41.379688 -11.479986 663.337036 101.666405 -11.029770 635.488403
668 330 680 324 693 324 704 331 692 335 680 335 772 332 783 325 796 326 807 333 796 337 783 337 438 389 64.267403 82.539383 18.250816 -0.004670 0.406555 0.014425 73.002808 -10.200624 654.469116 42.507923 -10.635427 667.600464 103.497688 -9.765821 641.337769
674 331 685 325 699 325 709 332 698 336 685 336 777 333 788 327 801 327 811 335 800 338 788 338 101 886 131.490417 181.216736 22.019102 -0.004142 0.394067 0.020512 77.244087 -9.578135 662.285095 46.591049 -10.214938 675.034424 107.897118 -8.941332 649.535767
668 330 679 324 692 324 703 331 691 335 679 335 770 332 781 325 794 326 805 333 794 337 782 336 424 625 67.194138 129.342911 21.837542 -0.002425 0.386610 0.015388 73.028740 -10.463334 661.873047 42.278522 -10.946264 674.393066 103.778961 -9.980404 649.353088
667 329 679 322 692 322 703 329 691 333 679 333 771 331 782 324 795 324 806 332 795 336 782 335 578 200 36.351803 45.009865 16.963604 0.003924 0.419848 0.017713 72.028168 -11.090216 651.966431 41.712212 -11.688158 665.499512 102.344124 -10.492274 638.433289
668 330 679 324 692 324 703 331 692 335 679 335 771 332 782 325 795 326 806 333 795 337 782 337 1224 474 -91.745140 99.107674 29.279301 0.006820 0.407287 0.014657 72.675194 -10.346332 656.172913 42.190029 -10.865122 669.323730 103.160355 -9.827541 643.022034
665 329 676 323 690 323 700 330 689 334 676 334 768 332 779 325 792 325 803 332 792 337 780 336 535 289 44.945148 62.674122 17.851938 0.003149 0.412703 0.018003 70.703346 -10.671933 654.119934 40.291637 -11.274146 667.436279 101.115051 -10.069719 640.803589
665 331 676 324 690 324 701 331 689 335 676 335 768 332 779 325 793 326 804 333 792 337 780 337 449 389 62.083279 82.535362 18.386211 0.000572 0.418845 0.013829 70.783745 -10.149731 653.807434 40.452259 -10.599527 667.311462 101.115234 -9.699934 640.303467
669 331 680 325 693 325 704 332 692 336 680 336 772 333 782 327 795 328 806 335 795 339 783 338 902 836 -27.584528 171.009277 31.081913 -0.002408 0.415947 0.019516 73.721458 -9.502546 661.018738 43.354019 -10.115625 674.435242 104.088890 -8.889467 647.602234
668 331 679 325 692 325 703 331 691 335 679 335 770 333 781 327 794 327 805 334 794 338 782 337 153 791 121.106331 162.359406 21.145975 0.002426 0.426518 0.016982 72.236938 -9.875294 655.565613 42.011520 -10.439141 669.301147 102.462349 -9.311446 641.830017
540 418 551 411 563 411 574 418 563 422 551 422 638 418 648 412 660 412 670 419 660 423 648 422 600 253 32.016556 55.511639 18.078587 -0.245808 -0.154861 0.003528 -9.287995 46.719677 701.494690 -42.097237 45.976612 696.438904 23.521246 47.462742 706.550537
558 414 569 409 582 409 593 415 581 418 569 418 656 417 665 411 677 412 686 418 676 421 666 420 1418 500 -130.248932 104.192574 32.081306 -0.222228 -0.305152 0.017417 2.751585 44.333694 689.797424 -28.920582 42.656498 679.967834 34.423752 46.010891 699.627014
562 410 572 405 585 406 594 412 583 415 572 414 658 418 668 413 680 414 689 421 679 423 668 422 1055 270 -58.316101 58.716534 23.949795 -0.246116 -0.103194 0.082235 4.148940 45.692978 718.451477 -28.768671 42.578789 715.403137 37.066551 48.807167 721.499817
560 411 571 406 584 407 593 413 582 416 571 416 656 418 666 413 678 414 687 420 677 423 666 422 1350 363 -116.832382 77.050537 29.062162 -0.209679 -0.189361 0.066058 3.449374 45.839302 715.593872 -29.092342 43.021912 709.622437 35.991093 48.656696 721.565369
566 410 577 404 590 405 599 412 588 415 577 414 662 416 672 411 683 412 692 419 682 422 672 421 1223 192 -91.722168 43.187904 24.775249 -0.239002 -0.195402 0.064068 7.311218 45.314156 723.173523 -25.197332 42.452904 717.044312 39.819771 48.175407 729.302734
576 415 587 410 599 411 608 418 597 421 586 420 668 424 677 419 688 420 696 427 687 430 677 429 780 129 -3.800833 30.856905 18.319050 -0.259884 -0.317100 0.079431 12.631420 50.514446 730.155579 -18.824863 46.604534 720.267517 44.087704 54.424362 740.043701
586 417 598 412 610 413 619 420 608 423 597 422 678 426 687 421 698 422 705 429 697 432 687 431 223 538 107.049843 112.164360 17.977757 -0.252252 -0.367246 0.082225 19.621153 51.359398 722.529846 -11.272198 47.209675 711.086914 50.514503 55.509117 733.972778
585 415 596 410 608 411 618 418 607 421 595 420 677 424 686 419 696 420 704 426 695 429 685 428 250 186 101.469643 42.353481 12.703377 -0.248345 -0.376663 0.073808 18.520449 49.577984 719.769653 -12.280757 45.685528 707.992798 49.321655 53.470440 731.546509
573 417 584 412 596 413 606 419 595 422 583 421 666 424 675 420 686 421 694 427 685 430 675 429 896 587 -26.548227 121.635178 27.041948 -0.237694 -0.346654 0.068882 10.739186 50.359383 719.989624 -20.422916 46.793266 709.091675 41.901291 53.925503 730.887634
569 418 580 414 592 414 602 420 591 423 579 423 662 424 671 420 682 420 690 426 681 429 671 428 995 873 -46.027252 178.312347 32.815956 -0.228799 -0.339818 0.054855 8.112224 50.559029 719.315247 -23.153292 47.516418 708.555603 39.377739 53.601639 730.074890
573 416 584 411 597 412 606 419 595 422 583 421 666 424 676 419 687 420 695 426 686 430 676 429 1018 151 -51.043602 35.132542 21.598925 -0.214927 -0.374231 0.074852 10.964252 49.040844 706.812988 -19.860811 45.319950 695.043091 41.789314 52.761738 718.582886
569 418 580 413 592 414 602 420 591 423 580 423 663 425 672 420 683 421 691 427 682 430 672 429 1163 673 -79.509285 138.591324 31.698177 -0.223379 -0.360377 0.060732 8.427012 50.348625 712.442017 -22.594074 47.076935 701.060120 39.448101 53.620312 723.823914
567 417 578 412 590 413 600 419 589 422 577 422 661 424 670 419 681 419 690 426 680 429 670 428 299 338 91.835014 72.476936 15.727580 -0.209614 -0.347559 0.064549 7.170221 49.444050 709.593079 -23.988934 46.167931 698.596069 38.329376 52.720173 720.590088
565 418 576 413 589 413 598 420 587 423 575 423 659 424 668 419 680 420 688 426 679 430 668 429 982 352 -43.770412 75.003662 24.357374 -0.228434 -0.353663 0.054762 5.894267 49.835049 707.485046 -25.215923 46.749565 696.295959 37.004459 52.920532 718.674133
569 419 580 414 592 415 602 421 591 424 580 424 662 425 671 419 682 420 690 426 681 430 671 429 427 582 66.571693 120.814980 21.189556 -0.210700 -0.377340 0.050434 8.169229 50.895924 717.321960 -22.667141 47.974335 705.357788 39.005600 53.817513 729.286194
567 419 578 414 591 415 600 421 589 424 578 423 661 426 670 421 681 422 689 428 680 431 670 430 879 556 -23.192066 115.494141 26.338928 -0.217048 -0.362209 0.064359 7.202568 50.654507 709.258484 -23.789274 47.296356 697.822205 38.194412 54.012653 720.694763
564 418 575 413 588 414 597 420 586 423 575 423 658 424 668 419 679 420 687 426 678 429 668 429 925 345 -32.457047 73.636391 23.544285 -0.219341 -0.356583 0.056828 5.360738 49.676395 706.797485 -25.711445 46.565754 695.510193 36.432922 52.787041 718.084778
565 418 575 413 588 414 597 420 586 423 575 423 659 424 668 419 679 419 688 425 679 429 668 428 464 894 59.419365 182.670547 26.614563 -0.203121 -0.340102 0.052369 5.613782 49.515369 707.337463 -25.651123 46.690620 696.516846 36.878689 52.340122 718.158081
564 419 575 414 587 414 597 420 586 423 575 423 658 424 668 419 678 420 687 426 678 429 668 428 510 661 50.140686 136.450241 23.469498 -0.222486 -0.358878 0.048378 5.282813 49.862904 709.017273 -25.777433 46.998653 697.632324 36.343060 52.727154 720.402222
