569 161 586 154 605 155 621 166 604 171 585 170 716 172 733 163 754 163 770 172 752 179 733 178 734 330 25.534101 72.642143 47.951550 -0.191794 0.034845 0.065973 9.015171 -83.609772 471.279816 -24.097548 -85.674416 472.638000 42.127892 -81.545128 469.921600
465 171 482 159 502 159 518 170 501 176 482 177 617 168 634 157 656 157 675 168 657 175 636 175 1097 736 -45.883881 153.596283 57.140648 -0.246350 0.018825 -0.011507 -33.496601 -79.056847 449.133606 -66.693375 -78.602043 449.705505 -0.299829 -79.511650 448.561676
502 140 518 131 538 132 554 145 536 149 518 148 651 149 669 138 690 139 707 150 688 157 669 156 1321 215 -91.344559 51.788582 39.908688 -0.063177 0.044407 0.056580 -19.529135 -90.932823 459.928711 -52.648125 -92.762146 461.460297 13.589856 -89.103508 458.397125
507 138 523 128 544 130 560 144 542 149 523 148 656 148 674 136 695 137 712 149 694 156 674 155 1128 38 -53.302998 16.391161 36.176617 -0.034693 0.065067 0.061105 -17.190041 -90.846344 457.387634 -50.262672 -92.834770 459.580048 15.882593 -88.857918 455.195221
520 137 538 128 558 128 574 138 556 143 537 143 673 144 690 136 711 138 728 149 710 153 691 151 781 772 16.988789 159.726212 60.701309 -0.146176 0.032458 0.065069 -10.634909 -91.164650 452.892181 -43.752132 -93.237053 454.122711 22.482313 -89.092239 451.661621
505 114 524 106 544 106 560 114 541 120 522 120 660 122 679 116 701 118 719 129 700 132 679 130 707 535 31.269941 112.884895 54.249733 -0.157563 0.025411 0.075612 -15.592696 -98.140129 442.252472 -48.692142 -100.571487 443.289124 17.506752 -95.708771 441.215790
546 117 563 109 583 110 600 119 582 124 563 124 695 122 712 113 731 114 747 122 730 128 712 128 95 472 152.796875 98.650124 57.205963 -0.043939 -0.010182 0.026995 -0.675325 -105.522804 475.675995 -33.866322 -106.426186 475.357727 32.515671 -104.619431 475.994263
518 117 535 106 556 106 572 117 554 123 535 124 669 119 686 109 707 110 724 121 707 127 687 126 605 97 50.754200 26.422054 42.052448 -0.117560 0.026668 0.024712 -11.851998 -101.327118 454.683289 -45.034893 -102.093636 455.614746 21.330896 -100.560600 453.751862
517 121 533 111 553 111 568 123 551 129 533 128 667 126 684 115 704 116 720 127 703 134 684 133 279 402 116.099121 85.434898 53.677017 -0.023975 0.097759 0.051671 -13.336750 -99.824883 458.755829 -46.338787 -101.498077 462.015503 19.665287 -98.151688 455.496155
517 118 533 110 553 111 569 122 552 127 533 126 665 125 683 116 703 116 719 125 702 132 683 131 659 635 40.990540 132.410660 57.596687 -0.153300 0.042084 0.050123 -13.738625 -103.487450 471.074432 -46.872486 -105.037216 472.592621 19.395239 -101.937683 469.556213
520 117 536 108 555 109 570 120 554 125 536 124 669 122 686 113 706 113 722 122 705 129 686 128 1012 361 -29.665014 79.576881 46.679401 -0.133313 0.048572 0.039030 -12.355243 -102.476715 462.853760 -45.495712 -103.660713 464.546997 20.785227 -101.292709 461.160522
514 118 532 108 553 108 569 119 551 125 532 125 665 122 683 111 704 112 721 124 703 130 684 129 891 133 -6.025979 34.364391 40.865635 -0.239402 0.015113 0.034672 -13.192119 -100.503738 454.808655 -46.373299 -101.584015 455.442688 19.989059 -99.423454 454.174591
525 114 542 105 562 106 578 118 560 123 542 122 673 122 690 111 710 111 726 122 709 128 690 128 492 129 73.271606 32.376339 43.893478 -0.121891 0.046587 0.049114 -10.350069 -105.161255 471.519928 -43.478924 -106.692657 473.161072 22.778788 -103.629845 469.878815
518 118 536 108 556 108 572 119 554 125 535 125 668 122 686 112 707 113 724 125 706 131 687 129 221 95 127.074005 24.872566 45.021370 -0.163351 0.059883 0.050643 -12.111185 -100.617455 455.967957 -45.214161 -102.127899 458.082489 20.991789 -99.107002 453.853424
519 120 535 111 554 112 570 123 553 128 535 127 667 125 683 115 703 115 720 124 702 131 684 131 1317 464 -90.100899 100.755501 47.331593 -0.119855 0.026177 0.028142 -13.155708 -102.921318 469.757660 -46.336029 -103.801292 470.680481 20.024612 -102.041351 468.834808
522 122 539 113 559 113 575 121 557 127 538 128 673 124 690 116 710 118 727 128 710 133 691 131 179 782 136.659653 159.880844 65.745621 -0.245480 0.005183 0.029983 -10.559174 -100.667809 461.156036 -43.748695 -101.632240 461.447968 22.630346 -99.703377 460.864105
525 117 542 107 562 107 579 117 561 123 541 123 675 120 692 111 712 112 729 123 712 129 693 127 1053 457 -37.641167 98.583771 49.205753 -0.085506 0.020868 0.035608 -9.459136 -102.838318 462.607605 -42.635689 -103.989288 463.350006 23.717417 -101.687355 461.865204
530 116 546 106 566 108 581 120 564 124 546 124 677 123 694 113 714 114 730 124 713 131 694 130 508 453 70.675217 96.156166 53.384975 -0.164581 0.036617 0.054288 -8.465829 -103.986946 470.111877 -41.599636 -105.680374 471.469330 24.667978 -102.293518 468.754425
530 118 548 109 568 109 584 118 566 124 547 124 681 122 698 113 719 115 736 126 718 130 699 129 950 645 -16.830278 135.253769 55.598652 -0.173711 0.021163 0.043469 -6.822984 -101.300774 458.694366 -39.989094 -102.675476 459.518311 26.343128 -99.926071 457.870422
529 111 546 102 567 103 583 115 565 121 546 120 677 119 694 108 715 108 730 120 713 127 694 126 1276 2 -82.784172 9.755440 33.940834 -0.028383 0.040543 0.049402 -8.306110 -105.168755 467.313446 -41.443142 -106.788704 468.681854 24.830923 -103.548805 465.945068
571 194 588 185 608 186 624 196 607 201 588 201 716 200 733 191 753 192 768 202 751 208 733 206 549 61 61.819836 19.172165 41.425446 -0.091704 -0.000173 0.042431 9.700800 -72.525986 484.934723 -23.474148 -73.932755 484.993530 42.875748 -71.119209 484.875885
548 208 563 200 582 201 597 210 581 215 564 214 691 213 708 204 728 205 744 213 727 219 708 218 1240 787 -74.214516 164.058640 57.526817 -0.120352 0.027790 0.032076 -1.550889 -66.686890 485.215790 -34.725842 -67.693626 486.200043 31.624062 -65.680153 484.231537
568 195 585 188 603 189 619 199 602 203 584 202 713 204 729 197 748 198 763 207 746 212 729 211 758 632 21.308004 132.118591 56.726902 -0.142505 0.002275 0.061778 7.888666 -71.543892 488.982147 -25.252825 -73.581612 489.203278 41.030159 -69.506172 488.761047
569 188 585 180 605 181 621 192 603 197 585 196 712 197 729 188 749 189 764 200 747 206 729 204 563 92 59.093063 25.312096 42.235249 -0.013322 0.013719 0.062337 8.093240 -73.805855 483.811523 -25.043959 -75.871231 484.280487 41.230438 -71.740486 483.342529
573 192 589 185 608 186 623 195 607 199 589 198 716 200 733 193 751 195 766 203 750 208 732 206 498 750 73.197914 154.546738 62.280041 -0.088594 0.002600 0.060405 9.789497 -73.910400 492.743988 -23.354683 -75.908478 492.918915 42.933678 -71.912323 492.569031
573 186 589 178 608 179 624 189 607 194 589 193 716 194 732 186 752 187 767 197 750 203 732 201 69 59 157.220505 17.333654 45.151436 0.001229 0.008676 0.061757 9.646873 -75.701599 488.378448 -23.493391 -77.751083 488.665070 42.787136 -73.652115 488.091827
566 189 582 181 601 182 617 192 600 196 582 196 709 196 726 188 745 189 760 199 743 204 726 202 1212 304 -69.519493 68.966957 43.410172 -0.083363 -0.010356 0.047941 6.700617 -75.078560 490.145813 -26.464289 -76.682266 489.868774 39.865524 -73.474861 490.422821
572 188 588 180 607 181 622 190 605 195 588 194 715 196 731 188 750 190 765 199 748 204 731 202 181 422 135.613525 89.073906 55.043545 -0.090907 0.011753 0.061654 9.065271 -75.813629 492.484375 -24.074207 -77.838936 492.966766 42.204750 -73.788315 492.001953
569 186 585 178 604 179 620 188 603 193 585 193 712 193 728 185 747 187 762 196 746 201 728 200 1301 28 -87.706299 14.944974 34.515469 -0.046281 -0.022351 0.050331 7.971454 -76.434380 490.302704 -25.183029 -78.121346 489.599823 41.125938 -74.747414 491.005585
569 188 585 180 604 181 620 190 603 195 585 194 712 195 728 188 747 189 762 198 746 203 728 202 849 321 2.660615 71.218040 46.777481 -0.070718 -0.006458 0.054057 7.999214 -76.063599 493.578156 -25.156425 -77.863731 493.427429 41.154854 -74.263458 493.728912
572 189 588 183 606 183 621 192 605 196 588 196 714 197 730 190 748 192 763 200 747 205 730 203 171 622 137.961456 128.384323 61.059242 -0.079901 0.007044 0.059586 8.843042 -75.594940 496.243652 -24.302050 -77.560860 496.556152 41.988136 -73.629021 495.931152
572 185 588 178 607 178 622 187 606 192 588 191 714 192 731 185 749 187 764 196 748 200 730 199 984 155 -24.470919 38.971840 40.785275 -0.026993 -0.018312 0.054367 9.188747 -77.333412 494.231995 -23.961443 -79.145668 493.648743 42.338936 -75.521156 494.815277
576 187 591 181 609 182 625 189 609 193 591 193 718 195 734 189 752 190 766 199 750 203 733 201 254 747 121.689682 153.222046 64.115211 -0.102666 0.002148 0.061322 10.578865 -77.169495 499.458771 -22.563515 -79.197174 499.634308 43.721245 -75.141823 499.283234
570 189 586 183 603 183 618 191 603 195 586 195 711 196 727 190 744 191 759 200 743 204 726 202 1010 691 -28.672934 144.482727 56.490955 -0.129347 -0.010653 0.053285 7.586008 -76.515945 500.145905 -25.569864 -78.302292 499.907593 40.741879 -74.729599 500.384216
572 183 588 175 607 176 623 186 606 191 588 190 713 191 729 182 749 183 764 194 747 199 729 198 194 32 132.326996 12.399012 43.364193 -0.028286 -0.002969 0.054696 8.926940 -77.930893 493.084473 -24.228073 -79.747314 493.011597 42.081955 -76.114464 493.157318
575 189 591 183 609 184 624 191 608 196 591 195 716 196 733 190 750 192 765 200 749 204 732 202 411 881 90.725960 180.052872 66.854767 -0.164093 -0.006245 0.056060 10.187424 -76.477798 500.297913 -22.964697 -78.346916 500.243896 43.339542 -74.608681 500.351898
574 188 590 181 608 182 623 190 607 194 590 194 715 195 731 189 749 190 763 198 747 203 730 201 1204 678 -67.255577 142.509659 54.575146 -0.118262 -0.027489 0.050565 9.724002 -77.177078 500.975128 -23.425898 -78.905128 500.164124 42.873901 -75.449028 501.786102
573 189 588 182 606 183 621 191 605 195 588 195 713 196 729 190 747 191 762 200 746 204 729 203 1105 546 -47.816277 116.246857 51.437565 -0.138541 -0.024033 0.055368 8.848139 -76.383438 499.262726 -24.296303 -78.270119 498.594849 41.992580 -74.496765 499.930603
577 187 593 181 611 182 626 190 610 194 593 193 718 196 734 190 752 191 766 199 751 203 734 202 505 581 71.502113 121.325073 57.208210 -0.123160 -0.014519 0.060709 11.082545 -76.858017 499.392883 -22.057682 -78.897087 499.036255 44.222775 -74.818954 499.749542
575 189 590 183 608 184 623 192 607 195 590 195 716 197 732 192 749 193 764 201 748 205 731 203 570 748 58.883675 154.370102 61.652870 -0.164689 -0.006898 0.063696 9.805285 -76.211670 500.074646 -23.331556 -78.334488 500.020508 42.942127 -74.088852 500.128784
539 208 556 200 577 201 595 212 577 216 557 215 706 215 726 206 748 207 768 216 747 222 726 221 1383 838 -102.545143 174.520996 57.912991 -0.239917 0.033936 0.041296 1.336422 -56.440266 415.420837 -31.821196 -57.663235 416.700043 34.494041 -55.217297 414.141663
626 177 645 169 667 171 685 184 665 188 644 187 792 193 812 183 834 185 852 196 832 202 811 201 195 96 132.243546 24.990992 45.256096 -0.262988 0.044332 0.100387 34.892929 -65.966156 415.087769 1.886708 -69.062317 416.975342 67.899147 -62.870003 413.200226
561 169 580 161 601 162 619 172 599 176 579 175 715 176 736 169 759 170 780 180 758 184 736 182 1311 199 -89.385796 48.611233 39.512600 -0.287374 0.103835 0.080104 8.086833 -76.155830 443.560455 -24.834814 -78.280334 447.330231 41.008480 -74.031319 439.790710
611 183 629 175 650 176 668 185 649 190 629 189 779 189 798 181 819 182 837 190 818 196 798 195 215 675 129.311554 138.942032 62.285515 -0.289535 0.052255 0.054172 29.419525 -66.987694 419.058563 -3.691932 -68.510422 421.026398 62.530983 -65.464958 417.090759
596 181 615 173 636 174 654 184 635 189 615 188 761 189 780 180 802 181 819 191 800 197 780 196 744 536 23.917665 113.192993 53.987629 -0.155650 0.038371 0.058709 23.661385 -68.857864 429.627197 -9.461956 -70.698921 431.046478 56.784725 -67.016800 428.207916
601 172 619 164 640 164 658 174 639 179 620 179 766 180 785 171 807 172 825 182 805 188 785 186 762 83 19.523832 24.140888 40.398743 -0.120955 0.061267 0.063773 25.272511 -71.654434 424.602570 -7.802705 -73.641273 426.757141 58.347725 -69.667595 422.447998
598 179 616 173 636 174 654 182 636 186 616 186 763 187 781 180 801 181 817 189 799 194 780 193 1197 800 -65.644463 166.486313 58.251820 -0.208903 0.023339 0.054105 24.016930 -69.951591 431.823914 -9.130464 -71.653442 432.779755 57.164322 -68.249741 430.868073
599 177 617 170 637 170 655 179 637 184 617 183 765 185 784 178 805 179 823 188 804 193 784 191 756 554 21.564989 116.769768 54.427311 -0.221829 0.047371 0.063412 24.538885 -69.727127 425.211060 -8.562393 -71.639641 427.001984 57.640160 -67.814613 423.420166
597 171 616 161 639 162 657 174 637 180 616 179 761 180 781 169 804 170 823 181 803 188 781 187 1039 7 -35.669308 10.025433 35.958275 -0.118513 0.035538 0.055784 24.182472 -71.913338 424.931854 -8.949821 -73.690117 426.217865 57.314766 -70.136551 423.645874
601 178 618 172 638 172 656 180 638 184 619 184 767 186 786 180 806 181 824 189 805 193 785 192 770 883 19.375126 181.527084 64.083000 -0.278915 0.045055 0.065798 25.178589 -69.571419 426.456970 -7.921383 -71.518524 428.234680 58.278561 -67.624313 424.679291
591 171 609 162 632 162 650 174 630 180 610 179 756 179 776 168 799 169 818 180 798 187 776 186 1077 177 -42.915855 43.579285 40.704910 -0.154515 0.036558 0.049316 21.810133 -71.985519 423.551392 -11.332256 -73.521965 424.885925 54.952522 -70.449081 422.216827
593 174 611 166 633 166 651 176 632 182 612 181 759 181 778 172 800 173 819 183 799 189 778 188 1329 465 -92.484207 100.988327 47.266644 -0.197326 0.028336 0.048112 22.503967 -70.944908 424.071564 -10.649266 -72.438782 425.162964 55.657200 -69.451027 422.980194
598 171 616 162 638 163 656 173 637 178 617 178 763 178 783 170 805 171 823 181 803 186 782 185 359 387 100.171379 82.725204 52.600861 -0.193703 0.047493 0.058031 24.334179 -72.316254 425.140839 -8.777611 -74.077156 426.892487 57.445969 -70.555344 423.389221
595 174 613 166 634 167 652 177 633 181 613 181 759 180 777 172 798 173 815 182 796 187 777 186 638 500 44.921246 105.792572 53.754932 -0.147922 0.019270 0.042944 22.851425 -72.749893 433.064941 -10.316679 -74.122902 433.807465 56.019527 -71.376892 432.322388
597 168 616 158 638 158 656 170 636 176 616 176 761 175 781 165 803 166 822 177 802 184 781 182 643 27 43.075245 12.767274 39.674881 -0.133150 0.044512 0.054161 23.972059 -73.731163 425.903748 -9.151313 -75.424583 427.495697 57.095428 -72.037743 424.311829
591 166 609 157 632 158 651 170 631 175 610 175 755 172 774 162 797 162 814 173 795 181 774 180 1228 52 -73.153664 19.446062 35.803577 -0.061803 -0.002136 0.032489 21.729679 -75.010681 428.403473 -11.457540 -76.090797 428.365936 54.916901 -73.930573 428.441010
595 173 613 166 633 166 651 174 633 179 613 179 761 179 780 171 801 172 819 181 800 186 780 185 135 639 145.147400 131.619888 61.847775 -0.248283 0.053735 0.053925 22.974541 -71.795433 424.414520 -10.134596 -73.345680 426.399811 56.083675 -70.245186 422.429199
597 171 615 163 636 164 654 173 635 177 616 177 763 177 783 170 804 171 822 180 803 185 782 184 60 570 159.930008 117.821609 60.391029 -0.255909 0.054510 0.059402 23.984280 -72.488853 425.198486 -9.113265 -74.207512 427.237732 57.081821 -70.770203 423.159271
593 168 612 159 634 160 652 171 633 176 612 176 756 174 775 164 797 165 814 175 795 182 775 181 449 93 81.753380 25.165585 43.163956 -0.083052 0.026577 0.042301 22.281157 -74.912956 431.848480 -10.882254 -76.278748 432.787842 55.444569 -73.547165 430.909119
595 172 613 166 633 166 652 175 633 179 613 179 758 178 776 171 797 172 813 180 795 185 776 184 337 886 105.443130 180.813599 67.586761 -0.184887 0.025161 0.042393 22.687391 -73.933357 435.643463 -10.477197 -75.255417 436.603577 55.851982 -72.611290 434.683319
665 267 683 257 704 256 722 265 703 271 683 272 826 263 845 253 868 253 888 262 868 268 847 268 1268 757 -79.833817 158.241852 56.415482 -0.375160 0.132174 0.012475 50.378380 -37.267429 427.317566 17.462353 -36.858383 431.668121 83.294411 -37.676476 422.967010
678 253 696 243 717 242 735 250 716 256 697 257 842 249 862 239 884 239 904 248 884 254 863 253 222 716 127.994110 147.027924 63.447361 -0.376529 0.176694 0.030889 55.701744 -42.600368 424.186066 23.023411 -42.507912 430.074829 88.380074 -42.692825 418.297302
680 251 698 242 719 241 737 249 718 255 698 256 844 247 864 238 886 238 907 247 886 253 865 253 161 853 140.365234 173.792526 67.995148 -0.383120 0.173745 0.034982 56.409348 -43.093563 423.398773 23.718334 -43.132099 429.217346 89.100357 -43.055023 417.580170
677 248 695 238 717 237 735 246 716 252 696 253 840 245 860 235 883 234 903 244 883 250 861 250 1278 609 -82.088058 129.159973 51.943359 -0.360085 0.139982 0.022347 55.346642 -44.106316 424.228149 22.471300 -44.003517 428.893005 88.221985 -44.209118 419.563293
676 245 694 238 715 238 734 248 715 253 695 253 835 247 854 236 876 236 895 243 876 251 855 251 814 715 10.327048 148.613510 58.749065 0.177863 0.039285 -0.008495 56.291275 -46.160789 441.003632 23.113211 -45.995945 442.325867 89.469345 -46.325634 439.681366
678 248 696 240 717 239 736 247 717 253 696 254 843 245 863 236 886 236 906 244 886 250 864 250 529 873 67.258003 178.834503 65.686722 -0.364370 0.169877 0.029602 55.777771 -44.067268 422.528687 23.059971 -44.009991 428.194550 88.495567 -44.124546 416.862823
677 246 695 236 717 235 736 245 716 252 696 253 840 243 860 232 884 231 904 241 884 248 862 248 652 614 42.344017 128.258820 57.028522 -0.325123 0.160200 0.018937 55.397484 -44.976368 423.545898 22.619987 -44.736176 428.850403 88.174988 -45.216560 418.241425
679 246 697 236 718 235 737 245 718 251 697 252 843 242 862 231 886 230 906 239 886 247 864 247 251 394 121.649956 83.776978 53.660355 -0.314219 0.160437 0.013545 55.792240 -45.050674 421.094330 23.013367 -44.662853 426.381531 88.571114 -45.438492 415.807098
679 243 698 232 720 232 738 242 719 249 698 250 842 241 862 229 885 229 906 239 885 247 863 247 506 277 70.755638 61.530479 48.176334 -0.283283 0.165763 0.024431 56.450634 -46.042469 425.386688 23.707729 -46.066513 430.905884 89.193535 -46.018425 419.867523
678 247 696 238 717 237 735 246 716 252 696 253 840 244 860 234 882 233 902 242 882 249 861 249 1248 805 -75.772156 167.623367 57.998043 -0.333928 0.147105 0.016525 55.639008 -44.845699 426.194763 22.793974 -44.575771 431.062073 88.484039 -45.115627 421.327454
680 243 698 232 720 231 738 242 719 248 698 249 842 240 862 229 885 228 906 239 886 246 863 246 236 54 124.018753 16.852917 43.686024 -0.281050 0.172049 0.026890 56.300068 -46.170597 424.031128 23.594137 -46.251789 429.764832 89.006004 -46.089405 418.297455
680 247 699 237 720 236 738 245 719 251 699 252 845 242 864 233 887 232 908 241 887 248 866 248 243 631 123.667030 130.371414 60.758598 -0.354475 0.173893 0.026438 56.505489 -44.818844 422.001892 23.807652 -44.663879 427.780029 89.203331 -44.973804 416.223755
680 239 698 231 720 232 739 243 720 248 699 247 840 242 859 232 882 231 900 238 881 247 860 247 1200 515 -66.754219 110.435089 49.768166 0.158149 0.056753 -0.002840 58.016930 -48.077034 439.444641 24.865601 -48.131855 441.327698 91.168259 -48.022213 437.561584
681 242 699 235 720 236 739 245 720 250 700 250 840 245 859 235 881 234 899 241 880 249 859 249 449 750 82.937103 154.399231 62.666462 0.170155 0.042850 -0.001651 58.538654 -47.339645 442.700287 25.364292 -47.405830 444.120483 91.713013 -47.273457 441.280090
678 242 696 229 719 229 738 241 718 248 697 249 840 239 859 226 884 225 905 236 884 245 862 245 1100 14 -47.780991 11.585999 35.685009 -0.268099 0.156609 0.014777 55.699490 -46.650192 423.745392 22.902199 -46.441505 428.927460 88.496780 -46.858875 418.563324
684 242 703 232 724 231 743 241 723 247 703 248 848 239 868 229 891 229 912 238 892 245 870 245 4 454 170.851501 94.835510 57.389290 -0.326944 0.177546 0.031977 58.211281 -46.293682 422.787903 25.540546 -46.378384 428.718811 90.882011 -46.208977 416.856995
681 242 700 230 722 230 741 241 721 247 700 248 844 239 863 227 887 227 908 238 887 245 865 245 456 126 80.421524 31.677847 44.088329 -0.295198 0.162102 0.025589 57.116009 -46.524818 424.358521 24.354094 -46.571507 429.763550 89.877922 -46.478130 418.953491
679 244 698 232 720 231 738 242 718 249 698 250 842 241 861 229 885 228 906 239 885 247 863 247 852 360 2.134605 78.898476 47.911507 -0.319239 0.153826 0.022663 56.127571 -45.861576 423.795837 23.319942 -45.791622 428.915833 88.935204 -45.931534 418.675873
681 242 700 230 722 230 740 240 721 247 700 248 844 239 863 227 887 226 907 237 887 244 865 244 1078 348 -42.806522 77.218452 45.773022 -0.311735 0.143227 0.016617 56.932919 -46.711208 423.608124 24.069891 -46.518169 428.356171 89.795944 -46.904247 418.860077
683 242 701 231 723 230 741 240 722 247 701 248 846 239 866 228 889 227 910 238 889 245 867 244 172 374 137.315872 79.605080 53.689678 -0.318677 0.174429 0.029948 57.520004 -46.565598 423.322632 24.829483 -46.625443 429.143799 90.210526 -46.505756 417.501495
592 158 608 150 628 150 644 159 627 164 609 164 742 164 760 157 780 159 796 170 778 173 759 171 738 236 24.569706 54.164139 45.129692 -0.178568 0.069855 0.076778 19.450727 -84.876389 465.937134 -13.575838 -87.201324 468.466980 52.477295 -82.551445 463.407257
587 156 604 147 625 147 641 157 623 162 604 162 739 162 758 154 779 156 796 167 777 171 757 169 1163 234 -59.906422 55.050251 41.718700 -0.206943 0.067623 0.072872 18.049358 -84.698967 459.392029 -14.992089 -86.866165 461.867004 51.090805 -82.531776 456.917023
588 160 604 153 623 153 639 161 622 166 604 166 736 166 754 160 774 162 790 171 772 174 754 172 274 883 117.959534 180.033813 67.994537 -0.240989 0.060471 0.069673 17.333305 -84.601044 468.574127 -15.730987 -86.648338 470.837067 50.397598 -82.553749 466.311218
585 153 604 147 624 148 642 155 623 158 603 157 731 160 751 155 772 156 791 164 771 166 751 164 1274 181 -82.064148 44.959190 39.270073 -0.593929 0.031177 0.075815 16.969461 -88.000313 471.477661 -16.127089 -90.071259 473.177429 50.066013 -85.929367 469.777924
587 159 603 151 622 151 638 159 621 164 603 164 736 164 754 158 774 160 790 169 772 173 753 171 1306 835 -87.246117 173.699066 58.431171 -0.237147 0.051578 0.068268 17.040222 -85.006645 467.146179 -16.043690 -87.047523 469.108093 50.124134 -82.965767 465.184265
588 155 606 150 625 151 642 156 624 158 606 158 730 160 749 156 769 158 788 164 768 165 749 164 800 542 12.797977 114.541809 53.724110 -0.574090 0.033503 0.071097 17.233374 -89.205482 479.631317 -15.871721 -91.125862 481.341431 50.338467 -87.285103 477.921173
587 155 604 147 623 147 639 156 622 161 604 161 737 161 755 154 775 156 791 166 773 170 754 168 238 389 124.224808 82.754326 53.614456 -0.191943 0.079860 0.076537 17.252235 -85.977745 464.524841 -15.750267 -88.244972 467.397827 50.254738 -83.710518 461.651825
585 155 603 150 622 151 639 156 621 158 603 158 729 160 748 157 767 158 786 165 767 166 748 164 887 503 -4.564312 107.132332 51.880329 -0.576355 0.034746 0.073232 16.066523 -88.681084 477.642914 -17.032255 -90.654564 479.413788 49.165298 -86.707596 475.872040
588 156 604 148 624 149 640 158 623 163 605 162 737 163 755 156 775 158 792 169 773 173 754 170 201 492 131.764465 102.903305 56.963715 -0.205166 0.068593 0.080412 17.603857 -85.523201 466.559387 -15.416308 -87.937035 469.089539 50.624023 -83.109367 464.029236
586 158 602 150 621 150 637 159 620 164 602 164 734 164 751 156 771 158 787 168 770 172 751 171 623 614 48.108025 128.171509 57.257221 -0.179432 0.067310 0.068459 16.251802 -85.696442 468.904694 -16.800508 -87.754135 471.327545 49.304115 -83.638748 466.481842
586 152 605 148 624 149 641 154 622 156 604 155 730 158 749 154 769 155 787 162 768 163 749 161 821 475 8.503326 101.425949 51.569656 -0.572327 0.033001 0.071117 16.656363 -89.655258 476.685822 -16.449207 -91.582581 478.378845 49.761932 -87.727928 474.992798
587 146 605 139 624 139 640 146 622 149 604 149 727 145 745 138 765 138 784 146 765 149 746 148 890 661 -4.875919 138.220383 56.546772 -0.560179 0.078466 0.040814 16.032110 -95.806923 483.329468 -17.046270 -96.380264 486.166992 49.110493 -95.233582 480.491943
585 152 603 148 623 149 640 155 621 156 603 156 730 160 749 155 769 157 787 164 768 165 749 163 1195 467 -65.846909 100.978310 48.382759 -0.572006 0.024923 0.073869 16.304996 -88.460320 472.950714 -16.801683 -90.548943 474.415314 49.411674 -86.371689 471.486115
584 151 603 145 623 146 640 153 621 155 602 155 729 157 748 153 769 154 788 161 768 163 748 162 557 213 60.503624 49.095051 45.874352 -0.587503 0.032528 0.076430 16.255014 -89.633438 474.633301 -16.838568 -91.716896 476.375000 49.348598 -87.549988 472.891571
585 153 604 149 623 150 640 155 621 157 603 157 729 160 748 156 768 157 787 164 767 165 748 163 832 603 6.547597 126.637009 55.282486 -0.545707 0.031900 0.072526 16.331541 -89.399658 479.031677 -16.771664 -91.405907 480.678650 49.434746 -87.393410 477.384705
585 151 603 146 621 147 637 152 620 154 602 154 728 156 747 153 766 154 783 161 765 162 747 160 415 393 89.051697 84.074020 52.337341 -0.661192 0.033479 0.077095 15.637432 -91.035576 480.767151 -17.454372 -93.056007 482.613739 48.729237 -89.015144 478.920532
584 152 602 148 621 149 638 154 620 155 602 155 728 157 747 154 766 155 785 161 766 162 747 160 1389 548 -104.260193 117.495285 49.257259 -0.649900 0.027051 0.065683 15.398744 -88.942894 471.930817 -17.725235 -90.690170 473.450256 48.522720 -87.195610 470.411407
586 155 602 147 621 148 637 156 620 162 602 161 735 161 753 154 773 156 789 165 771 170 752 168 908 612 -8.541862 128.636139 54.950294 -0.090992 0.067303 0.063541 16.565851 -86.748116 468.317596 -16.496925 -88.750526 470.641968 49.628628 -84.745697 465.993225
589 142 606 136 623 135 639 140 622 142 606 143 731 138 748 134 766 134 783 140 766 142 749 141 90 779 154.343796 159.022781 66.358437 -0.549679 0.091711 0.040691 16.949663 -100.726517 495.186615 -16.092323 -101.193031 498.437622 49.991650 -100.260002 491.935577
585 158 601 150 620 150 636 159 619 164 601 164 734 163 752 156 771 158 788 167 770 172 751 170 447 612 83.085983 127.248238 58.585819 -0.124994 0.065729 0.063622 16.086815 -85.331146 466.472931 -16.979345 -87.299141 468.778534 49.152973 -83.363152 464.167358
282 250 288 247 295 249 300 254 293 256 287 254 337 261 344 258 352 260 359 265 351 267 344 265 1166 502 -60.019844 107.775589 49.650402 -0.056690 0.365593 0.197141 -314.782288 -94.804222 1021.282593 -345.164490 -100.821129 1033.252441 -284.400055 -88.787323 1009.312744
