587 369 609 357 634 356 655 368 633 374 609 375 771 371 791 360 816 361 836 374 815 380 792 378 552 559 40.640816 102.219528 63.713253 -0.377121 0.027196 0.025539 28.641546 0.124142 397.263977 -4.540433 -0.535472 398.303558 61.823528 0.783756 396.224426
561 338 582 327 608 325 630 333 607 340 583 343 755 332 776 324 800 325 820 336 800 341 777 339 562 820 38.506031 153.749847 70.038269 -0.302174 -0.018392 -0.013911 19.832743 -12.504329 374.903320 -13.363309 -12.141010 374.232635 53.028793 -12.867647 375.573975
554 337 575 325 600 322 622 329 600 338 576 341 744 326 764 318 788 319 809 331 789 335 765 334 621 537 26.926437 97.841354 63.142826 0.175001 0.071183 -0.048060 16.447567 -13.653374 374.529327 -16.635160 -12.273802 377.017212 49.530296 -15.032946 372.041473
544 323 564 310 589 309 609 322 588 330 565 331 735 319 754 306 779 306 799 318 779 327 757 327 726 147 6.255370 20.782568 53.627632 -0.312375 0.001445 -0.022795 13.048322 -18.196259 384.260590 -20.147900 -17.444225 384.190521 46.244545 -18.948292 384.330627
512 320 531 306 555 304 575 314 555 324 532 326 694 309 714 296 739 296 760 309 739 316 716 316 1340 102 -115.866707 11.592773 52.208447 -0.394657 0.021949 -0.046568 -0.465488 -21.205324 394.246338 -33.626877 -19.557613 394.654938 32.695900 -22.853035 393.837738
554 341 573 330 596 328 616 335 596 343 574 345 734 331 753 323 775 324 794 333 775 338 754 337 177 770 115.124527 144.068054 69.031059 -0.472160 0.015586 -0.032068 14.591534 -13.205173 403.343842 -18.592566 -12.059794 403.595520 47.775631 -14.350553 403.092133
551 337 571 325 595 324 614 334 594 343 572 344 733 331 752 319 775 319 794 329 775 337 754 338 587 740 33.577187 137.941208 68.084587 -0.392981 -0.000706 -0.034903 14.061952 -14.013122 399.176971 -19.122889 -12.888553 398.929382 47.246792 -15.137691 399.424591
527 342 547 330 570 328 590 336 570 344 548 347 711 330 730 321 753 321 774 331 754 337 732 337 1020 507 -52.432598 91.719948 62.202221 -0.420402 -0.010436 -0.053114 5.456062 -13.170476 398.096436 -27.700829 -11.530920 397.394958 38.612953 -14.810033 398.797882
546 333 566 320 590 318 610 327 589 336 567 338 729 323 749 313 772 314 793 325 772 331 750 330 118 164 127.199425 24.440697 54.364494 -0.383896 0.019814 -0.029039 12.530583 -16.156826 399.039978 -20.653965 -15.091565 399.498932 45.715130 -17.222086 398.581055
545 341 564 330 586 327 606 334 586 342 565 345 723 330 742 322 764 323 784 333 764 338 743 337 108 811 128.828323 152.197845 70.062317 -0.447974 0.013720 -0.035612 10.920243 -13.590113 408.864441 -22.260794 -12.346728 409.044403 44.101280 -14.833497 408.684479
540 342 559 331 581 329 601 335 581 343 560 346 720 331 739 323 761 324 781 334 761 339 740 338 327 708 85.318558 131.751602 67.447235 -0.448435 0.011529 -0.035042 9.259151 -13.074171 404.896698 -23.923447 -11.865066 405.010193 42.441750 -14.283278 404.783203
536 334 555 322 579 321 598 330 578 338 556 340 720 326 738 316 762 316 782 327 762 333 740 333 110 303 128.713470 51.890652 57.740101 -0.376207 0.013271 -0.031306 8.509935 -15.504885 399.868469 -24.675909 -14.407998 400.105499 41.695778 -16.601770 399.631439
533 331 553 318 578 316 598 327 577 337 554 338 718 323 737 311 762 311 782 323 762 331 740 331 717 33 8.109316 -1.722631 50.867451 -0.314689 -0.007852 -0.040023 8.243389 -16.660225 397.877930 -24.934036 -15.394132 397.414215 41.420815 -17.926319 398.341675
536 335 556 323 579 321 598 329 578 338 556 340 719 326 737 317 760 317 780 328 761 334 739 333 362 450 78.499519 80.791336 61.170959 -0.424018 0.008795 -0.030495 8.421803 -15.493326 403.404327 -24.766537 -14.449986 403.476196 41.610142 -16.536665 403.332489
535 336 554 324 577 323 596 331 576 339 555 341 715 329 733 320 756 321 775 331 756 337 735 336 804 660 -9.547512 122.037369 66.028412 -0.395522 -0.020040 -0.028446 7.443769 -14.775508 408.407013 -25.741205 -13.985465 407.574585 40.628742 -15.565551 409.239441
545 330 566 316 591 313 612 324 590 333 567 335 725 321 745 309 770 310 790 324 770 330 747 329 140 0 122.914192 -7.952528 50.375057 -0.355567 0.020802 -0.021734 12.238870 -17.211142 404.778961 -20.951075 -16.383169 405.328186 45.428814 -18.039112 404.229736
546 334 566 323 589 321 608 331 588 339 566 340 728 328 746 318 769 319 788 329 769 336 748 335 188 483 113.096123 87.393555 62.064228 -0.397801 0.001766 -0.022677 12.121508 -15.238586 406.659760 -21.074829 -14.493858 406.569061 45.317844 -15.983315 406.750488
544 332 564 319 588 317 608 328 587 336 565 338 727 325 745 314 769 314 788 326 769 333 747 332 183 128 114.288597 17.300159 53.456646 -0.352718 0.012738 -0.021285 11.748554 -16.284985 404.768677 -21.446150 -15.519040 405.059540 44.943256 -17.050928 404.477814
548 337 567 325 590 324 610 333 589 341 568 343 729 331 747 321 769 321 788 332 770 339 749 338 549 660 41.181351 122.163788 66.164528 -0.392650 -0.008672 -0.023934 12.574504 -14.225468 407.317047 -20.619688 -13.506891 406.882416 45.768696 -14.944043 407.751648
544 345 563 334 586 331 606 338 586 346 564 348 723 334 742 326 764 327 783 337 764 342 743 341 675 773 16.052368 144.413528 68.837997 -0.459058 0.007319 -0.033183 10.731165 -12.103128 409.528961 -22.454813 -10.984974 409.515045 43.917141 -13.221283 409.542908
509 455 525 446 544 446 560 453 543 458 525 459 656 454 672 447 691 448 707 457 691 461 673 460 789 116 -6.260372 14.630286 52.842121 0.113113 -0.006793 0.013905 -12.866488 39.041992 480.404846 -46.067329 38.594032 480.153717 20.334352 39.489952 480.656006
477 373 495 361 517 358 536 365 517 374 496 377 653 359 672 351 696 351 716 361 696 367 674 366 1201 672 -88.532074 124.209984 66.107552 -0.416154 0.013127 -0.049081 -15.876541 -1.925604 409.410858 -49.039124 -0.253838 409.499908 17.286041 -3.597369 409.321777
524 369 545 358 568 357 588 366 567 372 545 373 704 369 724 361 747 363 766 375 745 379 724 376 862 688 -21.101442 127.537300 66.676575 -0.476311 -0.017564 0.023670 3.546109 -0.036526 403.731354 -29.644552 -0.929264 403.353668 36.736771 0.856212 404.109039
513 363 533 351 557 350 577 360 556 368 533 369 693 361 712 350 736 351 756 364 736 370 713 368 893 251 -27.025005 41.234901 56.060928 -0.407809 -0.001476 0.005846 -0.723669 -3.032297 404.068909 -33.927887 -3.230923 404.060303 32.480549 -2.833670 404.077515
494 369 513 359 535 357 554 364 535 372 513 374 671 363 690 354 712 356 732 366 712 371 691 369 1272 685 -102.663826 126.741676 66.384956 -0.455923 -0.017318 -0.020247 -9.181555 -1.591981 411.127228 -42.374786 -1.071626 410.421356 24.011677 -2.112336 411.833099
505 369 523 358 546 356 565 364 545 371 524 373 680 362 699 355 722 356 741 366 721 371 700 369 467 699 57.472435 129.905121 67.154213 -0.473301 0.005299 -0.008409 -5.396736 -1.731160 414.219910 -38.599937 -1.421385 414.324524 27.806467 -2.040934 414.115326
507 357 526 345 549 345 567 356 547 364 526 365 685 355 703 344 726 344 746 355 727 363 705 363 172 201 116.436226 31.719692 55.233074 0.221806 -0.030522 0.000956 -3.802098 -4.921376 395.313232 -36.991493 -4.840933 394.304718 29.387299 -5.001818 396.321747
512 366 531 356 553 354 572 362 553 369 532 371 686 361 705 353 727 355 745 365 726 369 705 368 112 645 128.125061 119.418640 66.033981 -0.453559 0.008466 -0.002536 -2.966406 -2.432286 419.184875 -36.169945 -2.288272 419.437653 30.237133 -2.576299 418.932098
511 359 531 347 554 345 574 355 553 363 531 365 688 355 707 345 731 346 750 359 730 364 708 362 296 108 91.819893 13.295074 52.911243 -0.429594 0.009619 0.002195 -2.184342 -5.010838 413.351624 -35.387562 -5.013941 413.676697 31.018879 -5.007733 413.026550
507 365 526 354 549 352 569 360 548 368 527 370 682 359 701 350 724 351 743 363 724 367 702 366 878 455 -24.154613 81.522781 61.016796 -0.475401 -0.013221 -0.013530 -4.346273 -3.212195 416.781433 -37.545258 -2.882087 416.254028 28.852709 -3.542304 417.308868
509 362 528 350 552 349 571 357 551 365 529 367 685 356 704 347 728 349 747 361 727 366 705 364 443 318 62.459190 54.687359 57.926163 -0.467644 0.001785 -0.004308 -3.290532 -4.103426 415.892212 -36.494991 -3.951928 415.916504 29.913927 -4.254923 415.867920
527 364 546 354 568 352 587 359 567 366 546 368 698 360 717 353 738 354 756 365 737 369 717 367 221 828 106.338997 155.498535 70.414322 -0.479948 -0.015192 0.003301 2.356392 -3.048048 425.494720 -30.844484 -3.272236 425.035248 35.557270 -2.823860 425.954193
493 232 514 217 539 214 561 225 539 234 515 236 675 221 695 208 720 209 741 222 720 229 697 228 671 6 17.275448 -7.031061 50.237141 -0.257129 -0.022963 -0.046317 -7.061637 -55.037914 399.326630 -40.222332 -53.615002 398.376251 26.099058 -56.460823 400.276978
495 235 514 224 537 222 557 231 536 239 515 240 676 228 695 219 717 219 736 229 717 235 696 235 683 566 14.576203 103.536758 63.813107 -0.298668 -0.044084 -0.040081 -7.689818 -53.579018 404.810425 -40.836147 -52.485527 403.171936 25.456512 -54.672508 406.448914
481 232 501 219 525 217 545 228 524 237 502 238 663 223 681 210 705 209 725 221 706 229 684 230 1423 14 -132.329422 -5.824253 50.029770 0.276290 0.001490 -0.053048 -12.048388 -52.953648 388.996674 -45.206753 -51.222141 389.287231 21.109974 -54.685154 388.706116
486 245 506 234 528 231 548 238 528 246 507 249 665 233 685 224 707 225 727 234 707 240 686 239 383 743 74.158607 138.634705 68.266235 -0.356219 -0.013962 -0.052827 -11.323596 -51.083813 407.113647 -44.479374 -49.449112 406.350952 21.832184 -52.718513 407.876312
484 235 503 225 524 223 543 231 524 239 503 240 659 228 677 218 699 218 717 227 699 234 679 234 1293 553 -106.767952 100.667450 63.172192 -0.117888 -0.071014 -0.053365 -13.585076 -54.836823 413.467590 -46.659122 -53.210003 411.013885 19.488968 -56.463642 415.921295
476 234 495 221 519 219 539 230 518 239 496 241 657 225 676 213 700 212 720 223 701 232 678 232 914 135 -31.138048 18.319925 53.236229 -0.201418 -0.046092 -0.060126 -14.576838 -54.698345 404.370300 -47.686729 -52.870800 402.651306 18.533052 -56.525890 406.089264
480 232 500 219 523 217 543 227 523 236 501 238 661 222 679 210 703 210 723 221 704 229 682 229 489 58 53.452961 3.326733 51.595512 -0.258296 -0.027891 -0.056436 -13.307071 -56.103474 408.188477 -46.446476 -54.370411 407.032654 19.832335 -57.836533 409.344330
484 235 503 223 526 221 546 230 526 238 504 240 663 225 682 216 704 216 723 226 705 233 683 232 504 326 50.319592 56.236744 58.087639 -0.300274 -0.038129 -0.051774 -12.415453 -55.074539 411.052277 -45.552166 -53.570889 409.549927 20.721258 -56.578190 412.554596
560 343 581 331 606 330 627 341 605 348 582 349 740 344 760 334 783 336 802 350 782 354 760 352 413 411 68.375473 73.065376 60.197823 -0.420037 -0.054149 0.014519 17.953188 -9.729191 406.454285 -15.200221 -10.568990 404.809357 51.106598 -8.889393 408.099213
559 320 582 305 610 304 632 318 608 327 582 328 755 321 775 308 801 310 822 325 801 333 777 331 517 6 47.911701 -6.954713 50.319344 -0.318593 -0.025270 0.016615 20.101135 -17.625084 377.689758 -13.088622 -18.299940 376.952057 53.290894 -16.950228 378.427460
550 286 572 278 596 278 617 286 595 291 572 291 740 289 761 282 784 284 803 293 782 297 760 295 639 683 23.264233 126.660591 66.674339 -0.379359 0.001028 0.027740 14.858049 -28.952917 377.420258 -18.334124 -29.845585 377.626190 48.050220 -28.060249 377.214325
554 235 579 221 608 221 631 235 606 243 579 243 757 244 780 234 806 237 826 253 804 258 779 255 421 180 66.912682 27.449730 54.590824 -0.301276 -0.081770 0.046012 19.500343 -43.824383 360.443573 -13.559520 -45.732609 358.001495 52.560204 -41.916161 362.885681
538 249 562 236 590 236 613 249 588 256 562 256 739 255 762 244 788 247 809 262 786 267 762 264 218 274 107.244469 46.110970 56.979080 -0.249708 -0.045367 0.036734 13.541831 -40.204010 363.365326 -19.606718 -41.597496 362.026855 46.690380 -38.810520 364.703827
530 257 553 245 580 244 603 255 579 262 554 263 730 260 753 251 778 253 799 267 777 271 752 268 403 611 70.253410 112.560966 65.054008 -0.360255 -0.036937 0.025246 10.291177 -38.150967 364.484619 -22.880766 -39.189461 363.434235 43.463120 -37.112473 365.535004
525 265 547 254 573 253 596 262 572 268 548 270 722 265 744 257 769 259 789 271 768 275 744 273 601 821 30.746943 153.927963 70.041702 -0.378042 -0.034658 0.013939 7.767784 -36.443001 368.385071 -25.414139 -37.109722 367.348175 40.949707 -35.776279 369.421967
531 261 554 250 580 249 603 259 579 266 554 267 729 263 751 255 776 258 797 271 775 274 751 272 184 694 113.774315 129.058151 67.184006 -0.357125 -0.033842 0.026830 10.134743 -37.071789 367.223907 -23.039438 -38.142086 366.281647 43.308922 -36.001492 368.166168
529 263 552 252 578 251 601 260 577 267 552 268 728 264 749 256 774 258 795 271 773 275 749 272 353 725 80.136734 135.095413 67.845673 -0.365146 -0.032814 0.020853 9.485594 -36.820457 368.013916 -23.694405 -37.694130 367.073669 42.665592 -35.946789 368.954163
512 259 535 245 563 244 585 256 561 264 536 266 713 256 735 244 762 245 784 259 761 266 736 265 539 263 43.391907 43.779842 56.540939 -0.228673 -0.017953 -0.003542 4.344147 -39.188885 364.923187 -28.855131 -39.140160 364.318878 37.543427 -39.237610 365.527466
500 257 522 244 549 244 570 257 547 265 522 266 699 255 720 242 746 241 768 253 746 263 722 263 1281 175 -104.170113 26.036104 54.010498 0.254087 0.033072 -0.024423 -0.632812 -38.007511 352.688751 -33.809719 -37.344223 353.877289 32.544094 -38.670799 351.500214
509 256 532 242 560 240 583 253 558 261 533 263 706 254 729 242 756 243 778 258 755 264 730 262 202 138 110.503227 19.265270 53.689045 -0.265347 -0.005438 0.005944 2.767560 -40.183594 368.251709 -30.436182 -40.402485 368.099274 35.971302 -39.964703 368.404114
503 260 524 249 549 249 569 259 547 267 524 267 695 259 715 247 739 247 759 258 739 266 716 265 1433 796 -134.754486 148.579163 68.991241 0.175285 -0.003308 -0.014355 -1.506634 -38.571045 367.394806 -34.707855 -38.087257 367.327209 31.694586 -39.054836 367.462433
509 251 531 238 558 238 580 252 556 260 531 260 708 252 729 238 756 238 777 251 755 260 731 260 550 98 41.295532 11.194617 52.533119 0.308705 0.009666 -0.004626 2.458616 -39.559555 353.089569 -30.744305 -39.457539 353.428955 35.661537 -39.661568 352.750153
508 262 529 250 555 249 577 259 554 267 530 268 705 258 726 248 752 249 773 261 751 267 727 266 466 375 57.851887 65.930786 59.296379 -0.329477 -0.000331 -0.003353 1.532164 -38.881935 372.112335 -31.672462 -38.774410 372.083374 34.736790 -38.989464 372.141296
513 260 535 248 560 247 582 257 559 264 535 266 709 256 730 246 756 248 777 260 755 266 731 264 45 439 141.568588 78.776505 61.073372 -0.326171 0.009857 0.003325 3.097785 -39.661427 373.224304 -30.105247 -39.716988 373.563690 36.300816 -39.605865 372.884918
504 262 526 249 552 248 574 259 551 267 526 269 702 258 723 247 749 248 770 260 749 267 725 266 665 316 18.296352 54.182392 57.759155 -0.309424 -0.012624 -0.011444 0.527525 -38.956276 370.882446 -32.672508 -38.646683 370.411652 33.727558 -39.265869 371.353271
507 260 529 248 555 247 576 258 554 266 529 267 705 257 726 246 751 247 773 260 751 266 727 265 153 273 120.175911 45.945740 56.989521 -0.280892 0.009118 -0.000497 1.405685 -39.399483 371.952789 -31.797752 -39.340950 372.249298 34.609123 -39.458012 371.656281
509 263 531 251 556 250 578 259 555 267 531 269 706 259 727 249 752 250 773 262 752 268 728 267 279 444 95.014610 79.647766 61.069736 -0.334798 0.002013 -0.002288 1.860147 -38.837078 373.472870 -31.344513 -38.751438 373.525879 35.064808 -38.922722 373.419861
501 259 523 246 549 245 571 257 548 265 523 267 698 255 719 243 745 243 767 256 745 264 721 264 841 122 -16.608423 15.789225 52.959888 -0.234283 -0.013542 -0.014734 -0.737858 -40.257542 372.783417 -33.936050 -39.825214 372.280823 32.460339 -40.689869 373.286011
599 337 622 324 649 324 670 337 646 343 622 344 784 343 803 332 827 335 845 349 825 354 804 352 75 30 135.828369 -1.996708 51.137379 -0.340709 -0.088301 0.033721 33.239594 -10.435469 392.396240 0.181567 -12.026282 389.713715 66.297615 -8.844655 395.078766
490 362 509 349 532 345 552 352 532 361 511 364 666 343 686 332 710 332 732 342 711 348 688 348 1271 445 -102.331177 79.353416 60.564480 -0.406019 0.027887 -0.079214 -10.186367 -7.773008 406.130951 -43.275757 -5.032122 406.504272 22.903025 -10.513893 405.757660
497 359 516 347 539 344 559 352 539 361 517 363 675 346 694 336 718 336 738 346 718 352 696 352 1027 471 -53.805099 84.608162 61.325333 -0.355716 0.002600 -0.057434 -7.437058 -7.406002 408.241028 -40.587585 -5.524714 407.989990 25.713467 -9.287290 408.492096
516 359 535 348 557 346 577 352 557 360 536 362 694 347 713 339 735 340 754 349 735 354 714 353 283 591 94.136963 108.671394 64.632973 -0.445784 0.000337 -0.045091 -0.440948 -7.031675 411.176392 -33.612564 -5.581577 410.859039 32.730667 -8.481773 411.493744
510 359 528 347 551 345 571 351 551 359 530 362 686 346 705 337 727 337 747 346 728 352 707 351 1159 537 -80.101517 97.574631 62.855652 -0.419530 -0.021698 -0.059982 -2.996826 -7.507311 412.346405 -36.135098 -5.723732 411.235779 30.141445 -9.290891 413.457001
516 359 535 349 558 346 577 353 558 361 536 363 694 348 712 340 735 340 754 349 735 355 714 354 428 504 65.339607 91.421082 62.445457 -0.439893 -0.004899 -0.046183 -0.339830 -6.872638 413.775696 -33.509415 -5.423851 413.286469 32.829754 -8.321426 414.264923
519 363 538 352 560 349 580 354 560 362 539 365 693 348 713 341 735 342 755 350 735 355 714 354 333 687 84.136642 127.602112 66.934692 -0.475953 0.013115 -0.050177 0.092738 -6.127744 415.228241 -33.068268 -4.422899 415.258301 33.253742 -7.832590 415.198212
516 359 535 349 556 347 575 353 556 360 536 363 689 348 707 341 728 342 747 350 728 355 708 354 1245 756 -97.332092 140.774231 68.121422 -0.385677 -0.036582 -0.052167 -1.662359 -6.772987 421.107422 -34.800625 -5.315833 419.593597 31.475906 -8.230142 422.621246
519 360 538 350 559 348 578 355 559 362 539 364 690 352 708 344 729 345 747 354 729 359 709 358 1095 854 -67.546181 160.199005 70.578407 -0.371968 -0.043815 -0.040143 -0.924290 -5.821884 424.893494 -34.071167 -4.787648 423.227814 32.222588 -6.856121 426.559204
509 356 528 344 551 341 571 350 551 358 529 361 686 345 705 334 728 334 748 344 728 351 707 351 1202 259 -88.500908 42.661335 56.090023 -0.369684 -0.037003 -0.061160 -2.885986 -8.296889 412.806702 -36.006962 -6.538156 411.235901 30.234989 -10.055624 414.377502
514 359 532 349 553 347 572 354 553 361 533 363 682 351 700 343 721 343 739 352 721 357 701 357 1218 865 -92.021530 162.310013 70.779549 -0.312230 -0.042020 -0.041749 -3.760642 -6.265635 428.344177 -36.907692 -5.118576 426.757660 29.386408 -7.412695 429.930695
520 358 539 345 563 343 583 350 563 358 541 361 696 345 715 335 738 336 758 347 738 352 716 351 14 294 147.816422 50.161167 57.573055 -0.433659 0.015377 -0.042955 1.090988 -7.776968 414.192505 -32.079811 -6.286472 414.382660 34.261787 -9.267465 414.002350
519 361 538 349 561 346 581 353 561 360 540 363 694 347 713 339 736 340 755 350 736 354 714 353 483 580 54.355747 106.400253 64.259422 -0.479625 0.000419 -0.049545 0.462150 -6.705309 415.965149 -32.702690 -5.119932 415.591583 33.626991 -8.290687 416.338715
513 349 532 337 555 335 574 345 554 354 533 356 689 338 706 326 729 325 748 336 730 344 709 345 1392 62 -126.189133 3.668867 51.210522 0.172267 0.009112 -0.066992 -1.956513 -10.319735 402.152100 -35.085655 -8.133949 402.643982 31.172628 -12.505520 401.660187
522 362 541 351 563 349 583 354 563 362 542 365 694 349 714 342 736 342 755 352 736 356 715 355 253 741 100.021492 138.304245 68.287125 -0.489585 0.005131 -0.045964 0.919783 -6.041209 421.342896 -32.250225 -4.534877 421.140320 34.089794 -7.547540 421.545471
513 353 532 341 554 338 574 345 554 353 533 356 687 339 706 330 728 331 747 341 728 346 707 345 442 401 62.611885 71.076469 59.939800 -0.467120 -0.004507 -0.054761 -2.356437 -10.197001 420.882050 -35.512043 -8.479297 420.320953 30.799170 -11.914706 421.443146
514 346 533 334 556 333 576 341 556 350 534 352 691 336 709 326 731 326 750 336 732 344 711 343 619 314 27.448555 53.810291 57.735203 -0.443127 -0.020491 -0.049952 -1.383228 -11.815775 419.052582 -34.540443 -10.359944 418.033112 31.773987 -13.271605 420.072021
518 344 537 331 561 330 580 339 560 348 538 350 696 335 714 323 736 323 756 334 737 342 716 342 313 79 88.454124 7.560504 52.198795 -0.397946 -0.007142 -0.043293 0.421365 -12.683522 416.351257 -32.751907 -11.330626 415.838165 33.594639 -14.036420 416.864349
519 349 538 337 562 334 582 342 562 350 540 353 693 337 711 327 734 328 754 339 734 344 713 343 1042 259 -56.671036 42.740658 56.175430 -0.453926 -0.025584 -0.054246 0.302465 -11.243973 421.328918 -32.843662 -9.694495 420.107056 33.448593 -12.793451 422.550751
517 350 536 338 558 335 578 343 558 351 537 354 690 338 708 328 730 329 750 339 731 345 710 344 1171 272 -82.341118 45.243595 56.421875 -0.448464 -0.025848 -0.055756 -0.995058 -10.910245 422.928711 -34.138229 -9.310651 421.691345 32.148113 -12.509839 424.166077
559 248 584 235 611 235 634 249 609 255 583 255 755 255 776 245 801 247 820 262 799 267 776 264 174 270 115.999908 45.342968 56.905548 -0.226022 -0.080832 0.035790 20.269224 -41.498013 374.930481 -12.806482 -42.976604 372.406403 53.344933 -40.019417 377.454559
543 264 566 252 591 250 614 260 591 267 566 269 733 260 754 251 778 253 798 266 777 270 754 268 478 507 55.391102 91.988655 62.491531 -0.347198 -0.038840 -0.006409 13.345500 -39.508373 387.011627 -19.833847 -39.521496 385.711456 46.524845 -39.495247 388.311768
502 270 522 259 544 258 564 266 544 273 522 275 687 263 707 254 729 254 749 263 730 269 708 268 1348 855 -117.877731 160.271042 70.467613 -0.271203 -0.034701 -0.039504 -3.813631 -39.200863 393.575165 -36.972836 -38.061012 392.260742 29.345572 -40.340714 394.889557
502 273 522 263 545 261 565 269 544 276 523 278 689 264 708 255 731 254 751 263 732 270 710 270 1191 743 -86.582268 138.234116 67.834946 -0.251052 -0.010638 -0.044960 -3.455830 -38.315220 391.858398 -36.625397 -36.882591 391.322601 29.713737 -39.747849 392.394196
499 266 519 253 544 251 565 263 543 271 520 273 687 257 707 244 732 243 753 254 733 263 709 264 1368 216 -121.500450 34.088551 54.958485 0.256997 0.002435 -0.049327 -3.603217 -38.707825 373.157959 -36.767769 -37.098904 373.447144 29.561333 -40.316746 372.868744
511 266 531 255 555 254 575 262 554 270 532 271 698 260 718 251 741 251 761 261 741 267 719 267 835 480 -15.614264 86.480431 61.646107 -0.326682 0.001437 -0.018985 0.005987 -40.400616 393.653595 -33.192860 -39.773701 393.598419 33.204838 -41.027531 393.708801
527 267 547 257 570 256 590 263 569 271 547 272 711 261 731 253 753 254 773 264 753 269 732 268 238 818 102.962646 153.515564 70.162704 -0.342034 0.013698 -0.011091 5.242287 -40.052673 397.595154 -27.957418 -39.614517 397.978790 38.441994 -40.490829 397.211517
545 258 567 246 592 245 613 255 591 262 567 264 731 258 752 249 776 251 795 264 774 269 752 266 288 309 93.299393 52.987125 57.790611 -0.308155 -0.020666 0.019671 13.293227 -41.824188 396.329224 -19.898178 -42.571865 395.753754 46.484634 -41.076515 396.904694
548 257 570 244 595 243 617 254 594 261 570 262 734 257 754 248 779 251 798 264 777 268 755 266 200 242 110.843155 39.801392 56.212551 -0.290231 -0.029057 0.024895 14.392021 -42.148266 395.917816 -18.788656 -43.102177 395.085785 47.572701 -41.194355 396.749817
534 267 555 256 579 254 600 261 578 268 555 271 717 263 738 256 761 258 781 270 760 273 738 270 1172 659 -82.755669 121.657471 65.807732 -0.368233 -0.036798 -0.000974 8.362953 -39.457470 397.663727 -24.819618 -39.648254 396.463684 41.545525 -39.266682 398.863800
533 270 553 259 576 257 597 264 576 271 554 273 712 265 733 258 756 260 775 271 755 274 733 272 867 899 -22.213684 169.197433 71.791550 -0.376295 -0.019919 -0.000734 7.046773 -39.209587 403.742340 -26.151522 -39.308777 403.091919 40.245068 -39.110397 404.392731
530 260 552 246 577 245 599 256 576 264 552 265 716 257 737 246 762 248 782 262 761 267 737 265 551 21 41.139496 -4.009771 50.665009 -0.285469 0.000796 0.008970 7.684962 -41.861290 395.002197 -25.518515 -42.151352 395.070465 40.888439 -41.571232 394.933899
531 262 552 250 577 249 598 258 576 265 553 267 716 259 736 250 760 252 780 264 759 269 737 267 475 289 56.109371 48.945354 57.205711 -0.353277 0.000830 0.009842 7.524498 -41.150272 397.347931 -25.678711 -41.465504 397.432037 40.727707 -40.835045 397.263794
529 257 550 246 574 245 594 257 573 264 550 265 717 257 736 245 760 246 780 258 760 265 738 265 262 76 98.601570 6.993429 52.153255 -0.233125 0.015861 0.007073 7.031174 -42.386654 393.798828 -26.168653 -42.558273 394.347992 40.231003 -42.215034 393.249695
536 258 555 248 577 246 596 255 576 262 555 264 712 253 730 244 752 244 771 255 752 261 732 260 31 294 144.434494 50.152740 57.563980 0.151326 0.003410 -0.012122 6.619811 -43.590851 402.245911 -26.582375 -43.198437 402.389130 39.821995 -43.983265 402.102722
521 259 542 247 566 245 587 253 566 261 543 263 703 253 724 245 747 247 767 259 747 263 724 260 1367 237 -121.313210 38.235565 55.468357 -0.358184 -0.023374 -0.009436 3.320348 -43.237751 400.890930 -29.874029 -43.068642 400.075867 36.514725 -43.406857 401.705994
523 266 543 255 566 253 586 260 565 266 544 269 703 259 723 253 745 255 765 265 744 268 723 266 1260 618 -100.239258 113.518265 64.766335 -0.387852 -0.011260 -0.007525 3.039569 -41.249226 405.085358 -30.162237 -41.077187 404.672943 36.241375 -41.421261 405.497803
522 267 542 256 565 254 586 261 565 268 543 271 703 260 723 253 746 255 765 266 745 269 723 267 550 625 41.001915 115.252434 65.315102 -0.415755 0.006780 -0.003881 2.876911 -40.660332 403.528046 -30.326904 -40.489014 403.720337 36.080727 -40.831650 403.335724
521 264 541 253 564 251 585 258 564 265 542 268 702 257 722 250 745 252 765 263 745 266 723 264 288 452 93.219727 81.222923 61.258968 -0.406658 0.010916 -0.001809 2.628797 -41.735394 402.808655 -30.574011 -41.604263 403.149170 35.831604 -41.866524 402.468140
520 265 540 253 563 251 584 258 563 266 541 268 701 257 721 250 745 252 765 263 744 267 722 265 524 382 46.309658 67.284203 59.435200 -0.403984 0.005751 -0.005567 2.289941 -41.607468 402.388641 -30.913822 -41.389553 402.537628 35.493706 -41.825382 402.239655
480 235 500 221 525 219 545 229 524 239 501 241 670 225 689 213 714 213 735 225 715 233 692 232 1212 124 -90.415062 16.000202 52.810364 -0.219601 -0.023387 -0.048637 -10.389570 -51.905140 385.232635 -43.546234 -50.388779 384.286133 22.767094 -53.421497 386.179169
496 257 517 244 542 241 564 249 542 258 519 260 685 246 706 236 731 237 752 249 731 254 707 252 895 452 -27.534866 80.921997 60.934959 -0.323530 -0.027798 -0.041040 -4.214211 -43.550903 383.423035 -37.378597 -42.360367 382.297943 28.950172 -44.741440 384.548126
499 253 519 242 543 240 563 247 542 255 520 258 688 243 708 235 731 236 751 245 731 251 709 250 700 571 11.191494 104.515594 63.925301 -0.314903 -0.029168 -0.041420 -3.928596 -45.416183 389.238129 -37.091160 -44.215252 388.071198 29.233969 -46.617119 390.405029
496 247 517 232 542 229 564 238 542 248 518 251 682 234 703 223 728 223 750 237 729 242 705 241 692 52 13.072147 2.041373 51.341629 -0.324216 -0.024573 -0.049310 -4.772096 -48.676815 390.800690 -37.926968 -47.199921 389.736298 28.382776 -50.153713 391.865051
474 259 494 246 517 242 538 249 518 258 495 262 657 242 678 232 702 232 723 243 702 249 679 248 1375 424 -123.008896 75.155342 59.999626 -0.286297 -0.012525 -0.072279 -14.281578 -45.891151 396.285583 -47.397701 -43.585033 395.534637 18.834545 -48.197269 397.036499
474 262 492 251 514 247 534 253 515 262 494 265 652 246 672 238 695 238 716 248 695 253 674 252 1425 606 -133.057129 111.067024 64.387207 -0.291758 0.003341 -0.063742 -16.268227 -45.130928 404.245056 -49.405899 -43.029663 404.047882 16.869448 -47.232193 404.442230
478 266 497 255 519 252 539 259 519 267 498 270 658 253 677 245 700 246 720 255 700 260 679 260 1012 715 -50.956993 132.794174 67.251373 -0.308874 -0.013928 -0.055221 -14.344646 -42.880581 404.482605 -47.496052 -41.147812 403.746857 18.806761 -44.613346 405.218353
476 273 495 261 517 258 538 263 518 271 497 275 655 255 675 247 699 247 720 256 699 261 677 261 933 804 -35.290577 150.406662 69.452164 -0.365534 0.018051 -0.067806 -15.015265 -41.370354 403.195770 -48.139275 -39.062214 403.374634 18.108747 -43.678493 403.016907
480 271 498 259 521 256 541 262 521 270 500 274 658 254 678 246 701 247 722 256 702 261 679 260 231 722 104.408684 134.563538 67.838036 -0.352797 0.035782 -0.054470 -14.006173 -41.759693 403.986389 -47.141224 -39.782230 404.833527 19.128878 -43.737156 403.139221
482 270 500 258 523 255 543 262 523 270 502 273 656 254 676 246 699 246 720 256 699 261 677 260 112 894 127.986328 168.584473 72.073280 -0.394298 0.034274 -0.054381 -14.164212 -42.400917 409.396240 -47.301331 -40.421459 410.152954 18.972908 -44.380375 408.639496
479 271 497 260 519 257 539 262 519 270 498 273 655 255 675 247 697 248 717 256 697 261 676 260 1437 751 -135.525162 139.691788 67.897667 -0.362829 0.016646 -0.061018 -15.096081 -41.887390 406.747833 -48.235226 -39.807648 406.924713 18.043064 -43.967136 406.570953
476 269 495 255 518 252 539 260 519 268 497 272 656 252 676 242 700 243 722 253 701 259 678 259 883 296 -25.060711 50.125252 57.157707 -0.341789 0.021425 -0.058989 -14.610135 -42.390709 401.130463 -47.750210 -40.350811 401.496277 18.529942 -44.430611 400.764679
479 270 498 258 521 255 542 262 521 270 500 273 660 255 680 246 703 247 724 256 704 262 681 261 593 416 32.564079 73.963402 60.223011 -0.355101 0.020230 -0.051798 -13.461453 -41.642475 401.898041 -46.615479 -39.841335 402.253265 19.692570 -43.443615 401.542786
475 271 494 257 518 254 539 262 518 270 496 274 655 254 675 243 699 243 721 254 700 260 677 259 1265 253 -101.030579 41.445385 55.910870 -0.314085 0.011364 -0.067900 -14.922742 -41.787369 400.831055 -48.049541 -39.512665 400.850922 18.204060 -44.062077 400.811218
474 268 493 253 518 250 539 259 518 268 495 271 654 251 675 239 700 239 722 251 700 258 677 257 1316 35 -111.054893 -1.624689 50.596226 -0.248038 0.011833 -0.067384 -14.837967 -42.789066 399.118011 -47.965496 -40.527733 399.230652 18.289564 -45.050396 399.005402
482 276 500 265 523 261 543 267 523 275 502 278 659 260 679 252 702 252 722 262 702 266 680 265 596 776 31.766697 145.045059 68.952934 -0.402456 0.021170 -0.057151 -13.556576 -40.004814 406.992828 -46.700565 -38.019569 407.299896 19.587416 -41.990059 406.685760
478 276 497 264 519 261 540 267 520 275 498 278 657 260 677 252 701 252 722 262 701 267 678 266 922 689 -33.038200 127.705009 66.668800 -0.397197 0.015001 -0.056378 -14.262598 -39.540295 402.417480 -47.411659 -37.620541 402.535492 18.886463 -41.460045 402.299469
495 255 516 241 541 239 562 250 540 257 517 259 679 249 700 239 725 241 745 254 724 259 701 257 77 64 135.411545 4.715708 51.960957 -0.282908 -0.013948 -0.005945 -5.923028 -44.249889 395.232239 -39.124050 -44.120186 394.747528 27.277994 -44.379593 395.716919
488 263 508 251 532 249 553 257 532 264 509 266 671 255 692 247 715 248 736 260 715 264 692 262 466 390 57.843529 68.892586 59.660191 -0.388607 -0.018954 -0.019830 -9.118979 -42.032566 398.113190 -42.311459 -41.511395 397.373322 24.073498 -42.553741 398.853058
493 268 513 257 535 255 556 261 535 268 514 271 671 260 691 253 713 255 733 265 713 268 691 266 233 875 103.925568 164.772873 71.547867 -0.395286 -0.017556 -0.018296 -8.863816 -41.043228 407.005371 -42.058094 -40.565193 406.319061 24.330462 -41.521259 407.691681
524 344 542 337 563 337 582 345 563 348 543 348 686 350 705 344 725 346 743 354 724 357 705 355 965 879 -41.698338 165.199783 71.254150 0.058648 -0.001991 0.040670 -0.994532 -8.717743 433.178406 -34.171829 -10.065099 433.072784 32.182766 -7.370386 433.284027
538 281 560 270 585 270 606 281 584 286 560 287 724 287 745 279 769 281 788 293 767 297 745 295 767 449 -2.069294 80.393097 60.930523 -0.326231 -0.038564 0.042940 10.357320 -30.890804 386.678253 -22.792692 -32.497662 385.651459 43.507332 -29.283949 387.705017
475 305 495 295 518 293 539 301 518 307 496 309 659 300 681 292 705 294 727 304 705 307 681 306 1228 875 -94.016472 164.279587 71.016747 0.149555 0.008376 -0.000602 -13.243251 -24.119387 379.565216 -46.446896 -24.120224 379.843781 19.960394 -24.118547 379.286652
497 286 517 276 540 275 560 285 539 292 517 293 682 285 701 274 725 275 745 285 725 292 703 291 830 484 -14.621808 87.272720 61.745792 0.233266 -0.007137 -0.004616 -5.563911 -30.355282 381.108307 -38.767532 -30.175894 380.891266 27.639708 -30.534670 381.325317
523 276 545 263 571 262 592 274 569 281 545 282 705 279 726 269 751 272 771 286 749 290 727 288 436 152 63.944233 21.913605 53.903698 -0.279165 -0.046922 0.031793 4.556295 -34.642853 399.823547 -28.595545 -35.900307 398.432892 37.708134 -33.385399 401.214233
545 280 566 270 590 269 610 278 588 284 566 285 722 284 741 277 762 280 779 292 761 295 741 292 221 658 106.433708 121.931496 66.291100 -0.380185 -0.086884 0.030720 11.279125 -33.859928 414.188904 -21.786480 -35.395615 411.568390 44.344730 -32.324242 416.809418
524 289 545 276 571 275 591 287 569 295 545 296 706 291 726 280 751 282 770 296 749 302 727 300 779 101 -4.262647 11.673446 52.483646 0.233957 0.059343 0.014943 4.264968 -28.870169 388.473602 -28.877974 -29.590899 390.367188 37.407909 -28.149439 386.580017
540 287 563 274 589 273 611 287 587 294 563 295 727 290 748 279 773 281 793 295 772 302 749 299 234 101 104.157867 11.943640 52.774559 0.199148 0.047108 0.018880 11.484081 -28.547653 379.887329 -21.678120 -29.325367 381.378357 44.646282 -27.769939 378.396301
536 287 557 276 581 275 601 285 579 293 557 294 719 287 738 277 761 279 779 291 760 297 738 295 459 479 59.186501 86.469383 61.822556 0.251539 0.020559 0.015061 8.346183 -30.341526 390.969910 -24.847904 -30.921721 391.582764 41.540272 -29.761332 390.357056
480 279 499 267 522 265 541 275 521 284 500 285 660 273 680 262 704 262 724 274 704 281 681 281 1275 70 -102.917992 5.306498 51.467007 -0.309082 0.009658 -0.019465 -13.336917 -36.102386 401.478546 -46.533955 -35.417179 401.695068 19.860119 -36.787594 401.262054
510 289 530 278 554 276 574 284 553 291 531 293 689 285 710 278 733 280 753 292 732 295 710 293 660 567 19.151192 103.745613 63.849636 -0.399446 -0.020104 0.005232 -1.733646 -31.699448 406.554596 -34.931389 -32.000153 405.938965 31.464098 -31.398745 407.170258
541 281 562 268 587 267 608 278 586 285 562 286 722 282 742 274 765 277 784 291 764 294 742 291 306 276 89.736923 46.462246 56.980614 -0.311117 -0.066929 0.025034 10.708829 -33.460854 405.227631 -22.411926 -34.620857 403.171021 43.829582 -32.300850 407.284241
506 280 525 268 549 266 568 275 548 283 526 285 685 274 704 264 728 265 748 277 728 283 706 282 1332 32 -114.236214 -2.224981 50.514923 0.227710 0.015665 -0.015242 -3.597921 -34.705105 394.659180 -36.794838 -34.262352 395.232208 29.598995 -35.147858 394.086182
503 307 522 295 546 293 567 301 546 309 524 311 686 297 706 288 730 288 750 298 730 304 707 304 1142 736 -76.830467 136.876236 67.691315 -0.248073 -0.048638 -0.047583 -3.502412 -26.263319 398.395660 -36.630783 -24.899916 396.603516 29.625959 -27.626722 400.187805
513 294 533 282 557 280 577 289 556 297 534 299 693 287 713 278 737 279 757 291 737 296 714 295 768 242 -2.152901 39.519794 55.909363 -0.298343 -0.011063 -0.017219 -0.405096 -30.766781 405.644226 -33.603008 -30.257900 405.197693 32.792812 -31.275661 406.090759
518 300 538 289 562 287 583 295 562 302 539 304 696 295 716 287 740 288 759 300 739 304 717 302 571 492 36.898346 88.980751 62.078075 -0.399362 -0.021775 -0.006197 1.160878 -28.041327 409.535553 -32.035538 -27.983448 408.791107 34.357292 -28.099205 410.279999
520 303 539 294 560 292 579 298 560 305 539 307 695 297 713 290 734 292 752 300 734 305 714 303 1063 806 -61.153465 150.737122 69.431282 -0.367546 -0.021312 -0.015248 0.211325 -27.927547 418.623932 -32.982216 -27.561213 417.840179 33.404865 -28.293884 419.407684
530 299 549 289 571 288 590 295 570 302 549 304 705 294 723 286 744 287 762 297 744 302 724 301 117 513 127.203918 93.352348 62.829754 -0.295048 0.006576 -0.007019 4.080816 -29.287729 419.506409 -29.122473 -29.026043 419.687469 37.284103 -29.549416 419.325317
521 304 540 294 561 293 580 299 561 306 540 308 696 297 714 290 735 291 754 300 735 305 715 304 890 791 -26.729055 147.861099 69.159813 -0.321817 -0.012684 -0.020837 0.624927 -27.935904 420.475281 -32.570091 -27.323137 419.951019 33.819946 -28.548672 420.999542
516 303 535 293 556 292 575 298 556 305 535 307 691 296 709 289 730 289 749 298 731 304 710 303 1164 695 -81.184235 128.769745 66.685150 -0.293951 -0.015149 -0.023602 -1.341143 -28.324459 420.096069 -34.532993 -27.625490 419.485992 31.850706 -29.023428 420.706146
506 372 527 359 553 357 577 367 554 374 529 377 699 361 722 350 748 350 771 360 748 367 723 367 1111 652 -70.616631 120.305542 65.670509 0.164300 0.001806 -0.042815 0.597730 -1.383779 361.051819 -32.576668 0.026150 361.227997 33.772129 -2.793709 360.875610
489 290 509 278 534 276 555 284 533 293 510 295 683 279 703 269 728 269 750 280 729 286 705 286 708 542 9.616158 98.785492 63.217659 -0.313734 -0.008887 -0.047139 -6.198367 -31.335180 378.733276 -39.365295 -29.841972 378.199646 26.968561 -32.828388 379.266907
503 298 524 287 548 284 569 292 548 300 525 302 695 287 715 278 739 279 760 289 739 295 716 294 386 587 73.648712 107.830521 64.480980 -0.367608 -0.005301 -0.038016 -1.640423 -28.569426 383.541565 -34.821053 -27.367640 383.140137 31.540207 -29.771212 383.942963
492 294 513 281 538 279 559 288 537 297 514 299 684 284 704 273 729 273 750 284 730 291 706 291 1187 334 -85.558647 57.477760 57.917099 -0.314192 -0.033431 -0.048053 -5.303089 -30.113958 383.100830 -38.451492 -28.718307 381.761017 27.845314 -31.509609 384.440643
489 292 510 279 535 276 556 285 535 294 511 297 679 281 699 271 724 271 745 283 724 289 701 288 1416 382 -131.141891 66.841980 58.959064 -0.310542 -0.040690 -0.051694 -6.814412 -31.134335 386.377777 -39.947971 -29.654573 384.784943 26.319149 -32.614098 387.970581
488 288 508 273 535 271 556 282 534 291 510 294 677 277 698 265 724 265 746 278 724 286 700 285 1103 69 -68.700317 5.194316 51.534565 0.271649 -0.005233 -0.039948 -6.885154 -30.953545 370.815887 -40.063187 -29.620226 370.823334 26.292877 -32.286865 370.808441
489 297 509 285 533 282 554 289 533 298 510 301 676 284 697 275 721 276 742 287 721 292 698 291 1080 774 -64.517563 144.410202 68.646072 -0.393202 -0.021219 -0.049413 -7.754456 -29.904791 389.903839 -40.911884 -28.443470 388.899261 25.402971 -31.366114 390.908417
489 296 509 284 532 281 553 288 533 296 510 299 676 283 696 275 720 276 741 286 720 291 698 290 930 638 -34.601280 117.630928 65.427567 -0.391743 -0.016642 -0.046530 -7.873339 -30.194439 390.070648 -41.038132 -28.796103 389.233582 25.291456 -31.592775 390.907715
487 296 507 284 530 281 551 288 531 296 508 299 673 283 694 275 717 276 738 285 717 290 695 289 1341 652 -116.372070 120.191513 65.547737 -0.361488 -0.026040 -0.051833 -8.774437 -30.449289 391.666412 -41.924007 -28.920918 390.513336 24.375135 -31.977661 392.819489
495 295 515 284 538 281 559 288 538 296 516 299 682 284 702 276 725 277 746 287 725 292 703 291 394 627 72.034927 115.724678 65.446877 -0.377446 0.000393 -0.033088 -5.970054 -30.326189 392.460510 -39.156902 -29.251162 392.268372 27.216797 -31.401218 392.652649
490 297 510 287 533 284 553 290 533 298 511 300 675 286 695 278 718 279 739 288 718 293 696 292 1226 772 -93.561211 143.942902 68.519630 -0.368115 -0.022015 -0.045030 -8.164620 -29.829803 394.370514 -41.328201 -28.501743 393.384155 24.998959 -31.157862 395.356903
495 292 515 280 539 277 559 286 538 294 515 297 684 282 704 273 728 274 749 285 728 291 705 290 366 335 77.767845 58.082237 58.379589 -0.340034 0.004415 -0.028102 -5.435823 -31.070095 389.298157 -38.627331 -30.130299 389.284821 27.755684 -32.009892 389.311493
488 292 508 280 532 278 553 286 532 295 509 297 676 283 696 273 720 273 741 284 721 291 698 290 946 353 -37.625481 61.348850 58.506569 -0.391734 -0.015283 -0.038785 -8.023785 -30.800694 388.413574 -41.200115 -29.644024 387.670105 25.152548 -31.957361 389.157013
496 291 516 280 540 277 560 286 539 294 517 296 684 282 704 273 728 274 749 285 728 291 705 290 94 375 131.856354 66.115211 59.494946 -0.384091 0.011728 -0.022989 -5.295200 -30.987516 389.332397 -38.489090 -30.169031 389.567505 27.898691 -31.806004 389.097321
493 295 513 282 538 279 560 287 538 295 515 298 679 283 700 274 725 275 746 287 724 291 701 290 880 277 -24.453314 46.375130 56.698479 -0.402161 -0.006505 -0.036132 -6.257173 -30.351561 390.174072 -39.439911 -29.227009 389.725891 26.925566 -31.476112 390.622223
500 299 520 288 543 285 564 292 543 299 521 302 681 288 701 281 724 282 745 293 724 296 702 295 530 847 44.856964 159.096954 70.710213 -0.445099 0.000684 -0.028393 -5.324999 -29.066505 399.071381 -38.516640 -28.149685 398.886963 27.866642 -29.983326 399.255768
498 293 518 281 543 278 564 286 542 294 519 297 684 283 705 274 729 276 750 287 729 292 706 290 310 333 88.909416 57.715096 58.360970 -0.409081 0.005496 -0.022416 -4.603775 -30.655169 391.632050 -37.799866 -29.894711 391.659363 28.592318 -31.415628 391.604767
498 286 519 272 545 270 566 280 544 288 520 291 684 278 706 267 731 268 753 281 731 287 707 285 187 3 113.562492 -7.383469 50.422729 -0.353380 0.016029 -0.012709 -4.076081 -32.814442 389.856934 -37.274021 -32.308151 390.304352 29.121857 -33.320736 389.409515
500 289 520 278 543 275 563 283 542 291 520 293 686 280 705 272 729 273 749 283 729 288 707 287 464 402 58.234718 71.263016 59.952309 -0.393924 0.002116 -0.023200 -4.479232 -32.407776 395.521576 -37.675152 -31.643614 395.440247 28.716688 -33.171940 395.602905
498 296 518 285 541 282 562 288 542 296 519 299 679 285 699 278 723 279 743 290 722 293 700 291 1040 766 -56.555637 142.850403 68.473389 -0.446039 -0.009946 -0.032466 -5.929330 -30.332138 400.193512 -39.115318 -29.362123 399.637726 27.256659 -31.302153 400.749298
495 296 515 280 541 278 562 290 541 299 517 302 678 284 699 269 726 268 748 280 726 289 702 290 1292 137 -106.337242 18.527431 53.082966 0.163351 0.000318 -0.050822 -5.715151 -29.268042 378.557739 -38.877186 -27.589573 378.705719 27.446882 -30.946508 378.409729
502 294 521 281 546 279 566 289 546 297 523 299 683 283 704 271 729 270 751 282 730 289 706 289 960 477 -40.479683 85.826103 61.506622 -0.338872 0.044118 -0.041115 -4.116625 -31.074203 394.778168 -37.261650 -29.489998 395.985321 29.028400 -32.658409 393.571045
521 287 541 273 566 271 587 282 565 290 542 293 702 279 722 266 748 266 769 279 748 286 724 285 347 234 81.603912 38.148888 55.940052 -0.280956 0.051631 -0.021272 3.007378 -33.588810 399.891205 -30.146017 -32.652901 401.483704 36.160774 -34.524723 398.298676
489 299 507 286 530 283 550 293 530 302 509 304 665 286 685 274 709 273 730 283 710 291 687 292 1391 577 -126.277122 105.357742 63.701984 0.237296 -0.030673 -0.057262 -10.448686 -29.550406 394.187866 -43.583794 -27.547937 393.404083 22.686422 -31.552872 394.971649
519 296 538 284 562 281 583 290 562 298 540 300 697 284 718 273 743 274 764 285 743 291 720 290 263 392 98.226570 69.388130 59.817059 -0.344359 0.060837 -0.033999 1.597439 -31.044460 403.178253 -31.527561 -29.594374 404.964630 34.722439 -32.494549 401.391876
520 298 538 286 561 284 581 293 561 301 539 303 697 289 716 278 740 279 760 289 740 296 718 295 83 574 133.933777 105.413841 64.327408 -0.333803 0.041981 -0.028446 1.047322 -30.274088 410.286224 -32.115200 -29.116949 411.497681 34.209846 -31.431225 409.074738
511 301 530 288 554 285 574 294 554 303 532 305 688 288 708 276 732 276 753 287 732 294 709 293 715 525 8.233071 95.425316 62.801601 -0.327002 0.041374 -0.051621 -1.980639 -30.102676 409.505402 -35.113461 -28.197685 410.576233 31.152184 -32.007671 408.434570
511 302 530 289 554 286 575 295 554 303 532 306 688 288 708 276 732 276 753 287 733 294 710 293 622 468 26.765944 84.216591 61.468750 -0.312413 0.045581 -0.052499 -1.865910 -29.995653 408.955627 -34.991154 -28.047647 410.173431 31.259335 -31.943659 407.737854
508 296 528 281 552 278 573 289 552 298 530 301 684 282 704 268 730 267 751 280 731 288 707 288 801 3 -8.584655 -7.687871 50.094986 0.225431 -0.029650 -0.056462 -2.662753 -30.823912 394.441498 -35.800350 -28.855743 393.676300 30.474844 -32.792080 395.206696
506 294 525 280 550 278 570 290 549 299 527 301 683 283 702 269 727 269 748 281 728 289 705 290 1104 30 -68.877525 -2.506853 50.588116 0.209835 -0.004760 -0.057071 -3.568518 -30.796158 395.157410 -36.719093 -28.899525 395.198639 29.582058 -32.692791 395.116150
504 297 523 284 546 282 566 293 546 302 524 304 680 287 699 274 723 273 744 284 724 293 701 293 1285 304 -105.037727 51.505577 57.137161 0.235455 -0.004824 -0.056409 -4.844286 -29.637648 396.560577 -37.996143 -27.764072 396.621429 28.307571 -31.511223 396.499756
507 295 525 281 550 280 570 291 549 300 527 302 684 286 703 272 727 271 748 283 728 292 705 292 812 26 -10.785773 -3.151901 50.646965 0.227157 -0.014935 -0.050259 -3.511072 -30.030197 394.307983 -36.670452 -28.320354 394.005219 29.648308 -31.740038 394.610718
514 301 533 289 556 286 576 295 556 303 534 306 690 289 709 278 733 278 754 288 734 295 711 295 72 262 136.295914 43.813911 56.765961 -0.286808 0.061146 -0.040595 -1.345722 -29.851027 411.014618 -34.461754 -28.233643 412.823517 31.770309 -31.468410 409.205688
505 305 523 292 547 289 567 298 547 306 525 309 679 290 699 278 723 277 744 288 723 295 701 296 1433 489 -134.583435 87.961037 61.545193 -0.269912 0.019850 -0.070120 -5.008329 -29.339590 412.647369 -38.125546 -26.953117 412.985748 28.108885 -31.726065 412.308990
513 306 531 294 554 291 573 299 554 307 533 309 687 292 706 282 729 282 750 292 730 298 708 298 610 524 29.121984 95.279915 62.833393 -0.349481 0.042258 -0.050986 -2.328299 -28.684208 414.897156 -35.461071 -26.784090 415.978180 30.804472 -30.584324 413.816132
517 306 536 294 558 291 578 300 558 308 537 310 692 293 712 283 735 283 755 293 735 299 713 299 54 516 139.735260 93.975937 62.936142 -0.348005 0.057656 -0.042931 -0.428202 -28.302244 413.977051 -33.548122 -26.576895 415.606049 32.691719 -30.027594 412.348083
517 309 535 298 556 295 576 302 557 309 536 312 690 295 709 286 732 286 751 295 732 300 711 300 451 613 60.703339 112.932076 65.076889 -0.376927 0.043150 -0.049621 -1.219344 -27.633099 417.248566 -34.353237 -25.758615 418.339874 31.914551 -29.507582 416.157257
519 303 537 291 560 289 580 297 560 305 539 308 693 291 712 280 736 280 756 291 736 297 714 297 49 371 140.810730 65.347710 59.421947 -0.325418 0.059384 -0.040746 0.025550 -29.307251 415.104645 -33.093945 -27.661316 416.822083 33.145046 -30.953186 413.387207
516 309 534 299 555 296 575 302 556 309 536 312 688 295 707 287 728 286 748 295 729 300 708 299 1097 641 -67.825386 118.140495 65.411186 -0.372234 0.027847 -0.059718 -1.913806 -27.813244 420.947632 -35.047390 -25.707144 421.485748 31.219778 -29.919342 420.409515
520 310 538 300 559 297 578 303 559 310 539 313 692 296 710 288 732 288 751 296 732 301 711 301 498 817 51.239655 153.189224 69.999664 -0.394657 0.042480 -0.051085 -0.540169 -27.413128 421.321014 -33.672668 -25.487127 422.363953 32.592331 -29.339128 420.278107
497 262 517 249 540 246 561 255 540 264 518 266 676 251 696 240 720 240 741 252 721 258 698 257 1014 596 -51.288567 109.296257 64.364052 -0.365991 0.009250 -0.040286 -6.751278 -44.490891 407.433197 -39.928043 -43.127651 407.491425 26.425488 -45.854130 407.375000
496 252 516 237 540 235 561 247 540 256 517 258 674 242 694 228 719 228 740 242 720 250 696 250 1182 33 -84.396263 -1.953163 50.619244 0.326375 -0.022551 -0.041581 -6.885022 -46.120777 393.277252 -40.053020 -44.643875 392.765228 26.282978 -47.597683 393.789276
514 256 534 243 558 241 578 250 557 258 535 261 693 248 713 238 737 239 757 252 737 257 714 255 192 472 112.306503 85.219582 61.795296 -0.387837 0.014484 -0.015732 -0.354328 -46.056934 409.630280 -33.551643 -45.455494 409.999176 32.842987 -46.658375 409.261383
505 266 524 254 546 251 566 259 546 266 525 269 679 255 698 245 721 246 742 257 721 262 700 261 1438 879 -135.795410 164.965286 71.001671 -0.374638 -0.001141 -0.041166 -5.329522 -43.789391 416.250641 -38.506512 -42.461628 415.960602 27.847466 -45.117157 416.540680
507 265 526 253 549 250 569 258 549 266 528 269 683 255 702 245 726 246 746 257 726 262 704 261 1085 657 -65.447060 121.305695 65.805656 -0.377101 -0.000408 -0.037018 -3.889777 -43.710075 414.688385 -37.072109 -42.512623 414.446167 29.292553 -44.907524 414.930603
508 262 527 249 551 247 571 255 551 263 529 265 684 251 704 241 728 242 748 253 728 259 706 258 1167 437 -81.637299 77.825348 60.425957 -0.353249 -0.001840 -0.038116 -3.312585 -44.858273 412.827026 -36.493477 -43.629784 412.546021 29.868305 -46.086758 413.108063
513 264 532 251 555 249 575 257 555 265 533 267 689 254 709 244 733 245 753 257 732 262 710 260 596 572 31.880356 104.764610 64.005074 -0.390842 0.014992 -0.026202 -1.569295 -43.984043 413.109253 -34.759171 -43.040089 413.426544 31.620581 -44.927998 412.791962
516 255 536 241 560 239 581 250 560 258 537 260 694 248 714 236 738 237 759 251 738 257 715 255 159 89 119.084808 9.611384 52.523540 -0.274391 0.025024 -0.012985 0.312611 -46.432995 410.637177 -32.879089 -45.893990 411.398834 33.504311 -46.971996 409.875549
513 264 533 251 556 248 577 257 556 265 534 268 691 254 711 244 735 245 756 256 735 262 713 260 553 467 40.493134 84.053345 61.481327 -0.378005 0.012983 -0.028360 -0.866542 -43.606236 409.497528 -34.055397 -42.606441 409.742493 32.322311 -44.606026 409.252533
508 265 527 253 550 250 570 258 550 266 529 269 684 254 704 244 727 245 747 256 727 262 705 261 1385 534 -125.059547 96.870232 62.662254 -0.353423 -0.005042 -0.042282 -3.441713 -43.700535 413.369385 -36.616737 -42.355301 412.959991 29.733313 -45.045773 413.778778
511 267 530 256 552 253 572 260 553 268 532 270 686 256 705 248 728 248 747 259 728 263 706 262 1272 736 -102.692238 136.811783 67.621925 -0.364372 -0.003599 -0.039745 -2.771822 -43.275211 417.176605 -35.950489 -42.006382 416.822021 30.406845 -44.544041 417.531189
518 268 537 257 559 254 579 262 559 269 538 272 693 259 712 251 735 252 755 262 735 267 714 266 383 717 74.173088 133.500916 67.635628 -0.392391 0.014532 -0.022177 -0.079091 -42.286884 416.733978 -33.272385 -41.475895 417.061523 33.114201 -43.097874 416.406403
515 266 535 253 558 251 578 260 558 267 536 270 692 256 712 247 736 248 756 259 736 264 713 263 486 469 53.820782 84.481468 61.565601 -0.379626 0.019040 -0.023806 -0.380856 -42.953388 412.757660 -33.570427 -42.063335 413.226440 32.808716 -43.843441 412.288849
518 265 537 253 560 250 580 259 560 267 538 269 695 256 714 247 737 248 757 259 737 265 715 263 86 455 133.403275 81.915428 61.439556 -0.351524 0.023682 -0.016748 0.393702 -43.226650 413.706512 -32.797287 -42.545216 414.379944 33.584690 -43.908085 413.033112
514 266 533 254 556 251 576 259 556 267 534 270 690 256 709 246 733 247 753 258 733 264 711 262 836 496 -15.822114 89.639183 62.033642 -0.369129 0.008226 -0.031808 -1.252720 -43.243881 414.362946 -34.439816 -42.161877 414.437164 31.934376 -44.325886 414.288727
510 261 529 248 553 245 574 255 553 263 531 266 686 251 706 240 730 240 750 252 730 259 708 258 1296 141 -107.135216 19.315260 53.177849 -0.255167 -0.005273 -0.040946 -2.392780 -45.145809 412.818176 -35.569454 -43.823502 412.472534 30.783894 -46.468117 413.163849
516 260 536 247 560 245 580 255 559 263 537 265 694 253 714 241 738 242 759 255 738 261 715 260 266 220 97.725594 35.424702 55.643730 -0.300855 0.022715 -0.018009 0.297947 -44.628971 410.997894 -32.893021 -43.927467 411.651428 33.488914 -45.330475 410.344360
517 270 536 258 558 255 578 263 558 270 537 273 691 260 711 251 734 252 754 263 734 268 712 266 700 889 11.014320 167.305695 71.638145 -0.425134 0.010188 -0.027019 -0.553775 -41.808231 416.129364 -33.744953 -40.867146 416.269684 32.637402 -42.749317 415.989044
514 267 533 255 556 253 576 260 556 268 534 270 689 257 708 248 732 249 752 260 731 265 710 264 1051 615 -58.659809 113.029518 64.805130 -0.370964 0.001220 -0.031898 -1.488967 -42.983955 416.863037 -34.677059 -41.941658 416.708405 31.699123 -44.026253 417.017670
518 265 537 253 560 251 580 259 559 267 538 269 694 256 714 247 737 248 757 259 737 264 715 263 427 484 65.549690 87.472519 61.960907 -0.372528 0.019737 -0.020158 0.251066 -43.224304 414.225891 -32.940685 -42.449776 414.742889 33.442818 -43.998833 413.708923
600 288 626 267 658 268 679 291 652 302 624 302 772 292 795 271 826 273 846 297 823 308 796 306 164 657 117.773659 121.762299 66.297272 -0.325274 0.145497 0.075167 32.750599 -29.086573 397.235962 -0.013843 -30.750595 402.362549 65.515045 -27.422548 392.109375
596 280 620 260 651 260 673 282 647 292 620 292 768 277 790 254 819 254 841 275 819 288 792 287 172 334 116.362129 57.980965 58.458889 -0.325026 0.156118 0.019299 31.693333 -35.284901 407.157867 -1.105093 -35.078537 412.332855 64.491760 -35.491264 401.982910
592 288 617 272 646 272 667 288 642 296 615 297 759 288 780 275 808 277 831 295 808 302 782 299 1350 430 -118.038818 76.352455 60.158497 -0.449455 0.116654 0.071562 29.775312 -31.521631 417.143188 -3.124229 -32.956787 421.399963 62.674854 -30.086477 412.886414
594 279 616 267 641 267 661 279 638 284 616 285 759 281 779 271 802 273 822 287 802 291 780 288 758 535 -0.326779 97.378525 63.021191 -0.479925 0.065874 0.058871 29.016575 -35.224312 422.588531 -4.061205 -36.587898 425.149902 62.094353 -33.860722 420.027130
579 279 601 264 626 265 646 280 624 287 601 288 746 276 766 260 791 260 812 275 791 284 768 284 1109 623 -70.202599 114.580391 64.968208 -0.431074 0.132689 0.021706 23.062838 -36.039299 412.921906 -9.846912 -35.802200 417.332336 55.972584 -36.276398 408.511475
577 280 602 267 630 267 652 278 627 285 601 286 749 281 772 272 800 276 823 291 799 295 773 291 916 553 -31.768810 100.854355 63.373428 -0.212099 0.156525 0.082949 23.740789 -32.892872 399.503784 -8.946339 -35.064560 404.925507 56.427917 -30.721184 394.082062
582 285 604 271 631 271 653 284 629 291 604 292 752 284 774 271 800 273 822 288 799 294 775 292 357 466 79.485291 83.953064 61.561695 -0.495972 0.103523 0.047201 25.388592 -32.856838 411.153015 -7.605902 -33.523178 414.824402 58.383083 -32.190495 407.481628
593 283 613 271 637 272 656 283 635 289 613 289 754 284 773 274 796 276 816 289 796 294 774 292 529 165 45.435875 24.434391 54.169361 -0.400550 0.106821 0.058260 27.511909 -34.376099 428.860077 -5.450676 -35.554543 432.686127 60.474495 -33.197655 425.033997
578 286 604 270 634 270 657 283 631 291 603 292 753 284 776 273 805 276 829 293 805 298 778 294 0 489 150.492889 88.671478 62.310104 -0.462639 0.084035 0.061376 25.567429 -31.403162 398.403687 -7.460943 -32.732162 401.553284 58.595802 -30.074162 395.254059
579 285 605 271 634 270 658 283 631 290 604 291 756 286 779 276 808 280 831 296 807 300 780 296 506 407 49.876591 72.229454 60.051163 -0.390918 0.095041 0.078871 25.670834 -30.617701 393.328278 -7.284262 -32.555618 396.901184 58.625927 -28.679785 389.755341
579 287 605 272 636 271 659 285 632 293 604 295 755 287 779 275 808 278 832 296 807 301 780 297 81 455 134.397949 81.917908 61.442223 -0.485592 0.086079 0.067369 26.367708 -30.629101 399.994476 -6.642798 -32.095078 403.268158 59.378216 -29.163126 396.720795
585 290 608 276 634 275 654 289 631 297 607 297 752 287 772 273 798 274 819 290 797 297 774 295 1027 623 -53.889786 114.621048 65.011978 -0.433710 0.126559 0.038007 25.962561 -31.884302 418.137787 -6.957280 -32.207729 422.466675 58.882401 -31.560877 413.808929
583 293 606 277 635 277 656 293 632 301 606 302 754 290 776 274 803 275 825 291 803 300 778 299 306 474 89.626602 85.557976 61.782951 -0.511314 0.132042 0.037274 26.254801 -30.232882 409.816559 -6.644713 -30.318560 414.308136 59.154316 -30.147202 405.324982
584 290 606 275 632 275 653 289 630 297 606 298 749 289 770 275 795 276 816 292 795 299 771 298 1062 468 -60.766212 83.998451 61.233887 -0.462081 0.103787 0.044126 25.338825 -31.676336 420.323883 -7.658777 -32.305584 423.973816 58.336430 -31.047087 416.673981
584 294 606 279 633 278 654 293 631 301 606 302 749 287 769 272 795 272 817 287 795 296 771 295 1225 666 -93.303215 123.013367 65.949219 -0.464143 0.169385 0.022133 25.168846 -31.286007 417.643982 -7.561285 -30.712454 423.208954 57.898979 -31.859560 412.078979
585 297 606 281 633 281 653 295 631 303 607 305 747 288 767 273 794 272 815 288 794 297 770 296 1394 674 -126.927979 124.509209 66.053040 -0.449761 0.187645 0.017449 24.897337 -30.840191 419.804352 -7.729432 -30.023272 425.918793 57.524105 -31.657110 413.689941
575 291 599 271 630 271 652 291 626 301 599 302 747 286 769 266 800 266 823 286 799 297 772 296 38 560 142.893738 102.671806 64.011871 -0.447636 0.134307 0.021378 23.835255 -31.363228 406.023346 -9.068048 -31.067408 410.478088 56.738560 -31.659048 401.568604
583 294 605 280 631 279 652 293 629 301 605 302 749 289 770 275 796 276 817 291 796 298 772 297 1005 589 -49.494236 107.918541 64.199074 -0.467042 0.139461 0.029742 24.841759 -30.628677 415.906281 -8.032117 -30.517414 420.581268 57.715633 -30.739941 411.231293
583 296 606 281 633 281 654 296 630 304 605 305 755 293 777 279 803 281 825 297 803 305 778 303 229 151 105.124695 21.818777 53.989937 -0.546794 0.134499 0.049090 26.137064 -28.885029 410.786438 -6.736369 -29.240803 415.452332 59.010494 -28.529257 406.120544
581 297 603 282 629 281 650 295 627 303 603 305 747 290 767 275 793 275 815 290 793 299 769 298 1346 493 -117.278168 88.793983 61.688648 -0.482299 0.154340 0.021656 24.007486 -30.140711 416.248352 -8.802619 -29.619776 421.326263 56.817593 -30.661644 411.170441
