555 396 569 386 587 386 601 397 586 402 569 402 682 399 697 389 716 389 731 400 715 406 698 405 1573 238 -146.187439 51.074512 16.627792 -0.115710 0.193259 0.014512 -6.244571 19.180250 486.292694 -38.828449 19.072157 492.683228 26.339308 19.288343 479.902191
564 395 579 385 598 386 612 397 596 402 579 401 694 400 709 390 728 390 743 401 727 407 710 406 853 125 -4.018715 28.829388 16.699907 -0.140310 0.067016 0.031186 -0.451067 19.385365 488.973907 -33.565361 18.509953 491.262360 32.663223 20.260777 486.685486
571 395 586 386 605 387 619 399 603 403 585 402 701 403 716 393 735 394 750 405 734 411 716 409 321 192 101.013382 42.101826 17.289980 -0.139078 0.137024 0.051600 2.640199 20.335995 484.223328 -30.209894 18.949562 488.861084 35.490292 21.722427 479.585602
572 401 587 393 605 395 619 405 603 409 586 408 702 411 717 402 736 403 750 413 734 418 717 417 509 656 63.848835 133.683838 18.820925 -0.167139 0.045150 0.063244 3.234140 24.075628 490.625092 -29.870707 22.112438 492.290802 36.338989 26.038818 488.959381
565 406 580 397 598 399 612 410 596 414 579 413 694 415 710 405 729 406 744 417 728 422 710 421 901 607 -13.543277 123.976883 18.387447 -0.139698 0.114157 0.052788 -0.350770 25.977924 486.392395 -33.293732 24.499409 490.282745 32.592194 27.456438 482.502045
564 405 579 397 597 398 611 410 595 414 578 413 693 415 709 405 728 406 743 417 727 422 709 421 1119 416 -56.566666 86.252724 17.562309 -0.125787 0.163084 0.054565 -0.956960 25.625250 480.485413 -33.672634 24.166389 485.973236 31.758713 27.084110 474.997620
561 404 576 395 595 396 609 409 593 413 576 412 691 414 707 403 727 404 742 415 725 421 708 420 1327 102 -97.603554 24.248001 16.305050 -0.094285 0.243354 0.043927 -2.018552 24.366926 469.806946 -34.214027 23.304008 477.861847 30.176922 25.429844 461.752045
571 408 586 400 605 402 620 414 603 418 586 416 702 421 719 411 738 413 753 424 736 429 719 428 499 581 65.830620 118.878952 18.560011 -0.120742 0.199346 0.075828 3.052608 27.700100 472.815887 -29.400759 25.604986 479.520294 35.505974 29.795212 466.111481
573 406 589 398 608 400 622 414 605 417 588 415 705 421 721 410 741 411 756 423 740 429 721 427 168 218 131.219330 47.247707 17.483692 -0.123108 0.277799 0.078131 4.031009 26.587938 461.540588 -27.802515 24.599117 470.772644 35.864532 28.576759 452.308502
564 414 580 406 598 408 613 420 596 423 579 422 696 426 712 417 731 418 746 428 730 434 712 432 1502 652 -132.209824 132.808395 18.151323 -0.091952 0.205019 0.059886 0.001653 29.906448 469.370697 -32.449181 28.247414 476.208130 32.452488 31.565485 462.533264
571 410 587 402 607 404 621 417 604 421 586 419 704 424 721 414 741 415 756 426 739 432 721 431 552 200 55.403694 43.661148 17.166065 -0.111150 0.269275 0.068619 3.581487 28.098217 458.294067 -28.350868 26.346811 467.228088 35.513840 29.849625 449.360046
560 414 576 405 595 407 609 420 593 423 575 422 693 425 709 415 729 415 744 426 727 432 709 431 1106 524 -54.010551 107.574135 17.956108 -0.097542 0.225784 0.050716 -1.680008 29.329248 465.842896 -34.000416 28.026604 473.343170 30.640400 30.631893 458.342651
558 409 574 400 594 402 608 415 591 419 574 418 691 421 707 409 727 410 743 422 726 428 708 427 1142 51 -61.071930 14.196074 16.245234 -0.092817 0.295611 0.045717 -2.505970 26.592712 454.285736 -34.237370 25.551210 464.011658 29.225430 27.634216 444.559845
565 415 580 406 600 409 614 422 597 425 580 423 698 428 714 418 734 419 749 430 732 436 714 435 664 694 33.241722 141.172028 18.854172 -0.125575 0.183654 0.072015 0.696976 30.564005 466.715332 -31.864697 28.575634 472.907562 33.258648 32.552376 460.523132
568 416 584 408 603 410 617 423 600 426 583 424 701 430 718 421 738 422 753 433 736 438 718 437 59 732 152.689880 148.725891 19.388983 -0.153299 0.178946 0.084707 2.203142 31.331379 465.986420 -30.354303 29.001070 472.080841 34.760586 33.661686 459.891998
567 414 583 406 603 409 617 422 600 425 582 423 701 429 718 419 738 420 753 431 736 437 717 436 372 525 90.911148 107.834961 18.444082 -0.132627 0.206405 0.077792 2.003937 30.484314 462.057556 -30.397545 28.381643 469.006134 34.405418 32.586987 455.109009
568 414 584 406 603 408 618 422 601 425 583 423 702 429 718 419 738 420 754 431 737 437 718 436 343 479 96.641464 98.756607 18.299145 -0.131745 0.212964 0.080122 2.379434 30.400097 461.216583 -29.970760 28.233356 468.381073 34.729630 32.566837 454.052124
563 422 578 415 597 417 611 428 595 431 578 429 696 435 712 426 730 427 745 437 729 442 712 441 1284 995 -89.201378 200.538879 19.518620 -0.187677 -0.024867 0.077284 -0.037805 34.553013 476.470581 -33.133568 31.927446 475.890625 33.057961 37.178581 477.050568
561 421 577 414 595 416 610 428 593 431 576 430 694 435 711 425 730 426 746 436 729 442 711 441 1172 734 -67.062309 149.024536 18.661589 -0.109637 0.170498 0.062312 -0.937409 33.507160 465.272858 -33.597183 31.762747 471.004852 31.722364 35.251575 459.540863
562 423 577 416 596 419 610 430 594 433 577 432 696 437 712 428 731 429 746 439 730 444 712 443 898 973 -12.986936 196.229218 19.694891 -0.142240 0.089943 0.071027 -0.399150 34.897446 469.777863 -33.386505 32.763920 472.915100 32.588203 37.030968 466.640656
624 390 634 384 646 384 656 391 645 394 634 394 716 392 726 386 739 386 749 393 738 396 727 396 1090 845 -50.883049 170.944138 19.111624 -0.345087 0.048537 0.026095 22.839468 22.660332 700.804199 -10.315438 22.086647 702.531250 55.994373 23.234018 699.077148
623 391 633 386 645 386 655 392 645 395 633 395 715 393 726 387 738 388 748 394 738 397 726 397 1012 877 -35.485786 177.268005 19.277239 -0.312854 0.052562 0.026243 22.389015 23.445181 700.765137 -10.758978 22.859135 702.616272 55.537006 24.031227 698.914001
624 392 634 386 647 386 657 393 646 396 634 396 717 395 727 389 740 389 750 396 739 399 728 398 562 890 53.361446 179.873215 19.620588 -0.263054 0.066249 0.034019 23.215569 24.136345 695.540344 -9.897736 23.308321 697.860474 56.328873 24.964371 693.220154
624 392 634 385 647 386 657 392 646 396 634 396 717 394 727 388 740 388 750 395 740 399 728 398 563 760 53.176788 154.209824 19.156239 -0.253112 0.065651 0.034739 23.159525 23.804274 693.911804 -9.954226 22.938404 696.211670 56.273277 24.670143 691.611938
624 391 634 384 647 385 657 392 646 395 634 395 717 394 728 387 741 387 751 395 740 398 728 398 480 440 69.595863 91.045776 18.069624 -0.247454 0.070648 0.035030 23.301575 23.162783 688.967834 -9.800580 22.301264 691.430542 56.403728 24.024303 686.505188
623 392 633 386 646 386 656 393 645 396 633 396 716 394 727 388 739 389 750 395 739 399 727 398 449 645 75.696381 131.517517 18.821285 -0.241543 0.064364 0.031938 22.393030 23.887693 690.566956 -10.726521 23.095129 692.809021 55.512581 24.680258 688.324890
621 391 632 384 645 385 655 392 644 396 632 396 715 393 725 386 738 387 749 394 738 398 726 397 912 163 -15.671478 36.325871 16.796509 -0.119073 0.179433 0.019142 21.089888 22.922611 678.818115 -11.576412 22.645290 684.767517 53.756187 23.199932 672.868713
621 394 631 388 644 388 654 395 643 399 631 399 714 396 725 390 738 390 749 397 737 401 725 400 1031 719 -39.221634 146.075577 18.701139 -0.222927 0.057689 0.022419 21.110935 25.104996 686.045227 -12.030564 24.579765 688.026367 54.252434 25.630224 684.064148
618 397 628 391 640 391 650 397 640 401 628 401 711 398 721 392 734 392 744 398 734 402 722 402 1656 1018 -162.651749 205.047165 19.355154 -0.257123 0.035745 0.009468 18.775331 26.719946 689.704651 -14.406907 26.560814 690.918457 51.957573 26.879078 688.490845
615 392 625 385 638 385 649 393 638 396 626 396 709 393 719 386 733 386 744 393 732 397 720 397 1178 259 -68.200256 55.254253 16.963379 -0.168063 0.070544 0.007398 17.247444 22.900970 679.577820 -15.874071 22.852982 681.927795 50.368958 22.948961 677.227783
611 395 622 388 635 388 645 395 634 399 622 399 705 395 716 388 729 388 740 395 729 399 716 399 1251 562 -82.643250 115.063187 17.995955 -0.223865 0.056714 0.001075 14.734365 24.811707 683.353394 -18.417265 24.986166 685.223877 47.885994 24.637245 681.482910
615 399 626 392 638 392 649 399 638 403 626 403 709 400 720 393 733 393 744 399 733 403 720 403 903 875 -13.964506 176.882599 19.342041 -0.238146 0.060728 0.008576 17.377268 27.387112 681.750671 -15.765409 27.344097 683.780579 50.519947 27.430126 679.720703
613 396 624 389 637 389 648 397 636 400 624 400 708 396 719 389 732 389 743 396 732 400 720 400 849 286 -3.244779 60.612751 17.276808 -0.186007 0.084800 -0.001606 16.302526 25.030739 672.621826 -16.783270 25.344645 675.413086 49.388325 24.716833 669.830566
639 391 651 385 664 386 675 393 663 396 650 396 735 397 745 390 758 391 767 398 757 402 745 401 11 507 162.189163 104.312775 18.618122 -0.172018 -0.145377 0.050931 34.443962 24.203590 673.353210 1.631350 22.114098 668.713623 67.256577 26.293081 677.992859
616 400 626 394 640 394 650 401 639 404 627 405 711 401 722 393 735 393 746 400 735 404 723 404 1023 847 -37.654690 171.344742 19.162975 -0.177725 0.022919 -0.003243 18.349009 27.890713 671.998596 -14.846932 28.065252 672.745972 51.544949 27.716171 671.251160
622 422 633 415 647 416 659 424 647 428 634 427 725 425 737 417 752 416 764 423 752 428 738 428 622 446 41.558628 92.217972 17.997313 -0.128471 0.163117 -0.000947 23.699114 39.763531 609.545227 -9.065525 40.141422 614.920654 56.463753 39.385635 604.169800
631 413 643 407 657 408 668 416 656 419 643 419 731 417 743 410 756 410 767 416 756 421 743 421 327 935 99.755692 188.776962 19.936184 -0.094539 0.215927 0.015228 28.825602 36.304119 631.653564 -3.604896 36.140495 638.780701 61.256096 36.467743 624.526428
627 409 639 403 654 403 665 412 653 415 639 415 728 413 740 405 754 405 765 412 753 417 740 417 620 454 41.952724 93.797424 18.027166 -0.082681 0.238671 0.007797 26.616966 33.385120 626.306458 -5.646125 33.454872 634.158081 58.880054 33.315372 618.454834
627 408 639 402 653 403 665 411 652 414 639 414 728 412 739 405 753 405 764 412 752 416 739 416 96 523 145.405106 107.463989 18.619095 -0.092795 0.264825 0.014321 26.157919 32.857685 626.895386 -5.886785 32.793724 635.595520 58.202621 32.921646 618.195251
625 408 637 401 652 401 663 410 651 413 637 413 726 411 738 403 752 403 763 410 751 415 738 415 506 266 64.479500 56.694187 17.431835 -0.077254 0.284279 0.006072 25.094122 31.927246 622.068604 -6.778048 32.090527 631.379761 56.966293 31.763968 612.757446
614 471 628 462 646 462 660 472 645 477 629 477 739 473 754 463 772 462 786 471 771 478 755 478 572 704 51.405323 143.154083 18.950556 -0.226700 0.163546 0.001192 23.363811 57.932461 506.698608 -9.399794 58.504940 512.063171 56.127415 57.359982 501.334106
613 476 628 467 645 468 660 478 644 483 628 483 739 478 754 468 772 468 787 477 772 483 755 483 514 733 62.854057 148.883987 19.092272 -0.247778 0.151763 0.000178 23.144318 60.410465 503.205048 -9.680790 61.024578 508.174438 55.969425 59.796352 498.235657
606 469 620 459 639 460 653 471 638 476 621 476 732 470 746 459 765 458 780 468 765 475 748 475 1014 228 -35.816864 49.148712 16.961039 -0.186677 0.249723 -0.019161 19.013269 55.491539 494.266571 -13.158536 56.885155 502.365479 51.185074 54.097919 486.167664
619 394 635 385 654 385 668 397 652 402 635 402 751 398 766 386 784 386 799 396 784 403 766 403 130 365 138.707642 76.270264 18.033096 -0.118324 0.234622 0.008048 26.419527 18.164103 478.772125 -5.875550 18.358194 486.488983 58.714607 17.970011 471.055267
617 394 632 384 652 384 667 396 650 401 632 401 748 397 763 386 782 386 797 396 782 403 764 403 760 90 14.346752 21.928072 16.636442 -0.099840 0.253666 0.005498 25.236305 17.920225 476.065186 -6.906301 18.157780 484.393219 57.378914 17.682671 467.737152
601 389 615 380 633 382 647 393 631 397 615 396 728 397 743 387 762 387 777 398 761 403 744 402 1425 461 -116.988083 95.109741 17.520872 -0.137186 0.192545 0.042886 16.617130 17.330786 490.342102 -15.944737 16.356873 496.771393 49.178997 18.304697 483.912811
619 396 635 388 653 390 667 401 651 405 634 404 750 407 765 398 784 399 798 409 782 415 765 413 828 583 0.872286 119.245346 18.350019 -0.137996 0.031404 0.075661 26.907415 21.962297 486.383301 -6.186222 19.532553 487.594574 60.001053 24.392042 485.172058
617 393 633 384 652 386 666 399 650 403 632 402 748 405 764 394 783 395 798 406 781 412 764 411 322 40 100.830887 12.095414 16.747160 -0.107470 0.320801 0.059879 24.716303 19.884848 469.198639 -6.737697 18.502235 479.748230 56.170303 21.267460 458.649048
619 400 634 393 652 394 667 406 650 409 633 408 749 412 765 403 783 404 798 414 782 419 765 418 346 968 96.001068 195.289856 20.041351 -0.151804 0.068473 0.081128 26.610146 24.193512 487.753540 -6.408089 21.687138 490.218079 59.628380 26.699888 485.289032
605 394 620 386 638 387 652 398 636 402 620 401 735 404 751 394 769 395 784 405 768 411 751 409 1057 750 -44.358154 152.193039 18.794552 -0.127201 0.151222 0.060316 19.517948 20.258694 486.082550 -13.248365 18.588366 491.195099 52.284260 21.929022 480.969971
595 391 610 382 628 383 643 395 627 400 610 399 725 399 740 387 760 388 776 399 759 405 741 404 1620 77 -155.451355 19.287434 16.022512 -0.077251 0.322622 0.026869 13.671576 17.362318 464.929565 -17.809195 16.896507 475.479645 45.152348 17.828129 454.379517
605 407 621 398 640 398 656 410 639 415 621 415 739 410 754 398 773 398 788 407 773 415 755 415 552 564 55.367908 115.518402 18.464397 -0.110990 -0.102354 0.008151 20.993406 23.787634 474.650848 -12.036702 23.329758 471.280121 54.023518 24.245510 478.021576
593 405 607 396 626 397 641 408 625 412 608 412 723 410 738 399 758 399 773 409 757 416 739 415 1356 566 -103.374962 115.843758 17.940928 -0.096337 0.223267 0.012527 13.314273 23.631470 475.943207 -19.064430 23.574949 483.303619 45.692978 23.687990 468.582764
594 406 608 398 626 399 641 410 625 414 608 413 723 412 739 402 758 402 773 411 757 417 740 417 1568 771 -145.252640 156.294495 18.532219 -0.112360 0.167570 0.016326 13.825974 24.777920 481.948883 -18.909826 24.551048 487.505463 46.561775 25.004789 476.392303
620 390 635 383 652 384 666 395 650 399 634 397 747 401 763 393 781 394 795 404 779 409 762 407 256 860 113.781387 173.977356 19.715528 -0.157716 0.127171 0.083052 26.511486 19.408602 498.662994 -6.311836 17.004511 503.068604 59.334808 21.812695 494.257385
606 392 621 383 639 384 653 396 638 400 621 399 735 400 750 390 769 391 784 401 768 407 751 406 1155 308 -63.663929 64.929329 17.153332 -0.100265 0.254578 0.045173 19.336676 18.630039 481.838470 -12.765353 17.570299 490.258484 51.438705 19.689779 473.418488
604 399 619 391 636 393 650 403 635 407 619 406 732 407 747 399 765 399 780 409 764 414 747 413 1227 891 -77.937012 180.013168 19.185286 -0.168538 0.089042 0.051868 18.763847 22.825413 496.803833 -14.265239 21.362658 499.885956 51.792934 24.288170 493.721741
604 403 618 396 635 397 649 406 634 410 618 409 731 411 747 403 764 403 779 412 763 417 747 416 1293 990 -90.977859 199.551056 19.494846 -0.183105 0.064096 0.052421 18.413036 24.613852 496.135590 -14.678330 23.079117 498.408386 51.504402 26.148588 493.862762
619 403 634 394 652 395 665 406 650 411 634 410 752 411 768 401 787 401 803 411 786 417 769 417 50 679 154.472061 138.263931 19.205881 -0.247866 0.121026 0.049266 26.674412 23.314104 472.985229 -6.248773 22.194340 477.152924 59.597595 24.433868 468.817535
618 405 633 397 652 399 666 409 650 413 633 412 749 414 765 405 783 406 797 415 782 420 765 419 34 985 157.601028 198.672791 20.307894 -0.155075 0.060857 0.060095 26.423359 25.547609 488.480194 -6.660324 23.718847 490.644714 59.507042 27.376373 486.315674
608 340 630 331 655 334 674 350 651 354 628 351 779 362 801 350 826 350 846 363 824 371 801 370 75 710 149.532974 144.381485 19.299953 -0.061130 -0.123762 0.104655 27.044504 -1.618665 360.976776 -5.725258 -5.201663 356.993744 59.814266 1.964334 364.959778
574 343 595 332 621 335 640 352 618 357 594 354 750 361 772 346 799 346 821 359 798 368 773 368 461 269 73.364052 57.290302 17.472233 -0.059205 0.238128 0.063513 14.164973 -1.754126 347.882446 -18.036816 -3.607742 355.767151 46.366760 0.099490 339.997742
545 426 569 415 597 418 619 434 594 441 568 439 737 441 760 427 787 427 806 439 784 450 759 449 642 382 37.616100 79.582001 17.755835 0.173011 -0.031929 0.061147 7.933389 25.450321 335.221985 -25.192650 23.523111 333.992767 41.059429 27.377531 336.451202
522 432 542 424 566 427 586 441 565 445 542 443 705 451 728 441 753 442 774 453 751 460 727 459 1245 1028 -81.504417 207.056778 19.662064 0.253614 0.024397 0.081981 -2.609282 29.277554 342.751740 -35.693352 26.485662 343.209076 30.474791 32.069447 342.294434
567 413 592 403 620 406 642 421 617 427 591 426 760 428 782 415 809 416 828 428 806 438 781 437 457 189 74.161682 41.497845 17.189526 0.161920 -0.028634 0.065175 15.793245 21.489500 337.754639 -17.327652 19.413431 336.634033 48.914143 23.565569 338.875214
559 410 584 401 612 403 634 418 609 424 582 423 752 426 774 414 801 415 821 427 798 437 774 435 760 188 14.337117 41.274254 16.985992 0.133918 -0.003124 0.066158 13.024881 20.723370 337.778351 -20.107239 18.541700 337.528198 46.157001 22.905037 338.028534
519 415 540 407 565 412 585 428 562 431 539 428 703 442 727 431 753 434 774 447 750 454 725 451 1193 712 -71.206413 144.679703 18.569260 0.226108 0.028169 0.120594 -3.198258 25.298098 341.338806 -36.149857 21.232836 341.813629 29.753340 29.363358 340.863983
510 401 533 392 560 395 582 411 557 416 532 414 697 424 722 413 750 415 773 429 748 436 721 433 1158 203 -64.245934 44.201019 16.776834 0.041637 0.037647 0.101599 -4.827541 19.272932 337.339783 -37.837666 15.880934 338.516907 28.182583 22.664932 336.162659
579 399 603 390 631 392 652 408 627 414 601 412 772 417 794 405 820 406 840 419 818 429 793 427 66 60 151.373856 16.065735 16.987446 0.148937 0.010918 0.070805 19.762283 17.674179 339.655182 -13.357512 15.306863 339.841370 52.882076 20.041496 339.468994
542 410 566 401 594 404 617 418 592 423 565 422 735 429 759 418 786 420 807 432 783 440 758 438 816 337 3.265765 70.683510 17.480495 0.000722 -0.007346 0.085000 7.302799 21.337721 335.947845 -25.781239 18.518808 335.703186 40.386837 24.156633 336.192474
543 414 567 405 596 409 617 427 592 431 566 428 737 439 761 425 789 426 809 440 785 449 760 448 817 170 3.084742 37.715950 16.884172 0.171896 0.017234 0.093739 7.646832 23.354378 329.874847 -25.407648 20.212755 330.176727 40.701313 26.496000 329.572937
538 423 561 413 589 417 610 434 586 439 560 436 732 446 755 433 782 434 802 447 779 456 754 454 1383 458 -108.695259 94.521133 17.537889 0.234696 0.051996 0.077734 5.484636 25.882393 330.283112 -27.575739 23.127077 331.690033 38.545010 28.637707 328.876190
641 447 659 440 680 441 697 450 678 453 658 452 800 457 818 451 838 453 855 463 837 466 818 463 50 646 154.475296 131.749405 19.088175 -0.886581 0.085301 0.118237 39.603622 39.861324 415.685364 6.728602 37.615967 419.778168 72.478645 42.106686 411.592560
551 450 571 436 595 436 613 450 593 458 571 458 721 452 740 438 763 439 782 453 763 461 741 460 864 327 -6.210427 68.705269 17.413149 -0.799565 0.000602 0.015611 5.262748 37.173412 400.978363 -27.938225 36.716133 401.192688 38.463722 37.630692 400.764008
528 466 546 457 566 457 582 469 564 473 545 473 702 483 721 475 742 479 759 492 739 495 720 491 1234 783 -79.308479 158.692276 18.795446 -1.003687 -0.027020 0.112662 -4.708724 47.821281 402.142181 -37.709011 44.271900 403.113007 28.291563 51.370667 401.171326
500 460 516 451 536 452 552 465 534 470 515 468 671 476 691 467 712 469 731 481 711 486 690 484 1459 764 -123.730865 154.922043 18.579187 -0.958273 -0.038820 0.082137 -16.394749 44.281475 395.830048 -49.472790 41.384819 395.940002 16.683294 47.178127 395.720062
512 433 534 422 563 426 584 445 560 449 534 447 709 455 733 441 762 443 784 457 759 466 733 465 923 233 -17.850212 50.143623 17.038929 0.214205 0.019876 0.085493 -2.284446 28.645411 322.357941 -35.361919 25.761536 322.709351 30.793030 31.529285 322.006531
563 472 584 461 607 462 626 472 604 478 582 478 746 481 765 473 787 477 805 490 785 493 765 490 473 1021 70.920830 205.741623 20.146580 -1.065779 -0.013610 0.089166 12.330818 47.594574 394.879364 -20.751316 44.948212 395.941772 45.412952 50.240936 393.816986
606 481 619 475 632 475 643 483 631 487 618 486 731 490 745 483 762 485 775 494 760 497 745 495 1168 916 -66.290436 184.953506 19.313393 -0.847304 0.140737 0.122729 17.958515 66.361137 514.000000 -14.702806 64.637009 519.729370 50.619835 68.085266 508.270691
634 435 647 424 665 422 681 431 666 438 649 440 761 423 775 410 794 408 811 415 795 424 778 425 1279 316 -88.147415 66.497894 17.100033 -0.185619 0.181749 -0.113530 33.381870 33.306248 489.384918 0.934377 37.582058 494.991821 65.829361 29.030436 483.778015
639 430 653 419 671 417 687 426 672 433 655 435 768 418 782 406 801 403 818 412 803 420 785 422 726 32 21.065453 10.481227 16.452003 -0.167341 0.201571 -0.103315 36.157932 30.786367 484.480743 3.799288 34.728077 490.800598 68.516579 26.844656 478.160858
611 438 624 428 642 427 657 435 642 441 626 442 737 428 751 417 769 415 785 422 770 429 753 430 1253 805 -83.062027 163.033661 18.861378 -0.214345 0.106046 -0.094653 22.032551 36.168930 500.975891 -10.838656 39.652630 504.123444 54.903759 32.685226 497.828308
615 441 628 431 646 429 661 438 646 444 630 445 742 431 755 419 774 417 790 425 775 432 758 433 1047 692 -42.378040 140.744125 18.594275 -0.204767 0.116560 -0.092864 24.099699 37.464703 498.187012 -8.738343 40.909515 501.702118 56.937740 34.019890 494.671936
613 429 627 418 645 416 660 425 645 432 629 433 740 418 754 406 773 404 789 412 774 420 757 421 1020 273 -37.005936 58.031643 17.117586 -0.174795 0.156249 -0.092391 23.288435 31.138554 496.410278 -9.372218 34.625057 501.277069 55.949089 27.652052 491.543488
614 434 627 423 645 422 660 430 645 437 629 439 740 423 754 411 772 409 788 417 773 424 756 426 1347 483 -101.589836 99.459496 17.650820 -0.190065 0.120497 -0.100316 23.400457 33.739761 497.571625 -9.398282 37.415447 501.217377 56.199200 30.064075 493.925842
620 434 634 423 652 422 667 431 652 437 636 439 748 424 762 413 781 411 797 419 782 427 764 428 470 438 71.570473 90.651825 18.069090 -0.188788 0.169736 -0.081909 26.748127 33.937389 493.177338 -5.870466 37.153877 498.491577 59.366718 30.720900 487.863098
622 437 636 427 653 426 668 434 654 440 637 441 750 428 764 417 782 415 798 423 783 430 766 431 192 603 126.442886 123.248497 18.841087 -0.225421 0.151804 -0.074434 27.795578 35.733929 496.113281 -4.937789 38.737297 500.810730 60.528946 32.730560 491.415833
619 434 633 423 651 421 667 431 651 437 635 439 747 424 761 412 780 410 797 418 781 426 764 428 736 76 19.086716 19.166405 16.602346 -0.147824 0.255148 -0.093415 25.677271 33.112461 482.389465 -6.311583 36.786282 490.499695 57.666126 29.438635 474.279236
625 435 638 425 656 424 672 433 657 439 640 440 753 426 767 414 786 412 802 420 787 428 769 429 156 363 133.574356 75.873199 18.008802 -0.189071 0.184233 -0.081316 28.924862 34.511967 490.208344 -3.610925 37.752499 495.994629 61.460651 31.271433 484.422058
622 436 636 425 654 424 670 433 655 440 638 441 750 426 765 414 784 412 800 420 785 428 767 430 981 266 -29.305042 56.653145 17.118357 -0.156334 0.192186 -0.095172 27.707941 34.468803 486.199249 -4.737748 38.087914 492.260529 60.153629 30.849695 480.138000
622 437 635 427 654 426 669 435 654 441 637 443 750 427 764 415 783 413 799 421 784 429 766 431 864 387 -6.216325 80.549866 17.627159 -0.152546 0.197348 -0.097130 27.423481 35.232773 488.206970 -4.982886 38.916416 494.437347 59.829845 31.549124 481.976562
634 414 648 407 665 410 678 422 663 424 647 421 759 434 775 427 793 429 807 440 791 443 774 441 1673 565 -165.963715 115.618958 17.728155 -0.209011 0.121647 0.146711 32.814827 34.134556 495.067200 0.209037 29.747057 499.558533 65.420616 38.522053 490.575867
645 421 660 414 677 417 690 430 675 432 658 429 772 442 788 434 807 437 821 447 805 451 787 449 951 692 -23.423691 140.752411 18.657631 -0.185230 0.129984 0.147620 38.593735 37.551270 489.171844 6.027334 33.106289 493.886841 71.160141 41.996250 484.456848
662 426 678 419 697 421 711 433 694 436 677 434 794 442 809 433 828 434 842 445 826 450 809 448 465 540 72.547646 110.788078 18.436209 -0.111668 -0.098233 0.112706 47.825989 37.410503 476.131683 14.991204 33.508202 473.097137 80.660774 41.312809 479.166229
664 421 680 414 700 416 713 429 697 432 679 430 796 438 812 428 831 430 844 441 828 446 811 445 190 120 126.885254 27.899622 17.119621 -0.138189 0.320285 0.092311 47.364685 35.125187 470.103485 15.984536 32.852974 480.718689 78.744835 37.397404 459.488251
591 449 604 438 621 435 637 443 623 450 607 453 717 431 730 418 749 414 766 420 752 429 734 432 1454 660 -122.733437 134.391830 18.211535 -0.127805 0.234926 -0.174317 11.297594 37.408077 481.633148 -20.498468 43.592682 488.935272 43.093655 31.223476 474.331055
591 453 603 442 620 439 636 446 622 453 606 456 716 433 729 420 748 417 765 423 750 432 733 434 1659 772 -163.219879 156.484039 18.475731 -0.163312 0.169880 -0.178782 11.176038 39.355694 487.435852 -21.026321 45.663200 492.513580 43.378395 33.048187 482.358154
624 446 637 434 656 430 673 437 658 445 641 449 754 421 766 407 784 403 800 409 787 419 770 422 145 242 135.758102 51.987537 17.584475 -0.169771 -0.086168 -0.192235 28.917774 33.685314 480.293915 -3.554720 39.749454 476.928986 61.390266 27.621170 483.658875
606 436 619 424 637 421 653 429 639 437 622 440 734 416 747 403 766 400 783 406 769 416 751 419 949 139 -22.974442 31.584833 16.686487 -0.163918 0.151237 -0.166629 19.456293 30.881483 483.417236 -12.913227 36.752102 487.923859 51.825813 25.010864 478.910614
