691 515 707 505 725 505 741 515 725 521 708 521 824 511 838 499 856 497 872 505 857 513 840 515 154 411 133.964523 85.349052 18.181332 0.234951 0.093997 -0.081640 63.721947 75.298798 487.461853 30.772966 77.613312 490.862915 96.670929 72.984291 484.060791
565 394 584 386 605 387 623 398 603 402 583 402 724 400 741 391 761 392 778 402 760 407 741 406 1042 393 -41.361439 81.718948 17.531090 -0.272403 -0.008209 0.034575 7.573325 16.260397 410.767548 -25.610655 15.089841 410.653748 40.757305 17.430952 410.881348
652 413 671 406 692 408 708 420 689 423 670 421 805 432 823 424 843 426 859 437 841 441 822 439 242 794 116.552048 160.949493 19.489357 -0.144996 -0.138827 0.121582 42.908134 27.608130 408.410583 10.266123 23.275331 404.134399 75.550140 31.940928 412.686768
632 418 650 410 671 412 688 425 669 428 649 426 787 436 806 427 827 429 843 440 825 445 805 443 487 692 68.188995 140.792511 18.963850 -0.150621 -0.068097 0.111457 34.653061 29.147257 405.302612 1.730549 25.301075 403.334198 67.575577 32.993435 407.271027
629 430 647 424 666 426 682 436 664 438 646 437 782 446 800 439 820 441 837 450 819 453 800 452 1235 1039 -79.531090 209.229156 19.707899 -0.258184 0.048509 0.097290 33.041225 34.129822 413.620697 0.031348 31.147997 415.624756 66.051102 37.111649 411.616638
615 419 634 410 657 412 674 427 654 431 633 429 773 437 791 425 813 427 829 439 810 446 791 444 1641 224 -159.612061 48.304893 16.532980 -0.149485 -0.210889 0.097758 28.271536 28.752026 394.562469 -4.041931 25.027079 387.889801 60.585003 32.476971 401.235107
621 428 639 418 660 419 676 431 657 438 637 437 779 442 796 434 816 438 829 451 813 456 794 453 887 823 -10.800336 166.618652 19.167124 -0.113975 -0.253660 0.120094 30.135780 32.161358 399.690430 -1.771293 27.758024 391.621399 62.042854 36.564693 407.759430
617 430 636 423 658 423 675 432 656 438 635 437 774 443 792 438 812 441 827 453 810 456 791 452 1437 788 -119.389519 159.661789 18.679310 -0.149652 -0.180120 0.103158 30.137878 33.932964 415.740540 -2.355520 30.099813 410.079651 62.631275 37.766117 421.401428
636 424 656 416 678 418 696 428 676 433 654 432 794 440 812 434 832 438 847 450 829 454 810 449 247 381 115.605446 79.418716 18.012951 -0.110498 -0.215133 0.124933 38.063309 31.962523 410.278564 5.879699 27.472940 403.450775 70.246918 36.452103 417.106354
627 419 646 408 669 409 685 423 665 430 644 429 789 435 806 425 827 428 840 443 823 450 804 446 696 32 26.988688 10.483819 16.471804 -0.098758 0.415513 0.079419 30.937033 28.155642 386.717133 0.656925 26.271336 400.212463 61.217140 30.039948 373.221802
632 425 651 416 673 416 690 424 671 431 651 431 790 429 808 422 829 423 847 433 829 438 809 437 547 485 56.362881 99.923439 18.185915 -0.803168 0.039228 0.056808 37.839264 29.770452 432.988708 4.709383 28.577269 434.872101 70.969139 30.963636 431.105347
635 430 654 424 675 425 693 433 674 437 653 437 791 443 808 440 827 443 843 453 825 455 807 452 520 850 61.657909 171.980438 19.505632 -0.126199 -0.195253 0.111520 37.519249 34.186790 418.098999 5.149223 30.117857 411.919617 69.889275 38.255726 424.278381
637 423 657 416 679 417 697 427 676 432 655 431 795 439 813 434 833 438 848 450 830 453 811 449 314 399 102.375122 82.966309 18.032936 -0.118217 -0.224125 0.127116 38.251019 31.468590 407.996307 6.141089 26.867079 400.901398 70.360947 36.070103 415.091248
632 428 652 421 675 422 692 432 672 437 651 436 790 442 808 437 828 440 844 451 826 455 807 451 1004 441 -33.863396 91.197914 17.727375 0.160795 0.148351 0.073794 37.167568 34.179295 426.558350 4.416531 31.356400 431.244537 69.918610 37.002186 421.872162
631 425 651 418 673 419 691 429 671 434 649 433 788 440 806 435 826 438 842 450 824 453 805 449 924 244 -18.048735 52.315048 17.077503 0.111018 0.141813 0.082795 36.475754 33.137867 425.749603 3.717179 30.146109 430.275604 69.234329 36.129620 421.223602
640 429 660 422 681 422 698 431 678 437 658 436 798 441 816 436 837 439 854 450 836 454 816 451 331 456 99.013016 94.217216 18.225027 -0.683967 0.034544 0.115319 42.674873 35.323277 447.787354 9.701140 32.171341 450.102051 75.648605 38.475216 445.472626
631 438 650 432 671 433 689 441 669 446 649 445 788 453 805 450 824 453 839 463 822 466 804 462 1487 951 -129.277603 191.835297 19.227707 -0.170091 -0.209700 0.122151 35.423195 37.586548 412.129669 3.189044 33.001797 405.610535 67.657349 42.171299 418.648804
630 431 648 423 669 423 686 432 667 437 648 437 790 439 808 432 827 434 844 443 827 447 808 446 1527 238 -137.105148 51.078487 16.658150 -0.844989 0.000427 0.061621 36.432854 33.126919 427.053345 3.287404 31.322599 427.879852 69.578308 34.931240 426.226807
640 424 661 414 684 416 701 429 680 434 659 433 798 441 816 432 837 437 853 452 835 456 815 451 366 14 92.146034 6.958951 16.625385 -0.518511 -0.006321 0.134835 44.366940 35.329018 461.094421 11.457462 31.009876 462.027679 77.276421 39.648155 460.161194
635 434 655 427 677 429 695 439 674 443 653 442 791 452 809 447 829 451 845 462 827 465 808 461 740 619 18.243567 126.359711 18.536501 0.043615 0.093939 0.107104 38.300133 38.060295 427.950775 5.431655 34.449169 430.981049 71.168610 41.671425 424.920502
572 281 585 273 600 274 612 282 599 286 585 286 680 284 692 276 707 276 718 284 706 289 693 288 1653 843 -162.042221 170.500671 18.732937 -0.018251 -0.225369 0.005064 -4.572409 -45.606178 588.682678 -36.937134 -45.840881 581.264526 27.792315 -45.371475 596.100830
571 282 584 274 599 275 611 284 598 287 584 287 680 285 692 277 707 277 718 285 706 290 692 290 1442 534 -120.351753 109.519203 17.770033 -0.010721 -0.229477 0.008035 -4.788052 -44.483143 583.214600 -37.121365 -44.788261 575.663269 27.545261 -44.178028 590.765991
574 283 587 276 602 277 615 285 601 289 587 289 682 287 695 279 710 279 721 287 709 292 695 292 1037 562 -40.390846 115.081680 18.137186 -0.004648 -0.221353 0.016955 -3.055355 -43.328903 583.590210 -35.445282 -43.904293 576.301819 29.334572 -42.753513 590.878662
575 283 588 275 604 276 616 285 602 289 588 288 684 287 696 279 711 279 723 287 710 292 696 292 851 325 -3.643495 68.311569 17.414595 0.006932 -0.244666 0.020410 -2.231887 -43.143280 578.827393 -34.440964 -43.786194 570.782410 29.977188 -42.500362 586.872375
574 283 587 276 602 277 614 286 601 289 587 289 683 287 695 279 710 279 722 287 709 292 695 292 1220 488 -76.515305 100.457520 17.752468 -0.005058 -0.221082 0.014388 -3.060913 -43.111118 581.377625 -35.454136 -43.603462 574.097778 29.332312 -42.618774 588.657471
577 285 589 279 604 279 616 288 603 291 589 291 684 290 696 283 711 283 722 290 710 295 697 294 908 897 -14.953875 181.225189 19.417212 -0.014614 -0.207280 0.023428 -2.140473 -42.287560 589.642761 -34.625481 -43.109940 582.815796 30.344536 -41.465176 596.469727
577 286 590 279 605 280 616 288 603 291 590 291 684 291 696 283 711 283 722 291 710 295 697 295 937 977 -20.687532 197.015488 19.683420 -0.028306 -0.175667 0.024524 -2.126294 -42.306450 594.041443 -34.810192 -43.198715 588.251282 30.557604 -41.414185 599.831665
580 285 593 278 609 278 621 288 607 291 593 290 689 290 701 282 716 283 727 291 715 296 701 295 624 485 41.159912 99.916786 18.135099 -0.001559 -0.221973 0.033231 0.537070 -41.738861 582.006958 -31.834885 -42.838764 574.698975 32.909023 -40.638962 589.314941
573 287 586 280 601 281 613 290 600 293 586 293 681 292 694 284 709 285 721 293 708 297 694 297 1447 807 -121.365799 163.411713 18.740480 -0.023803 -0.170365 0.029254 -3.906255 -40.768890 584.922485 -36.616245 -41.802494 579.305786 28.803736 -39.735291 590.539246
588 282 601 275 617 276 629 285 615 288 601 288 696 288 709 280 723 281 735 289 722 293 709 293 415 53 82.467583 14.653709 16.732153 0.000554 -0.298604 0.031563 5.315535 -42.520035 573.999023 -26.403612 -43.549671 564.231995 37.034683 -41.490402 583.766052
589 286 602 280 617 281 629 289 616 292 602 292 697 293 709 286 723 286 733 294 722 298 709 297 530 888 59.679760 179.481155 19.634573 -0.024158 -0.223804 0.040489 5.259666 -41.016476 589.538879 -27.090082 -42.438572 582.188293 37.609413 -39.594379 596.889465
589 283 602 275 618 276 630 286 616 289 602 289 698 289 710 281 725 281 736 290 724 294 710 294 493 73 67.065208 18.595171 16.752014 0.013095 -0.301043 0.034014 5.824577 -41.893085 570.902588 -25.868046 -42.940327 561.051636 37.517200 -40.845844 580.753479
566 276 578 268 593 269 605 278 592 282 578 281 673 282 685 274 701 275 713 283 700 288 686 287 1317 337 -95.652245 70.640228 17.149858 -0.043952 -0.044093 0.047424 -8.862855 -47.282322 589.054077 -41.998085 -48.887589 587.626038 24.272375 -45.677059 590.482117
590 285 603 278 619 279 631 288 617 291 603 291 698 291 710 283 724 284 735 292 723 296 710 295 53 610 153.886520 124.642380 18.957788 -0.001672 -0.278447 0.031362 6.176607 -41.425045 581.137268 -25.733156 -42.460518 572.012878 38.086369 -40.389572 590.261658
585 286 598 279 613 279 625 288 612 292 598 291 693 291 705 283 720 284 731 292 719 296 705 296 501 625 65.431412 127.564819 18.715631 -0.014067 -0.236521 0.030604 3.127037 -41.474220 584.275452 -29.137938 -42.535740 576.503418 35.392014 -40.412697 592.047424
575 287 588 280 603 280 615 289 602 293 588 292 684 291 696 283 711 283 722 291 710 295 696 295 1385 673 -109.111275 136.964127 18.303440 -0.125869 -0.096266 0.015646 -2.764864 -41.984352 592.424988 -35.812092 -42.702412 589.274658 30.282364 -41.266293 595.575378
582 281 596 274 612 275 624 284 610 288 595 287 691 287 703 279 718 279 730 287 717 292 704 292 538 73 58.180355 18.591282 16.722317 0.002648 -0.240218 0.029766 2.049236 -43.726021 580.667908 -30.187572 -44.694252 572.767883 34.286045 -42.757790 588.567932
581 283 595 275 611 276 623 286 609 289 595 289 691 288 703 280 718 280 730 289 717 294 703 293 730 41 20.274803 12.257571 16.481466 -0.006747 -0.238668 0.028341 1.766644 -42.650879 577.733032 -30.483732 -43.609505 569.887390 34.017017 -41.692253 585.578674
582 284 596 276 611 277 623 287 610 290 595 289 691 289 704 281 718 282 730 290 717 294 704 294 647 49 36.661633 13.844024 16.564777 -0.006869 -0.242309 0.029244 2.059701 -42.103165 578.164001 -30.161028 -43.092079 570.201233 34.280430 -41.114250 586.126831
579 284 593 277 609 277 621 287 607 290 592 290 689 289 702 281 717 281 728 289 716 294 702 294 1575 24 -146.561295 8.828589 15.863169 -0.022442 -0.244934 0.017327 0.773102 -41.805843 573.990784 -31.435766 -42.466156 565.946411 32.981972 -41.145527 582.035217
593 324 603 317 616 316 627 324 616 328 604 328 687 322 698 314 711 313 723 320 712 325 699 325 1385 163 -109.061134 36.285004 16.484350 -0.171928 0.064602 -0.028834 2.222363 -25.101357 670.317993 -30.899597 -23.965553 672.368652 35.344322 -26.237160 668.267334
609 324 619 317 631 317 641 324 630 327 619 328 701 323 711 317 724 317 734 323 724 327 712 327 385 1008 88.296928 203.182892 20.158287 -0.213328 0.059985 -0.000104 12.049129 -25.059856 689.578125 -21.096189 -24.844847 691.553284 45.194450 -25.274866 687.602966
625 323 636 316 650 317 660 325 648 328 636 328 721 327 731 320 744 321 754 329 743 333 732 332 409 133 83.644363 30.447031 17.021461 -0.089355 -0.126183 0.037563 24.637037 -22.562500 668.545105 -8.280613 -23.991318 664.428528 57.554688 -21.133682 672.661743
616 329 627 323 640 323 650 330 639 333 627 333 711 331 722 325 735 325 745 332 734 336 722 335 1019 907 -36.870823 183.189697 19.379625 -0.111501 -0.038531 0.019678 18.374458 -19.506439 674.292542 -14.799314 -20.229534 673.052551 51.548233 -18.783342 675.532532
618 325 629 318 643 319 654 327 642 330 629 330 714 328 725 321 739 321 749 329 738 333 726 333 159 107 133.007202 25.335972 17.093712 -0.040293 0.145432 0.027142 19.933458 -21.105532 661.216431 -12.908689 -21.906151 666.044678 52.775604 -20.304914 656.388184
616 326 627 319 641 319 651 327 640 331 627 331 712 329 723 321 736 322 747 329 736 333 723 333 47 114 155.119919 26.727518 17.192595 -0.026021 0.211021 0.021182 18.330082 -20.840416 660.650269 -14.130818 -21.447590 667.613098 50.790981 -20.233242 653.687500
606 333 616 326 629 326 640 333 629 336 617 337 701 332 712 325 725 325 736 332 725 336 713 335 1567 976 -145.075348 196.763641 19.264082 -0.097288 -0.055201 -0.014887 11.504793 -18.301977 671.752319 -21.645809 -17.897785 669.899292 44.655396 -18.706167 673.605408
604 331 614 323 627 323 638 330 627 334 615 335 699 329 709 322 723 321 734 328 723 333 711 333 1527 576 -137.138382 117.803078 17.863743 -0.087421 -0.058333 -0.022027 10.075655 -20.109846 670.133972 -23.064671 -19.464418 668.168823 43.215981 -20.755276 672.099121
606 332 616 325 629 325 640 332 629 336 617 336 701 331 712 324 725 324 736 331 725 335 713 335 1502 670 -132.211594 136.361786 18.215525 -0.089653 -0.033826 -0.015953 11.474379 -18.753794 669.515259 -21.707232 -18.275221 668.370117 44.655987 -19.232368 670.660461
607 333 618 326 631 325 641 333 630 336 618 337 703 332 713 324 727 324 738 331 727 336 714 335 971 829 -27.385983 167.795868 19.133089 -0.095952 -0.024137 -0.014306 12.511925 -18.355198 668.880432 -20.679829 -17.919392 668.057495 45.703678 -18.791004 669.703308
608 331 618 324 632 324 642 331 631 335 619 336 703 330 713 323 727 323 738 330 727 334 714 334 311 288 102.978355 61.054054 17.638996 -0.044098 0.206516 -0.010563 12.155543 -19.021910 659.759399 -20.341984 -18.523132 666.558044 44.653072 -19.520687 652.960754
608 334 618 326 632 326 642 334 631 338 619 338 703 333 714 325 727 325 738 332 727 337 715 336 462 671 73.127090 136.649048 18.905445 -0.049134 0.170597 -0.012839 12.595854 -17.505713 663.687500 -20.124319 -16.942862 669.311829 45.316025 -18.068562 658.063171
602 336 613 329 626 329 637 336 626 340 614 340 698 335 709 327 722 327 734 333 722 338 710 338 1336 743 -99.443542 150.787064 18.585457 -0.024914 0.176625 -0.027314 9.116869 -16.044601 657.325378 -23.559059 -15.069710 663.147156 41.792797 -17.019493 651.503601
607 337 618 330 631 330 642 337 630 341 618 341 703 336 714 329 727 328 738 335 727 339 715 339 750 737 16.257555 149.653229 18.950790 -0.042548 0.165499 -0.016399 12.332160 -15.294961 658.776978 -20.414576 -14.636491 664.233826 45.078896 -15.953430 653.320068
616 329 627 322 641 321 651 328 640 332 627 333 713 327 723 320 736 320 746 327 736 332 724 331 519 356 61.903915 74.459969 17.744272 -0.081363 -0.179714 -0.022220 18.864370 -21.018442 662.596863 -13.797825 -20.527445 656.638672 51.526566 -21.509439 668.554993
616 333 627 326 640 326 650 332 639 336 627 337 711 331 721 325 734 325 744 331 734 335 722 335 398 1030 85.728027 207.524796 20.228178 -0.111968 -0.126530 -0.020486 18.377199 -18.772036 674.661560 -14.555500 -18.329731 670.442444 51.309898 -19.214340 678.880737
617 330 628 323 641 323 652 329 640 333 628 334 714 329 724 322 737 322 747 329 737 333 725 333 448 481 75.909950 99.142357 18.236984 -0.094655 -0.150527 -0.014799 19.383713 -20.089418 662.246643 -13.442287 -19.836552 657.251709 52.209713 -20.342287 667.241577
617 333 628 326 641 326 652 332 641 336 628 337 713 332 723 325 736 325 746 332 736 336 724 336 826 987 1.227450 198.999176 19.792343 -0.084959 -0.167895 -0.015292 19.436010 -18.265722 667.582275 -13.298319 -17.997078 662.018921 52.170338 -18.534367 673.145630
615 330 626 322 640 322 651 329 639 334 627 334 712 328 723 321 736 321 747 328 736 332 724 332 598 141 46.327202 32.009979 16.925264 -0.069951 -0.195275 -0.022260 18.559050 -20.110380 652.717224 -14.006771 -19.602566 646.254333 51.124870 -20.618193 659.180176
614 332 625 324 639 324 650 331 638 335 625 336 711 330 722 323 735 323 746 330 735 334 723 334 1332 351 -98.615242 73.402672 17.189896 -0.092694 -0.156785 -0.023134 17.766573 -18.900177 655.292664 -15.022412 -18.376936 650.080383 50.555557 -19.423418 660.505005
619 308 633 301 650 302 663 312 648 316 633 315 737 314 751 306 767 306 779 313 765 319 751 319 521 745 61.470791 151.252304 19.130453 0.007846 0.199973 0.027286 24.516933 -25.282255 535.572998 -8.013902 -26.208107 542.164429 57.047768 -24.356403 528.981567
581 316 595 308 613 309 627 319 612 323 596 323 704 319 718 309 735 308 749 316 734 323 719 323 642 691 37.585720 140.581696 18.857990 0.037080 0.270918 -0.003348 5.217482 -21.187777 506.512939 -26.776163 -21.243729 515.399048 37.211128 -21.131823 497.626831
579 316 593 307 612 308 626 318 610 323 594 322 702 319 716 308 734 308 747 315 733 322 717 323 684 427 29.319147 88.461823 17.888626 0.002972 -0.298835 -0.002644 5.540596 -21.294067 500.185577 -26.192474 -21.192934 490.410004 37.273666 -21.395199 509.961151
571 320 585 312 603 312 617 322 602 326 586 326 694 322 708 312 726 311 740 318 725 325 709 326 1108 599 -54.412807 122.379715 18.222301 0.052750 0.306358 -0.014336 0.101905 -19.462015 498.064117 -31.553831 -19.259779 508.085724 31.757643 -19.664249 488.042480
569 325 583 318 601 318 615 327 600 332 584 332 692 327 706 317 724 316 738 323 723 330 707 330 1394 938 -110.914299 189.277008 19.242714 0.049582 0.268549 -0.019567 -0.759333 -16.898432 502.667297 -32.767948 -16.476477 511.489441 31.249281 -17.320385 493.845154
553 313 567 304 584 305 597 315 583 320 567 320 675 316 689 306 707 305 721 314 707 321 690 321 1540 217 -139.669830 46.931751 16.574667 0.039063 0.272258 0.000111 -9.234158 -22.534700 498.275391 -41.216068 -22.713812 507.202026 22.747753 -22.355591 489.348724
600 310 616 304 634 305 648 314 632 317 615 316 725 321 739 316 756 318 768 326 754 330 739 328 239 342 117.188812 71.720421 17.879124 -0.045713 -0.240026 0.081819 17.051483 -21.616386 515.598083 -15.091578 -24.484356 507.777740 49.194546 -18.748417 523.418457
559 318 573 310 591 311 605 322 590 326 573 325 683 325 697 315 716 315 730 323 715 330 698 330 1143 381 -61.301815 79.341301 17.421631 0.034759 0.281044 0.026761 -5.486990 -18.399780 493.307495 -37.377460 -19.437519 502.498810 26.403479 -17.362041 484.116150
559 321 573 313 591 313 605 322 590 328 574 328 683 325 697 317 715 317 729 325 714 331 698 331 1616 522 -154.705338 107.135246 17.612398 0.048791 0.334745 0.018370 -5.701525 -17.791496 492.564178 -37.058147 -18.658430 503.453186 25.655096 -16.924564 481.675171
580 313 596 305 615 306 629 318 613 322 595 321 707 321 721 310 740 310 753 319 738 325 722 325 706 46 25.012899 13.246696 16.515139 0.007652 -0.318005 0.028746 7.306156 -20.280172 484.352051 -24.220327 -21.178488 473.967773 38.832642 -19.381859 494.736328
584 315 600 307 619 308 633 319 617 323 599 322 711 323 725 312 744 312 757 321 742 328 726 328 306 174 103.976768 38.549744 17.235676 0.015871 -0.313317 0.036298 9.248939 -19.403337 485.576050 -22.317862 -20.506790 475.334991 40.815739 -18.299883 495.817108
595 320 611 314 628 314 642 321 627 325 610 325 720 324 734 319 750 320 762 327 749 331 734 330 240 1000 116.926682 201.616135 20.225445 -0.373755 -0.052147 0.031590 14.369857 -20.036125 539.189453 -18.773975 -21.379921 537.692688 47.513687 -18.692329 540.686218
568 315 583 306 602 307 616 318 600 323 583 322 694 321 708 311 727 311 741 320 726 326 709 326 1022 206 -37.394230 44.805000 16.877289 0.033195 0.291215 0.024230 -0.271181 -20.026058 489.011536 -32.068447 -20.978388 498.529236 31.526085 -19.073729 479.493835
576 324 590 317 607 318 621 327 606 331 590 330 700 331 714 323 731 323 745 331 730 336 714 335 837 1015 -0.947155 204.525711 19.884956 -0.045511 -0.179175 0.040872 3.668952 -15.965062 508.366516 -28.976803 -17.449089 502.483307 36.314705 -14.481036 514.249695
576 325 591 318 609 319 623 329 607 332 591 331 701 332 716 323 733 323 747 331 732 337 716 336 818 908 2.814746 183.404480 19.515842 -0.008072 0.165024 0.036362 3.662943 -15.236932 505.302124 -29.068916 -16.416517 510.760498 36.394802 -14.057346 499.843781
582 324 597 317 615 318 629 328 613 332 597 331 708 332 723 324 740 324 754 332 739 338 723 337 442 764 77.066772 155.009918 19.250360 -0.011353 0.230882 0.045381 6.726088 -15.017636 498.077728 -25.563759 -16.467279 505.681946 39.015934 -13.567994 490.473541
562 324 578 315 596 317 611 328 594 332 577 331 693 329 707 319 725 319 739 328 724 334 708 334 1299 348 -92.099388 72.813293 17.200974 -0.043788 -0.196783 0.017291 -0.994512 -15.756260 486.665863 -33.553661 -16.469082 480.188721 31.564638 -15.043439 493.143005
579 327 594 320 612 322 627 331 611 336 594 335 706 336 721 327 738 327 752 335 737 342 721 341 786 889 9.134730 179.656448 19.469191 -0.019327 -0.265130 0.045686 6.632577 -13.180461 491.046143 -25.377808 -14.763680 482.363495 38.642963 -11.597242 499.728790
572 322 588 314 607 315 621 326 605 331 587 330 700 330 715 319 734 319 748 329 733 335 715 335 889 108 -11.124925 25.470306 16.615511 -0.002133 -0.331363 0.037552 3.869133 -15.533099 475.769196 -27.506348 -16.768641 464.970490 35.244614 -14.297559 486.567902
574 328 589 321 607 322 622 330 606 335 589 335 701 334 716 327 733 327 747 335 732 340 716 339 1005 613 -34.077744 125.152351 18.340212 -0.032219 -0.269978 0.034238 4.147071 -13.739828 497.054932 -27.835842 -15.006039 488.220337 36.129982 -12.473618 505.889496
640 349 651 342 664 341 675 347 664 351 651 352 737 344 747 337 759 336 770 342 760 347 748 347 744 850 17.431093 171.961090 19.357803 -0.182226 -0.098187 -0.056526 34.855179 -9.230959 663.081543 1.862660 -7.664299 659.675842 67.847702 -10.797618 666.487244
653 369 664 362 678 362 689 369 677 372 665 373 750 369 760 362 773 361 783 368 773 372 761 372 668 512 32.469849 105.243057 18.202366 -0.187947 -0.075129 -0.007657 44.449078 6.146569 672.317017 11.338627 6.165467 669.815613 77.559532 6.127671 674.818481
652 374 663 367 676 367 687 374 676 377 663 378 749 373 759 366 772 366 782 372 771 376 760 376 537 896 58.296886 181.059830 19.658487 -0.194492 -0.062701 -0.018104 43.416515 9.213443 670.742615 10.282166 9.608613 668.616943 76.550865 8.818273 672.868225
653 374 664 368 677 367 689 374 677 378 664 378 750 373 760 366 773 365 783 372 773 376 761 376 595 695 46.865063 141.375397 18.903275 -0.146535 -0.112126 -0.023005 43.893951 9.204309 663.841675 10.906029 9.691786 660.084167 76.881874 8.716832 667.599182
650 374 661 366 675 366 687 373 675 377 662 378 749 372 759 364 772 363 783 370 772 375 760 375 1355 17 -103.123550 7.465728 15.983391 -0.149399 -0.148866 -0.031363 42.001907 8.460793 649.700012 9.179897 9.126472 644.716797 74.823921 7.795113 654.683167
627 373 638 367 652 367 663 374 651 377 638 377 725 374 735 367 747 367 757 373 747 377 735 377 6 851 163.142563 172.222260 19.848415 -0.181988 -0.108731 -0.001794 26.496506 9.422861 667.287964 -6.512706 9.154689 663.699097 59.505718 9.691032 670.876770
624 373 635 366 649 366 660 373 648 377 635 377 722 372 732 365 745 365 755 372 744 376 733 376 369 515 91.504456 105.861122 18.410393 -0.141095 -0.172249 -0.017005 24.618757 8.610302 662.248352 -8.090730 8.768449 656.536621 57.328243 8.452154 667.960144
626 372 638 365 652 365 663 372 651 376 638 376 725 372 735 365 748 364 758 371 748 376 736 376 200 38 124.918900 11.711136 16.820541 -0.118509 -0.212902 -0.008851 26.124126 8.246090 646.854797 -6.330571 8.120274 639.837891 58.578823 8.371907 653.871643
626 375 637 368 651 368 662 375 650 379 638 379 724 375 734 367 747 367 757 374 747 378 735 378 522 522 61.295273 107.229774 18.334387 -0.151159 -0.165615 -0.011329 25.933462 10.067947 656.273254 -6.815761 10.027096 650.791809 58.682686 10.108798 661.754700
623 375 635 367 649 367 660 374 648 378 635 379 722 374 733 366 746 366 756 372 745 377 734 377 1574 340 -146.394913 71.210251 16.990952 -0.158775 -0.187691 -0.024124 24.340157 9.382553 647.716858 -8.273145 9.683213 641.484558 56.953457 9.081893 653.949158
621 374 632 367 646 366 658 374 646 378 633 378 720 373 730 365 743 365 754 371 743 376 731 376 1193 309 -71.166794 65.123459 17.131821 -0.135229 -0.200470 -0.025479 22.642422 8.849865 644.555359 -9.887723 9.239700 637.907227 55.172569 8.460031 651.203430
624 374 636 366 650 366 661 374 649 378 636 378 723 373 733 365 746 365 757 372 746 377 734 377 730 179 20.261236 39.500156 16.973690 -0.122379 -0.225331 -0.015660 24.671743 8.874151 641.987305 -7.690676 8.933134 634.555603 57.034161 8.815168 649.419006
627 375 639 368 653 368 664 375 652 379 639 379 726 376 736 368 749 368 759 375 749 379 737 379 123 567 140.069870 116.147697 18.758217 -0.133238 -0.171008 -0.001541 26.950104 10.483611 652.158508 -5.771054 10.157588 646.521240 59.671261 10.809633 657.795837
625 378 637 371 650 371 662 378 650 381 637 382 724 377 734 370 747 370 757 376 747 381 735 380 876 1006 -8.646475 202.745651 19.827116 -0.163948 -0.148411 -0.016053 25.597319 11.740996 655.769165 -7.239048 11.867357 650.838013 58.433689 11.614635 660.700378
625 378 636 371 650 371 661 378 649 381 637 382 724 377 734 370 747 370 757 377 747 381 735 381 1345 893 -101.235260 180.397781 19.114544 -0.176115 -0.151832 -0.015884 25.454170 11.876281 654.213867 -7.365469 11.956998 649.171631 58.273811 11.795564 659.256165
625 378 636 371 650 371 662 378 650 382 637 382 724 378 735 371 748 370 758 377 747 381 735 381 1630 726 -157.489563 147.405685 18.330795 -0.173841 -0.169005 -0.017894 25.549759 12.043900 649.797302 -7.177887 12.146836 644.189270 58.277405 11.940965 655.405396
629 378 640 372 654 372 665 379 653 382 640 382 728 379 738 372 751 372 761 379 750 383 739 382 402 909 84.950165 183.637833 19.793951 -0.161380 -0.141986 -0.002220 27.930887 12.654896 655.530945 -4.940425 12.349091 650.846619 60.802197 12.960702 660.215271
627 379 639 373 652 373 664 379 652 383 639 383 726 379 737 372 749 372 759 379 749 383 737 383 1289 1035 -90.192520 208.434845 19.657993 -0.173972 -0.158628 -0.011490 27.037529 13.021470 655.034180 -5.749268 12.943419 649.782593 59.824326 13.099522 660.285828
630 376 642 369 656 369 667 376 655 380 642 380 730 377 740 370 753 370 763 377 753 381 741 381 196 475 125.665703 97.979668 18.381891 -0.116932 -0.204482 0.005585 28.857059 11.113175 642.513672 -3.656249 10.534307 635.797302 61.370369 11.692043 649.229980
630 378 642 371 655 372 667 379 654 382 642 382 729 379 739 372 752 372 762 379 752 383 740 382 822 782 2.037369 158.530457 19.063780 -0.142392 -0.193643 -0.001960 28.703840 12.513445 648.182800 -3.881352 12.122332 641.810059 61.289032 12.904558 654.555542
661 380 672 373 685 372 695 379 684 383 672 383 756 377 766 370 778 370 788 376 778 380 767 380 1141 936 -60.961494 188.904053 19.402550 -0.298936 0.010753 -0.028472 49.632679 12.751735 686.306885 16.443130 13.735948 686.518372 82.822227 11.767523 686.095459
659 379 670 371 683 371 694 378 682 382 670 383 754 376 764 368 777 367 787 374 777 378 765 379 1144 275 -61.488834 58.415749 17.042887 -0.184096 -0.042513 -0.038020 48.016109 11.745190 677.315491 14.865133 12.870300 675.796753 81.167084 10.620080 678.834229
664 378 675 371 688 371 699 378 688 382 675 382 760 377 770 369 783 368 793 375 783 380 771 380 98 20 145.059662 8.166568 16.823652 -0.123663 -0.084474 -0.022336 51.186008 11.974660 669.717285 18.107708 12.540391 666.877258 84.264313 11.408930 672.557251
663 384 674 377 687 376 698 383 686 387 674 387 759 381 769 373 781 373 792 379 781 383 770 384 1494 775 -130.642395 157.090530 18.595324 -0.235218 -0.028682 -0.036364 50.839870 15.145867 676.685303 17.670500 16.230335 675.600708 84.009239 14.061399 677.769897
666 385 677 378 690 378 701 384 690 388 678 389 762 383 772 376 784 375 795 382 784 386 773 386 705 825 25.133755 167.029205 19.294369 -0.224858 -0.018878 -0.024061 53.343178 16.508657 679.233215 20.153828 17.230576 678.522278 86.532532 15.786738 679.944092
666 384 677 377 690 377 701 384 690 388 677 388 762 383 772 376 784 375 795 382 784 386 773 386 720 775 22.177053 157.157410 19.106129 -0.211143 -0.009695 -0.016783 53.177860 16.349127 679.289612 19.979261 16.868391 678.911499 86.376457 15.829864 679.667725
667 382 679 375 692 374 703 382 692 386 679 386 764 381 774 373 787 372 798 379 787 384 775 384 373 26 90.762764 9.327268 16.663567 -0.102535 -0.144032 -0.017473 53.235851 14.476212 657.977966 20.379610 14.808815 653.190857 86.092087 14.143609 662.765076
664 385 675 378 689 377 700 384 688 388 676 389 760 382 770 374 783 374 794 380 783 385 772 385 1183 432 -69.204475 89.405754 17.577143 -0.131528 -0.118492 -0.035556 51.226204 15.716846 663.450623 18.274792 16.633009 659.460022 84.177620 14.800681 667.441223
667 383 678 376 692 375 703 383 691 387 678 387 763 381 773 373 786 373 797 379 786 384 774 384 757 152 14.932980 34.167755 16.859568 -0.123666 -0.131850 -0.026583 53.052036 14.828393 661.910522 20.146744 15.436223 657.502380 85.957329 14.220563 666.318726
666 386 677 379 691 378 702 385 690 389 678 389 763 384 773 376 785 376 796 382 785 387 774 387 15 756 161.374924 153.467529 19.503626 -0.144584 -0.052278 -0.021659 53.095543 16.825291 671.770264 19.943785 17.416365 669.989502 86.247299 16.234219 673.551086
666 387 677 380 690 379 701 386 690 390 677 390 762 384 772 377 785 377 795 383 785 387 773 387 528 757 60.087521 153.620621 19.168636 -0.146493 -0.065459 -0.026654 52.793419 17.281364 670.645935 19.671358 18.003651 668.417297 85.915482 16.559078 672.874634
668 387 678 380 692 380 703 387 691 390 679 391 764 385 774 378 786 377 796 383 786 388 774 388 26 876 159.191269 177.155777 19.924387 -0.142367 -0.053635 -0.024149 54.026966 17.829273 675.421997 20.879484 18.501442 673.591125 87.174454 17.157103 677.252869
666 383 677 376 691 375 702 383 690 387 678 387 763 381 773 373 786 373 796 379 786 384 774 384 99 54 144.858887 14.878423 16.944265 -0.089547 -0.172922 -0.023882 52.037052 14.684722 654.372681 19.336535 15.216391 648.632202 84.737572 14.153054 660.113159
664 384 675 377 689 376 700 384 688 388 676 388 761 381 771 373 784 373 794 379 784 384 772 385 1222 106 -76.872627 25.046713 16.388613 -0.118212 -0.171715 -0.037444 50.719227 15.055283 653.477295 18.025316 15.953589 647.744873 83.413132 14.156975 659.209717
667 384 678 376 692 376 703 384 691 387 678 388 763 382 774 374 787 373 797 380 787 385 775 385 369 42 91.550957 12.486174 16.723276 -0.093887 -0.176900 -0.024918 52.606487 15.209264 653.673645 19.929739 15.756238 647.800781 85.283234 14.662291 659.546509
664 385 675 377 688 377 700 384 688 388 675 389 760 382 770 374 783 373 794 379 783 384 772 385 1429 363 -117.768211 75.763206 17.168682 -0.124624 -0.158382 -0.041894 50.716454 15.365808 656.896057 17.955679 16.420555 651.587708 83.477226 14.311063 662.204468
667 387 678 380 692 379 703 386 691 390 679 390 764 385 774 377 786 377 796 383 786 388 775 388 233 950 118.313683 191.746246 20.051723 -0.138070 -0.081011 -0.022109 53.845554 17.540596 671.598022 20.757561 18.086227 668.869202 86.933548 16.994965 674.326843
668 386 679 380 692 379 703 386 692 390 679 390 764 385 774 377 787 377 797 383 787 388 775 388 127 546 139.282166 112.001747 18.680674 -0.116911 -0.100196 -0.022163 53.725052 17.287834 664.839417 20.694717 17.826715 661.482910 86.755386 16.748955 668.195923
668 386 679 379 693 379 704 386 692 390 680 390 765 385 775 377 787 377 798 383 787 388 776 388 8 650 162.767441 132.542664 19.130159 -0.114113 -0.102382 -0.020683 54.019779 17.281269 665.546631 20.995733 17.771721 662.121521 87.043823 16.790817 668.971802
666 385 677 377 691 377 702 384 690 388 678 389 763 383 773 375 786 374 796 381 786 386 774 386 430 236 79.487976 50.778450 17.374987 -0.108371 -0.152589 -0.026130 52.282543 15.776024 657.302917 19.474443 16.364771 652.219482 85.090645 15.187279 662.386414
602 330 614 322 629 322 640 330 628 334 614 334 705 329 716 321 731 321 742 328 730 333 717 333 665 39 33.108673 11.868368 16.517229 -0.113722 -0.059297 -0.013802 11.966410 -19.237907 629.075989 -21.176950 -18.892693 627.086487 45.109772 -19.583120 631.065491
604 330 616 322 631 322 642 330 630 334 617 334 708 329 719 320 733 320 744 328 733 332 720 332 1536 38 -138.862457 11.595700 15.938843 -0.113855 -0.103706 -0.025630 13.398967 -19.259216 624.692383 -19.616766 -18.607250 621.214417 46.414700 -19.911180 628.170288
610 336 621 329 635 329 646 336 634 339 621 340 712 335 723 328 736 328 747 335 736 339 724 339 582 990 49.402794 199.612488 19.964073 -0.175854 -0.047784 -0.013468 16.083942 -15.518472 635.536438 -17.080065 -15.212892 633.919434 49.247948 -15.824051 637.153503
609 333 621 325 635 325 647 333 635 337 621 337 713 332 724 325 738 324 750 332 738 336 725 336 485 257 68.626648 54.919308 17.413593 -0.094445 -0.085192 -0.010441 16.442867 -17.033278 623.670227 -16.639807 -16.820940 620.832825 49.525543 -17.245615 626.507690
610 333 622 325 637 325 649 333 636 337 623 337 714 332 726 325 740 324 751 332 739 336 726 336 480 70 69.632240 18.004065 16.749893 -0.076175 -0.135751 -0.013042 17.303583 -16.771812 617.842529 -15.593080 -16.511862 613.336792 50.200249 -17.031763 622.348206
608 335 620 328 635 327 647 335 634 339 621 339 712 334 723 326 737 326 749 333 737 338 724 338 1610 522 -153.520691 107.135765 17.616358 -0.122274 -0.121511 -0.024179 15.958744 -15.815885 620.725769 -16.991873 -15.263109 616.662415 48.909363 -16.368660 624.789124
613 336 625 329 639 329 650 336 638 340 625 340 716 336 727 329 741 329 752 335 741 340 728 339 83 779 147.946671 158.002090 19.540787 -0.100869 -0.074378 -0.005068 18.597010 -15.125820 629.063965 -14.515653 -15.082390 626.592285 51.709671 -15.169250 631.535706
613 335 625 327 639 327 651 335 638 339 625 339 717 335 728 327 742 327 753 334 741 339 729 339 182 323 128.444824 67.974556 17.848970 -0.086961 -0.107663 -0.005054 18.798502 -15.506463 621.168762 -14.213752 -15.494389 617.597961 51.810757 -15.518538 624.739563
610 333 622 326 637 326 649 333 636 337 623 338 715 333 726 325 740 325 752 332 740 337 727 337 335 25 98.265625 9.133141 16.685078 -0.072258 -0.133841 -0.009317 17.430813 -16.352999 615.557373 -15.475729 -16.205086 611.119202 50.337357 -16.500912 619.995544
612 335 624 328 639 328 651 336 638 339 625 340 717 335 728 328 742 328 753 335 741 339 729 339 105 512 143.629211 105.291702 18.573919 -0.089683 -0.099671 -0.008214 18.634499 -15.179192 621.084900 -14.404511 -15.055446 617.773071 51.673508 -15.302937 624.396667
611 334 623 327 637 327 649 334 636 338 623 339 715 334 726 326 740 326 751 333 740 338 727 338 820 139 2.495466 31.595980 16.771620 -0.081681 -0.157678 -0.016321 17.511044 -15.826270 615.118042 -15.277677 -15.500457 609.888000 50.299767 -16.152084 620.348083
609 337 620 330 635 330 647 337 634 341 621 341 713 336 724 328 738 328 749 335 738 339 725 339 1526 661 -136.949295 134.583023 18.167585 -0.130921 -0.108066 -0.025490 16.308195 -14.738954 622.767883 -16.692446 -14.131036 619.141846 49.308834 -15.346870 626.393860
612 338 624 332 638 331 650 338 637 342 624 342 716 338 727 331 740 331 751 337 740 341 728 341 1082 952 -49.314041 192.067703 19.498556 -0.169118 -0.075121 -0.014680 18.187189 -13.825983 627.796143 -14.920635 -13.551633 625.274963 51.295013 -14.100332 630.317322
613 336 625 329 639 329 651 336 638 340 625 341 716 336 727 328 741 328 753 335 741 340 728 340 790 340 8.398939 71.277992 17.508354 -0.098029 -0.133061 -0.014012 18.652760 -14.707856 620.435364 -14.255526 -14.460782 616.014526 51.561047 -14.954929 624.856140
613 337 625 329 639 329 651 337 639 341 625 341 717 336 728 329 742 329 753 336 742 340 729 340 657 483 34.644554 99.519119 18.106188 -0.100335 -0.114649 -0.009953 18.851639 -14.429921 620.659424 -14.133727 -14.291332 616.850769 51.837002 -14.568509 624.468140
612 336 624 328 639 328 650 336 638 340 624 340 716 335 727 327 741 327 753 334 741 339 728 339 882 156 -9.747556 34.946594 16.791340 -0.092089 -0.148750 -0.015214 18.281290 -14.965415 615.310181 -14.553278 -14.689660 610.373108 51.115860 -15.241170 620.247253
612 338 624 331 638 331 650 338 638 342 625 342 716 338 727 330 741 330 752 337 740 341 728 341 580 827 49.813702 167.434830 19.383997 -0.117652 -0.097689 -0.010293 18.363121 -13.894994 626.759460 -14.681806 -13.744982 623.508301 51.408051 -14.045007 630.010620
615 338 627 330 641 330 653 338 640 341 627 342 719 338 730 330 744 330 755 337 743 342 731 341 327 554 99.793152 113.563744 18.577217 -0.102726 -0.092911 -0.005171 20.120480 -13.806062 624.202271 -12.940800 -13.793117 621.118286 53.181759 -13.819007 627.286316
614 339 625 332 639 332 651 339 639 343 626 343 717 339 728 332 741 332 752 338 741 342 729 342 505 977 64.607040 197.052811 19.968521 -0.143174 -0.071550 -0.010496 19.027519 -13.119555 629.864014 -14.090657 -12.942253 627.473511 52.145695 -13.296859 632.254517
615 338 627 331 641 331 653 338 641 342 627 342 719 338 730 331 743 331 754 338 743 342 730 342 456 645 74.314293 131.516907 18.816666 -0.108074 -0.112067 -0.008747 20.114275 -13.445261 624.417358 -12.881183 -13.356665 620.695618 53.109730 -13.533857 628.139160
609 374 621 367 635 366 646 372 634 377 621 378 708 369 718 362 731 361 742 368 732 372 720 372 1596 488 -150.753174 100.425034 17.504324 -0.370141 -0.078442 -0.062557 15.199853 7.539749 658.885437 -17.839870 9.090233 655.964417 48.239574 5.989264 661.806458
631 372 643 365 656 365 668 371 656 375 643 376 727 370 736 363 748 363 757 369 748 374 737 374 767 443 12.929959 91.613213 17.890919 -0.227482 -0.287828 -0.046713 28.768625 7.494394 667.139282 -3.040550 7.935649 657.623962 60.577801 7.053139 676.654602
638 373 649 367 663 367 674 373 662 377 650 377 733 371 742 364 753 363 762 369 753 373 743 374 381 528 89.133881 108.426414 18.448843 -0.180650 -0.301904 -0.054166 32.881271 7.954474 666.069580 1.221991 8.819337 656.094543 64.540558 7.089611 676.044617
641 372 653 365 666 365 677 372 665 376 653 377 736 371 745 364 756 363 765 369 756 374 745 374 213 75 122.348534 19.014183 16.943935 -0.173722 -0.357066 -0.042264 34.412918 7.691691 656.550415 3.326128 8.041804 644.886414 65.499710 7.341578 668.214355
619 379 631 372 644 372 656 379 644 383 631 383 719 378 729 371 741 371 751 378 741 382 730 382 1670 743 -165.388885 150.758194 18.365032 -0.235231 -0.151499 -0.023372 21.704132 12.455559 654.201294 -11.113111 12.633677 649.145935 54.521374 12.277441 659.256592
626 381 638 374 652 373 663 380 651 384 638 385 723 379 733 371 745 371 755 378 745 382 734 382 910 771 -15.336370 156.351349 18.966469 -0.211688 -0.255419 -0.041180 25.893007 13.102932 656.275879 -6.210840 13.555631 647.808411 57.996853 12.650232 664.743286
636 381 648 374 661 374 672 381 660 384 648 385 732 380 741 373 753 373 762 380 753 384 742 383 366 973 92.051750 196.275177 20.045986 -0.189234 -0.264049 -0.023299 31.924498 13.897450 663.270569 -0.124030 13.835206 654.584473 63.973026 13.959696 671.956604
634 380 645 374 659 373 671 380 658 384 646 385 731 380 740 373 752 373 762 379 752 383 741 383 1098 811 -52.459236 164.231506 18.985071 -0.196667 -0.266244 -0.026072 30.719862 13.461019 656.880127 -1.307668 13.449548 648.116760 62.747391 13.472489 665.643494
630 379 642 372 656 372 667 379 655 383 642 384 728 379 738 371 750 371 760 378 750 383 739 383 1505 388 -132.776199 80.691895 17.207697 -0.212406 -0.278161 -0.026502 28.379627 12.697890 648.495728 -3.542192 12.589040 639.355469 60.301445 12.806741 657.636047
633 379 645 372 659 372 671 379 658 383 645 383 730 379 740 372 752 371 762 378 752 383 741 383 953 139 -23.764206 31.584488 16.683847 -0.174074 -0.321269 -0.020066 30.136053 12.611316 643.858826 -1.367586 12.344660 633.370300 61.639694 12.877973 654.347351
645 379 656 373 669 373 679 380 668 384 656 384 738 377 747 370 758 368 767 373 758 379 747 380 269 180 111.281502 39.737400 17.281496 -0.088174 -0.362624 -0.048893 36.698467 11.999362 664.789673 5.690378 13.060178 652.960327 67.706551 10.938547 676.618958
652 378 661 373 671 373 680 378 671 382 661 382 736 374 743 368 753 367 761 370 753 376 744 377 236 1011 117.715363 203.787994 20.267321 0.028481 0.574839 -0.088044 37.071175 11.357934 700.968140 9.324320 13.854778 719.035706 64.818031 8.861089 682.900574
635 381 647 373 660 373 672 380 660 384 647 384 731 379 740 372 752 372 761 379 752 383 741 383 582 912 49.410461 184.214508 19.685860 -0.209754 -0.284962 -0.032351 31.411070 13.450232 663.645142 -0.442504 13.520005 654.269409 63.264645 13.380458 673.020874
635 381 647 374 661 374 672 381 660 385 647 386 732 381 742 374 754 374 764 381 754 385 743 385 1282 649 -88.772476 132.235184 18.285812 -0.207020 -0.295174 -0.024901 31.626133 14.175643 652.206848 -0.137641 13.981072 642.532898 63.389904 14.370214 661.880737
634 383 646 376 659 376 671 383 659 387 646 387 731 382 741 376 753 376 762 382 753 387 742 386 1470 989 -125.924843 199.338348 19.374468 -0.215282 -0.277678 -0.023540 30.848597 15.303670 654.609375 -1.080155 15.086992 645.495239 62.777348 15.520348 663.723511
634 382 646 375 660 375 672 382 659 386 647 387 732 382 741 375 753 375 763 382 753 386 742 386 1219 651 -76.333885 132.635452 18.334522 -0.192778 -0.303125 -0.019331 31.095745 14.969933 650.371033 -0.593802 14.638296 640.460327 62.785290 15.301570 660.281799
634 384 646 377 660 377 671 384 659 388 646 388 731 383 741 376 753 376 762 383 753 387 742 387 1474 971 -126.712837 195.784622 19.307625 -0.209094 -0.283245 -0.024535 30.799593 15.831417 653.792542 -1.077123 15.656189 644.497192 62.676311 16.006645 663.087891
639 383 650 378 663 378 674 384 662 388 650 388 734 383 744 376 755 376 764 381 755 386 744 386 974 927 -27.987940 187.141785 19.480659 -0.130628 -0.317612 -0.028918 33.363613 15.585910 659.713074 1.830846 15.845211 649.312256 64.896378 15.326609 670.113892
636 382 648 375 662 375 673 382 661 386 648 387 733 383 743 375 755 375 765 382 755 387 744 386 1338 425 -99.807159 88.010490 17.449883 -0.187156 -0.303604 -0.016300 31.940714 14.934338 645.769287 0.254409 14.530763 635.850891 63.627018 15.337914 655.687683
637 381 649 374 664 374 675 381 662 385 649 386 735 382 744 374 757 374 766 381 756 386 745 386 1150 208 -62.666893 45.188759 16.799948 -0.174906 -0.328352 -0.012306 32.700241 14.199447 641.343079 1.267325 13.656158 630.654907 64.133156 14.742735 652.031189
548 380 559 374 572 373 582 380 571 384 559 384 642 374 651 367 663 365 671 369 663 375 652 377 1519 89 -135.510971 21.665081 16.131971 -0.097616 -0.435224 -0.090505 -28.194872 10.916780 663.651489 -58.175110 13.126038 649.549561 1.785368 8.707522 677.753418
544 385 555 378 568 378 580 383 568 388 556 389 640 380 649 373 661 373 670 378 661 383 650 383 1249 882 -82.279831 178.234573 19.138664 -0.229030 -0.337922 -0.082375 -30.215660 14.913855 664.755188 -61.440826 16.304253 653.547363 1.009506 13.523456 675.963013
550 385 561 377 575 377 586 383 575 388 562 389 645 380 654 373 666 372 676 379 666 383 656 384 474 344 70.789948 72.094933 17.731167 -0.190800 -0.418103 -0.070757 -25.588991 14.725874 652.149048 -55.861820 15.690835 638.540833 4.683838 13.760912 665.757324
558 383 569 377 582 377 593 383 582 387 569 388 652 380 661 373 673 372 682 378 673 383 662 383 99 317 144.833023 66.797264 17.882345 -0.131773 -0.444611 -0.053764 -20.829044 14.254643 649.512390 -50.763954 15.020569 635.164124 9.105864 13.488719 663.860718
567 383 576 379 586 379 596 383 586 386 576 386 651 381 659 376 668 375 677 379 668 383 659 383 960 576 -25.189257 117.852074 18.237938 -0.127157 -0.202632 -0.050363 -24.961643 17.520700 789.566833 -57.446255 18.750744 782.799500 7.522969 16.290657 796.334167
557 389 568 382 581 381 593 388 581 392 569 392 652 386 661 379 673 378 682 385 673 389 662 389 341 1010 96.984138 203.581512 20.194458 -0.206814 -0.386454 -0.055591 -21.623528 18.145079 659.011780 -52.338417 18.626022 646.405273 9.091363 17.664133 671.618286
558 388 570 381 583 380 594 387 582 391 570 392 653 385 662 378 674 377 683 383 674 388 663 388 581 588 49.639755 120.253738 18.530863 -0.175079 -0.427986 -0.053077 -20.459164 17.258421 651.256714 -50.631451 17.736139 637.401611 9.713125 16.780703 665.111816
574 386 582 381 593 381 601 386 592 389 583 389 654 384 662 379 672 378 680 382 672 386 663 387 699 689 26.331772 140.181961 18.813238 -0.088829 -0.261377 -0.037376 -21.420845 20.288286 798.266541 -53.475689 21.130377 789.644653 10.633998 19.446196 806.888489
568 388 578 383 589 383 599 388 589 391 578 391 656 386 664 380 674 379 683 383 674 387 665 388 860 893 -5.476307 180.439697 19.434622 -0.311054 -0.116036 -0.053460 -21.487516 20.648155 770.623291 -54.423885 21.796419 766.569031 11.448851 19.499893 774.677490
576 386 585 381 596 381 605 387 595 390 585 390 656 385 664 379 674 378 682 383 674 387 665 388 1316 540 -95.474762 110.714546 17.874588 -0.068901 -0.276298 -0.027606 -19.240900 20.709629 796.070190 -51.174335 21.299925 786.989075 12.692534 20.119335 805.151367
563 386 575 379 588 379 599 386 587 390 575 390 658 385 667 378 678 377 687 384 678 388 668 388 82 31 148.217651 10.339461 16.873447 -0.159404 -0.481212 -0.031904 -16.850006 16.641159 639.834229 -46.275700 16.409184 624.451294 12.575687 16.873135 655.217163
573 384 583 378 595 378 604 385 594 388 583 388 660 383 669 376 680 376 689 381 680 385 670 386 291 5 106.955002 5.188742 16.642780 -0.069144 -0.143913 -0.036795 -17.061813 17.997700 764.177673 -49.901115 19.049160 759.378235 15.777491 16.946241 768.977051
567 386 578 380 591 380 602 386 590 390 579 390 659 384 668 378 679 377 688 382 679 387 668 387 1369 316 -105.917122 66.490120 17.040638 -0.243882 -0.213684 -0.051059 -18.404705 18.472132 737.553528 -50.815327 19.279774 730.380005 14.005917 17.664490 744.726990
567 390 578 384 592 384 603 390 591 394 578 394 662 390 671 383 682 383 691 389 682 393 672 393 494 748 66.801407 151.846863 19.158974 -0.180411 -0.415920 -0.023395 -14.839991 20.177048 654.568481 -45.212814 19.702911 641.158569 15.532831 20.651184 667.978455
583 389 592 384 603 384 611 391 602 393 592 393 662 390 670 384 680 383 689 388 680 392 671 392 1479 884 -127.691490 178.609512 18.994009 -0.070511 -0.286895 -0.010188 -14.054047 24.074169 799.483337 -45.900551 24.074141 790.083374 17.792459 24.074196 808.883301
565 391 577 385 590 385 602 391 589 395 577 395 661 391 671 384 682 383 691 389 682 394 671 394 1648 749 -161.045761 151.944565 18.400953 -0.158693 -0.428674 -0.028745 -15.306095 20.254532 647.945801 -45.499504 20.066170 634.129822 14.887313 20.442894 661.761841
567 392 579 386 593 386 604 392 592 396 579 397 663 392 673 385 684 385 693 391 684 396 673 396 975 940 -28.186659 189.708023 19.526369 -0.183023 -0.407926 -0.023809 -14.027200 21.541164 653.547607 -44.505898 21.086618 640.379395 16.451498 21.995712 666.715820
566 394 578 388 592 388 603 394 591 398 578 398 663 394 672 387 684 387 692 393 683 397 673 397 1656 1032 -162.653122 207.810913 19.405090 -0.183505 -0.407939 -0.026601 -14.558932 22.505592 651.250427 -45.035244 22.137415 638.073975 15.917378 22.873768 664.426880
569 394 581 388 594 388 605 394 593 398 581 398 666 394 675 387 686 387 695 392 686 397 675 397 1531 1005 -137.970322 202.491638 19.391279 -0.149369 -0.425816 -0.019392 -12.634143 22.249842 648.454895 -42.873310 21.833923 634.744324 17.605022 22.665762 662.165466
568 393 580 386 593 386 604 393 592 397 580 397 664 394 673 386 685 386 694 393 684 397 674 397 1204 606 -73.367844 123.753288 18.183914 -0.177317 -0.435413 -0.015632 -13.397791 22.009666 644.930542 -43.508675 21.251442 630.954895 16.713095 22.767891 658.906250
568 381 581 373 596 373 609 381 595 385 581 386 678 380 690 372 704 372 716 380 704 384 691 384 294 576 106.306541 117.909615 18.677467 -0.188921 -0.115284 -0.017328 -6.618059 12.555761 591.653564 -39.598160 12.766320 587.802856 26.362043 12.345202 595.504333
573 385 586 378 600 378 613 385 600 388 586 389 682 384 694 377 707 377 719 384 707 388 694 388 417 1045 81.975174 210.484299 20.269142 -0.264169 -0.085849 -0.012122 -4.248878 15.271693 599.947815 -37.329693 15.294926 597.080933 28.831936 15.248460 602.814636
571 385 584 377 599 377 612 384 598 389 584 389 682 384 694 376 708 376 720 383 708 388 695 387 1677 519 -166.748947 106.537750 17.561440 -0.202171 -0.175272 -0.023664 -4.247444 14.473379 582.784607 -36.936043 14.664934 576.955505 28.441156 14.281823 588.613708
572 385 585 378 601 378 614 385 600 390 586 390 684 385 696 377 710 377 722 384 710 389 697 389 1471 621 -126.086105 126.691368 18.061209 -0.193670 -0.167220 -0.018241 -3.131069 14.993590 581.616394 -35.868687 15.057934 576.066284 29.606548 14.929248 587.166504
581 387 594 379 610 379 622 387 608 391 594 391 692 388 704 380 718 380 729 388 717 393 704 392 55 722 153.480621 146.752136 19.355955 -0.164816 -0.156320 0.007222 1.514791 16.702961 585.562622 -31.285210 16.039295 580.436279 34.314793 17.366629 590.688904
577 390 589 382 605 382 617 390 604 393 590 394 688 390 700 382 714 382 726 389 714 393 701 393 1326 853 -97.479942 172.503021 18.984409 -0.221376 -0.153675 -0.013412 -0.878469 17.656013 583.693481 -33.690601 17.534586 578.603394 31.933664 17.777441 588.783508
580 385 593 377 610 377 622 386 608 390 593 390 692 387 704 378 719 378 731 386 718 391 705 391 511 211 63.497700 45.836201 17.232359 -0.136583 -0.228040 0.007288 1.768239 15.375608 570.272705 -30.577414 14.622393 562.806030 34.113892 16.128824 577.739380
582 388 596 380 612 381 624 389 611 393 596 393 695 390 706 382 721 382 732 390 720 394 707 394 848 628 -3.080961 128.127075 18.497328 -0.159461 -0.205831 0.005555 3.064204 17.283810 575.738098 -29.440685 16.559584 568.995178 35.569092 18.008036 582.481018
587 390 600 383 615 383 628 391 614 394 600 394 698 393 710 386 724 386 735 394 723 397 710 397 277 983 109.623032 198.256973 20.140390 -0.179892 -0.156502 0.022068 5.033783 19.222626 586.121399 -27.758280 18.031662 581.039917 37.825848 20.413589 591.202942
584 389 597 382 613 383 625 391 611 395 597 395 696 392 708 384 722 384 733 391 721 396 708 396 1647 522 -160.826004 107.132568 17.591940 -0.161950 -0.231085 0.002064 3.754315 18.077238 574.059387 -28.569721 17.392395 566.493164 36.078350 18.762083 581.625549
590 389 604 383 619 384 631 392 617 395 603 395 702 393 713 386 727 387 738 394 726 398 713 398 76 789 149.327774 159.976791 19.581074 -0.123510 -0.219850 0.027122 7.088977 19.113712 579.149292 -25.305521 17.774349 571.982544 39.483475 20.453075 586.316040
588 388 602 380 618 381 630 390 616 393 601 393 701 392 713 383 728 384 739 392 727 396 713 396 521 355 61.509132 74.262383 17.739386 -0.138547 -0.235251 0.022375 6.533374 17.705204 566.064758 -25.750086 16.433748 558.401733 38.816833 18.976660 573.727722
603 389 614 383 627 384 638 392 626 395 614 394 699 393 710 386 722 385 733 392 722 397 710 397 1536 600 -138.917709 122.540146 17.943409 -0.226777 -0.060248 0.018700 10.011667 21.726547 680.293701 -23.127380 20.885546 678.381714 43.150715 22.567549 682.205750
591 392 605 385 620 386 633 394 619 397 604 397 703 396 715 389 729 390 740 397 729 401 715 401 471 923 71.325348 186.395599 19.798349 -0.150981 -0.202100 0.031771 7.963816 20.604694 574.715088 -24.549862 19.057209 568.155640 40.477493 22.152178 581.274475
593 393 607 387 622 387 634 395 621 399 606 398 705 398 717 391 731 391 742 399 730 403 717 402 588 1010 48.216179 203.560165 20.031450 -0.157386 -0.197252 0.036127 8.897501 21.619486 577.241882 -23.643276 19.920218 570.856750 41.438278 23.318752 583.627014
593 390 607 382 623 383 636 393 622 396 607 395 707 396 719 387 734 388 745 396 733 401 719 400 440 280 77.509239 59.463627 17.525328 -0.119057 -0.254226 0.041652 9.686818 19.303780 559.305786 -22.423542 17.440083 551.058899 41.797176 21.167477 567.552673
589 390 603 383 619 384 632 392 618 396 603 396 703 395 716 387 730 387 741 395 729 400 716 399 1588 390 -149.164001 81.079544 17.160053 -0.154754 -0.264910 0.023236 7.752293 19.038256 558.268250 -24.287674 17.603546 549.669312 39.792259 20.472967 566.867188
594 391 608 384 625 385 637 394 623 397 608 397 708 397 720 389 734 389 745 397 733 402 720 401 229 612 119.136681 125.021996 18.848770 -0.119263 -0.240245 0.042921 10.359435 20.146173 564.186218 -21.862606 18.265680 556.391113 42.581478 22.026669 571.981323
592 395 606 388 621 389 634 397 620 400 605 400 706 400 718 393 732 393 743 400 731 404 718 404 1429 989 -117.829750 199.341888 19.401525 -0.197478 -0.181617 0.026712 8.951450 22.250010 572.316833 -23.697269 20.781904 566.446167 41.600170 23.718117 578.187561
599 392 613 386 629 387 641 395 627 398 612 398 712 399 724 392 738 392 749 400 737 404 724 403 49 709 154.666550 144.186325 19.313545 -0.130305 -0.240578 0.050495 12.825701 21.328051 570.474060 -19.382328 19.155806 562.696960 45.033730 23.500298 578.251221
595 348 608 341 623 343 635 352 622 355 608 354 705 358 717 351 732 353 743 361 731 364 717 363 98 908 144.972366 183.466690 19.991009 -0.095309 -0.094095 0.086815 9.472617 -2.831331 588.066589 -23.460649 -5.850347 585.092529 42.405884 0.187685 591.040649
596 347 609 340 625 342 637 351 623 354 608 353 706 357 719 350 735 351 746 360 733 364 719 363 154 385 133.967087 80.216393 18.088593 -0.073688 -0.179658 0.084472 10.380247 -2.973567 572.882874 -22.172667 -5.976511 567.064819 42.933159 0.029376 578.700928
595 353 608 347 623 348 635 356 621 359 607 358 705 362 717 355 732 356 743 364 731 368 717 367 1092 910 -51.284325 183.775620 19.342150 -0.117992 -0.129408 0.070759 9.448590 -0.329363 583.820862 -23.396137 -2.917695 579.687622 42.293320 2.258969 587.954163
599 353 612 347 628 349 639 358 626 361 611 359 709 364 722 357 736 358 748 367 735 370 721 369 527 842 60.276608 170.400558 19.472477 -0.114216 -0.113835 0.083886 11.930113 0.640851 583.191833 -20.943640 -2.344535 579.591370 44.803867 3.626236 586.792297
597 351 611 344 627 345 639 356 625 358 610 357 709 362 722 354 737 355 748 364 735 368 721 367 579 251 50.067768 53.726727 17.330156 -0.070831 -0.197784 0.084518 11.517335 -0.727549 567.535034 -20.922695 -3.741625 561.122620 43.957363 2.286526 573.947510
598 354 612 348 627 350 639 359 625 361 611 360 709 365 722 358 736 359 748 368 735 371 721 370 709 742 24.352150 150.643829 18.995682 -0.090393 -0.167027 0.085689 11.827857 1.221855 576.830566 -20.793989 -1.852663 571.452637 44.449703 4.296374 582.208496
600 352 614 346 630 347 642 357 627 360 613 359 711 364 724 357 739 358 751 367 738 371 724 369 447 345 76.120758 72.294678 17.752554 -0.062327 -0.212606 0.093771 13.014665 0.474440 565.998596 -19.298031 -2.828205 559.103516 45.327358 3.777085 572.893677
599 356 613 350 628 352 640 361 626 363 612 362 710 367 723 360 738 362 749 370 736 373 723 372 669 952 32.229149 192.103394 19.771116 -0.112045 -0.117801 0.087204 12.347299 2.325109 578.471191 -20.501877 -0.772615 574.743530 45.196472 5.422832 582.198853
600 356 614 350 629 351 641 361 627 363 613 362 711 367 724 360 739 361 750 370 737 374 724 372 600 784 45.869106 158.944458 19.217424 -0.074050 -0.185537 0.089862 12.914392 2.393366 571.641418 -19.587654 -0.793856 565.639893 45.416439 5.580588 577.642944
597 354 611 347 627 349 639 359 624 362 610 361 709 366 722 358 737 359 749 367 736 372 722 371 1618 186 -155.067184 40.805302 16.412619 -0.010700 0.202221 0.072027 10.785513 1.497907 561.539429 -21.657183 -0.839572 568.215271 43.228210 3.835387 554.863525
598 358 612 352 627 354 639 363 625 365 611 364 710 369 723 362 737 363 749 371 736 375 722 374 1306 894 -93.535156 180.598572 19.143848 -0.103128 -0.158568 0.082248 12.009336 3.418781 573.807617 -20.667597 0.436551 568.720032 44.686268 6.401011 578.895264
599 358 613 352 629 354 640 363 627 366 612 364 711 370 724 363 738 364 750 372 737 376 723 375 970 866 -27.192179 175.100113 19.265722 -0.094451 -0.156878 0.088036 12.637020 3.801724 573.064270 -20.032368 0.653420 568.028503 45.306408 6.950029 578.100037
599 355 613 349 630 351 642 361 627 364 612 362 712 368 725 360 740 361 752 370 739 374 724 373 781 279 10.181907 59.236755 17.296717 -0.067710 -0.222682 0.091066 13.001589 2.451685 559.169189 -19.247259 -0.789799 551.953674 45.250439 5.693170 566.384766
603 358 617 353 632 355 644 364 630 366 616 365 715 371 727 364 742 366 753 374 740 377 727 376 222 983 120.482292 198.261719 20.176689 -0.071186 -0.163266 0.102555 14.692796 4.297448 572.014526 -17.897017 0.723756 566.752197 47.282608 7.871140 577.276917
601 354 615 348 631 350 643 360 629 363 614 361 713 367 726 359 742 360 753 369 740 373 726 372 961 154 -25.345209 34.544949 16.732069 -0.010300 0.236327 0.079394 13.078137 1.879074 559.095215 -19.100117 -0.689719 566.874756 45.256390 4.447868 551.315735
602 358 616 352 632 354 644 364 630 366 615 364 714 371 727 364 742 365 753 373 741 377 727 376 761 809 14.078624 163.865799 19.200342 -0.086819 -0.157732 0.095841 14.557672 4.029246 570.207520 -18.083540 0.642319 565.143982 47.198883 7.416173 575.271118
601 358 615 351 631 353 643 363 629 366 614 364 713 370 726 362 741 363 753 372 740 376 726 375 979 598 -28.942801 122.193451 18.303869 -0.082816 -0.189777 0.089965 13.982903 3.650002 566.752441 -18.492701 0.428207 560.627502 46.458504 6.871797 572.877380
600 355 614 349 631 351 643 361 628 364 613 362 713 368 726 360 742 361 753 370 740 374 726 373 1137 178 -60.097210 39.267582 16.701523 -0.035293 0.153527 0.081250 13.123534 2.625756 561.683716 -19.581659 0.031699 566.802368 45.828728 5.219812 556.565063
603 359 617 353 632 355 644 364 630 367 615 365 714 371 727 364 742 365 754 374 741 378 727 376 781 793 10.131374 160.705521 19.130074 -0.075979 -0.186586 0.095682 14.702098 4.456700 568.136536 -17.775740 1.071476 562.112427 47.179935 7.841924 574.160645
601 358 615 352 632 353 644 364 629 366 614 365 714 370 727 362 742 363 754 372 741 377 727 375 983 612 -29.733942 124.956848 18.351166 -0.073511 -0.215139 0.088312 14.322990 3.808566 562.794678 -17.988348 0.643903 555.828857 46.634327 6.973230 569.760437
