542 106 558 97 577 97 593 108 577 113 559 113 681 106 697 95 716 95 732 103 716 110 698 111 572 760 25.328867 156.920425 30.939199 0.630597 -0.027806 -0.014334 3.487378 -113.742989 490.949432 -29.701721 -113.016464 490.231415 36.676476 -114.469505 491.667450
530 102 547 91 567 90 584 100 566 106 547 108 671 98 688 86 709 86 727 97 709 103 690 103 457 9 48.027706 8.565987 13.044779 -0.340477 0.036781 -0.017276 -0.936481 -116.580093 489.828491 -34.114147 -115.811737 490.929291 32.241184 -117.348442 488.727692
523 104 538 95 558 95 574 106 558 111 540 111 661 103 677 91 697 90 714 99 697 107 678 107 1477 238 -154.733047 53.297157 24.785965 0.604422 -0.033370 -0.027326 -5.495989 -115.152397 491.123840 -38.670853 -113.974831 490.348297 27.678873 -116.329956 491.899384
517 115 531 105 551 105 567 115 551 120 533 121 654 112 670 101 690 100 707 108 690 115 672 116 1593 616 -177.713760 127.938370 34.163582 0.608617 -0.037690 -0.033119 -8.788694 -110.918480 492.066681 -41.952995 -109.516716 491.215942 24.375607 -112.320244 492.917419
515 121 530 110 549 109 565 118 549 124 531 125 652 114 668 103 688 103 706 112 689 118 670 118 1419 952 -143.041656 194.428497 40.731037 -0.378815 0.024583 -0.044633 -9.769487 -110.942558 500.062073 -42.931717 -109.343613 500.581329 23.392740 -112.541504 499.542847
515 119 530 108 550 107 567 117 550 123 532 124 655 114 671 102 692 102 710 111 693 118 673 118 436 335 52.275818 73.001289 20.360001 -0.365630 0.033837 -0.031579 -8.549321 -109.933105 493.107635 -41.718967 -108.705009 494.016388 24.620327 -111.161209 492.198883
516 124 530 114 549 114 565 124 549 129 532 130 653 121 669 109 689 108 706 117 689 124 670 124 737 910 -7.445520 186.478821 35.419594 0.623308 -0.054784 -0.032237 -9.337296 -106.664345 491.246399 -42.477192 -105.113976 489.866852 23.802601 -108.214714 492.625977
513 125 529 114 548 114 564 123 548 129 530 130 651 120 668 108 688 107 706 116 689 123 670 123 864 760 -32.730961 156.770386 32.802402 -0.386598 0.024757 -0.041622 -9.955183 -107.943733 496.458496 -43.121548 -106.439476 496.996124 23.211184 -109.447990 495.920898
516 122 531 114 550 115 566 125 550 130 532 130 654 122 670 111 690 109 707 116 690 125 672 126 380 505 63.448425 106.625664 23.887236 0.607292 -0.058328 -0.024644 -8.830363 -105.883034 487.893982 -41.970654 -104.544579 486.316193 24.309925 -107.221481 489.471771
511 128 527 118 546 117 563 127 546 133 528 134 651 123 667 111 688 110 706 119 689 126 669 127 693 498 1.211501 105.081497 25.724485 -0.383377 0.025275 -0.043385 -10.438759 -105.806671 493.437714 -43.602234 -104.242828 493.983490 22.724716 -107.370522 492.891937
511 125 525 116 544 116 560 126 544 131 527 131 648 123 664 112 684 110 701 118 684 125 666 126 1652 352 -189.503799 75.736061 28.507553 0.591832 -0.030770 -0.032605 -11.708261 -106.241104 492.725891 -44.880672 -104.927338 492.074188 21.464151 -107.554863 493.377625
510 125 524 116 544 116 560 127 544 131 526 132 648 123 664 111 684 110 701 118 684 126 666 127 1390 149 -137.454208 35.753574 22.197149 0.589450 -0.036599 -0.033022 -11.732544 -105.301041 488.980316 -44.898178 -103.919548 488.148560 21.433090 -106.682533 489.812103
510 129 526 119 545 118 562 128 545 134 527 135 649 125 666 113 687 112 705 121 687 128 668 129 853 420 -30.619469 89.584831 24.963091 -0.382678 0.023708 -0.040385 -10.987566 -105.228516 493.901978 -44.156418 -103.771729 494.416443 22.181286 -106.685303 493.387543
506 130 521 119 540 118 556 128 540 134 522 135 644 123 660 111 680 110 698 119 681 126 662 127 1342 324 -127.871170 70.361946 25.889683 -0.370992 0.013970 -0.059377 -13.763173 -106.577644 498.631561 -46.906937 -104.567139 498.723145 19.380590 -108.588150 498.539978
505 134 520 125 539 124 556 133 539 139 522 140 644 129 660 118 680 117 698 125 681 132 662 133 1171 590 -93.811165 123.017044 30.876759 -0.387620 0.017202 -0.049631 -13.820344 -103.794350 497.683167 -46.979931 -102.078773 497.924561 19.339243 -105.509926 497.441772
504 134 520 124 539 124 556 134 539 139 521 140 644 129 660 118 681 117 699 125 682 132 662 133 821 422 -24.256302 89.996513 24.804604 0.610247 -0.047400 -0.040484 -13.384280 -100.571526 482.104401 -46.526581 -98.844643 481.024841 19.758018 -102.298409 483.183990
503 139 518 128 537 127 553 137 537 143 519 144 641 132 656 120 676 118 694 127 677 134 659 135 1372 610 -133.772552 126.866196 32.616314 -0.400232 0.018900 -0.063110 -15.265137 -102.090836 497.055420 -48.398876 -99.928383 497.252289 17.868603 -104.253281 496.858521
501 139 516 127 536 126 553 138 536 144 518 145 639 132 655 119 676 117 695 126 678 135 658 136 1123 234 -84.346336 52.688560 22.435747 0.589195 -0.043722 -0.056506 -15.185454 -99.260109 483.067719 -48.307976 -97.076775 482.236420 17.937069 -101.443443 483.899048
497 134 512 123 532 122 548 133 532 139 514 140 636 128 652 116 673 114 691 123 674 131 654 132 1506 4 -160.551361 7.038897 19.624023 0.575889 -0.037305 -0.051371 -17.023664 -101.497116 484.382263 -50.163410 -99.538376 483.689270 16.116081 -103.455864 485.075226
502 139 517 128 536 127 553 138 536 144 518 145 641 132 657 120 678 118 697 127 679 135 660 136 245 397 90.267113 85.351936 20.557983 -0.398148 0.034142 -0.058975 -14.880537 -100.651787 491.319916 -48.009296 -98.523720 492.038452 18.248220 -102.779854 490.601379
543 113 556 105 572 105 586 113 572 117 557 118 659 110 673 101 690 100 705 107 690 112 675 113 1492 734 -157.605148 151.309570 36.215458 -0.334246 0.050973 -0.025187 -3.753816 -134.676804 592.179321 -36.905472 -133.576248 593.701172 29.397840 -135.777359 590.657471
542 113 554 105 571 105 585 113 571 117 556 118 658 110 672 101 689 100 704 107 689 113 673 113 1372 441 -133.810181 93.468208 28.754601 -0.318912 0.052335 -0.024030 -4.443341 -134.480072 591.728882 -37.593575 -133.421371 593.310242 28.706892 -135.538773 590.147461
538 122 552 113 569 111 583 119 568 124 553 125 659 114 673 106 690 106 705 113 691 118 675 118 875 994 -34.866055 203.008102 38.219578 -0.387835 0.054247 -0.035363 -4.715824 -125.375893 567.054993 -37.851910 -123.886879 568.585388 28.420263 -126.864914 565.524597
537 118 549 109 565 109 579 118 566 122 551 123 653 114 667 104 684 103 699 110 684 117 668 117 1652 308 -189.513596 67.040726 27.502136 -0.315678 0.049263 -0.033473 -7.333126 -132.300827 592.719971 -40.479549 -130.952408 594.153809 25.813299 -133.649246 591.286133
538 119 551 111 567 111 581 119 567 124 552 124 655 116 669 106 687 105 702 112 687 119 671 119 324 180 74.510834 42.427547 16.103540 -0.333892 0.059292 -0.026482 -6.189404 -130.398773 588.747253 -39.324879 -129.210785 590.532898 26.946072 -131.586746 586.961609
537 122 549 114 565 114 579 122 565 126 550 127 652 118 666 108 683 107 698 114 683 120 667 121 1875 518 -233.807053 108.426598 33.723640 -0.332865 0.045480 -0.039204 -7.734508 -130.493362 594.962341 -40.880032 -128.967331 596.229248 25.411016 -132.019379 593.695435
537 122 549 114 566 113 579 122 566 126 551 127 653 118 667 108 684 107 699 114 685 121 669 121 1093 24 -78.428040 11.203523 17.445745 -0.328559 0.052627 -0.034518 -7.205100 -129.712021 591.632507 -40.344761 -128.302704 593.161011 25.934561 -131.121323 590.103943
535 130 550 121 566 120 580 127 565 131 550 133 658 122 672 114 688 114 703 120 689 125 673 125 292 1016 81.059669 207.655319 35.002258 -0.388151 0.044474 -0.042512 -5.736792 -118.967209 556.212830 -38.879566 -117.308731 557.381409 27.405983 -120.625694 555.044250
536 126 550 117 567 116 581 124 566 129 550 130 660 119 674 110 691 109 706 118 692 123 676 123 162 278 106.743927 61.877663 17.309181 -0.393765 0.049711 -0.035801 -4.858480 -120.166534 554.921448 -38.001808 -118.688293 556.297791 28.284847 -121.644783 553.545105
533 126 548 117 565 116 580 124 564 129 548 130 658 119 671 110 689 110 704 117 689 122 673 122 568 87 25.974382 23.923407 15.535379 -0.355486 0.036623 -0.042739 -5.951673 -118.967545 548.928284 -39.104458 -117.365013 549.868774 27.201111 -120.570084 547.987854
532 130 546 120 563 118 577 127 562 132 547 133 656 121 669 111 686 111 701 119 687 124 671 125 1308 450 -121.082733 95.279686 28.551882 -0.452311 0.033945 -0.055615 -6.992494 -117.643784 549.030945 -40.128044 -115.610214 549.708862 26.143057 -119.677361 548.353027
529 127 544 117 562 116 576 125 561 130 545 131 655 120 668 110 686 109 701 118 687 123 670 124 1724 28 -203.892059 11.669796 21.563454 -0.423015 0.025663 -0.051440 -7.556734 -117.793732 545.466553 -40.707512 -115.959587 545.937195 25.594042 -119.627876 544.995850
533 132 547 122 564 121 578 129 563 133 548 135 657 123 671 114 687 113 702 121 688 126 673 126 250 645 89.328148 134.359421 26.256779 -0.453411 0.047821 -0.045767 -6.465227 -116.785667 549.625427 -39.598560 -114.964890 550.819824 26.668106 -118.606445 548.431030
530 130 544 120 562 119 576 127 561 133 545 134 655 122 668 113 685 112 700 120 686 125 670 126 1651 200 -189.338806 45.698151 25.027916 -0.428071 0.026737 -0.053399 -7.639238 -117.101974 548.444275 -40.785759 -115.196480 548.931030 25.507282 -119.007462 547.957520
536 132 549 124 564 124 578 131 564 136 550 136 652 127 666 118 682 116 697 123 683 129 667 129 1738 999 -206.459579 203.552795 43.840492 -0.410605 0.041029 -0.049891 -7.951182 -124.196342 590.405273 -41.087715 -122.311333 591.393494 25.185349 -126.081352 589.416992
537 132 551 122 567 121 581 129 567 134 551 136 657 125 671 115 689 114 705 122 690 128 673 128 470 313 45.510529 68.636154 20.074242 -0.422034 0.061330 -0.039752 -5.392341 -119.436852 564.096680 -38.509819 -117.733681 565.797119 27.725136 -121.140022 562.396240
538 133 550 125 566 124 580 132 567 137 552 137 655 128 668 118 685 117 700 124 686 130 670 131 1052 575 -70.153137 120.113869 29.774683 -0.405945 0.045086 -0.046680 -6.512617 -122.854408 586.153137 -39.648483 -121.048073 587.298218 26.623249 -124.660736 585.008057
539 133 551 126 567 126 581 134 567 137 553 138 655 130 669 121 686 120 700 125 686 131 670 132 390 963 61.562035 197.131042 34.416512 0.654396 -0.054593 -0.041464 -6.095810 -120.184135 576.772156 -39.225372 -118.332504 575.521912 27.033752 -122.035767 578.022461
537 136 550 127 566 126 580 134 566 138 551 140 656 129 670 120 687 119 702 126 687 132 671 132 1196 748 -98.746864 154.228348 34.646637 -0.421707 0.047264 -0.044400 -6.110522 -118.718063 571.822083 -39.246571 -116.962158 573.038086 27.025526 -120.473961 570.606018
539 134 551 126 567 125 581 134 567 138 552 139 657 130 671 120 688 119 703 126 688 132 673 133 226 341 94.032509 74.294914 19.157127 -0.407693 0.046510 -0.037642 -5.521696 -120.875343 580.507812 -38.667908 -119.350128 581.757629 27.624514 -122.400566 579.257996
499 130 510 122 525 121 538 128 525 132 512 133 611 122 625 113 641 112 656 118 642 124 627 125 1803 1041 -219.374496 211.819489 45.214962 -0.340710 0.061384 -0.059470 -30.911184 -128.606567 600.768066 -63.995964 -126.328568 602.431763 2.173596 -130.884567 599.104431
501 127 513 118 529 117 542 126 529 131 515 132 616 120 629 110 647 109 663 116 648 122 632 123 1191 146 -97.886711 35.262955 20.858812 -0.321354 0.065846 -0.053613 -27.954821 -127.828453 591.330200 -61.041027 -125.732765 593.193176 5.131386 -129.924149 589.467224
500 131 511 124 526 123 539 130 527 135 513 135 613 125 627 116 643 115 658 121 644 127 629 128 1664 870 -191.774506 178.097672 40.420612 -0.326930 0.052134 -0.054976 -29.837284 -126.774330 598.638184 -62.947685 -124.702599 600.041382 3.273117 -128.846054 597.235046
517 118 531 108 547 108 560 116 546 121 531 122 634 116 649 107 667 107 682 116 667 121 650 120 1376 118 -134.677429 29.634508 21.399456 -0.337082 0.058455 0.005056 -17.349039 -127.606529 576.314453 -50.497253 -127.447212 578.245850 15.799174 -127.765846 574.383118
512 129 524 121 539 121 551 129 539 133 525 133 626 127 639 119 655 118 670 125 656 130 640 130 1903 1075 -239.250443 218.487228 46.629959 -0.359761 0.037892 -0.013410 -23.036860 -126.702271 599.817871 -56.215141 -126.042793 600.969543 10.141422 -127.361748 598.666199
515 128 527 121 542 121 555 130 542 133 528 133 629 128 643 120 660 119 674 126 660 131 644 132 246 935 90.188049 191.671631 32.857861 -0.351800 0.046556 -0.002612 -20.826275 -125.933128 597.873596 -53.995365 -125.579124 599.372131 12.342816 -126.287132 596.375061
511 129 523 122 538 122 551 130 538 134 524 134 625 129 639 121 656 120 671 127 656 133 640 133 1661 722 -191.210938 148.851273 37.019615 -0.322788 0.033971 -0.005100 -23.005220 -125.232040 596.650513 -56.190613 -124.885208 597.731689 10.180173 -125.578880 595.569275
507 133 520 123 537 123 550 132 536 137 521 138 625 129 640 119 657 119 672 128 657 133 641 133 1618 409 -182.730713 87.017937 29.593075 -0.363997 0.052844 -0.018271 -22.502295 -119.276421 572.429626 -55.655785 -118.367592 574.035767 10.651197 -120.185249 570.823547
511 134 523 127 538 127 551 135 538 139 524 139 626 134 639 125 656 125 671 131 656 137 641 137 992 1069 -58.113056 217.769577 40.679913 -0.354780 0.036368 -0.011509 -22.928568 -122.721863 597.590149 -56.109478 -122.135818 598.705200 10.252343 -123.307907 596.475098
505 137 518 127 534 127 548 136 534 141 518 142 624 133 638 123 655 123 671 131 656 137 640 137 1718 506 -202.592621 106.135811 32.447643 -0.377047 0.045346 -0.022688 -23.530382 -116.714073 570.045044 -56.693024 -115.698311 571.374390 9.632258 -117.729836 568.715698
509 138 522 128 538 128 552 137 538 142 522 142 627 134 642 125 659 125 675 133 660 139 643 139 263 586 86.730156 122.693100 24.991558 -0.380275 0.061375 -0.009429 -21.534946 -116.441795 572.012085 -54.676533 -115.753662 573.941223 11.606639 -117.129921 570.083008
509 134 521 127 537 127 550 136 537 140 522 140 624 135 638 126 656 125 671 132 656 138 640 139 1284 169 -116.373245 39.760460 21.977789 0.565007 -0.092790 -0.001293 -22.945501 -118.803009 580.329651 -56.011204 -117.915497 577.425964 10.120201 -119.690521 583.233276
510 136 522 128 538 128 552 137 538 141 523 141 626 136 641 126 658 125 673 133 658 139 642 139 509 62 37.700085 19.013191 14.587651 -0.343380 0.041191 -0.007407 -22.208158 -119.815971 587.925903 -55.384178 -119.342407 589.224731 10.967864 -120.289536 586.627075
510 136 522 128 538 128 551 138 538 142 523 142 626 136 640 126 657 126 673 133 658 139 641 140 826 23 -25.339304 11.143088 15.719212 -0.336037 0.036663 -0.010049 -22.564556 -119.849655 589.520874 -55.745605 -119.319695 590.659668 10.616491 -120.379623 588.382141
509 140 522 130 539 129 552 139 538 144 523 145 628 136 642 126 660 126 676 135 661 141 644 141 248 130 89.611168 32.585537 14.476078 -0.361615 0.057460 -0.012873 -21.159189 -115.369064 571.710999 -54.307076 -114.610001 573.500122 11.988698 -116.128128 569.921814
512 144 524 137 540 137 553 145 540 149 525 149 628 144 641 135 658 134 673 141 658 147 643 147 661 976 7.680636 199.560867 36.442772 0.590622 -0.090571 -0.005537 -21.357203 -114.187424 582.074463 -54.429337 -113.152321 579.295593 11.714931 -115.222527 584.853333
512 140 524 132 540 133 553 142 540 146 525 146 629 141 643 131 660 130 675 138 660 144 644 144 528 66 33.923107 19.793915 14.800288 0.578279 -0.082416 -0.001391 -20.636402 -114.389664 574.099182 -53.731583 -113.577042 571.528503 12.458779 -115.202278 576.669800
511 144 523 137 538 138 551 146 538 150 524 150 626 144 640 136 656 135 671 141 657 147 641 148 1653 938 -189.572174 191.541565 41.904247 0.578897 -0.075579 -0.007635 -22.292852 -114.074066 583.170837 -55.404552 -113.128716 580.872742 10.818848 -115.019409 585.468933
511 143 523 135 539 135 552 144 539 149 524 149 628 143 642 133 659 133 674 140 659 146 643 147 886 144 -37.242470 35.024426 18.866957 0.581038 -0.084904 -0.004863 -21.157080 -113.211082 575.027283 -54.245232 -112.262955 572.412903 11.931069 -114.159203 577.641663
514 148 527 140 543 139 556 147 542 151 527 152 631 145 645 136 662 135 678 143 663 148 647 148 150 977 109.285561 200.021042 33.205017 -0.392217 0.049721 -0.017024 -19.570559 -112.521317 580.085999 -52.730110 -111.651100 581.584839 13.588994 -113.391533 578.587219
530 138 546 129 564 128 579 135 563 141 546 142 665 130 681 121 700 121 717 129 701 134 683 134 1621 625 -183.279144 129.702576 34.547897 -0.363710 0.090939 -0.020806 -3.513394 -104.843109 508.871704 -36.575409 -103.625648 511.696686 29.548622 -106.060570 506.046722
552 139 565 130 583 130 599 139 584 144 567 145 683 136 699 126 719 125 736 133 719 139 701 140 1443 557 -147.901642 116.355789 31.858284 -0.337517 0.081742 -0.009737 6.182458 -105.725517 522.035706 -26.910975 -104.955200 524.641663 39.275890 -106.495834 519.429810
557 142 572 133 591 133 606 141 590 146 573 147 694 139 710 129 729 129 746 138 729 143 711 143 366 745 66.285545 154.061951 29.281992 -0.381874 0.086981 0.008069 9.881607 -100.625336 504.307465 -23.198128 -100.342018 507.172852 42.961342 -100.908646 501.442078
558 133 572 123 590 123 606 133 590 138 573 139 690 130 706 119 726 118 744 127 727 134 708 134 1164 24 -92.545326 11.167043 17.898785 -0.315133 0.088873 -0.007001 9.540064 -108.413078 520.289795 -23.533978 -107.723892 523.152100 42.614105 -109.102272 517.427551
554 131 571 120 591 119 607 129 590 136 571 137 695 125 711 115 731 115 749 125 731 131 713 131 363 66 66.730888 19.878693 13.747451 -0.355163 0.088468 -0.002840 9.870942 -104.334633 494.322632 -23.205244 -103.726570 497.178467 42.947128 -104.942696 491.466797
555 139 568 130 585 130 601 138 586 143 570 144 685 134 701 125 720 124 737 131 720 137 702 138 1213 555 -102.170029 116.078728 30.344990 -0.342721 0.088571 -0.016844 7.125697 -107.277008 526.590942 -25.945570 -106.230621 529.375916 40.196964 -108.323387 523.805969
554 137 568 127 586 127 602 137 586 142 570 143 685 133 701 122 721 121 738 129 721 136 703 137 1237 165 -107.028893 38.994125 21.586487 -0.311371 0.090850 -0.014030 7.325902 -107.785782 525.116028 -25.739838 -106.862503 528.008118 40.391644 -108.709061 522.223999
552 141 568 132 586 131 602 140 586 145 568 146 689 136 705 126 724 126 741 135 724 141 706 141 1360 452 -131.421707 95.648209 28.929386 -0.372902 0.081468 -0.006671 7.682230 -101.907852 506.001404 -25.412992 -101.193420 508.600525 40.777454 -102.622284 503.402313
549 142 564 134 582 134 597 142 581 147 565 147 683 140 699 131 718 130 734 138 718 143 700 143 1844 574 -227.630707 119.509315 34.805454 -0.363716 0.069711 -0.003986 5.299805 -103.267609 518.828918 -27.824984 -102.722084 521.067322 38.424595 -103.813126 516.590576
554 145 569 137 587 137 602 146 587 150 570 150 690 143 706 134 724 134 740 141 724 147 706 147 412 839 57.160061 172.614700 31.723446 -0.384646 0.076087 0.002149 8.048108 -100.786217 514.025879 -25.061739 -100.376068 516.501648 41.157955 -101.196358 511.550079
551 145 566 137 584 137 600 145 584 149 567 150 688 141 704 133 722 132 739 140 722 145 705 145 447 624 50.152969 130.108170 27.033945 -0.394213 0.074891 -0.002291 6.823436 -99.960785 507.993500 -26.289417 -99.403130 510.399261 39.936287 -100.518440 505.587769
550 146 564 138 582 138 598 147 582 151 565 152 683 145 699 135 718 134 735 142 718 148 700 149 1740 453 -206.978806 95.650581 31.376953 -0.358376 0.062977 -0.004517 5.601515 -101.177246 518.999268 -27.537840 -100.659958 521.018005 38.740871 -101.694542 516.980591
557 143 571 134 589 134 604 144 589 149 572 149 689 142 705 132 725 131 742 140 725 147 706 147 267 427 85.899422 91.269272 21.383873 -0.347926 0.090428 0.010667 8.868059 -102.693817 520.935791 -24.200579 -102.523674 523.935059 41.936699 -102.863960 517.936462
547 141 562 132 581 132 597 142 581 147 563 147 681 139 697 128 717 127 734 136 717 142 699 143 1899 146 -238.661911 34.899181 25.376444 -0.331743 0.067209 -0.010606 4.773244 -103.345886 516.121582 -28.355440 -102.633774 518.252991 37.901928 -104.057999 513.990234
554 142 569 133 588 133 604 143 588 148 570 148 690 141 706 131 726 130 743 139 725 146 707 146 221 309 95.019562 67.973602 18.394011 -0.354609 0.083695 0.011283 8.450351 -101.609772 512.369385 -24.637356 -101.488876 515.153015 41.538059 -101.730659 509.585754
549 144 564 135 582 135 598 145 582 149 565 150 683 142 700 132 719 131 736 139 719 146 701 146 1522 376 -163.649902 80.545761 28.226454 -0.365182 0.070531 -0.005054 5.678633 -101.673828 515.593201 -27.444118 -101.087151 517.851196 38.801384 -102.260506 513.335144
550 147 565 138 583 138 599 146 583 150 566 151 686 142 702 133 720 133 737 140 720 145 703 145 1704 946 -199.710983 193.096329 42.412476 -0.401003 0.077391 -0.010973 6.212862 -100.404961 511.565430 -26.891918 -99.542542 513.992249 39.317642 -101.267380 509.138611
555 146 569 138 587 139 603 147 587 151 570 152 688 145 704 136 723 135 740 143 723 149 705 149 779 955 -15.786573 195.350189 36.715855 -0.386355 0.078855 0.005633 8.000331 -100.769203 517.962952 -25.102058 -100.452156 520.549622 41.102722 -101.086258 515.376282
557 148 571 141 589 141 604 149 589 152 572 153 692 146 708 138 726 138 742 145 725 150 708 150 202 950 98.940132 194.658554 32.919861 -0.392041 0.079880 0.009144 9.006387 -99.245689 514.675049 -24.092525 -99.028252 517.315918 42.105301 -99.463127 512.034119
556 143 571 134 590 134 605 145 589 149 572 149 690 143 706 132 726 131 743 140 726 147 708 147 1402 307 -139.805054 66.971558 25.884077 -0.360080 0.067518 0.003964 9.049071 -101.719284 515.886292 -24.080643 -101.448853 518.101807 42.178783 -101.989716 513.670715
553 77 566 71 580 71 592 79 579 82 566 82 660 82 672 75 687 76 698 84 686 87 672 86 504 140 38.711624 34.430214 16.338076 -0.278301 -0.008026 0.040708 -2.337270 -167.115494 653.844177 -35.513691 -168.486252 653.768005 30.839149 -165.744720 653.920288
553 96 565 90 579 90 592 97 579 100 565 100 660 98 673 92 687 93 699 99 686 103 673 102 964 976 -52.566380 199.405182 38.376167 -0.297480 0.014172 0.028498 -2.353256 -155.010254 647.403687 -35.541378 -155.873016 648.006958 30.834864 -154.147507 646.800415
543 95 554 89 569 89 581 97 568 101 555 101 651 98 664 90 679 90 691 97 678 102 664 102 1595 382 -178.163528 81.693985 28.829355 -0.241485 0.036780 0.024316 -8.125998 -153.352966 638.187622 -41.298698 -154.005554 639.493652 25.046703 -152.700363 636.881592
550 98 562 92 577 92 589 100 576 104 562 103 659 102 672 96 687 96 700 104 686 108 672 107 276 397 84.103226 85.336014 20.755789 -0.285052 0.026554 0.042457 -3.295036 -150.001709 635.551147 -36.458508 -151.267090 636.620117 29.868433 -148.736343 634.482178
551 101 563 94 578 95 590 103 577 106 563 106 660 104 673 97 688 98 700 105 687 109 673 108 217 593 95.878128 124.100082 24.857992 -0.274432 0.033563 0.037204 -2.804937 -149.053543 635.981201 -35.968338 -150.121002 637.249695 30.358463 -147.986084 634.712769
543 106 555 99 570 100 581 108 569 112 555 111 653 109 665 101 681 101 693 108 680 114 666 113 1239 822 -107.280296 168.830231 36.611938 -0.229938 0.040353 0.026910 -7.410038 -144.693466 629.363342 -40.575974 -145.425446 630.793213 25.755898 -143.961472 627.933472
542 107 554 99 569 100 582 109 569 112 554 112 652 111 665 103 681 103 694 111 680 116 665 115 1315 111 -122.550049 28.282503 20.850273 -0.264932 0.020174 0.034205 -7.564020 -143.266083 626.996582 -40.742809 -144.300110 627.808044 25.614769 -142.232071 626.185181
547 107 560 100 575 101 588 109 574 112 560 112 660 111 673 105 688 106 700 113 687 117 673 116 1543 70 -167.893555 20.062885 21.368238 -0.304952 -0.002613 0.040340 -3.592273 -140.435333 616.915710 -36.770168 -141.766922 617.032959 29.585623 -139.103760 616.798462
547 111 560 105 575 105 588 113 574 116 560 115 660 115 673 109 688 110 700 116 687 120 673 119 1193 361 -98.236519 77.750488 25.784403 -0.318683 0.001180 0.035326 -3.743934 -138.407349 617.189636 -36.928185 -139.554138 617.413452 29.440315 -137.260544 616.965820
554 112 567 105 582 106 595 114 581 118 567 117 664 117 677 110 693 111 706 118 692 123 678 122 1311 326 -121.706841 70.773117 25.737577 -0.283694 0.012550 0.047210 -0.056654 -139.866058 628.095886 -33.222122 -141.353378 628.727722 33.108814 -138.378723 627.464111
558 114 571 108 586 109 599 117 585 120 571 120 669 120 683 113 698 114 711 122 697 126 683 125 78 843 123.571854 173.576797 29.683647 -0.327948 0.025215 0.057876 2.603501 -137.384537 624.774536 -30.535757 -139.134750 625.908508 35.742760 -135.634323 623.640564
553 117 566 110 581 110 594 119 580 123 566 122 663 121 677 114 693 115 706 123 692 127 677 126 1357 401 -130.836563 85.571068 27.744875 -0.299301 0.017586 0.040928 -0.507648 -136.607925 625.828064 -33.679768 -137.859558 626.604919 32.664471 -135.356308 625.051147
552 116 565 109 581 109 594 119 580 123 565 122 662 121 676 112 693 113 706 122 692 127 677 126 1569 181 -173.038559 41.985481 24.070530 -0.265506 0.021817 0.039121 -0.809136 -136.654434 624.442932 -33.980839 -137.842224 625.330078 32.362564 -135.466644 623.555847
553 119 566 112 581 113 593 122 580 125 566 124 663 124 676 117 692 117 705 125 691 129 677 129 1546 364 -168.424622 78.161980 28.105389 -0.286441 0.012898 0.041027 -0.665806 -135.709961 627.887024 -33.840126 -136.992371 628.503052 32.508514 -134.427551 627.270935
556 119 569 112 585 113 598 122 584 125 569 125 667 125 681 117 697 118 711 126 696 131 681 130 230 343 93.237617 74.688103 19.228352 -0.278571 0.026953 0.053594 1.727045 -133.772263 620.884338 -31.418423 -135.404037 622.013489 34.872513 -132.140472 619.755249
555 118 568 111 584 112 597 122 583 125 568 125 666 124 680 116 697 116 710 124 696 130 680 129 570 193 25.600309 44.870228 17.970280 -0.246609 0.032270 0.048165 1.196810 -134.307617 620.585938 -31.952497 -135.758469 621.842163 34.346115 -132.856781 619.329651
556 120 569 113 585 114 597 123 584 127 569 127 667 126 680 117 697 117 710 126 696 131 681 130 373 478 64.834259 101.293488 23.225611 -0.265086 0.035350 0.044141 1.502552 -133.671265 622.136230 -31.649490 -134.964447 623.488770 34.654594 -132.378082 620.783691
555 124 568 117 583 117 596 126 582 130 568 129 666 129 680 121 696 121 709 130 695 134 680 133 921 417 -44.140919 88.957031 25.328436 -0.273591 0.030533 0.042827 0.893671 -130.934326 618.630066 -32.265511 -132.200272 619.824158 34.052853 -129.668381 617.436035
555 124 568 117 584 117 596 126 583 130 568 129 666 128 680 120 696 121 709 129 695 134 680 133 684 455 2.991443 96.588409 24.684492 -0.264387 0.032622 0.042062 0.961432 -131.118576 619.271423 -32.196625 -132.356064 620.525024 34.119488 -129.881104 618.017822
557 129 570 123 585 124 597 131 584 134 570 134 668 134 682 128 697 129 709 136 696 139 682 138 575 986 24.782675 201.581268 36.122524 -0.339718 0.018794 0.048545 1.841579 -128.937836 624.046082 -31.318686 -130.413269 624.929016 35.001842 -127.462410 623.163086
472 91 486 83 502 82 517 90 502 94 487 95 597 86 611 78 628 78 642 84 628 90 612 90 665 1057 6.903328 215.566132 38.319176 -0.323841 -0.000706 -0.045550 -38.747265 -139.021545 559.573181 -71.917931 -137.539642 559.307495 -5.576602 -140.503448 559.838928
455 98 469 90 486 90 501 98 486 103 470 103 583 95 598 86 616 85 632 92 616 98 599 99 1867 815 -232.150253 167.124207 40.459152 -0.308738 -0.004755 -0.045961 -45.059639 -130.964539 543.869690 -78.229294 -129.487259 543.480652 -11.889984 -132.441818 544.258728
460 95 474 86 492 86 508 95 492 99 475 100 592 92 607 83 625 83 640 91 625 97 608 97 180 125 103.130836 31.632370 13.927930 -0.309414 0.005644 -0.023775 -40.654316 -129.759949 533.320312 -73.849297 -128.954346 533.383545 -7.459335 -130.565536 533.257019
457 100 471 91 488 90 503 100 488 105 472 105 585 97 600 87 619 86 635 95 619 101 602 101 1581 243 -175.410782 54.231827 25.563824 -0.285999 0.002496 -0.037726 -43.814274 -129.851761 543.513184 -76.995522 -128.604584 543.417053 -10.633032 -131.098923 543.609375
454 103 469 95 487 95 502 104 487 109 470 109 586 101 601 91 620 90 635 98 619 105 602 105 1391 303 -137.618759 66.186722 25.722486 -0.305552 -0.005267 -0.036971 -43.407288 -125.795784 533.901489 -76.589127 -124.613968 533.543335 -10.225446 -126.977600 534.259705
458 105 472 98 490 98 506 106 490 111 473 111 590 104 605 94 624 94 639 101 623 108 606 108 530 556 33.634525 116.627274 26.009729 -0.320585 0.002423 -0.029005 -41.403545 -123.954987 531.804810 -74.594414 -122.995628 531.730774 -8.212676 -124.914337 531.878784
454 106 469 98 487 98 503 106 487 111 470 112 588 103 603 94 621 94 637 101 621 107 604 108 1120 479 -83.695290 101.107300 28.014944 -0.315449 -0.009388 -0.037518 -42.500801 -123.183418 528.432190 -75.680992 -122.007256 527.930847 -9.320612 -124.359581 528.933594
458 99 472 90 490 89 505 99 490 104 473 105 587 97 602 86 621 86 637 95 621 101 604 101 1412 74 -141.845276 20.920679 20.623751 -0.285424 0.004638 -0.031958 -42.690735 -129.477859 540.482361 -75.878349 -128.409393 540.483826 -9.503117 -130.546326 540.480835
454 101 468 92 487 92 502 102 487 107 469 107 586 99 601 89 620 88 635 97 619 103 602 104 1752 70 -209.450089 19.955500 22.701834 -0.285471 -0.007390 -0.035885 -43.432304 -126.563293 533.178223 -76.614983 -125.422897 532.767273 -10.249625 -127.703697 533.589111
461 104 475 97 492 97 507 106 492 110 476 110 590 105 605 96 624 95 639 102 623 109 606 109 900 570 -39.931324 119.203865 28.690544 -0.333086 0.004190 -0.017435 -41.387115 -125.577065 539.264099 -74.586639 -124.985855 539.305115 -8.187591 -126.168282 539.223022
467 109 481 101 498 102 513 110 498 115 482 115 596 109 611 100 629 99 645 107 629 113 612 113 374 849 64.718018 174.610443 31.709476 -0.347829 0.007132 -0.017477 -38.506950 -123.607780 540.079468 -71.705902 -122.998337 540.211609 -5.307992 -124.217216 539.947327
466 114 479 107 495 107 510 114 496 118 480 118 593 112 608 104 625 104 640 111 625 116 609 116 1670 933 -192.953491 190.544724 41.898472 -0.368188 0.005186 -0.024450 -40.218895 -122.550911 544.667786 -73.413452 -121.726013 544.688354 -7.024337 -123.375801 544.647278
469 104 484 96 503 96 518 106 502 111 485 111 600 105 615 94 635 94 651 102 634 109 617 109 1028 138 -65.478378 33.765736 19.635933 0.599025 -0.123939 -0.003405 -34.822189 -121.488106 521.756348 -67.779640 -120.187317 517.925720 -1.864738 -122.788895 525.587036
471 105 485 97 504 97 519 107 503 112 486 112 601 106 616 96 635 95 650 104 634 110 617 110 39 365 131.220001 79.133904 18.512320 -0.314700 0.003098 -0.014129 -35.814621 -125.013588 538.964417 -69.015991 -124.536118 538.992371 -2.613251 -125.491058 538.936462
469 113 483 105 501 105 516 114 500 118 484 118 598 113 614 103 632 103 647 111 632 117 615 117 405 864 58.557472 177.558838 32.250038 -0.370628 -0.001172 -0.016645 -37.070412 -121.336945 538.595093 -70.270653 -120.803970 538.455811 -3.870167 -121.869911 538.734375
466 115 480 107 497 107 512 115 497 119 481 120 594 114 610 105 628 104 643 112 627 118 611 118 765 966 -13.000434 197.531219 36.877876 -0.373358 -0.008402 -0.024972 -39.153961 -121.032402 540.605469 -72.347382 -120.273911 540.179932 -5.960538 -121.790886 541.031006
436 109 450 100 467 99 483 107 468 112 451 114 566 100 581 90 600 89 616 97 600 103 583 104 1786 580 -216.096939 120.724846 34.572468 -0.348175 0.006645 -0.079829 -53.004822 -124.406685 532.118652 -86.104225 -121.774017 531.878113 -19.905413 -127.039352 532.359253
439 111 453 103 471 102 486 110 471 115 455 116 571 105 585 95 603 94 619 101 603 107 587 108 1570 514 -173.163269 107.792824 31.686083 -0.341446 -0.006588 -0.069750 -51.326450 -123.002998 533.415771 -84.450592 -120.770538 532.809998 -18.202311 -125.235466 534.021545
445 114 460 105 478 104 493 112 478 117 461 118 577 107 592 97 610 96 626 104 611 110 593 111 969 438 -53.680325 93.082413 26.114574 -0.358132 0.003057 -0.062135 -47.676083 -121.018044 530.296631 -80.817345 -118.982025 530.030518 -14.534818 -123.054062 530.562744
460 114 474 105 491 105 506 113 491 118 475 119 589 110 604 100 622 100 638 107 622 113 605 113 838 573 -27.602882 119.828583 28.363483 -0.350621 0.002442 -0.044557 -41.950768 -122.144180 539.256775 -75.122864 -120.681236 539.079529 -8.778669 -123.607132 539.434082
551 143 564 136 579 136 592 144 579 148 564 148 664 145 677 137 693 137 705 145 692 149 678 149 546 450 30.429565 95.671204 23.689684 -0.307330 0.011200 0.011489 -1.083376 -120.600388 617.199036 -34.283951 -120.919182 617.623230 32.117195 -120.281601 616.774841
559 151 572 144 588 144 601 153 587 156 572 156 672 154 685 146 701 146 714 154 700 159 686 158 260 522 87.312416 110.046883 23.509993 -0.312364 0.011372 0.023608 3.770274 -115.490509 616.991211 -29.423233 -116.203133 617.484070 36.963779 -114.777893 616.498352
539 157 553 149 570 149 584 157 569 161 553 162 657 157 670 150 687 151 700 159 686 163 671 162 1908 407 -240.393326 86.473694 31.397818 -0.339984 -0.015236 0.003605 -5.659111 -108.114304 592.041199 -38.859894 -108.316872 591.565125 27.541672 -107.911728 592.517273
542 162 555 156 571 156 584 165 570 168 556 168 656 166 669 158 685 158 698 165 684 170 669 169 827 909 -25.340895 186.234955 35.971016 -0.332237 0.009311 0.015188 -5.902907 -108.541023 614.857361 -39.102501 -108.985199 615.243835 27.296684 -108.096848 614.470825
541 164 554 158 569 158 582 167 569 170 554 170 654 167 668 159 684 159 697 166 683 171 668 171 781 920 -16.192036 188.432434 35.928852 0.521102 -0.037293 0.016465 -6.493225 -105.325768 602.631165 -39.671070 -105.532562 601.309265 26.684620 -105.118980 603.953064
541 165 554 158 570 158 583 167 569 171 554 170 654 169 668 160 684 160 697 168 683 173 668 173 525 536 34.624245 112.677422 25.520819 -0.327233 0.011198 0.020047 -6.540758 -106.510239 613.029053 -39.736897 -107.103745 613.502136 26.655378 -105.916733 612.555908
534 170 547 163 562 164 575 172 561 175 547 175 647 173 660 165 676 165 689 172 676 177 661 177 1691 973 -197.120117 198.438782 42.946484 -0.317690 -0.000148 0.009130 -10.955016 -104.204216 615.117737 -44.158455 -104.503059 615.160645 22.248425 -103.905365 615.074829
529 168 542 162 557 163 570 171 556 175 542 174 641 172 655 164 671 164 685 171 671 177 656 176 1313 729 -122.014793 150.413437 34.959038 0.496019 -0.039679 0.022713 -13.665599 -102.900322 604.523376 -46.836418 -103.303635 603.076477 19.505222 -102.497009 605.970337
531 171 543 164 559 164 572 173 558 176 544 176 644 174 657 166 673 166 687 174 673 178 658 178 339 639 71.630493 133.127975 26.687571 -0.339659 0.013122 0.017656 -12.804280 -103.154358 613.080261 -46.001137 -103.656075 613.606262 20.392576 -102.652634 612.554321
530 174 542 167 558 168 570 176 557 179 543 179 643 177 656 169 672 169 685 176 671 181 657 181 403 1005 58.986530 205.424454 35.459179 -0.342996 0.011957 0.016659 -13.549781 -102.012032 616.663086 -46.747681 -102.486931 617.146240 19.648119 -101.537125 616.179871
528 175 540 168 556 169 568 177 555 181 541 180 640 178 653 170 669 170 683 177 669 182 654 181 1070 918 -73.655807 187.888687 37.727215 -0.352089 0.006260 0.008482 -14.939133 -101.617973 617.357483 -48.142120 -101.857613 617.610168 18.263855 -101.378334 617.104858
526 174 539 167 554 167 567 176 554 180 539 180 639 177 652 168 669 168 683 176 669 181 653 181 1006 470 -61.030098 99.387283 27.081877 -0.348996 0.003140 0.005496 -15.344065 -101.632355 614.127258 -48.548218 -101.793167 614.260986 17.860090 -101.471550 613.993591
528 173 541 166 557 166 569 176 556 179 541 178 641 177 655 168 671 168 685 176 671 181 656 181 367 111 65.945564 28.769592 14.801241 -0.329928 0.011534 0.018170 -14.028239 -101.613937 611.610107 -47.225433 -102.143723 612.084778 19.168955 -101.084152 611.135437
525 175 537 168 553 169 565 177 552 181 538 181 637 178 651 170 667 170 680 177 667 182 652 182 1861 498 -231.027817 104.481369 33.177299 -0.336809 -0.004677 0.006454 -16.413881 -101.122803 615.254272 -49.617649 -101.358986 615.137634 16.789886 -100.886627 615.370911
526 174 539 167 555 168 567 177 554 180 539 180 640 178 653 169 670 169 683 177 669 182 654 182 594 70 20.800886 20.550488 15.312825 0.507297 -0.050019 0.019581 -14.753202 -98.742607 598.946289 -47.911144 -98.952728 597.195190 18.404737 -98.532494 600.697449
526 184 539 176 555 176 568 185 554 189 539 189 640 184 654 175 671 174 685 182 671 187 655 187 311 361 77.135986 78.203667 20.156506 -0.441010 0.016660 -0.010298 -14.397505 -94.433868 597.770386 -47.596054 -93.982918 598.231567 18.801043 -94.884811 597.309143
527 190 540 182 556 182 569 190 555 194 540 194 641 190 655 182 672 182 686 189 671 194 656 193 13 595 136.440918 124.600143 23.602003 -0.455396 0.011632 -0.002460 -13.860924 -91.080276 598.516479 -47.063431 -90.914963 598.871277 19.341583 -91.245583 598.161743
525 189 539 182 554 182 568 190 554 193 539 194 640 190 653 182 670 181 684 189 670 193 654 193 154 562 108.397835 118.006195 23.747639 -0.450162 0.007030 -0.005963 -14.809993 -91.422028 599.074463 -48.013420 -91.178978 599.256287 18.393433 -91.665077 598.892700
523 187 537 179 552 179 566 187 552 191 537 191 638 186 651 178 668 178 682 185 668 190 653 190 287 519 81.943199 109.440147 23.613724 -0.437536 0.006458 -0.010238 -15.829165 -92.917992 597.739868 -49.031582 -92.542633 597.874329 17.373255 -93.293350 597.605347
521 188 534 181 549 181 563 188 549 192 534 193 634 188 648 180 664 179 678 186 664 191 649 191 1614 775 -181.853897 159.349350 37.930786 -0.434430 -0.008047 -0.019788 -17.865408 -92.912689 602.901550 -51.062763 -92.333290 602.502197 15.331947 -93.492088 603.300842
578 139 591 131 607 131 619 139 606 143 591 143 691 139 705 132 720 132 733 140 720 144 705 143 409 462 57.672638 98.113052 23.089714 -0.325439 0.035106 0.018119 14.997007 -122.822418 613.184631 -18.182125 -123.225357 614.426575 48.176140 -122.419472 611.942627
556 143 568 136 583 136 596 144 583 148 569 148 669 144 683 136 699 135 712 142 698 147 684 147 1118 1013 -83.178741 206.638046 40.204277 -0.345118 0.037374 0.003662 1.944685 -118.987732 605.712585 -31.236950 -118.894897 606.949585 35.126320 -119.080559 604.475647
554 143 569 135 586 134 600 142 585 147 569 147 676 141 690 133 707 134 721 143 706 147 691 146 7 165 137.538208 39.626106 13.738059 -0.351882 0.026338 0.004959 4.253714 -112.686623 571.276733 -28.939297 -112.695610 572.161865 37.446724 -112.677643 570.391541
548 154 563 144 580 144 594 152 579 157 563 158 670 149 684 141 701 141 715 150 701 154 685 154 950 597 -49.867062 124.513947 29.626547 -0.363995 0.017213 -0.020534 1.048506 -107.683640 569.885437 -32.144520 -106.913963 570.321655 34.241531 -108.453316 569.449158
574 156 588 149 604 149 618 158 603 161 588 161 691 157 704 149 720 148 733 155 720 161 705 161 858 746 -31.541069 154.006775 32.444214 0.594174 0.012634 -0.010898 13.474487 -107.686874 585.802795 -19.725838 -107.466949 586.302429 46.674812 -107.906799 585.303162
570 155 584 148 600 148 614 157 600 161 584 161 687 157 701 148 717 147 731 154 717 160 702 160 825 351 -25.067450 75.963356 23.207752 0.587671 0.008302 -0.009336 11.476432 -107.369736 581.684753 -21.725864 -107.155983 582.033325 44.678726 -107.583496 581.336182
563 158 576 151 592 151 606 161 592 164 577 164 679 160 692 151 709 151 723 158 709 164 693 164 1825 296 -223.914734 64.580383 28.331818 0.580657 0.013267 -0.004498 7.016570 -105.733383 583.794556 -26.185076 -105.716637 584.252869 40.218216 -105.750137 583.336243
567 162 580 154 596 155 609 164 595 167 580 167 682 163 696 154 712 154 726 161 712 167 697 167 639 577 11.966180 120.721313 27.185099 0.592986 -0.002800 -0.002479 9.035900 -104.373505 585.578552 -24.168688 -104.269150 585.514648 42.240486 -104.477859 585.642456
561 155 574 148 590 148 604 157 590 161 575 161 677 157 691 149 708 148 722 155 707 161 692 161 926 86 -45.208782 23.541843 17.796869 0.520694 -0.004173 0.000884 6.183636 -107.812637 585.551758 -27.020882 -107.805428 585.411926 39.388153 -107.819847 585.691650
546 164 559 156 575 157 588 166 575 169 560 169 662 165 676 156 693 156 707 163 692 169 677 169 1767 294 -212.382736 64.214943 27.916027 0.575429 -0.006557 -0.003878 -2.295726 -102.754601 582.472778 -35.499603 -102.571892 582.302917 30.908150 -102.937309 582.642700
549 168 564 160 581 161 595 168 580 172 564 172 670 168 684 160 701 161 715 168 701 172 685 172 709 478 -1.974312 101.120850 25.369572 -0.413950 0.011233 0.003502 1.213967 -97.980690 566.326050 -31.988581 -98.017586 566.712219 34.416515 -97.943802 565.939880
556 173 569 166 584 167 598 175 584 178 569 178 672 175 685 167 701 166 715 173 701 178 686 178 593 1040 21.215666 212.243561 37.471298 0.592907 -0.016849 0.003875 2.846351 -97.753731 584.889099 -30.353643 -97.713921 584.324829 36.046345 -97.793549 585.453369
550 174 563 167 579 168 593 176 579 179 564 179 668 175 682 167 698 167 711 173 697 178 683 179 1779 805 -214.654999 165.193207 39.669136 0.602590 -0.002153 -0.005319 0.402349 -96.037056 575.831970 -32.801933 -95.850037 575.816345 33.606632 -96.224075 575.847595
556 176 570 168 587 168 600 176 585 180 570 180 673 176 688 168 705 168 719 177 704 181 689 180 133 504 112.560455 106.554955 22.288319 -0.423684 0.030098 0.014406 3.966702 -96.181122 582.217163 -29.219902 -96.436661 583.286560 37.153305 -95.925575 581.147766
557 175 570 168 586 169 599 178 585 181 570 180 673 180 687 172 703 171 717 178 703 183 687 183 255 227 88.240913 51.751198 16.737230 0.571477 -0.013030 0.022887 3.609179 -95.097900 580.847656 -29.584431 -95.696777 580.226929 36.802788 -94.499023 581.468384
559 175 572 169 588 170 601 179 587 182 572 181 675 181 689 173 705 173 719 179 704 185 689 184 252 180 88.826958 42.464542 15.644120 0.571149 -0.013722 0.027092 4.610366 -94.654892 581.302246 -28.579548 -95.379631 580.621094 37.800282 -93.930153 581.983459
555 180 568 174 584 175 597 183 583 186 569 186 671 184 684 176 701 176 714 183 700 188 685 188 1498 522 -158.845352 109.410789 31.409466 0.574489 0.003142 0.014064 2.427172 -93.095634 585.241699 -30.774286 -93.566505 585.209900 35.628632 -92.624763 585.273499
554 184 567 177 583 177 597 184 582 188 567 188 670 185 684 177 701 178 715 185 700 189 685 189 1886 804 -235.930573 164.940613 40.329033 -0.433160 0.006001 0.007011 2.183732 -92.119408 586.311523 -31.019690 -92.302513 586.554260 35.387154 -91.936302 586.068787
583 124 598 117 615 119 629 128 614 131 597 130 707 131 720 123 737 123 749 131 735 136 720 136 34 404 132.222855 86.843704 19.371580 0.577823 0.005749 0.035063 19.894239 -117.709084 559.736877 -13.290194 -118.863014 559.590210 53.078671 -116.555161 559.883545
561 158 575 151 592 152 605 162 591 165 575 164 679 163 693 154 710 154 723 162 709 167 694 167 1250 490 -109.541397 103.214333 29.095808 0.580830 0.004077 0.020571 6.797707 -103.599022 577.540100 -26.400009 -104.282478 577.475098 39.995422 -102.915565 577.605042
541 121 555 112 572 111 585 119 571 124 555 125 661 117 675 109 692 110 706 118 692 122 676 122 1347 49 -128.926575 16.013546 19.637737 -0.400923 0.049887 -0.000265 -3.587907 -125.624763 572.809753 -36.751961 -125.288628 574.419800 29.576145 -125.960899 571.199707
538 135 550 128 566 128 579 136 566 140 551 140 655 135 669 126 685 125 700 132 685 138 670 138 1077 580 -75.122894 121.089134 30.048456 -0.402735 0.036864 -0.007485 -6.673309 -118.583862 579.203857 -39.854950 -118.098907 580.345459 26.508329 -119.068825 578.062256
548 142 561 134 577 134 591 142 577 146 562 147 666 139 680 131 697 130 711 137 697 143 681 143 78 589 123.515305 123.381012 23.879654 -0.294721 0.048674 -0.019216 -0.506152 -116.740547 585.510254 -33.665840 -115.875580 587.009094 32.653534 -117.605515 584.011414
537 151 550 144 566 144 579 152 566 156 551 157 654 150 668 141 685 140 700 147 685 153 670 153 1778 669 -214.486450 138.317245 36.555103 0.593172 -0.033531 -0.022977 -6.696021 -108.490021 571.604065 -39.874203 -107.450630 570.774780 26.482161 -109.529404 572.433289
545 153 558 146 574 146 588 154 574 158 559 158 664 152 678 143 695 142 709 149 695 155 679 155 580 818 23.751099 168.378342 32.315567 -0.377481 0.029968 -0.017408 -1.797379 -108.707375 577.544800 -34.982487 -107.957504 578.408386 31.387732 -109.457245 576.681152
545 152 558 144 575 145 589 154 575 158 559 158 665 152 679 142 696 141 711 148 696 155 680 155 567 287 26.217741 63.448162 20.099072 0.589505 -0.029548 -0.018923 -1.374044 -106.274696 563.217102 -34.559002 -105.401352 562.471863 31.810915 -107.148048 563.962280
543 155 556 147 573 147 587 156 573 160 558 161 663 154 677 144 694 143 709 150 694 157 678 157 1364 171 -132.279602 40.114597 22.533957 0.583645 -0.017834 -0.026647 -2.422995 -105.073624 563.930725 -35.611221 -104.070396 563.622681 30.765230 -106.076859 564.238831
543 163 558 155 575 154 589 161 574 166 558 167 666 159 680 151 697 151 712 158 697 162 681 162 740 961 -8.030671 196.555969 36.604103 -0.464478 0.025876 -0.023220 -1.274971 -100.458885 557.427246 -34.460075 -99.519485 558.079895 31.910135 -101.398277 556.774597
547 164 560 156 576 156 590 165 576 169 561 169 666 163 680 153 697 152 711 160 697 166 681 166 1495 671 -158.215683 138.857895 34.795029 0.546709 -0.003097 -0.027887 -0.774297 -101.046280 568.175293 -33.966362 -100.138458 568.324402 32.417770 -101.954102 568.026245
549 168 562 159 579 159 593 168 579 173 563 173 669 166 683 156 700 156 714 163 700 169 684 170 1169 781 -93.370972 160.763718 35.228416 0.522623 0.002454 -0.028091 0.742540 -97.873482 560.154907 -32.449371 -97.003555 560.470947 33.934452 -98.743416 559.838928
547 168 559 160 576 160 590 169 576 173 561 173 665 167 679 157 696 156 710 163 696 170 680 170 1548 535 -168.784210 111.954178 32.025562 0.591512 -0.013996 -0.024047 -1.114006 -98.983734 568.225586 -34.306335 -98.097626 568.016846 32.078327 -99.869843 568.434326
551 169 564 161 581 162 594 170 580 174 565 174 670 169 684 159 701 158 715 165 701 171 685 172 445 492 50.521255 104.023193 24.004936 0.603477 -0.021019 -0.017810 1.519231 -98.176971 568.706482 -31.673361 -97.416656 568.223328 34.711823 -98.937286 569.189697
551 174 565 166 581 166 595 173 581 177 565 178 670 171 684 163 701 162 716 170 701 174 685 174 856 919 -31.104885 188.196274 36.384567 -0.432980 0.025704 -0.020560 1.655955 -96.433304 570.385803 -31.531151 -95.589973 571.067200 34.843063 -97.276634 569.704346
552 171 565 163 581 163 595 172 581 176 566 176 670 171 684 162 701 161 716 168 701 174 685 174 923 365 -44.550167 78.679703 24.152979 0.592532 -0.017365 -0.014687 1.766067 -97.135742 569.459900 -31.430407 -96.510277 569.056824 34.962540 -97.761208 569.863037
554 171 567 164 584 164 598 173 583 176 568 176 673 172 687 162 704 162 719 169 704 175 688 175 290 266 81.290375 59.440441 17.851723 0.567842 -0.025767 -0.009359 3.282238 -96.790527 569.156921 -29.910431 -96.259796 568.432617 36.474907 -97.321251 569.881287
556 170 569 163 586 163 599 173 585 177 570 176 675 173 689 164 706 163 720 170 706 177 690 177 270 415 85.300240 88.896278 21.128811 -0.172144 0.060930 0.016428 4.237125 -100.297729 590.110657 -28.901756 -100.666527 592.169312 37.376007 -99.928932 588.051941
555 176 570 167 586 167 601 175 586 179 570 180 676 174 690 165 707 165 722 173 707 178 691 178 970 647 -53.832634 134.384735 30.896681 -0.443465 0.027299 -0.006275 4.658426 -95.138062 570.101501 -28.533573 -94.738792 570.932983 37.850426 -95.537331 569.270020
562 175 575 168 591 169 605 177 591 181 576 180 679 177 693 168 710 167 724 174 710 179 694 180 70 773 125.146950 159.747421 28.033075 0.598504 -0.018021 -0.004781 6.840333 -94.973351 573.265381 -26.358879 -94.650131 572.748230 40.039547 -95.296570 573.782532
552 175 567 167 585 167 599 174 584 178 568 179 675 173 689 165 706 165 721 172 706 176 690 176 1521 116 -163.508957 29.164764 22.278976 -0.422604 0.008861 -0.018827 3.670372 -93.675194 558.562683 -29.527359 -93.007278 558.718079 36.868103 -94.343117 558.407349
556 176 571 169 587 169 602 176 587 180 571 181 675 176 690 168 707 167 722 174 707 179 691 179 1897 264 -238.237976 58.219509 28.060026 -0.393982 0.007362 -0.015183 4.847010 -94.863716 572.668457 -28.353138 -94.325005 572.808594 38.047157 -95.402428 572.528259
553 146 564 139 578 139 589 146 578 150 565 150 653 145 665 137 679 137 691 143 679 148 666 148 961 355 -52.108124 76.683960 24.166946 -0.341969 0.028588 -0.016795 -5.495017 -133.825317 687.359253 -38.681755 -133.117828 688.195557 27.691723 -134.532806 686.523010
554 149 565 142 579 141 591 148 579 152 566 153 654 147 666 140 681 139 693 146 681 150 667 150 671 484 5.582755 102.326103 25.264202 -0.344705 0.031989 -0.013336 -4.576523 -131.553116 684.305847 -37.761593 -130.937851 685.271362 28.608547 -132.168396 683.340332
552 150 563 143 576 143 588 150 576 154 563 154 651 149 663 141 677 141 689 147 677 151 664 151 1810 779 -220.824677 160.039124 39.272831 -0.340887 0.022237 -0.020261 -6.528910 -131.909454 690.024170 -39.718845 -131.125122 690.634644 26.661026 -132.693771 689.413696
552 151 563 145 577 145 589 151 577 155 564 155 652 150 664 143 678 142 690 148 678 153 665 153 899 796 -39.682175 163.866776 33.848347 -0.346683 0.028356 -0.015453 -5.967348 -130.495728 687.418091 -39.155022 -129.831360 688.252686 27.220325 -131.160110 686.583496
550 153 561 147 574 147 586 153 574 157 561 157 649 151 661 144 675 143 687 149 675 154 662 154 1544 889 -167.910065 181.914139 40.089069 -0.343297 0.027930 -0.024831 -7.899138 -130.166138 690.793762 -41.080994 -129.200302 691.562744 25.282717 -131.131973 690.024780
543 153 555 146 570 145 582 152 569 156 556 156 648 149 660 142 674 142 686 148 674 152 661 152 1388 116 -137.063889 29.233101 21.430326 -0.374902 0.013250 -0.032330 -9.424230 -124.837029 658.813171 -42.609013 -123.707207 659.043945 23.760553 -125.966843 658.582397
551 152 562 146 576 145 587 152 576 156 563 156 651 151 663 143 677 143 689 149 677 153 664 154 258 356 87.673126 77.242790 19.704069 -0.327886 0.035618 -0.017888 -6.817695 -130.220474 688.710571 -39.996372 -129.445114 689.775391 26.360983 -130.995850 687.645752
550 152 561 145 574 145 586 152 574 156 562 156 650 150 661 142 676 142 688 148 676 153 662 153 1012 21 -62.323067 10.652278 16.860346 -0.316809 0.033425 -0.020772 -7.633219 -130.579285 688.954834 -40.812538 -129.726883 689.937561 25.546101 -131.431671 687.972046
544 155 557 148 571 147 584 153 570 158 557 159 651 152 663 145 677 145 690 152 677 156 664 155 920 286 -43.971249 63.069168 22.328657 -0.377493 0.008353 -0.021380 -8.030605 -121.180283 648.114746 -41.226776 -120.435440 648.253174 25.165564 -121.925117 647.976318
548 156 559 149 572 149 584 156 572 159 559 160 647 154 659 146 673 146 686 151 674 156 660 157 1479 453 -155.082855 95.784691 29.711555 -0.325413 0.028471 -0.027514 -9.082400 -128.350342 689.822083 -42.261421 -127.300583 690.603333 24.096619 -129.400116 689.040894
548 155 559 149 573 149 585 156 573 159 560 159 648 154 660 146 674 145 687 151 674 156 661 156 1352 336 -129.856857 72.728264 26.227695 -0.317511 0.029823 -0.024941 -8.607937 -128.630524 690.405823 -41.787868 -127.660553 691.248962 24.571995 -129.600494 689.562744
550 157 561 151 574 151 586 158 574 161 562 161 650 156 661 149 675 148 688 154 675 158 662 159 126 863 114.032227 177.504562 30.446936 -0.338466 0.036825 -0.018114 -7.703559 -127.340027 691.641785 -40.880680 -126.545212 692.740234 25.473562 -128.134842 690.543396
542 162 554 155 568 154 580 161 567 164 555 165 646 158 658 151 671 150 683 156 671 160 659 160 1770 1061 -212.808487 215.788864 45.461403 -0.400966 0.013946 -0.040240 -10.916257 -121.391769 668.956482 -44.091362 -119.999931 669.142822 22.258848 -122.783615 668.770142
548 157 558 151 572 151 584 158 572 161 559 161 648 156 659 148 674 147 686 153 674 158 660 159 917 100 -43.416149 26.313164 18.059345 -0.310147 0.031350 -0.024638 -9.000834 -127.000206 688.810425 -42.179466 -126.035263 689.708679 24.177797 -127.965149 687.912170
548 157 559 151 572 151 584 158 572 161 560 161 648 156 659 148 674 147 686 153 674 158 661 158 567 115 26.179451 29.457315 16.168810 -0.311017 0.034776 -0.023397 -8.920210 -127.246994 689.396423 -42.096096 -126.304695 690.412476 24.255676 -128.189285 688.380371
547 159 558 153 572 153 583 160 572 163 559 163 647 158 659 150 673 149 686 155 673 160 660 160 513 281 36.953499 62.290180 19.617405 -0.326405 0.034382 -0.025467 -9.332642 -125.561165 687.603455 -42.507336 -124.546104 688.587830 23.842052 -126.576225 686.619080
546 161 557 155 570 154 582 161 570 165 558 165 645 159 657 151 671 150 684 156 672 161 658 162 1273 633 -114.082764 131.462357 32.510170 -0.331211 0.028825 -0.031651 -10.431878 -125.208572 691.436279 -43.606548 -124.020004 692.203308 22.742790 -126.397148 690.669312
540 162 552 155 566 155 578 161 566 165 553 165 645 158 656 150 670 150 682 156 670 160 657 161 1601 246 -179.386810 54.814415 25.759991 -0.374385 0.014247 -0.042778 -11.890971 -120.888992 666.896484 -45.062431 -119.414467 667.095703 21.280489 -122.363510 666.697327
543 164 554 158 568 157 580 164 568 167 555 168 646 161 657 154 671 153 683 159 671 163 658 163 613 825 17.191101 169.744736 32.686089 -0.382931 0.022608 -0.038568 -10.966957 -120.652527 674.844727 -44.138996 -119.261414 675.334778 22.205082 -122.043648 674.354614
546 163 557 157 570 157 582 164 570 167 558 167 646 161 657 154 671 153 684 158 672 163 658 164 699 593 0.039640 123.852425 27.933556 -0.332563 0.033026 -0.031467 -10.374311 -123.659584 690.802917 -43.544899 -122.453590 691.706970 22.796276 -124.865578 689.898865
577 174 592 166 610 165 626 173 610 177 593 178 706 171 721 162 739 162 754 170 739 175 722 175 282 1011 83.046906 206.672348 34.824200 -0.486815 0.051032 -0.001638 18.259846 -90.303482 533.941833 -14.902542 -89.846939 535.556458 51.422234 -90.760017 532.327148
553 163 568 154 587 153 602 162 586 167 569 168 682 161 698 151 717 150 733 159 717 165 699 165 1425 229 -144.395630 51.545284 24.248508 -0.397701 0.024814 -0.016103 6.490630 -95.773590 534.289368 -26.699846 -95.091270 534.986755 39.681107 -96.455910 533.592041
557 162 572 154 590 154 605 164 590 168 573 168 684 163 700 153 718 152 734 159 718 166 701 167 1324 287 -124.300377 63.059208 24.929365 0.560232 -0.000245 -0.013472 7.755339 -95.006477 532.276306 -25.446539 -94.579987 532.390625 40.957214 -95.432968 532.161926
555 168 569 161 587 161 601 170 586 174 570 174 682 169 697 159 715 158 730 165 715 172 698 172 1520 820 -163.153381 168.290604 38.359253 0.574537 -0.000001 -0.013968 6.166159 -92.197388 532.992615 -27.035503 -91.758690 533.122192 39.367821 -92.636086 532.863037
556 165 571 158 589 158 604 168 588 172 572 172 685 167 700 157 719 157 734 164 718 171 701 171 566 244 26.407003 54.950962 19.110126 0.564990 -0.010513 -0.005923 7.480174 -92.159592 527.568420 -25.722286 -91.877197 527.291748 40.682632 -92.441986 527.845093
557 170 571 162 589 163 604 172 589 175 572 175 684 171 699 161 717 160 733 167 717 173 700 174 974 822 -54.589012 168.966385 34.921017 0.579775 -0.011912 -0.011476 7.359148 -91.368065 533.087158 -25.841249 -90.896545 532.820801 40.559544 -91.839592 533.353516
553 174 568 165 586 165 601 173 585 178 569 179 681 172 697 162 715 162 732 170 715 175 698 175 1537 964 -166.501526 196.739319 41.758183 -0.429296 0.029559 -0.015532 6.038468 -90.756042 537.664673 -27.148117 -90.048668 538.507141 39.225056 -91.463425 536.822205
553 175 568 166 586 165 601 174 586 179 569 180 681 172 697 163 716 163 732 171 716 176 698 176 848 645 -29.575203 134.052170 30.072517 -0.421694 0.036104 -0.011190 6.161932 -90.470200 537.752808 -27.019514 -89.860611 538.838989 39.343376 -91.079788 536.666687
551 169 566 159 585 159 600 169 584 174 567 174 679 167 695 156 714 156 731 165 714 171 697 171 1702 110 -199.499420 27.886038 23.296806 -0.379388 0.025912 -0.016263 5.357863 -93.172577 536.702393 -27.831598 -92.484261 537.440918 38.547325 -93.860893 535.963806
557 175 571 168 588 168 603 177 588 181 572 181 684 176 699 167 717 166 732 173 716 179 699 180 640 1072 11.877543 218.543289 38.502411 0.585070 -0.018293 -0.007638 7.143750 -88.779396 534.918518 -26.054724 -88.367348 534.417297 40.342224 -89.191444 535.419739
553 171 567 163 586 164 601 174 585 178 568 178 680 173 696 162 715 161 730 169 714 176 697 177 1092 108 -78.210503 27.804218 19.358795 0.543790 -0.008371 -0.009448 5.641873 -89.768158 530.262207 -27.560358 -89.395935 530.080994 38.844105 -90.140388 530.443420
556 179 570 170 588 170 603 179 588 183 571 184 684 177 699 167 718 167 734 175 718 181 700 181 505 914 38.685097 187.388504 34.030640 -0.441876 0.044249 -0.005939 7.282057 -88.216103 537.915283 -25.890203 -87.705994 539.293823 40.454319 -88.726219 536.536682
553 174 568 164 587 163 602 174 586 179 568 180 681 172 697 161 717 160 733 170 717 176 699 176 1247 38 -109.045517 13.891093 18.748299 -0.395441 0.032041 -0.013267 6.338641 -90.340385 535.055298 -26.846466 -89.703712 536.005493 39.523750 -90.977051 534.105042
553 178 567 170 584 170 599 180 584 183 568 183 679 179 694 169 712 168 728 175 712 182 695 182 1424 470 -144.143143 99.172508 29.749065 0.555091 0.003174 -0.011230 4.965274 -87.542061 535.033447 -28.237335 -87.216553 535.234375 38.167885 -87.867569 534.832458
553 183 567 176 584 176 599 185 584 188 568 188 679 183 694 174 712 173 727 180 712 186 695 186 1281 1014 -115.588623 206.751923 41.267204 0.572518 -0.011308 -0.013627 4.913338 -85.411316 537.104065 -28.286411 -84.878593 536.874817 38.113087 -85.944038 537.333313
550 179 564 169 583 169 598 179 583 184 565 184 677 176 693 165 712 165 729 173 713 180 695 180 1686 96 -196.321182 25.127562 22.874807 -0.375990 0.032309 -0.022433 4.472669 -88.568352 538.120850 -28.706762 -87.641777 539.029907 37.652100 -89.494926 537.211792
553 180 568 172 585 173 600 183 585 186 568 186 680 182 695 172 714 171 729 179 713 185 696 185 981 372 -56.081039 80.033249 24.683020 0.551752 -0.007639 -0.006344 5.452146 -85.929382 534.370544 -27.751072 -85.661041 534.186218 38.655361 -86.197723 534.554871
552 185 566 176 585 175 600 185 584 189 567 190 680 183 695 173 714 173 730 181 714 187 697 187 690 495 1.807338 104.490173 25.636791 -0.425251 0.037570 -0.008490 5.344482 -85.420982 538.997131 -27.836071 -84.886307 540.148071 38.525036 -85.955666 537.846191
553 179 567 170 586 171 601 181 585 185 569 185 681 180 696 169 715 168 731 176 715 183 697 184 685 97 2.712909 25.839504 16.510441 0.554900 -0.017679 -0.008546 5.861289 -85.815727 528.721069 -27.337286 -85.387581 528.240479 39.059864 -86.243866 529.201660
550 180 564 170 583 170 599 180 583 185 565 185 677 178 693 167 712 166 729 175 713 181 695 182 1453 101 -149.991501 26.235386 21.502325 -0.399263 0.036531 -0.018465 4.475079 -88.011391 538.112122 -28.702288 -87.175667 539.172058 37.652447 -88.847107 537.052185
563 126 579 118 598 119 614 129 597 133 580 133 700 131 717 121 737 121 754 130 736 136 718 136 712 490 -2.568146 103.490761 25.662918 0.612869 -0.020017 0.026413 13.156224 -103.266815 492.213348 -20.030920 -103.892448 491.329254 46.343369 -102.641182 493.097473
567 133 583 125 602 126 617 137 601 140 583 140 703 139 720 129 740 129 756 138 739 144 721 144 446 647 50.356926 134.653961 27.553123 0.612745 -0.019059 0.032154 14.742338 -100.473091 495.247040 -18.439999 -101.287071 494.336212 47.924675 -99.659103 496.157837
558 142 573 135 592 136 607 146 591 150 574 149 692 149 709 139 729 139 745 148 728 154 710 153 1163 752 -92.184418 155.035797 34.527470 0.596010 -0.021365 0.037066 9.920607 -96.929413 500.358124 -23.254711 -97.883041 499.334167 43.095924 -95.975777 501.382050
558 144 573 137 591 138 607 149 591 152 573 151 693 151 709 142 729 142 746 151 728 156 710 156 578 544 24.087770 114.231155 26.041805 0.594114 -0.024713 0.039166 9.944150 -95.375481 498.347992 -23.226097 -96.363731 497.200104 43.114399 -94.387230 499.495880
558 140 573 132 592 134 607 145 591 148 574 147 693 147 710 137 730 137 746 146 729 152 710 152 616 358 16.490631 77.454086 22.034109 0.587309 -0.027416 0.037974 10.118233 -97.142952 497.285309 -23.051201 -98.072502 496.067047 43.287666 -96.213409 498.503571
557 138 572 130 591 132 607 143 590 146 573 146 692 145 709 135 729 135 745 144 728 151 709 150 852 172 -30.475845 40.575287 19.289818 0.578723 -0.023299 0.037771 9.718455 -98.194740 498.476990 -23.454567 -99.162041 497.393219 42.891476 -97.227448 499.560760
568 138 584 130 603 132 619 143 602 146 584 145 705 145 722 135 742 135 758 144 741 151 722 150 2 100 138.517899 26.783298 12.220881 0.578473 -0.019165 0.036173 15.399729 -97.269844 493.703888 -17.778034 -98.225800 492.764801 48.577492 -96.313889 494.642975
552 144 567 135 586 137 601 148 585 152 568 151 686 150 702 139 722 139 739 148 722 155 703 155 1603 283 -179.776245 62.125374 26.618217 0.557541 -0.013320 0.028503 7.035803 -96.792641 502.739075 -26.152998 -97.570541 502.062378 40.224606 -96.014740 503.415771
565 153 581 146 599 147 615 157 598 161 581 160 701 159 717 150 737 150 753 158 736 164 718 164 73 812 124.559128 167.453110 28.943382 0.606155 -0.017024 0.032577 13.582043 -91.448326 498.535828 -19.601021 -92.298660 497.686798 46.765106 -90.597992 499.384888
554 153 569 145 588 147 603 158 587 162 570 161 688 161 704 150 725 150 741 159 724 166 705 166 1479 308 -155.115128 67.129616 26.398252 0.571948 -0.004185 0.036528 7.976581 -91.332664 500.630432 -25.206396 -92.441597 500.161499 41.159557 -90.223732 501.099365
666 169 678 161 692 160 705 167 693 171 679 172 776 161 789 151 804 149 818 155 805 161 791 162 603 811 19.176334 166.983170 32.302376 0.062989 0.314153 -0.052452 63.211468 -105.804276 597.690491 31.676119 -104.418701 607.993958 94.746819 -107.189857 587.387024
583 166 599 158 618 159 634 170 617 173 600 173 718 170 735 160 754 159 769 167 753 174 735 174 104 777 118.387451 160.520447 28.341425 0.575870 -0.004566 0.005464 22.347992 -87.104195 503.941406 -10.856003 -87.233292 503.747223 55.551987 -86.975090 504.135590
570 168 585 160 604 160 620 170 604 174 586 174 703 171 720 160 739 160 755 168 738 175 720 175 1210 780 -101.523430 160.545029 35.467182 0.565470 0.001855 0.003081 15.587470 -87.112869 507.041809 -17.617134 -87.226768 507.071991 48.792076 -86.998962 507.011597
567 169 582 161 601 162 617 172 601 176 583 175 700 171 716 161 735 160 751 168 734 174 717 175 1345 546 -128.418259 114.232307 30.981607 0.547056 0.001625 -0.006844 13.993355 -87.340248 510.200897 -19.210657 -87.138550 510.312836 47.197365 -87.541946 510.088989
567 164 582 155 602 155 617 167 601 171 583 171 699 166 715 153 735 152 751 160 734 168 716 169 481 21 43.258335 10.925109 13.472123 0.407615 -0.026581 -0.014491 13.920016 -90.359573 511.433411 -19.269791 -89.714302 510.671844 47.109821 -91.004845 512.194946
561 154 576 146 596 147 612 158 595 162 577 161 696 159 712 149 732 148 749 157 732 164 713 164 912 184 -42.403275 42.915913 19.946873 0.547885 -0.013069 0.016527 11.648265 -91.966194 501.775360 -21.549360 -92.371948 501.216217 44.845890 -91.560448 502.334473
563 165 578 158 596 159 612 168 596 172 579 171 696 169 712 160 731 159 747 167 731 173 713 173 1143 864 -88.182785 177.179642 36.959095 0.570592 -0.003216 0.012082 11.965104 -88.362572 508.244476 -21.237185 -88.712669 508.032043 45.167393 -88.012482 508.456940
562 167 577 159 596 160 611 171 595 174 578 174 695 172 712 161 731 161 747 169 730 175 712 175 1221 529 -103.766495 110.936462 29.801928 0.558239 0.000687 0.010814 11.565268 -86.870499 506.293427 -21.637646 -87.217415 506.217407 44.768181 -86.523575 506.369446
560 165 575 157 594 157 610 168 593 172 576 172 692 168 708 158 728 157 744 165 727 172 709 172 1905 352 -239.809067 75.606064 30.121904 0.510363 0.005631 0.002577 10.518972 -89.173676 511.625427 -22.685219 -89.302246 511.783020 43.723164 -89.045105 511.467834
563 160 578 152 598 153 613 164 597 168 579 167 697 165 714 154 734 154 750 162 733 169 715 169 48 138 129.379959 34.269268 13.382714 0.521115 -0.022950 0.014789 12.519685 -89.569359 504.092163 -20.673031 -89.844353 503.239166 45.712399 -89.294365 504.945190
475 158 489 150 506 149 521 157 506 162 490 163 598 152 612 142 630 140 645 147 631 154 614 155 552 332 29.210285 72.348824 21.031626 0.571158 -0.118802 -0.054117 -36.797543 -102.909828 552.432129 -69.727409 -100.119255 549.207825 -3.867674 -105.700394 555.656433
477 163 490 155 507 154 522 162 508 167 492 168 600 156 614 146 631 144 647 151 632 158 615 159 183 700 102.662338 145.263016 27.086033 0.576876 -0.128264 -0.057175 -36.072788 -100.783798 553.476746 -68.959694 -97.802124 549.995300 -3.185878 -103.765465 556.958191
473 159 486 150 504 149 519 158 504 163 488 165 596 153 610 141 628 139 644 147 629 154 612 156 673 34 5.084905 13.395535 14.994298 0.548520 -0.116943 -0.061068 -37.853184 -102.439743 551.163635 -70.776619 -99.480827 548.024841 -4.929751 -105.398666 554.302429
468 166 481 157 498 156 513 164 498 169 483 170 590 158 604 148 621 146 637 152 622 159 606 160 1896 610 -237.962112 126.596962 35.959873 0.547839 -0.107384 -0.067040 -41.474308 -100.541557 557.151123 -74.419991 -97.479721 554.364258 -8.528624 -103.603401 559.937988
471 168 484 160 501 159 515 166 501 171 486 172 593 161 607 151 624 149 640 155 625 162 609 163 839 1000 -27.706657 204.212326 38.126972 -0.387115 0.006308 -0.083851 -40.796375 -101.236626 568.963623 -73.885323 -98.484612 568.635742 -7.707425 -103.988632 569.291504
468 164 481 156 497 155 512 163 498 168 482 169 589 157 603 147 621 145 636 151 621 158 605 160 1132 812 -86.007179 166.908997 35.700687 0.562034 -0.123508 -0.063203 -41.856445 -101.300331 558.742615 -74.750504 -98.196327 555.440308 -8.962382 -104.404335 562.044983
465 166 478 157 495 156 509 164 495 169 480 170 586 158 600 148 618 146 633 152 618 159 602 161 1717 679 -202.355286 140.324799 36.394379 0.546587 -0.109892 -0.067538 -43.441738 -100.784721 559.379211 -76.377510 -97.686874 556.516052 -10.505969 -103.882561 562.242432
469 163 482 155 499 154 514 162 500 167 484 168 592 157 606 147 624 145 640 152 625 158 608 160 63 294 126.432159 65.090469 17.043083 -0.360288 0.011163 -0.073646 -41.035706 -102.727943 565.243408 -74.149437 -100.271301 565.170166 -7.921977 -105.184586 565.316650
464 164 477 155 494 154 509 163 495 168 479 169 586 157 600 146 617 144 633 151 618 158 602 159 1815 301 -221.925262 65.573624 28.382261 0.519616 -0.104712 -0.068015 -43.553692 -101.521828 558.555786 -76.505768 -98.487335 555.814880 -10.601621 -104.556313 561.296631
465 164 478 156 495 155 510 163 496 169 480 170 587 158 601 147 619 145 635 152 620 159 603 161 1320 242 -123.515060 54.168312 23.875574 0.531472 -0.116779 -0.061228 -42.664082 -100.372520 555.093689 -75.587379 -97.434616 551.933899 -9.740777 -103.310425 558.253540
466 165 479 156 496 155 511 164 497 169 481 170 588 158 602 147 620 145 636 152 621 160 604 161 977 202 -55.323544 46.439697 20.772934 0.534316 -0.121158 -0.063514 -42.071800 -99.920799 553.904541 -74.973724 -96.869316 550.631714 -9.169876 -102.972275 557.177368
473 167 486 159 503 158 517 166 503 171 487 172 595 160 609 150 626 148 642 155 627 162 610 163 119 775 115.404480 160.117493 28.391438 -0.380257 0.015420 -0.076040 -39.838818 -101.422264 568.201843 -72.944931 -98.864151 568.227051 -6.732698 -103.980370 568.176636
470 165 483 157 500 157 515 165 501 169 485 170 593 160 608 150 625 148 641 154 626 161 609 162 222 469 94.856346 99.592484 22.056450 -0.343545 0.003329 -0.070015 -40.507401 -101.455490 565.187622 -73.631477 -99.159195 564.900635 -7.383328 -103.751793 565.474609
469 169 482 160 499 160 513 168 499 172 484 173 591 162 605 152 622 150 638 156 623 163 607 165 942 660 -48.262356 136.968185 31.015072 0.553261 -0.118504 -0.058186 -40.868614 -98.324265 556.089478 -73.791786 -95.435242 552.883545 -7.945444 -101.213280 559.295410
466 167 478 158 496 157 511 166 496 171 480 172 587 161 601 150 619 148 635 155 620 162 603 163 1669 468 -192.858170 98.651382 31.266670 0.527590 -0.110423 -0.062850 -42.796543 -99.491516 558.021362 -75.739853 -96.561821 555.069214 -9.853235 -102.421219 560.973450
469 171 482 163 499 162 513 170 499 175 484 176 591 165 605 155 622 153 638 159 623 166 607 167 625 821 14.804191 168.948074 32.671257 0.554966 -0.125785 -0.055799 -40.943096 -96.995491 556.397949 -73.842010 -94.114311 552.945435 -8.044181 -99.876678 559.850464
465 166 478 158 495 157 510 166 496 171 480 172 587 162 601 151 619 149 635 156 620 164 603 165 1831 181 -225.133347 41.850861 25.742310 0.494973 -0.093246 -0.051829 -42.709408 -98.989983 556.395447 -75.729271 -96.591560 553.846741 -9.689548 -101.388397 558.944214
467 166 480 157 498 156 513 165 498 170 482 171 590 160 604 148 622 146 638 153 623 161 606 162 1308 24 -121.177567 11.093055 18.817625 0.524312 -0.117863 -0.061299 -41.120571 -99.148392 552.841125 -74.039436 -96.209557 549.636230 -8.201706 -102.087227 556.045959
471 172 484 164 501 163 515 171 501 175 486 176 593 165 607 156 624 154 640 160 625 166 609 168 307 924 78.056664 189.466461 32.995739 0.559239 -0.129764 -0.054422 -39.877899 -96.718651 556.821716 -72.762985 -93.838287 553.239197 -6.992810 -99.599007 560.404175
469 173 482 165 498 164 513 172 499 177 483 177 590 166 604 157 622 155 637 161 622 167 606 169 971 903 -53.974476 184.975250 36.752754 0.553777 -0.120101 -0.057307 -41.333000 -96.432854 558.305847 -74.251678 -93.556511 555.042847 -8.414328 -99.309196 561.568848
442 163 454 154 471 153 485 160 472 165 457 167 561 153 574 142 592 140 607 147 593 154 576 155 1329 810 -125.178123 166.412521 36.912010 -0.296550 0.019218 -0.101127 -59.219959 -107.936714 585.124634 -92.250290 -104.539833 585.258484 -26.189627 -111.333603 584.990723
440 166 452 156 468 154 483 162 469 168 454 170 557 154 571 144 588 142 604 148 590 155 573 157 1422 631 -143.709625 130.990555 33.415215 -0.293859 0.020617 -0.107382 -60.894814 -106.985428 586.116394 -93.902756 -103.378212 586.270203 -27.886877 -110.592644 585.962585
438 167 450 157 466 156 481 163 467 169 452 171 556 156 569 145 587 143 603 149 588 156 572 158 1599 378 -178.959763 80.901443 28.763477 -0.284374 0.016351 -0.110053 -61.717999 -106.171364 585.213318 -94.718880 -102.497009 585.232300 -28.717112 -109.845718 585.194336
450 168 463 159 479 158 494 165 480 171 465 172 569 159 583 149 601 147 616 153 601 160 585 161 776 480 -15.295815 101.481667 25.842787 -0.305492 0.013762 -0.090367 -54.316124 -104.481453 583.123901 -87.383385 -101.462219 583.118713 -21.248863 -107.500679 583.129150
446 166 458 158 474 157 489 164 475 169 460 171 564 158 578 148 595 146 611 152 596 159 580 160 1438 500 -146.920151 105.093948 30.523909 -0.271188 0.004101 -0.093000 -57.325714 -105.731110 586.027344 -90.387634 -102.666855 585.745789 -24.263792 -108.795372 586.308899
442 171 454 162 471 161 485 168 472 174 456 175 560 161 574 151 591 149 607 155 592 162 576 164 1524 609 -163.995697 126.590477 33.563351 -0.289778 0.005601 -0.102992 -59.456848 -103.522240 586.346924 -92.486420 -100.129349 586.038391 -26.427273 -106.915131 586.655457
448 174 460 166 476 165 490 172 477 177 462 178 566 165 579 155 596 153 612 159 597 165 581 167 40 1030 131.169220 210.551483 33.714195 -0.325046 0.024786 -0.094160 -56.621532 -101.946930 587.596558 -89.670456 -98.747543 587.900635 -23.572613 -105.146317 587.292542
444 173 456 165 472 163 486 171 473 176 458 177 561 164 574 154 592 152 607 157 593 164 577 166 1517 788 -162.564011 161.968262 37.608898 -0.289763 0.001938 -0.102248 -59.368999 -102.962059 590.028625 -92.401535 -99.610847 589.603943 -26.336460 -106.313271 590.453369
442 176 454 166 470 165 484 173 471 178 456 179 560 165 573 154 590 152 606 159 591 165 575 167 1565 797 -172.106079 163.722198 38.120834 -0.318957 0.009170 -0.109618 -60.013309 -101.372330 586.636902 -93.019127 -97.753067 586.360657 -27.007488 -104.991600 586.913147
427 132 445 122 467 123 484 136 465 141 445 140 573 136 590 123 611 122 628 132 610 140 591 141 569 500 25.867491 105.540451 24.978962 0.534800 -0.172619 0.010303 -45.993626 -97.719162 477.307373 -78.714897 -96.550804 471.783539 -13.272351 -98.887520 482.831207
478 152 494 143 514 143 530 153 513 158 495 158 613 152 628 141 647 140 662 148 647 155 629 156 443 273 50.870171 60.745178 18.987944 0.489518 -0.104799 -0.014603 -28.829119 -97.362450 516.137329 -61.851902 -96.063507 512.917419 4.193667 -98.661385 519.357300
443 173 458 164 476 165 491 176 475 180 458 180 574 176 589 166 608 166 624 175 608 181 590 180 1685 996 -195.921982 202.987152 43.433758 -0.383543 -0.033579 -0.008559 -49.611385 -89.050110 535.772095 -82.796509 -88.984085 534.630676 -16.426262 -89.116142 536.913574
467 180 481 172 499 172 515 180 499 185 482 185 596 177 611 167 629 166 644 173 629 179 612 180 573 1059 25.196596 216.008652 37.777840 -0.367666 -0.009809 -0.047762 -38.913166 -89.411987 546.098572 -72.078957 -87.921356 545.492065 -5.747374 -90.902618 546.705078
461 175 475 166 494 166 510 175 494 180 477 181 590 172 605 160 625 159 641 167 625 174 607 175 552 356 29.215628 77.091728 21.580034 -0.308144 -0.012416 -0.056305 -41.224632 -91.646187 542.888916 -74.374702 -89.870071 542.197632 -8.074560 -93.422295 543.580139
456 173 470 163 489 162 505 172 489 177 472 178 586 167 601 156 620 154 637 163 621 170 603 171 691 162 1.534370 38.681801 18.034000 -0.287524 -0.013099 -0.066640 -43.277580 -92.994881 539.564514 -76.406372 -90.876221 538.820007 -10.148791 -95.113541 540.308960
463 178 478 168 496 167 512 176 496 181 479 182 592 172 607 162 626 160 642 168 627 174 609 175 226 625 94.095734 130.419342 25.646631 -0.336417 -0.003940 -0.060918 -40.236843 -91.225403 543.155701 -73.380386 -89.263611 542.690430 -7.093298 -93.187195 543.620911
462 183 477 174 495 174 510 183 495 188 478 188 590 179 605 168 624 166 639 173 624 180 607 182 1087 763 -77.070511 157.248672 34.293880 -0.340611 -0.010421 -0.063456 -41.705730 -89.209862 550.318298 -74.842575 -87.203094 549.623901 -8.568888 -91.216621 551.012695
461 177 475 168 494 167 510 178 494 183 477 183 590 173 605 161 624 160 640 167 625 175 607 177 1149 51 -89.556786 16.510523 18.420033 0.461101 -0.122990 -0.044272 -40.241642 -88.501503 530.258057 -73.168167 -86.163445 526.661194 -7.315120 -90.839561 533.854858
456 162 470 154 488 154 503 163 488 168 471 168 583 161 598 151 617 150 633 157 617 164 600 165 1579 174 -175.028473 40.596992 23.974386 -0.270214 -0.010853 -0.036509 -45.269081 -98.930038 551.310486 -78.449959 -97.781151 550.791809 -12.088202 -100.078918 551.829163
463 164 477 156 495 156 510 166 495 170 478 170 591 164 606 154 625 153 640 161 624 168 607 168 138 117 111.480125 30.072981 13.477132 -0.268333 0.002181 -0.019048 -41.361313 -97.015114 548.849304 -74.560059 -96.380562 548.836487 -8.162565 -97.649666 548.862122
