623 192 634 183 649 183 660 192 648 197 635 197 725 189 736 179 751 178 764 186 752 193 738 193 655 8 -4.522359 8.554251 -1.259202 0.138345 0.460660 -0.004580 26.924524 -99.252876 573.662170 -2.824199 -100.144432 588.385559 56.673248 -98.361320 558.938782
632 197 643 189 658 188 669 197 657 202 644 202 735 196 746 186 761 186 773 194 761 200 748 200 150 413 107.773880 100.084366 -0.031834 0.126913 0.442944 0.009923 32.735779 -96.522827 579.071472 2.732697 -97.757690 593.243652 62.738857 -95.287964 564.899353
626 194 637 186 652 186 664 195 651 199 638 200 729 193 740 183 755 182 767 190 755 196 742 197 484 138 33.515209 37.950817 -0.894480 0.138561 0.469964 0.001950 28.867231 -97.233002 572.121216 -0.743381 -98.354851 587.104980 58.477844 -96.111153 557.137512
624 212 635 204 649 204 660 211 648 216 636 216 726 209 737 201 751 200 763 207 751 212 738 213 640 791 -2.537207 183.727356 4.272471 0.122995 0.419860 -0.009385 27.891943 -90.124695 591.163635 -2.431129 -90.666679 604.683167 58.215015 -89.582703 577.644104
623 207 634 198 648 198 660 207 648 211 635 212 725 204 736 194 751 193 763 201 751 207 738 208 615 346 3.836562 84.234009 1.018515 0.132254 0.450899 -0.014084 27.039972 -91.425941 579.270752 -2.847884 -91.947296 593.727722 56.927830 -90.904594 564.813782
634 201 645 193 660 193 671 202 659 207 646 207 736 202 747 192 762 192 773 200 761 206 748 206 56 106 129.346313 31.587667 -2.528893 0.124775 0.458440 0.020055 33.545082 -93.806473 582.012451 3.770838 -95.379501 596.626831 63.319324 -92.233452 567.398071
629 204 640 196 655 196 666 205 654 209 641 210 731 203 742 194 757 193 768 201 757 207 743 207 353 213 62.698170 54.970440 -0.790347 0.128562 0.458758 0.006713 30.537035 -92.472649 581.174683 0.761478 -93.648026 595.823730 60.312592 -91.297272 566.525635
628 206 639 198 653 198 665 207 653 211 639 212 730 205 741 196 755 195 767 203 755 209 742 209 508 480 27.545620 114.406479 1.622040 0.128089 0.435635 0.001326 30.081572 -92.142914 586.293457 -0.026205 -93.096046 600.263855 60.189350 -91.189774 572.322998
627 204 639 196 653 196 665 205 653 209 639 210 729 203 740 193 755 193 767 201 756 207 742 207 459 20 39.316227 11.602427 -1.817690 0.133725 0.475748 0.003749 29.467274 -91.669586 575.639038 -0.055449 -92.823982 590.792786 58.989998 -90.515190 560.485291
624 211 634 204 648 203 660 211 648 216 635 216 725 209 736 200 750 199 762 206 750 212 737 212 1201 724 -127.956779 167.698730 5.638258 0.137516 0.430922 -0.013779 27.474030 -90.254601 590.337036 -2.696984 -90.779686 604.193237 57.645042 -89.729507 576.480835
624 211 635 203 649 203 660 210 649 215 636 215 726 208 736 200 751 199 762 206 751 211 738 212 1030 686 -89.624954 159.516235 4.805533 0.134771 0.432222 -0.009915 27.811810 -90.507812 589.842896 -2.342448 -91.140411 603.731018 57.966068 -89.875214 575.954773
623 207 634 198 649 198 660 207 648 212 635 212 725 204 735 195 750 194 762 201 751 207 737 208 1112 165 -107.061836 42.824158 1.361457 0.140936 0.470018 -0.012647 27.015348 -91.404442 580.093018 -2.592169 -92.079056 595.109680 56.622864 -90.729828 565.076355
625 207 636 199 650 199 661 208 649 212 636 213 726 205 737 196 751 195 763 203 752 209 738 209 660 271 -6.101880 67.374084 0.631802 0.133203 0.455989 -0.005502 27.864977 -91.274002 583.135193 -1.951718 -92.087700 597.724976 57.681675 -90.460312 568.545410
625 210 636 202 650 202 661 210 649 214 637 215 726 208 737 199 751 198 763 205 752 211 738 211 817 618 -41.842098 144.701202 3.620974 0.133919 0.441151 -0.008447 28.217100 -90.703026 589.032776 -1.812323 -91.395966 603.185974 58.246525 -90.010086 574.879578
623 208 634 200 648 199 660 208 648 213 634 213 724 206 735 196 749 195 761 203 750 209 736 210 1031 122 -88.860863 33.356121 0.788817 0.140364 0.476618 -0.010691 26.494869 -90.318184 578.951660 -3.013593 -91.065636 594.158630 56.003334 -89.570732 563.744690
629 211 640 203 654 203 666 211 654 215 641 216 731 208 742 199 757 199 769 206 757 212 744 212 650 392 -4.076080 94.458527 1.461391 0.128709 0.424965 -0.014543 31.116472 -89.640251 585.759277 0.864442 -90.066345 599.441162 61.368504 -89.214157 572.077454
625 212 636 205 650 204 661 212 649 217 636 217 726 210 737 201 751 200 763 207 752 213 739 213 1231 624 -134.494827 145.274536 5.024066 0.141902 0.434489 -0.015495 28.102562 -89.256775 587.666809 -2.018364 -89.765907 601.632141 58.223488 -88.747643 573.701538
630 209 641 201 656 201 667 209 655 214 642 214 732 208 743 198 758 198 769 205 758 211 744 211 374 294 57.857052 73.049919 -0.144004 0.129398 0.461420 0.002531 31.370607 -90.108864 582.640259 1.633551 -91.162178 597.376526 61.107662 -89.055550 567.903992
629 213 640 205 654 205 665 213 653 217 641 218 731 210 742 201 756 201 769 208 757 213 744 214 765 618 -30.205877 144.797760 3.450112 0.130240 0.423140 -0.016988 30.904530 -88.819679 587.350342 0.628740 -89.173965 600.981567 61.180321 -88.465393 573.719116
628 211 639 203 653 203 665 211 653 215 640 216 729 209 740 200 755 199 766 206 755 212 742 212 1005 442 -83.603241 104.983559 2.984238 0.139811 0.454172 -0.008427 29.924139 -89.568542 584.987976 0.081109 -90.333664 599.526489 59.767166 -88.803429 570.449524
625 150 635 142 649 141 659 149 648 154 636 154 720 146 729 137 743 136 754 143 744 149 731 149 850 465 -48.958641 110.416130 2.638873 0.209058 0.481147 -0.011439 27.233324 -134.948425 621.334473 -2.213257 -136.217804 636.626587 56.679905 -133.679062 606.042419
623 145 633 137 647 136 657 144 646 149 634 150 718 141 728 132 741 131 752 138 742 144 729 145 826 311 -43.318340 76.013229 1.462354 0.211471 0.469965 -0.013218 26.121679 -138.260696 622.329285 -3.493868 -139.454773 637.297729 55.737228 -137.066620 607.360901
625 148 635 139 649 139 660 147 648 152 636 152 720 144 730 135 743 134 754 141 744 147 731 148 453 351 40.079109 85.653259 0.521852 0.212923 0.473426 -0.009840 27.300911 -136.211075 621.039551 -2.264048 -137.535156 636.096802 56.865868 -134.887009 605.982361
622 149 632 141 646 140 657 148 645 153 633 154 717 145 727 136 741 135 752 142 741 148 729 149 470 162 36.605999 43.345253 -0.769418 0.213710 0.488228 -0.012438 25.057232 -133.879105 613.840271 -4.280456 -135.177048 629.337891 54.394920 -132.581161 598.342712
614 150 624 142 637 141 648 149 637 154 625 155 708 145 718 136 732 135 743 142 732 148 720 149 1004 310 -83.148270 75.459015 2.040101 0.218315 0.475435 -0.027802 19.999823 -134.569580 618.902161 -9.524721 -135.372269 634.075073 49.524364 -133.766907 603.729248
615 153 625 144 638 144 649 152 638 156 626 157 710 148 720 139 733 138 744 144 734 150 722 151 807 386 -39.198009 92.824875 1.934498 0.213780 0.465359 -0.024824 20.777779 -133.010483 618.899536 -8.899698 -133.837677 633.769714 50.455257 -132.183289 604.029297
612 154 622 146 636 145 646 153 635 158 623 158 707 149 716 140 730 138 741 145 731 151 718 152 821 469 -42.476215 111.364723 2.572096 0.213045 0.465345 -0.029072 18.961039 -132.857056 621.420532 -10.712903 -133.543686 636.304932 48.634979 -132.170425 606.536133
612 154 622 146 636 145 647 153 636 158 623 158 707 149 717 140 730 139 742 145 731 151 719 152 798 441 -37.280380 105.144257 2.296947 0.209492 0.465736 -0.024808 19.065832 -132.350204 619.304871 -10.605531 -133.146774 634.188904 48.737194 -131.553635 604.420776
613 153 623 145 637 145 647 153 637 157 624 158 708 149 718 140 732 138 743 145 732 151 720 152 623 590 1.619001 138.798264 2.783952 0.209836 0.452390 -0.026368 19.852682 -133.292755 622.292847 -10.013062 -133.996704 636.787720 49.718426 -132.588806 607.797913
612 155 622 147 636 146 646 154 635 158 623 159 707 150 717 141 730 139 742 146 731 152 719 153 672 643 -9.438731 150.562576 3.322723 0.206390 0.448710 -0.029509 19.172155 -132.667099 622.583984 -10.743397 -133.233185 636.981873 49.087708 -132.100998 608.186096
612 155 622 147 636 146 646 154 635 158 623 159 707 150 717 140 731 139 742 146 731 152 719 153 895 670 -59.387508 156.187973 4.247906 0.211910 0.449581 -0.031726 19.166117 -132.585083 622.079651 -10.735392 -133.123947 636.507751 49.067627 -132.046219 607.651611
604 154 613 146 626 145 637 153 626 157 614 158 698 148 707 139 720 137 732 144 721 149 709 150 1077 630 -100.044220 146.902618 4.560817 0.208543 0.434324 -0.045436 13.342606 -134.991043 629.489502 -16.757410 -135.015198 643.509094 43.442619 -134.966888 615.469971
608 151 618 142 632 141 643 150 632 155 619 155 703 146 713 136 727 135 738 142 728 149 715 149 365 76 60.252846 24.303331 -1.727407 0.203064 0.469538 -0.020571 16.573227 -133.619354 616.151550 -13.043713 -134.514450 631.138062 46.190166 -132.724274 601.165039
610 151 620 142 634 141 645 150 633 155 621 155 705 145 715 136 728 134 740 141 729 148 717 149 259 94 83.941307 28.526493 -1.947405 0.206340 0.475356 -0.026241 17.559870 -133.604691 614.779541 -11.965652 -134.364166 629.952759 47.085392 -132.845200 599.606323
612 152 622 144 635 143 646 151 635 156 623 157 706 147 716 137 730 136 741 143 731 149 718 150 955 353 -72.258682 85.168449 2.185585 0.213768 0.466288 -0.032120 18.726707 -133.377640 617.823059 -10.930347 -133.976227 632.744873 48.383762 -132.779053 602.901245
610 154 620 146 633 145 644 152 633 157 621 158 704 148 714 139 727 137 739 144 728 150 716 151 1106 685 -106.629990 159.151428 5.048128 0.214776 0.446031 -0.040323 17.486254 -134.107986 625.186279 -12.456520 -134.381470 639.536072 47.429028 -133.834503 610.836548
612 153 621 145 635 144 646 152 635 157 623 158 706 147 716 138 730 137 741 143 731 149 718 150 1248 429 -137.957428 101.624420 3.690031 0.218739 0.467864 -0.038011 18.596769 -132.966644 618.078430 -11.030876 -133.421616 633.063599 48.224415 -132.511673 603.093262
621 152 631 144 645 144 655 152 644 156 632 157 716 148 726 139 739 138 750 145 740 151 728 152 59 415 128.133759 100.700722 -0.316588 0.198043 0.459282 -0.010890 24.863152 -133.769012 623.063904 -4.910059 -134.901199 637.721069 54.636360 -132.636826 608.406677
624 154 634 146 647 145 658 153 647 157 635 158 719 150 729 141 742 140 753 146 743 152 731 153 724 787 -21.327173 182.676636 4.519969 0.210796 0.448015 -0.021880 26.687199 -133.258942 624.182190 -3.245088 -134.097885 638.531921 56.619484 -132.419998 609.832520
621 153 631 145 645 144 656 152 645 156 632 157 717 148 726 139 740 138 751 144 741 150 728 151 1180 542 -122.938759 127.027084 4.272022 0.219454 0.468583 -0.028385 24.925303 -132.869476 618.166016 -4.701891 -133.637985 633.139282 54.552494 -132.100967 603.192749
604 195 614 188 627 187 638 194 627 199 615 200 698 190 708 181 721 180 732 186 722 192 710 193 1073 436 -98.809334 103.515175 3.164907 0.154344 0.398952 -0.042281 13.954123 -108.844345 635.683472 -16.619417 -108.489929 648.633118 44.527664 -109.198761 622.733887
606 194 616 186 629 185 640 192 629 197 617 198 699 189 709 180 722 179 734 185 723 191 711 192 425 96 46.791409 28.665611 -1.387705 0.150462 0.404549 -0.034234 14.980190 -110.278473 638.128967 -15.530500 -110.171829 651.230347 45.490879 -110.385117 625.027588
605 199 614 191 627 190 637 197 627 201 615 202 697 192 707 184 720 183 731 189 720 195 708 195 774 705 -32.372223 164.241623 4.099791 0.132799 0.325306 -0.050322 14.078378 -110.801750 658.219849 -17.346270 -109.875412 668.905945 45.503025 -111.728088 647.533752
605 198 614 191 627 190 637 196 627 201 615 202 697 192 707 184 720 183 731 189 720 194 709 194 939 732 -69.342140 169.974731 4.834397 0.132153 -0.258544 -0.091422 15.060142 -111.316605 658.074524 -16.905729 -107.764717 649.820618 47.026012 -114.868484 666.328430
604 197 614 189 627 188 637 195 627 199 615 200 697 191 707 183 720 182 731 188 720 194 708 194 179 576 100.998947 136.491150 1.225264 0.129360 0.335521 -0.039200 13.978048 -111.580399 656.385559 -17.352818 -111.019745 667.368347 45.308914 -112.141045 645.402771
604 193 613 185 626 185 637 192 626 197 614 198 696 188 706 179 719 178 731 185 720 191 708 191 109 28 117.622932 14.041830 -2.910703 0.140230 0.372670 -0.037730 13.386724 -111.611206 644.931641 -17.519558 -111.247643 657.065430 44.293003 -111.974777 632.797791
605 196 614 188 627 188 637 194 627 198 615 199 697 190 706 182 719 181 730 187 720 192 708 193 592 692 8.377322 161.671692 3.409113 0.126864 0.313509 -0.044753 14.181892 -113.628723 664.657837 -17.373938 -112.825294 674.960449 45.737720 -114.432144 654.355225
599 198 608 190 620 189 631 196 621 200 609 201 691 191 700 183 713 182 724 188 714 193 702 194 1198 707 -127.255684 163.901657 5.507231 0.136104 0.315400 -0.058552 9.867544 -112.618050 663.658264 -21.646013 -111.418457 674.051392 41.381100 -113.817635 653.265198
601 196 611 188 623 187 634 194 623 198 612 199 693 190 703 182 716 181 727 187 717 192 705 193 671 401 -8.791087 96.432693 1.594543 0.139198 -0.264464 -0.086026 12.613237 -113.054123 659.864075 -19.317837 -109.637207 651.420654 44.544312 -116.471046 668.307434
590 191 599 183 612 182 622 188 612 193 600 195 681 183 691 175 704 174 715 181 705 186 693 186 1254 269 -139.019821 65.823700 2.569320 0.134898 0.410091 -0.047692 3.530546 -114.002235 644.015198 -26.888615 -113.372055 657.313171 33.949707 -114.632416 630.717163
595 196 604 189 616 188 627 194 616 198 605 199 687 190 697 183 709 182 720 188 710 193 698 193 576 716 11.915662 167.069839 3.527604 0.127264 0.377251 -0.031842 6.957302 -111.307411 651.687744 -23.899323 -111.064537 663.950256 37.813927 -111.550285 639.425232
598 192 607 184 620 183 631 190 620 195 608 196 690 187 700 178 713 177 724 184 714 189 701 190 705 50 -15.784598 17.856169 -0.795550 0.148302 -0.308435 -0.079285 10.242362 -112.848076 646.543823 -21.295912 -109.517601 636.704895 41.780636 -116.178543 656.382751
597 194 606 186 619 185 629 192 619 197 607 198 689 188 699 180 712 179 723 186 712 191 700 192 968 400 -75.250061 95.657501 2.563301 0.129595 0.361964 -0.033934 8.536062 -112.282318 649.881531 -22.501522 -111.952499 661.676392 39.573647 -112.612144 638.086609
596 192 605 184 618 183 629 191 618 195 606 196 688 187 697 178 710 177 721 184 711 189 699 190 1084 15 -100.533447 9.323423 0.200305 0.152788 -0.339786 -0.085691 8.941954 -112.888786 647.294922 -22.248837 -109.260750 636.499939 40.132744 -116.516823 658.089905
598 195 607 187 620 187 630 193 620 198 608 199 690 189 699 182 712 181 723 187 713 192 701 193 1180 680 -123.180466 157.895599 5.255640 0.125230 0.335053 -0.034514 9.258259 -113.236404 660.042480 -22.083168 -112.804031 671.000916 40.599686 -113.668777 649.084045
599 185 609 177 622 176 632 183 621 188 610 189 691 181 701 172 714 172 725 179 715 184 703 184 841 198 -46.477020 50.708988 0.706215 0.130291 0.353875 -0.018266 10.294624 -118.259605 653.005737 -20.850210 -118.423813 664.517944 41.439461 -118.095390 641.493469
574 182 584 175 597 174 607 182 596 186 585 187 667 180 677 172 689 172 700 179 690 184 678 184 866 271 -52.199219 66.991562 1.308680 0.151437 -0.356547 -0.052930 -5.256149 -118.237076 648.595093 -36.331200 -115.638916 637.186707 25.818901 -120.835243 660.003418
593 179 603 171 617 172 627 180 616 184 603 184 686 180 696 172 709 171 719 179 709 184 697 184 143 23 110.023392 12.860271 -2.834624 0.156377 0.389339 0.027970 6.294808 -117.658157 639.887207 -24.417397 -119.555786 652.365967 37.007015 -115.760536 627.408447
600 183 610 176 623 176 633 184 622 187 610 187 693 184 703 177 716 177 726 183 716 188 704 188 212 674 93.442772 158.350983 2.032207 0.143369 -0.291418 -0.020761 12.069693 -117.646652 655.347168 -19.730482 -116.281822 645.889587 43.869865 -119.011475 664.804749
593 181 604 173 617 173 627 181 616 185 604 185 687 180 697 172 710 172 720 179 710 184 698 184 801 59 -37.282616 19.691067 -0.415963 0.161479 0.370276 0.013358 6.786971 -117.680138 643.389771 -24.169481 -119.090965 655.317322 37.743423 -116.269302 631.462158
