640 521 652 513 668 513 680 523 666 527 652 527 751 525 764 516 780 517 793 525 779 530 765 530 861 317 -5.617120 66.731422 17.379461 -0.418333 0.098833 0.034750 35.985870 95.633926 573.132751 2.960472 95.191368 576.551331 69.011269 96.076492 569.714172
639 526 651 518 667 518 679 528 665 531 651 531 750 530 763 522 779 523 791 532 778 536 763 535 750 568 16.274170 116.290932 18.347994 -0.432712 0.099880 0.044439 35.398712 98.859901 574.098145 2.389039 98.138542 577.619629 68.408386 99.581261 570.576721
641 524 654 516 670 517 682 526 668 530 654 530 753 529 766 521 782 522 795 531 781 535 767 534 577 355 50.452427 74.257545 17.702427 -0.360457 0.115621 0.044525 36.916061 97.577057 569.798279 3.963036 96.817734 573.808411 69.869087 98.336380 565.788147
635 524 647 516 663 516 675 526 662 530 647 530 746 527 759 519 775 519 788 528 774 533 760 532 1303 251 -92.879616 53.664169 16.852350 -0.318875 0.114768 0.021072 32.944500 96.918739 570.346924 -0.036423 96.834167 574.195435 65.925423 97.003304 566.498413
635 529 647 521 662 521 674 530 661 534 648 534 746 532 758 524 774 525 786 533 773 537 759 536 1130 812 -58.777451 164.426147 18.967520 -0.413574 0.091845 0.030956 33.170376 100.844879 578.264648 0.119193 100.468842 581.432861 66.221558 101.220909 575.096497
636 527 649 519 664 519 676 528 663 532 649 532 748 530 761 522 777 522 790 531 776 536 761 535 1131 374 -58.931831 77.960464 17.404583 -0.335394 0.104027 0.024278 33.877033 98.475845 570.188354 0.859721 98.259552 573.705505 66.894341 98.692139 566.671265
638 527 650 519 666 520 678 529 665 533 650 533 749 532 762 524 778 524 791 533 778 537 763 537 743 543 17.658716 111.356285 18.263441 -0.371155 0.105323 0.037377 34.855679 99.388268 571.420166 1.855647 98.818954 575.057922 67.855713 99.957588 567.782410
633 531 646 523 661 523 673 532 660 536 646 536 744 534 757 526 773 526 786 535 772 539 758 539 1392 758 -110.501724 153.743378 18.602003 -0.367269 0.083376 0.025558 32.086040 101.182121 572.994873 -0.994007 100.855865 575.852112 65.166084 101.508377 570.137634
636 531 649 523 664 524 676 532 663 536 649 536 747 534 760 526 776 527 789 535 776 539 761 539 1042 702 -41.391815 142.718643 18.633244 -0.361287 0.100499 0.028364 33.768421 100.938995 571.054504 0.742526 100.614967 574.481567 66.794319 101.263023 567.627441
635 529 647 520 663 521 675 530 662 534 647 534 747 532 760 523 777 524 790 533 776 538 761 537 534 284 58.949375 60.245148 17.477560 -0.312676 0.164205 0.021467 32.795898 97.944977 560.925110 0.041662 98.090515 566.374756 65.550133 97.799438 555.475525
635 529 648 521 664 521 676 531 663 535 648 535 747 533 761 524 777 524 790 533 776 538 761 538 852 324 -3.840838 68.114075 17.410368 -0.304431 0.125845 0.024712 33.392616 98.992973 564.801025 0.458399 98.817543 569.027893 66.326836 99.168404 560.574219
636 528 649 520 665 521 677 531 664 534 649 534 749 533 762 524 778 524 792 533 778 538 763 538 655 307 35.056736 64.775124 17.479742 -0.307684 0.135716 0.028278 34.026829 98.629990 563.531250 1.138074 98.395454 568.095764 66.915588 98.864525 558.966797
635 529 648 521 664 521 676 530 662 534 648 534 747 533 760 524 776 524 789 533 776 538 761 537 1368 335 -105.721550 70.240997 17.109068 -0.313828 0.094347 0.027690 33.415604 99.147667 566.911682 0.369861 98.731880 570.131226 66.461349 99.563454 563.692139
633 507 644 500 657 499 667 506 656 510 643 511 735 506 747 500 761 500 773 508 761 511 748 511 1403 224 -112.621078 48.325459 16.690048 -0.591901 0.132368 0.022365 29.821217 91.430191 611.129456 -3.093470 91.993668 615.472900 62.735905 90.866707 606.786011
584 385 596 377 611 376 623 384 610 388 596 389 697 384 710 376 726 377 739 385 726 389 711 388 1593 1035 -150.214630 208.408585 19.457367 -0.341037 0.054609 0.003530 3.854992 14.133724 559.107849 -29.300596 14.324954 560.905090 37.010578 13.942493 557.310608
582 381 594 372 610 372 623 380 610 385 595 386 697 379 710 370 727 369 741 378 727 383 712 383 1396 318 -111.248230 66.882607 17.029951 -0.259962 0.050995 -0.019174 3.746018 11.232257 551.711487 -29.409805 12.080278 553.302673 36.901844 10.384235 550.120300
582 388 594 380 610 379 623 387 610 392 595 393 698 386 711 377 728 377 741 385 727 390 712 390 945 808 -22.250448 163.652496 19.075344 -0.285652 0.024147 -0.018331 3.929908 15.074383 549.798523 -29.259750 15.788465 550.502991 37.119568 14.360301 549.094055
581 390 594 381 610 381 623 389 609 393 595 394 698 388 711 379 727 379 741 387 727 392 712 392 773 864 11.703923 174.722321 19.388599 -0.305348 0.021518 -0.016513 3.762724 15.932767 547.374573 -29.429972 16.580751 547.994873 36.955418 15.284781 546.754272
600 384 614 375 630 375 644 383 629 388 614 389 720 382 733 374 749 374 762 382 749 387 734 387 464 536 72.745483 109.998528 18.422602 -0.224816 -0.058995 -0.015312 15.215985 12.761820 541.312866 -17.927429 13.046457 539.314697 48.359402 12.477183 543.311035
572 383 584 373 599 372 612 379 599 385 585 386 688 375 700 366 716 365 730 373 717 378 702 378 1227 801 -77.928162 162.246262 18.864269 -0.306997 0.038673 -0.061183 -2.015707 9.958573 552.861206 -35.134258 12.152122 553.814880 31.102844 7.765024 551.907532
568 375 591 362 619 364 639 381 615 387 590 386 752 389 773 375 799 376 817 391 796 399 773 398 406 70 84.242882 18.010458 16.798729 -0.126844 -0.225746 0.068688 14.584752 8.789793 339.080688 -17.701162 6.063625 331.817963 46.870667 11.515960 346.343414
488 395 507 383 531 385 550 401 529 405 507 404 662 406 684 392 710 392 732 406 709 413 685 412 1460 558 -123.908058 114.255486 17.843758 -0.176744 0.105219 0.032200 -16.593229 15.351262 349.777527 -49.597748 14.597413 353.340271 16.411287 16.105112 346.214752
563 404 586 393 613 395 634 410 610 415 586 414 748 415 769 402 794 402 813 415 792 423 769 422 364 544 92.488808 111.586449 18.517132 -0.146368 -0.149709 0.050418 12.917895 18.191620 344.463562 -19.874205 16.168001 339.652893 45.709995 20.215237 349.274261
527 397 548 385 575 386 596 403 573 409 549 408 712 407 734 392 760 393 781 406 759 415 734 415 846 426 -2.666219 88.250412 17.778145 -0.261198 -0.028491 0.032120 0.107462 15.409542 345.701965 -33.066925 14.232574 344.905426 33.281849 16.586512 346.498505
562 400 584 388 612 390 633 406 609 411 584 410 748 411 769 396 795 397 814 410 793 419 769 418 67 393 151.143677 81.803192 18.174543 -0.133944 -0.145134 0.052426 12.490287 16.530245 339.701324 -20.320557 14.479919 335.031830 45.301128 18.580570 344.370850
490 418 509 407 533 408 553 422 532 427 510 427 668 425 690 412 716 412 737 424 715 431 691 431 1534 819 -138.544357 165.773117 18.725866 -0.282807 -0.042360 0.012698 -14.629917 22.517103 350.970490 -47.802483 21.903658 349.642273 18.542648 23.130550 352.298706
525 401 547 388 575 390 597 408 573 414 547 412 713 413 736 398 764 398 785 412 762 422 736 421 828 222 0.907777 47.980320 17.062389 -0.176425 -0.056363 0.043779 0.457343 17.001532 334.550751 -32.663162 15.392031 332.818390 33.577850 18.611032 336.283142
531 421 552 412 575 412 596 422 574 426 552 426 712 425 733 416 755 417 775 426 754 430 733 429 832 914 0.049980 184.587723 19.528004 -0.983145 -0.041165 0.000035 -0.105652 23.311718 359.557465 -33.284531 22.691305 358.401276 33.073227 23.932131 360.713654
499 398 520 384 548 385 569 403 546 409 521 408 683 405 706 388 734 387 757 402 734 412 708 412 1107 62 -54.162571 16.370607 16.307568 -0.245828 -0.011218 0.009504 -9.027546 14.902688 337.190369 -42.228790 14.544726 336.860229 24.173697 15.260649 337.520508
512 422 533 412 556 412 576 422 555 427 533 427 693 424 714 414 737 414 757 425 736 429 714 428 1097 826 -52.263271 167.192749 19.039234 -0.957512 -0.041079 -0.014114 -7.004433 23.305773 361.331512 -40.180248 23.101334 359.959259 26.171383 23.510212 362.703766
573 377 591 370 611 373 626 385 608 388 589 386 713 392 729 384 747 385 760 395 745 400 728 399 308 572 103.542763 117.118767 18.653959 -0.062834 0.336971 0.073338 5.515751 12.823628 440.432922 -25.734711 10.785976 451.469940 36.766212 14.861281 429.395874
587 366 610 356 636 358 657 373 634 378 609 376 769 381 790 369 815 370 833 384 812 391 789 389 650 485 36.026443 99.914543 18.117941 -0.150251 -0.096379 0.069515 21.029247 6.129217 353.511047 -11.941834 3.595392 350.503174 54.000328 8.663042 356.518890
605 355 629 344 654 348 673 364 650 368 626 365 780 377 801 365 825 368 841 383 821 389 800 386 487 144 68.242874 32.611801 17.009220 -0.111185 -0.220761 0.112619 26.646269 3.991274 357.555298 -5.545102 -0.107430 350.521393 58.837639 8.089978 364.589203
612 374 634 367 657 370 675 383 654 385 632 383 783 396 802 388 823 391 838 402 820 406 800 403 179 1026 128.968033 206.754074 20.358440 -0.159162 -0.135622 0.124433 28.180923 11.321792 373.848816 -4.464223 6.874049 369.717041 60.826069 15.769534 377.980621
553 376 574 367 598 369 617 383 596 387 573 386 727 391 748 380 773 381 793 394 771 400 748 398 917 658 -16.707348 134.043411 18.558796 -0.203520 -0.011091 0.068494 7.001545 9.987253 364.992584 -26.123644 7.693066 364.857697 40.126736 12.281440 365.127472
530 376 550 364 575 366 594 382 573 386 550 385 704 388 726 374 751 375 772 389 750 396 726 394 1309 363 -94.075272 75.773575 17.247875 -0.183148 -0.006847 0.047442 -1.305485 9.052699 359.799652 -34.472263 7.466021 359.717468 31.861296 10.639378 359.881836
530 387 549 378 572 379 591 393 571 396 550 395 702 398 722 387 746 388 766 400 745 405 723 404 1492 928 -130.262543 187.294434 19.142370 -0.270779 -0.030055 0.044708 -2.335788 13.195820 369.625549 -35.492725 11.595841 368.839935 30.821150 14.795797 370.411163
600 375 623 365 649 368 668 383 645 387 621 385 777 394 797 382 821 384 837 398 817 404 796 402 412 338 83.031891 70.915833 17.750683 -0.106769 -0.236147 0.095497 24.752968 10.303506 353.455414 -7.381431 6.756752 345.881714 56.887367 13.850259 361.029083
534 370 554 360 579 364 597 381 576 384 553 381 706 394 729 382 755 385 775 400 752 406 728 403 1195 339 -71.564621 71.045586 17.237507 -0.184966 0.061021 0.119084 -0.493498 10.056354 357.218964 -33.402340 6.323011 359.591705 32.415344 13.789696 354.846222
615 369 638 359 663 362 681 379 659 383 635 380 788 390 807 378 830 380 846 394 827 401 806 398 82 75 148.213318 19.025503 17.030388 -0.065446 0.405474 0.077425 27.046190 8.960867 352.266876 -3.370447 6.898367 365.424927 57.462830 11.023367 339.108856
