657 277 679 265 705 267 726 282 703 289 679 288 847 287 869 274 895 274 916 287 893 297 869 296 698 238 32.523666 54.437119 45.504505 -0.275283 0.131233 0.072700 47.770454 -25.974794 373.818481 14.936268 -27.754547 378.434540 80.604645 -24.195040 369.202393
660 270 681 258 707 260 726 276 704 282 680 281 844 283 866 269 892 270 912 284 890 293 866 292 166 447 138.639954 93.946312 55.903942 -0.291325 0.165521 0.099541 48.499214 -28.469196 382.586700 15.907483 -30.915087 388.448120 81.090942 -26.023306 376.725250
649 267 671 255 698 258 717 274 694 280 670 278 836 280 857 266 883 267 903 281 881 290 857 289 1008 198 -29.163658 47.502308 41.872425 -0.265631 0.128790 0.086784 45.151630 -29.346153 381.298218 12.344090 -31.619032 385.887207 77.959167 -27.073277 376.709198
657 264 678 255 703 257 723 272 701 278 677 276 841 280 862 267 888 268 908 280 886 289 862 288 451 262 81.660347 58.414352 48.164810 0.149060 0.039967 0.070099 47.411755 -29.944723 380.716156 14.314787 -32.359905 381.863861 80.508720 -27.529541 379.568481
656 262 677 252 701 255 721 269 699 275 676 273 839 277 860 265 886 266 906 277 884 286 860 285 817 60 8.550653 19.782312 39.282265 -0.220580 0.130615 0.093765 47.308941 -31.369623 387.088196 14.530676 -33.969185 391.712830 80.087204 -28.770060 382.463562
659 267 679 259 703 261 723 274 701 280 679 278 841 283 862 272 887 273 906 284 885 292 861 291 423 517 87.685036 108.489227 55.955090 0.192707 0.042192 0.076909 47.766335 -29.054899 383.547729 14.688802 -31.724087 384.693115 80.843864 -26.385710 382.402344
658 271 677 264 700 266 719 277 699 282 677 281 838 286 858 277 881 278 900 287 880 294 857 293 1071 784 -40.629665 162.959732 58.770527 -0.365891 0.115113 0.099898 47.774258 -28.599030 394.982300 14.950106 -31.139795 399.304230 80.598412 -26.058266 390.660339
661 269 680 262 703 264 722 276 702 281 680 279 841 285 862 276 885 277 904 287 883 294 861 293 453 710 82.070000 146.543167 61.447552 -0.378976 0.144623 0.116351 48.616360 -28.777092 393.028259 15.975121 -31.630325 398.410461 81.257599 -25.923859 387.646057
658 271 677 264 700 266 719 277 698 282 677 280 838 286 859 278 881 279 900 287 880 294 858 293 1295 765 -85.185890 159.896759 56.440029 -0.403030 0.119051 0.105916 47.597260 -28.464306 393.904083 14.807448 -31.087948 398.432251 80.387070 -25.840666 389.375916
661 265 681 257 705 259 724 273 703 278 680 277 841 282 863 271 888 272 907 283 885 292 862 290 304 541 111.380585 112.851830 57.605965 0.207067 0.044866 0.081407 48.500751 -29.663912 385.408142 15.438768 -32.497456 386.606506 81.562729 -26.830368 384.209778
663 265 684 257 707 259 726 273 705 278 683 276 844 282 865 271 890 272 909 284 887 292 864 291 171 499 137.739838 104.189903 57.408089 0.193115 0.044607 0.086241 49.395294 -29.732197 386.475739 16.346388 -32.716034 387.669952 82.444199 -26.748358 385.281494
663 259 684 250 708 253 728 268 706 273 682 271 844 277 866 265 891 266 911 279 889 288 865 286 190 49 133.152649 15.730914 43.900368 0.143862 0.039374 0.090453 49.318756 -31.349361 384.354645 16.275110 -34.431442 385.439972 82.362404 -28.267281 383.269348
666 262 686 252 711 255 730 270 708 275 685 274 847 279 868 267 894 268 913 282 891 290 868 288 52 226 160.900284 50.131817 50.242760 -0.298026 0.164952 0.121740 50.707809 -30.936523 390.439392 18.193218 -34.083981 396.393738 83.222404 -27.789064 384.485016
660 261 681 252 705 254 725 269 703 275 680 273 841 278 863 267 888 268 908 280 886 289 862 287 967 178 -21.050577 43.444820 41.602074 0.122839 0.071912 0.085092 48.617680 -31.177679 387.105225 15.618463 -34.136539 389.308960 81.616898 -28.218819 384.901489
662 261 683 251 708 254 727 269 705 275 682 273 844 279 866 266 891 268 911 280 889 289 865 288 358 216 100.062050 49.086044 47.532749 0.165472 0.048063 0.090084 49.217373 -30.848433 384.219208 16.185101 -33.952477 385.558380 82.249649 -27.744387 382.880035
661 266 681 258 705 260 723 273 703 278 680 277 842 283 863 273 886 274 905 285 884 293 862 291 1260 685 -78.373466 144.055176 54.341309 -0.324002 0.110659 0.110332 49.392086 -29.936565 395.437958 16.588326 -32.932739 399.620758 82.195847 -26.940390 391.255157
662 266 682 258 706 260 725 273 704 278 681 277 842 283 864 273 888 274 908 285 886 293 863 291 633 546 45.997917 114.825844 55.159836 -0.345036 0.139125 0.118826 49.427902 -29.759401 392.732666 16.771832 -32.818569 397.907806 82.083977 -26.700232 387.557495
659 262 679 251 705 254 725 271 702 276 679 275 840 279 862 265 889 266 909 281 886 290 862 288 647 66 42.350475 20.450720 40.801022 0.136883 0.062510 0.082926 48.058792 -30.464218 383.286682 15.032582 -33.345936 385.164093 81.085007 -27.582500 381.409241
657 269 677 261 700 263 720 276 698 281 676 279 837 286 859 275 883 277 903 288 881 295 858 294 1205 678 -67.454338 142.512680 54.567257 -0.364257 0.121107 0.113224 47.412121 -28.649395 391.609070 14.657592 -31.586739 396.199524 80.166649 -25.712051 387.018585
666 271 686 264 708 266 726 278 706 282 685 281 844 288 865 280 888 281 907 292 886 298 864 296 7 869 171.002930 176.476135 69.684570 -0.383839 0.150777 0.130746 50.556164 -27.995701 397.075867 18.002342 -31.256973 402.747925 83.109985 -24.734428 391.403778
153 161 163 153 175 152 185 157 175 164 163 165 252 154 261 147 273 147 283 154 274 159 262 159 827 782 7.863897 161.831726 60.635387 0.125512 0.339467 -0.011622 -242.071396 -112.125114 601.189514 -273.381592 -112.447273 612.240662 -210.761215 -111.802963 590.138306
153 162 162 153 176 152 186 159 175 166 163 167 253 154 262 145 275 145 285 152 276 159 264 159 262 610 119.852776 126.297867 59.985390 0.186310 -1.146479 -0.141066 -223.958145 -104.686050 562.348877 -237.424896 -97.840218 532.779663 -210.491394 -111.531883 591.918152
156 156 165 149 177 148 187 153 177 159 166 160 254 150 263 144 275 144 285 150 275 155 264 155 83 867 155.893646 176.311539 69.025848 0.130385 0.353694 -0.004949 -238.928802 -113.277054 596.191101 -270.080750 -113.873199 607.669861 -207.776855 -112.680908 584.712402
153 159 163 150 176 148 187 154 176 161 164 163 255 149 263 142 276 141 287 149 278 155 266 155 1438 215 -114.599350 52.140827 38.986004 0.184201 -1.166972 -0.144008 -218.418152 -104.489227 549.956970 -231.253860 -97.592102 520.120178 -205.582458 -111.386353 579.793762
155 156 165 148 177 147 187 153 177 159 165 161 254 150 263 143 275 143 285 150 276 155 264 155 322 65 106.945312 19.275560 43.334343 0.127358 0.353059 -0.005360 -237.142029 -112.638947 591.765137 -268.301056 -113.202919 603.226196 -205.983002 -112.074974 580.304077
154 160 163 151 176 150 186 156 176 163 164 164 253 152 262 144 275 144 285 151 276 157 264 157 1327 750 -91.573196 157.042557 55.742409 0.148150 0.390606 -0.019802 -233.436066 -109.420998 581.270691 -264.138092 -109.729317 593.913818 -202.734024 -109.112686 568.627502
153 159 162 150 176 148 186 155 176 162 163 164 254 150 263 142 276 141 287 149 277 155 265 155 414 91 88.706337 24.666807 43.380604 0.184714 -1.166180 -0.146939 -217.719009 -103.895996 547.666443 -230.567978 -96.915497 517.854797 -204.870056 -110.876503 577.478149
161 148 169 143 179 143 187 148 179 151 169 152 246 146 254 140 264 140 273 144 265 149 255 149 187 332 134.258820 71.388733 52.324650 0.073467 0.150942 -0.008557 -321.710236 -156.142807 797.314453 -354.536469 -156.043686 802.313293 -288.884003 -156.241913 792.315613
154 158 164 149 177 147 187 154 177 161 165 163 255 149 264 141 277 141 287 148 278 154 266 154 416 176 88.461967 41.392555 45.887985 0.180645 -1.167788 -0.146093 -218.166992 -104.720215 549.854370 -230.967819 -97.829216 520.001160 -205.366165 -111.611214 579.707520
154 157 164 150 176 148 186 154 176 160 164 161 252 151 261 144 273 144 283 151 274 156 263 156 805 610 11.926700 127.932640 55.703201 0.119234 0.335257 -0.008933 -242.236130 -114.082138 602.771118 -273.593201 -114.448418 613.687195 -210.879074 -113.715851 591.855042
153 158 163 149 176 147 187 154 176 161 164 162 255 149 263 141 276 141 287 148 277 154 266 154 1428 3 -112.993721 10.409759 32.771820 0.184073 -1.167757 -0.144339 -217.998138 -104.540863 548.871155 -230.808716 -97.637054 519.025085 -205.187576 -111.444679 578.717163
152 161 162 152 175 151 186 158 175 165 163 166 253 153 261 144 274 143 285 151 276 157 264 158 926 388 -12.523105 84.628937 48.159088 0.188265 -1.145317 -0.144218 -224.199326 -105.258003 562.466492 -237.690430 -98.298882 532.934814 -210.708221 -112.217133 591.998169
155 156 165 148 177 147 187 153 177 159 165 160 253 151 262 144 275 144 284 151 275 156 264 156 994 807 -25.283794 167.252075 60.060501 0.122563 0.337157 -0.000610 -240.334412 -113.843185 599.143616 -271.672089 -114.502113 610.101501 -208.996735 -113.184265 588.185730
157 151 167 145 179 144 188 148 178 153 167 154 252 147 262 142 274 142 285 148 275 151 263 151 285 439 114.973228 92.730957 54.728016 0.061578 0.236328 0.009785 -265.101959 -128.680634 662.507874 -297.382568 -129.242722 670.267273 -232.821396 -128.118546 654.748535
153 161 162 151 176 150 186 157 176 164 164 165 253 152 262 143 275 142 285 150 276 156 264 157 1281 650 -82.610458 137.233810 53.136753 0.180182 -1.150551 -0.150998 -224.256042 -105.966179 563.186768 -237.558517 -98.963768 533.579834 -210.953568 -112.968590 592.793701
154 159 163 149 177 147 188 154 177 161 165 163 254 149 263 141 277 140 287 148 278 154 266 154 342 898 104.470955 183.189072 67.903542 0.181465 -1.152066 -0.152604 -221.612305 -106.291359 558.433716 -234.863571 -99.225624 528.818848 -208.361053 -113.357101 588.048523
153 160 163 151 176 150 186 157 176 164 164 165 253 152 262 143 275 142 285 150 276 156 264 157 735 347 25.365973 75.989098 48.448292 0.184560 -1.143434 -0.150203 -224.262177 -106.122375 563.563171 -237.784393 -99.070862 534.067627 -210.739960 -113.173889 593.058655
154 159 164 150 177 148 188 155 177 162 165 164 255 149 264 141 277 141 288 148 278 154 266 154 1360 708 -98.207916 148.880402 54.235428 0.184474 -1.151633 -0.152721 -220.681717 -105.716736 556.517029 -233.947433 -98.598045 526.921326 -207.416016 -112.835426 586.112671
157 151 167 145 179 144 189 149 179 154 167 155 253 148 263 142 275 142 285 148 276 152 264 152 745 293 23.281092 65.397263 46.766487 0.085764 0.275309 0.009925 -255.455093 -123.669235 639.235352 -287.408600 -124.383530 648.236572 -223.501572 -122.954941 630.234131
157 151 167 144 179 143 188 149 178 154 167 155 253 147 263 141 275 142 285 148 275 152 264 151 1432 743 -112.455498 155.981766 54.706570 0.083123 0.273246 0.010039 -255.499588 -123.950676 639.226440 -287.471558 -124.654030 648.162781 -223.527618 -123.247314 630.290100
592 136 602 129 615 128 626 134 615 138 603 139 687 130 696 123 707 122 717 128 708 133 697 133 312 358 109.460800 76.879326 52.110668 -0.200313 -0.068101 -0.077447 4.857298 -156.150223 740.658936 -28.171682 -153.825836 738.160278 37.886280 -158.474609 743.157654
622 134 633 127 646 127 657 134 645 138 633 138 719 133 729 125 741 125 751 132 741 137 730 137 274 409 117.105522 86.796761 53.924236 -0.274175 -0.026636 -0.021939 25.914003 -149.766495 714.533264 -7.271166 -149.167740 713.560791 59.099171 -150.365250 715.505737
623 136 634 129 647 129 658 136 646 140 634 140 720 134 729 127 741 126 751 132 741 137 730 138 1034 117 -34.477325 31.647671 39.262966 -0.243270 -0.034104 -0.031347 26.647795 -150.991501 724.193787 -6.521575 -150.098282 722.946960 59.817165 -151.884720 725.440613
631 142 642 136 654 136 665 141 654 145 642 145 726 140 735 133 746 133 755 138 746 142 735 142 532 819 66.564430 168.221588 64.060120 -0.277328 -0.038991 -0.040123 32.042000 -152.142502 748.436584 -1.111190 -151.006271 746.975586 65.195190 -153.278732 749.897644
636 141 647 136 659 136 669 141 658 145 647 145 730 142 739 137 750 137 759 142 750 146 740 145 1292 756 -84.605827 158.117401 56.196529 -0.223485 -0.056294 -0.003356 35.672054 -152.656662 755.873901 2.519807 -152.754166 754.008728 68.824295 -152.559143 757.739014
633 137 644 132 656 133 667 139 655 142 644 142 728 140 738 134 749 134 758 140 749 144 738 144 44 559 163.090317 115.609711 60.190681 -0.249083 -0.044368 0.009933 33.184620 -150.275299 736.388611 0.013943 -150.784103 734.971924 66.355293 -149.766495 737.805298
631 137 642 131 655 132 666 138 654 142 642 142 728 139 738 132 750 132 759 138 749 142 738 142 968 151 -21.297983 38.136860 40.792717 -0.229632 -0.053002 -0.008865 32.414795 -149.099396 726.905579 -0.742295 -149.008881 725.128235 65.571884 -149.189911 728.682861
635 142 646 137 658 137 668 142 657 145 646 145 730 143 739 137 750 137 759 142 750 146 740 146 1324 887 -90.730087 183.981796 59.832798 -0.207111 -0.074760 -0.014613 35.051384 -151.328598 751.244019 1.942517 -151.103333 748.731628 68.160248 -151.553864 753.756348
643 140 654 135 667 135 677 141 666 145 654 145 738 142 748 136 759 136 769 141 759 145 748 145 199 398 131.992615 84.407234 54.189175 -0.216839 -0.054694 -0.003603 40.963924 -151.114807 747.001526 7.808785 -151.192245 745.187622 74.119064 -151.037369 748.815430
620 138 630 133 643 133 653 138 642 141 631 142 715 138 725 132 736 132 745 137 735 140 725 141 1348 829 -95.604805 172.645294 57.921848 -0.223965 -0.060336 -0.025908 24.188967 -152.550842 741.622131 -8.944587 -151.921692 739.540955 57.322521 -153.180008 743.703308
632 126 643 120 656 120 666 124 655 128 643 129 728 126 737 122 749 124 759 131 749 133 738 131 381 213 95.485191 48.565178 47.262318 -0.568366 -0.052943 0.015636 34.043922 -164.258560 761.199768 0.888344 -165.236145 759.679382 67.199501 -163.280975 762.720215
637 136 647 130 660 130 670 137 659 141 647 140 734 139 744 133 756 134 766 140 756 144 744 143 1173 775 -60.919289 161.496490 57.698982 0.035150 -0.210549 -0.002469 35.706032 -145.500000 709.021301 3.234530 -145.296234 702.084473 68.177536 -145.703766 715.958130
626 134 637 128 650 128 661 135 649 139 637 139 725 136 735 130 747 130 757 136 747 140 735 140 1251 139 -77.568367 36.628437 38.204720 0.012759 -0.152186 -0.013574 29.235806 -146.891922 707.121033 -3.582187 -146.410782 702.090393 62.053799 -147.373062 712.151733
636 133 647 128 659 128 669 133 658 137 647 136 731 135 741 130 752 131 761 136 752 139 741 139 770 183 18.113932 43.835236 43.304070 -0.000150 -0.172145 -0.006987 35.311504 -153.415771 735.141846 2.598279 -153.185349 729.453979 68.024727 -153.646179 740.829651
642 135 653 130 666 130 676 136 665 139 653 139 738 138 747 132 759 133 768 139 758 142 748 142 1398 534 -106.074249 114.768547 48.770706 -0.191363 -0.110342 0.000634 40.442425 -154.201309 747.440186 7.438937 -154.571335 743.807983 73.445908 -153.831268 751.072327
653 138 662 134 672 134 681 140 671 143 662 143 736 142 744 137 754 137 762 143 754 146 745 146 1384 331 -103.657372 74.795761 42.855221 0.082708 -0.269882 0.005294 45.165318 -162.557678 803.218811 13.162218 -162.363007 794.368774 77.168419 -162.752365 812.068848
636 138 647 133 660 133 670 139 659 143 647 142 732 141 742 135 754 136 763 141 753 145 742 145 1202 64 -67.964310 21.728216 36.364830 -0.127974 -0.106340 0.000362 36.035042 -150.036026 737.314392 3.017541 -150.273392 733.800415 69.052536 -149.798645 740.828369
653 139 662 134 672 133 681 137 672 140 662 141 735 140 743 137 753 139 761 145 752 146 743 144 1106 249 -48.550140 57.829185 42.613476 -0.513111 -0.041998 0.044167 48.169743 -177.624634 873.465393 15.025241 -179.376678 872.500061 81.314247 -175.872589 874.430725
631 140 642 135 655 135 665 141 654 145 642 145 727 143 736 137 748 137 757 143 747 147 737 147 1037 349 -34.655609 77.291718 46.126038 -0.155834 -0.109417 -0.006472 32.390625 -149.013458 739.303162 -0.615329 -149.082092 735.675293 65.396584 -148.944824 742.931091
