616 285 627 278 639 278 650 284 639 288 627 288 714 284 725 278 739 278 750 284 738 288 726 288 1021 440 -85.809044 82.814407 14.869074 -0.236336 0.107235 0.016156 21.655466 -48.738220 673.720520 -11.355196 -48.850243 677.304260 54.666126 -48.626202 670.136780
598 299 609 292 622 291 634 297 622 301 610 301 702 294 714 288 729 288 741 294 729 298 715 298 530 603 24.285856 118.538536 17.897507 -0.271908 0.104330 -0.012639 11.446785 -38.194450 629.340332 -21.575956 -37.313046 632.699097 44.469528 -39.075855 625.981567
603 307 614 300 628 300 640 306 628 310 615 311 707 304 719 297 733 297 746 304 733 308 720 308 52 597 131.189651 116.468025 21.583858 -0.209244 0.094745 -0.009818 14.826071 -32.383553 633.123779 -18.228771 -31.732723 636.208130 47.880913 -33.034382 630.039368
600 304 611 297 626 296 638 304 625 308 612 309 705 301 717 294 732 293 744 300 732 305 718 305 312 25 72.076447 -11.123333 22.157017 -0.043520 0.095620 -0.016625 13.117105 -33.726017 624.274170 -19.931465 -33.105991 627.431274 46.165676 -34.346043 621.117126
600 308 611 301 625 300 637 306 625 310 612 311 706 304 718 297 733 297 746 303 733 307 719 307 105 294 118.827065 48.751259 22.536125 -0.217914 0.120494 -0.010737 13.446936 -31.901726 622.172424 -19.516172 -31.115219 626.093445 46.410042 -32.688232 618.251343
601 306 612 299 626 300 638 307 626 311 613 311 706 306 718 299 732 298 744 305 732 310 719 310 448 688 42.769268 137.432755 18.144318 0.091721 0.025910 -0.008443 13.675003 -31.454128 622.088623 -19.517490 -31.213638 622.960510 46.867496 -31.694620 621.216797
600 310 611 303 625 302 637 309 625 313 612 314 704 307 716 299 731 299 744 306 731 310 717 310 243 297 87.965752 49.632690 21.466183 -0.124073 0.107524 -0.015471 12.850459 -30.413658 626.409119 -20.158878 -29.681292 629.931458 45.859795 -31.146027 622.886780
596 311 607 304 621 303 633 310 621 314 608 315 701 308 713 300 727 300 740 306 727 311 714 311 1021 524 -85.668175 101.609749 14.492593 0.078863 0.031837 -0.029510 10.474134 -29.828983 623.211975 -22.699413 -28.892101 624.306274 43.647682 -30.765867 622.117676
598 315 609 308 623 307 635 313 623 317 610 318 702 310 714 304 728 303 741 309 728 314 715 314 290 771 78.248184 155.763702 18.981930 -0.218736 0.097277 -0.021855 11.623359 -28.170204 631.582031 -21.417212 -27.099924 634.702087 44.663929 -29.240482 628.461975
598 310 610 303 624 302 636 310 624 314 611 314 704 307 716 299 731 299 743 306 731 311 717 311 39 21 133.131409 -12.434124 24.264971 -0.102370 0.126965 -0.013167 12.215061 -29.848648 621.403198 -20.719843 -29.198065 625.577942 45.149967 -30.499231 617.228455
595 312 607 304 621 304 633 311 621 315 608 316 701 308 713 301 728 300 740 307 728 312 714 312 714 116 -17.685949 9.850528 18.671539 -0.054601 0.090769 -0.024629 10.418013 -29.128531 622.271057 -22.640087 -28.230125 625.256775 43.476112 -30.026936 619.285339
596 317 607 309 621 309 633 315 621 319 608 320 700 312 712 305 727 304 740 311 727 315 713 315 846 653 -46.309746 130.207504 15.254186 -0.174324 0.084491 -0.030376 10.443404 -27.040808 628.969727 -22.627998 -25.794874 631.669678 43.514805 -28.286739 626.269836
596 316 607 309 621 308 633 315 621 319 608 320 701 312 713 304 728 304 740 311 728 315 714 315 546 457 20.462313 85.894806 18.429375 -0.133961 0.097247 -0.026161 10.566814 -27.067364 625.783203 -22.470020 -25.986965 628.939148 43.603649 -28.147764 622.627319
595 311 607 304 621 304 633 312 621 316 608 316 702 311 714 303 729 303 742 310 729 315 715 315 604 83 6.862317 2.299115 19.661577 0.061303 0.052445 -0.009054 10.871562 -27.517035 610.758362 -22.286251 -27.270086 612.507141 44.029373 -27.763981 609.009644
597 317 608 309 622 309 635 316 622 320 609 321 702 313 715 305 729 305 742 312 729 317 716 317 293 223 76.658195 33.151039 21.415056 -0.065288 0.107850 -0.019971 11.334110 -26.167458 621.301941 -21.671238 -25.389370 624.851746 44.339458 -26.945543 617.752136
593 319 604 312 619 311 631 318 619 322 606 323 699 315 711 307 726 306 738 313 726 317 712 318 1222 361 -130.899017 65.443954 13.684335 -0.009201 0.070729 -0.038543 9.160895 -25.085598 620.662415 -23.936258 -23.796391 623.002563 42.258049 -26.374804 618.322327
596 321 607 314 621 314 633 320 621 324 608 325 701 318 713 310 728 310 740 316 728 321 714 321 292 733 77.737122 147.264099 19.136932 -0.152591 0.090031 -0.021037 10.523560 -23.650030 626.152466 -22.539711 -22.727718 629.072937 43.586830 -24.572340 623.231995
593 321 604 314 618 314 630 321 618 325 605 325 700 319 711 311 726 310 738 317 726 322 712 322 1063 480 -95.136063 91.828537 14.368255 0.074506 0.048752 -0.029536 9.075353 -22.728315 614.117615 -24.075556 -21.809277 615.770569 42.226261 -23.647356 612.464722
596 321 607 315 621 315 632 322 620 326 607 326 702 320 714 313 728 313 740 319 728 324 714 324 56 608 130.313416 118.935417 21.503935 0.074533 0.023524 -0.010868 10.410483 -22.111223 617.596680 -22.783188 -21.779818 618.390442 43.604153 -22.442629 616.802979
593 323 604 316 618 316 630 323 618 327 605 327 699 321 711 314 725 313 738 319 725 324 712 324 983 647 -76.962479 129.073624 14.232236 0.070397 0.041502 -0.023402 8.919928 -21.542612 617.298584 -24.247221 -20.814968 618.702332 42.087074 -22.270256 615.894836
542 347 553 341 566 341 578 348 566 352 553 352 644 348 655 341 670 340 681 347 669 352 656 352 1049 401 -92.137177 74.130638 14.829507 0.072966 -0.023747 -0.000770 -25.422621 -5.448760 639.355957 -58.618065 -5.394459 638.569153 7.772826 -5.503060 640.142761
544 352 555 345 569 345 580 351 568 355 556 356 645 351 657 344 671 344 682 351 670 355 657 355 220 490 93.433792 92.782204 20.777254 -0.196619 0.038216 0.000567 -25.003267 -3.346372 654.466125 -58.183910 -3.240749 655.728455 8.177376 -3.451996 653.203796
542 354 552 347 566 347 577 353 566 357 553 358 642 353 654 346 668 346 680 353 668 357 655 356 438 518 44.720875 99.379326 18.982801 -0.218844 0.035163 -0.002676 -26.684143 -2.109686 654.491943 -59.868393 -1.894318 655.640259 6.500108 -2.325054 653.343567
539 356 550 349 564 348 576 354 564 358 551 359 641 352 653 346 667 346 680 353 668 357 654 356 938 596 -66.982895 117.593636 14.805324 -0.266858 0.028927 -0.020618 -26.824022 -1.468259 638.983215 -60.008011 -0.664504 639.841370 6.359968 -2.272014 638.125061
541 353 552 345 566 344 578 351 566 356 552 357 643 350 655 343 670 344 683 351 670 355 656 354 279 50 79.499451 -5.579739 22.297609 -0.203729 0.070236 -0.007180 -25.163252 -3.028380 631.543396 -58.285629 -2.555182 633.833374 7.959126 -3.501580 629.253479
539 357 550 350 564 349 575 355 563 359 550 360 641 353 653 347 667 347 680 354 667 357 654 357 826 711 -41.739098 143.154785 15.147350 -0.274041 0.035012 -0.018708 -26.953632 -0.990941 638.691223 -60.132450 -0.219377 639.754395 6.225186 -1.762505 637.628052
537 354 549 346 563 345 575 352 562 357 549 358 640 350 652 343 667 343 679 351 667 355 653 354 1131 29 -111.101883 -8.980993 15.869008 -0.159451 0.043219 -0.022569 -27.366058 -2.713731 632.917847 -60.531498 -1.853661 634.286682 5.799378 -3.573800 631.549011
538 349 550 343 563 343 575 351 563 355 550 355 642 351 653 343 667 342 679 349 667 355 654 355 687 12 -11.821287 -13.461018 19.344364 0.007935 0.021439 0.003964 -27.001329 -3.753908 633.278564 -60.198250 -3.888343 633.989868 6.195592 -3.619473 632.567261
536 358 547 351 560 350 572 356 560 360 547 361 637 354 649 347 664 347 677 354 664 358 650 357 1150 528 -114.514786 102.701233 13.487070 -0.243212 0.038233 -0.027885 -29.131216 -0.510958 638.779907 -62.299042 0.559103 639.924500 4.036609 -1.581019 637.635376
536 358 548 351 561 350 573 355 561 360 548 361 638 354 650 347 665 347 677 354 665 357 651 357 1043 531 -90.577156 103.209534 14.292792 -0.255867 0.037053 -0.026365 -28.584181 -0.589023 638.648376 -61.754852 0.433121 639.753540 4.586492 -1.611167 637.543213
538 357 549 350 563 349 574 355 562 359 549 360 640 353 652 347 667 347 680 354 667 357 653 357 509 408 28.655901 74.874512 18.932253 -0.257692 0.059247 -0.017071 -27.352407 -0.916567 635.105103 -60.494473 -0.104328 636.976807 5.789659 -1.728805 633.233337
537 358 548 351 562 350 573 356 561 360 549 361 639 354 651 347 666 348 678 354 666 358 652 357 931 529 -65.529564 102.591454 15.159203 -0.253152 0.040915 -0.024574 -28.139610 -0.508033 638.357361 -61.306812 0.469948 639.598267 5.027592 -1.486014 637.116455
537 358 548 351 562 350 573 356 561 360 548 361 639 354 651 347 666 348 678 354 666 358 652 357 707 528 -15.429355 102.026550 16.878578 -0.270792 0.048686 -0.022418 -28.123974 -0.452902 635.963684 -61.281391 0.499578 637.459656 5.033444 -1.405381 634.467651
539 357 551 350 564 349 576 355 564 359 551 360 642 354 654 347 669 348 682 354 669 358 655 357 81 319 124.237045 54.308559 22.607815 -0.268630 0.077508 -0.009288 -26.199148 -0.730783 631.831665 -59.303448 -0.082960 634.330688 6.905152 -1.378607 629.332642
534 353 545 346 559 346 570 353 559 357 546 357 637 352 649 345 663 345 675 351 663 356 649 356 1268 28 -141.746231 -8.996099 14.824649 0.024923 0.000777 -0.010317 -29.857389 -2.341651 635.835693 -63.060425 -1.999434 635.865784 3.345646 -2.683868 635.805664
538 356 550 348 564 347 575 354 563 358 550 359 641 353 653 346 668 346 681 353 668 357 654 357 237 71 88.928772 -0.944869 22.525030 -0.219805 0.080468 -0.010632 -26.631891 -1.473454 630.499695 -59.727825 -0.831345 633.108643 6.464042 -2.115562 627.890808
537 355 547 349 561 349 572 356 561 359 548 360 639 355 651 348 665 347 677 354 665 358 651 358 905 568 -59.648766 111.278267 15.183458 0.086001 -0.044917 -0.002492 -28.592329 -0.886690 638.004211 -61.763569 -0.739977 636.518677 4.578911 -1.033403 639.489807
537 358 548 351 562 350 573 356 562 361 549 362 639 355 651 348 665 348 678 355 665 359 652 358 796 475 -35.424789 90.303131 16.434757 -0.243603 0.040472 -0.021176 -28.395868 -0.054387 641.615540 -61.566219 0.804422 642.860474 4.774483 -0.913195 640.370544
539 358 550 350 564 350 575 356 563 360 551 361 641 355 653 348 667 348 679 355 667 359 653 359 353 326 63.410774 56.289089 20.494072 -0.237891 0.056223 -0.011868 -27.335476 -0.127893 641.932251 -60.485744 0.483209 643.733887 5.814792 -0.738995 640.130615
539 353 550 347 564 347 575 354 563 358 550 358 642 354 653 346 667 346 679 353 667 358 654 358 244 211 87.597862 30.391363 21.843971 0.023324 -0.018866 0.005848 -27.092899 -1.552586 637.565247 -60.291237 -1.739440 636.936646 6.105438 -1.365732 638.193848
534 235 547 227 562 227 576 234 562 238 548 239 652 230 666 221 683 221 697 227 683 232 667 232 1222 773 -130.208115 157.630630 11.837784 -0.131634 0.033609 -0.043468 -19.888447 -69.255806 549.593628 -53.043224 -67.744019 550.610962 13.266328 -70.767593 548.576294
547 240 559 233 575 232 589 239 575 243 560 244 665 236 679 228 696 228 710 234 696 239 680 239 691 792 -11.407928 161.073257 15.817844 -0.105890 0.045821 -0.028189 -12.858360 -65.750694 549.070496 -46.015179 -64.736427 550.538940 20.298458 -66.764961 547.602112
562 227 576 219 593 220 607 230 592 234 577 234 684 229 698 220 716 220 730 228 715 234 699 234 355 10 62.433514 -14.414156 21.895046 0.083322 0.085674 0.015168 -2.820985 -68.032753 530.571716 -35.900265 -68.653572 533.388672 30.258297 -67.411926 527.754700
564 231 578 224 595 225 608 234 594 238 578 238 686 235 701 226 718 226 732 234 718 240 701 240 100 309 119.970558 52.099953 22.507175 0.152754 -0.004054 0.020836 -1.598930 -65.413284 530.362061 -34.796276 -66.092148 530.175232 31.598417 -64.734413 530.548828
561 234 574 226 591 226 605 236 591 240 575 240 682 235 696 226 714 226 728 235 713 240 697 240 240 195 88.465706 26.805206 21.946304 0.082899 0.061713 0.012816 -3.813294 -65.246696 534.872742 -36.952209 -65.756340 536.900635 29.325621 -64.737053 532.844910
561 243 575 235 591 235 605 244 591 247 575 247 682 243 696 235 713 235 727 242 712 247 697 247 46 736 132.764755 147.560715 21.006807 0.121943 0.012278 0.008765 -3.939437 -61.736950 540.428040 -37.140476 -62.052086 540.816956 29.261602 -61.421810 540.039062
557 235 571 227 588 228 602 239 587 243 571 243 680 239 694 229 712 228 727 237 712 244 695 244 134 4 111.854332 -16.093260 23.613865 0.102275 0.092853 0.015155 -5.093060 -62.230133 522.722168 -38.151157 -62.889156 525.769714 27.965036 -61.571110 519.674622
552 244 565 236 583 236 597 245 582 249 566 250 673 243 687 234 705 233 720 241 705 247 689 247 816 286 -40.215118 48.044067 17.128723 0.111843 0.041811 -0.011182 -8.255630 -60.456371 533.148376 -41.429382 -60.163521 534.554138 24.918119 -60.749222 531.742676
554 244 568 237 584 237 598 247 584 250 568 250 677 246 691 237 708 237 722 244 708 250 692 250 521 670 26.411236 133.516357 17.666121 0.178180 0.002031 0.004272 -6.810722 -59.107830 528.857178 -40.015163 -59.254932 528.911682 26.393721 -58.960724 528.802734
554 249 567 242 584 242 598 250 584 254 569 254 675 249 690 240 707 240 721 247 706 252 690 252 587 705 11.707767 141.448257 17.003971 0.147523 0.007456 -0.007554 -7.344549 -58.060902 536.944885 -40.547497 -57.829220 537.210083 25.858397 -58.292583 536.679749
552 250 565 242 582 242 596 250 582 254 566 255 673 249 688 240 705 240 720 247 705 252 689 252 908 542 -60.363377 105.465225 15.277020 0.138320 0.020390 -0.012280 -8.321977 -57.814022 535.284790 -41.517399 -57.454338 535.987793 24.873446 -58.173706 534.581787
554 249 567 241 584 242 598 251 584 255 568 255 676 249 690 240 707 240 722 248 707 253 691 253 243 385 88.113327 69.323051 21.071774 0.110453 0.030613 -0.001457 -7.235425 -57.434795 533.228455 -40.424660 -57.442585 534.245422 25.953810 -57.427010 532.211487
550 250 564 241 582 241 596 251 581 256 565 256 672 250 686 240 705 239 720 248 705 254 688 254 695 86 -13.486546 3.108968 18.951456 0.089811 0.067631 -0.007353 -8.720265 -56.536129 528.565186 -41.848324 -56.393246 530.817078 24.407791 -56.679012 526.313293
549 250 563 242 581 242 596 252 581 256 564 256 671 250 685 240 704 239 719 248 704 254 687 254 808 109 -38.722588 8.427409 17.983271 0.095716 0.071883 -0.010310 -9.209463 -56.453983 528.694214 -42.326828 -56.226555 531.091675 23.907904 -56.681408 526.296692
549 253 562 246 579 247 593 256 579 260 563 260 672 255 686 245 703 244 718 251 703 258 687 258 1034 734 -88.223709 148.617905 13.451864 0.178603 0.031223 -0.012123 -9.333823 -54.214676 526.447327 -42.520061 -53.906681 527.514282 23.852415 -54.522667 525.380432
553 247 567 239 585 240 599 252 584 256 568 255 676 252 691 241 709 240 724 249 709 256 692 256 110 110 117.400154 7.588121 23.322519 0.098241 0.114505 0.015055 -6.911572 -55.452408 519.958862 -39.895367 -56.136784 523.721924 26.072222 -54.768036 516.195801
549 254 563 245 581 245 596 255 580 260 564 260 671 254 685 243 704 242 719 251 704 258 687 258 887 38 -56.511517 -7.338815 17.696680 0.097375 0.107183 -0.011592 -9.246419 -54.112545 524.322937 -42.258610 -53.901978 527.888123 23.765770 -54.323112 520.757751
552 255 565 247 583 247 598 257 583 261 567 262 674 256 689 246 707 245 722 254 707 260 690 260 411 347 50.473183 61.076256 19.955915 0.115252 0.032681 -0.002474 -7.805946 -53.476597 528.716248 -40.992947 -53.457108 529.803589 25.381056 -53.496086 527.628967
550 261 563 253 580 253 595 262 580 266 564 266 671 260 686 251 704 251 719 258 703 264 687 264 1003 629 -81.466049 125.076515 14.159795 0.153263 0.016708 -0.015664 -9.167276 -51.379673 532.957825 -42.363400 -50.904049 533.550171 24.028845 -51.855297 532.365479
548 262 562 254 579 254 593 262 579 266 563 267 670 260 684 251 702 251 717 258 702 263 685 264 1243 631 -135.143295 125.889542 12.313445 0.149851 0.026498 -0.019831 -9.986386 -51.252499 532.751709 -43.173050 -50.662403 533.677368 23.200275 -51.842590 531.826050
623 300 638 294 655 295 668 306 653 308 637 307 745 313 760 306 777 307 790 317 775 321 760 319 578 211 12.892366 30.900040 19.286942 0.059859 -0.082887 0.098469 30.351538 -24.965813 530.658264 -2.578696 -28.142248 527.817566 63.281769 -21.789379 533.498962
623 304 638 298 654 300 667 309 653 311 637 310 745 314 759 307 776 309 789 317 774 321 759 319 2 582 142.347946 113.035568 22.033876 0.094782 -0.051287 0.080543 30.340778 -24.316212 539.344788 -2.712891 -26.901976 537.520447 63.394447 -21.730446 541.169189
620 301 634 294 651 295 665 305 650 309 634 308 743 309 757 300 775 301 788 310 773 315 757 314 905 105 -60.425205 7.680122 17.258587 0.096767 -0.100712 0.053011 28.542879 -26.105879 525.493591 -4.447281 -27.698065 522.076904 61.533039 -24.513695 528.910278
621 304 635 297 652 298 665 308 651 311 635 310 744 312 758 304 775 305 788 313 774 318 758 317 955 352 -71.194450 63.023529 15.768764 0.096368 -0.071210 0.057716 29.221685 -24.871302 531.296143 -3.843839 -26.668329 528.846375 62.287212 -23.074272 533.745911
623 305 637 299 653 300 667 309 652 312 637 311 745 314 759 308 775 309 788 317 774 321 759 320 687 613 -10.813429 121.015190 16.650730 0.083977 -0.033705 0.072923 30.113567 -24.120693 538.876892 -2.984220 -26.489697 537.658691 63.211353 -21.751692 540.095093
621 302 636 296 653 297 667 307 651 310 635 309 743 313 758 305 775 306 789 315 774 320 758 318 754 171 -26.540482 22.217922 18.118803 0.058975 -0.063670 0.074628 29.473736 -24.820366 532.573181 -3.571482 -27.230711 530.390625 62.518951 -22.410023 534.755737
622 304 636 297 653 299 667 308 652 311 636 310 744 314 759 307 776 308 789 317 774 321 758 319 592 329 9.958880 57.324345 18.650894 0.069924 -0.020907 0.074638 29.772587 -24.336153 535.642517 -3.332570 -26.785753 534.863037 62.877743 -21.886555 536.422058
621 301 636 294 654 296 667 306 652 309 636 308 744 312 759 304 776 305 790 315 774 319 758 318 305 56 73.694115 -4.197617 22.071667 0.077784 -0.116030 0.079428 29.583160 -24.949478 527.315735 -3.294100 -27.425999 523.377136 62.460423 -22.472956 531.254272
620 304 635 297 652 298 666 308 651 311 635 310 743 313 757 306 775 307 788 316 773 320 757 319 656 250 -4.488425 39.745243 18.514997 0.064964 -0.062756 0.073594 29.099947 -24.354334 533.061768 -3.949736 -26.724874 530.903381 62.149632 -21.983795 535.220154
619 303 633 295 651 297 664 307 649 310 633 309 741 312 756 304 773 305 787 314 772 319 756 317 1112 128 -106.686150 13.141724 15.570758 0.040691 -0.080858 0.065751 28.274548 -25.025572 531.544800 -4.750130 -27.149706 528.821106 61.299225 -22.901436 534.268433
620 306 634 300 651 301 665 310 650 313 634 312 742 315 757 308 773 309 787 317 772 321 756 320 1130 504 -110.081650 97.300674 13.747752 0.049765 -0.015295 0.064473 28.873531 -23.734694 538.218445 -4.258427 -25.860434 537.657959 62.005489 -21.608953 538.778992
621 307 635 301 652 302 665 311 651 314 635 313 743 316 758 310 774 311 787 319 772 323 757 322 839 617 -44.804432 122.141693 15.469126 0.066181 -0.012000 0.072245 29.370707 -23.089500 540.398804 -3.745135 -25.471302 539.921692 62.486549 -20.707699 540.875916
624 303 638 296 655 298 669 308 654 312 638 311 747 313 762 304 779 305 792 314 777 319 761 318 76 248 125.236328 38.414402 22.964310 -0.006974 0.151209 0.076232 30.269371 -24.659058 531.976868 -2.460501 -27.160748 536.982544 62.999245 -22.157368 526.971252
623 302 638 295 655 296 669 307 654 310 637 308 746 312 761 304 778 306 791 315 776 319 760 318 413 65 49.552937 -2.019348 21.204506 0.071822 -0.103318 0.078673 30.550419 -24.872728 527.836487 -2.374924 -27.352486 524.324768 63.475761 -22.392969 531.348206
621 306 635 300 652 301 666 310 651 313 635 312 743 315 757 308 774 310 787 318 772 322 757 320 1147 651 -113.637512 130.218414 12.958761 0.051448 -0.014770 0.068763 29.466616 -23.771364 540.538208 -3.656126 -26.039124 539.989685 62.589355 -21.503607 541.086731
623 306 637 300 654 301 667 310 652 313 637 312 745 315 759 309 776 310 789 318 774 322 759 321 650 517 -2.698660 99.478447 17.364260 0.059289 -0.024981 0.074242 30.229073 -23.557341 537.549622 -2.873952 -25.993986 536.648438 63.332096 -21.120693 538.450806
626 306 640 300 657 302 670 310 655 313 640 312 748 316 763 310 779 311 792 319 777 323 762 321 42 642 133.501801 126.521729 21.458731 0.089812 -0.049529 0.083648 31.739021 -23.095999 535.575012 -1.309126 -25.791664 533.810669 64.787170 -20.400333 537.339355
623 306 637 299 654 300 667 310 652 313 637 312 746 314 761 306 777 307 791 315 776 320 761 319 559 364 17.398657 65.105476 18.746668 0.100843 -0.115397 0.062296 30.146429 -23.451166 525.642944 -2.773517 -25.317514 521.724609 63.066376 -21.584818 529.561279
626 307 640 300 656 302 670 311 655 314 639 313 748 316 763 309 779 310 792 318 778 323 762 321 21 622 138.165314 122.014664 21.709141 0.114361 -0.099292 0.076697 31.469263 -22.806711 530.213623 -1.474832 -25.153137 526.787170 64.413361 -20.460285 533.640076
622 309 636 303 653 304 666 313 652 315 636 315 744 317 759 311 775 312 788 320 774 324 759 322 1003 640 -81.447601 127.537811 14.110494 0.056013 -0.028541 0.064070 29.899822 -22.312010 537.371216 -3.223370 -24.410067 536.365234 63.023014 -20.213953 538.377197
613 302 626 294 641 294 654 301 641 305 626 306 728 299 740 291 756 290 769 297 756 302 741 302 161 417 106.507858 76.358299 21.556126 0.060128 -0.030265 -0.026654 23.580254 -32.491306 574.247437 -9.597569 -31.576834 573.269958 56.758076 -33.405781 575.224915
614 304 627 297 642 296 655 304 642 308 627 308 729 302 742 294 757 294 770 301 757 306 743 306 269 618 82.688660 121.497353 19.828436 0.083048 -0.023677 -0.018043 24.291092 -30.868990 574.775085 -8.899019 -30.238029 574.014771 57.481201 -31.499950 575.535400
611 301 624 293 640 293 653 301 640 306 625 306 727 299 740 291 756 291 769 298 756 304 741 304 373 159 58.657341 18.952616 21.089436 0.064978 -0.068011 -0.018850 22.949833 -31.898338 566.073486 -10.172350 -31.200071 563.838989 56.072018 -32.596603 568.307983
607 302 620 294 636 295 649 303 636 308 621 308 724 302 737 292 753 292 766 299 753 305 738 306 881 294 -54.740196 49.933094 16.595243 0.063916 -0.066088 -0.026534 20.806669 -30.717447 561.836121 -12.314007 -29.767662 559.673157 53.927345 -31.667231 563.999084
612 300 625 293 641 293 654 302 640 306 625 306 729 301 742 291 758 291 771 298 758 305 743 305 67 25 126.875381 -11.496464 24.032681 0.080166 -0.137393 -0.013283 23.289103 -30.877111 553.953674 -9.600054 -30.255449 549.428528 56.178257 -31.498772 558.478760
608 302 621 294 637 294 650 303 637 308 622 308 726 301 738 292 754 291 767 298 754 305 739 305 1091 217 -101.839844 33.023853 15.332638 0.046354 -0.089734 -0.029295 21.501883 -30.735701 559.209778 -11.555133 -29.695763 556.258240 54.558899 -31.775640 562.161377
608 306 621 299 637 299 650 307 636 312 622 312 725 305 738 297 753 296 766 303 753 309 739 309 600 753 8.880562 152.208252 16.689314 0.084034 -0.036159 -0.025163 21.204790 -28.729036 565.970398 -11.967828 -27.844347 564.806641 54.377407 -29.613724 567.134155
609 307 622 299 638 298 652 306 638 310 623 311 725 304 738 296 754 295 767 303 754 308 739 308 543 335 20.928730 58.592243 18.999136 0.053868 -0.054021 -0.024657 21.847971 -29.177492 568.290405 -11.298330 -28.311337 566.520630 54.994270 -30.043648 570.060181
605 303 617 296 633 296 646 304 632 309 618 309 722 303 734 294 750 293 763 300 750 306 735 307 914 536 -61.715454 104.131836 15.257977 0.063989 -0.045304 -0.021452 19.118889 -30.262529 563.529114 -14.044231 -29.502899 562.049255 52.282009 -31.022160 565.008972
607 304 620 296 636 296 650 304 636 308 621 309 723 302 736 294 752 294 765 301 752 307 737 306 169 95 104.178520 4.321666 22.938057 0.062203 -0.045621 -0.014846 20.564592 -30.046824 567.239868 -12.602027 -29.507292 565.741882 53.731213 -30.586355 568.737793
604 306 616 299 632 299 645 306 631 311 617 311 720 305 733 296 748 296 761 302 748 308 734 308 927 623 -64.477257 123.618240 14.768526 0.078890 -0.010977 -0.025467 18.388775 -29.044561 565.739624 -14.803279 -28.185556 565.408936 51.580826 -29.903568 566.070374
605 309 617 302 633 302 646 308 632 312 618 313 719 306 732 299 748 299 761 305 747 310 733 310 986 722 -77.507713 145.859756 13.873125 0.049917 0.009059 -0.026528 18.785131 -28.362942 576.714905 -14.406638 -27.490068 577.037476 51.976902 -29.235815 576.392273
605 306 618 298 633 298 646 307 633 311 618 311 722 305 735 297 751 296 764 303 751 309 736 309 393 491 54.740711 93.269432 19.448322 0.035733 0.185973 -0.013088 18.625948 -28.221426 556.130981 -14.003545 -27.899450 562.276855 51.255440 -28.543404 549.985046
606 308 619 301 635 301 648 308 634 312 620 312 722 306 735 299 750 299 763 306 750 310 735 310 284 559 79.234680 108.318703 19.978033 0.068564 0.008743 -0.011288 19.690849 -28.261971 572.258423 -13.510581 -27.897408 572.561340 52.892281 -28.626534 571.955505
607 302 620 295 636 295 648 304 635 309 620 308 724 304 737 295 753 294 766 302 753 308 738 308 81 81 123.837929 1.055087 23.674513 0.094023 -0.010831 0.000761 20.243786 -29.661779 558.031494 -12.959071 -29.670130 557.671204 53.446644 -29.653431 558.391785
605 310 617 303 633 303 646 309 633 313 618 314 720 308 733 301 748 300 761 307 748 311 733 311 953 726 -70.119926 146.704514 14.107838 0.073540 0.016969 -0.020552 18.768013 -27.566265 573.504944 -14.425013 -26.905258 574.092896 51.961040 -28.227274 572.916992
605 311 618 304 633 304 646 310 633 314 619 315 720 309 733 302 748 301 761 308 748 312 734 312 860 715 -49.337139 144.101578 14.869126 0.058750 0.016635 -0.021644 19.122124 -27.134529 575.569702 -14.070323 -26.432554 576.142761 52.314568 -27.836504 574.996643
605 308 618 300 634 300 647 308 633 312 619 313 721 306 734 298 750 298 763 305 750 310 735 310 383 170 56.439095 21.429140 20.963577 0.040831 0.014163 -0.012970 19.215673 -28.017513 566.586426 -13.983019 -27.596596 567.065369 52.414364 -28.438431 566.107544
602 308 615 300 631 300 645 308 631 312 616 313 718 306 731 297 748 297 761 304 748 309 732 310 955 46 -71.707603 -5.445219 17.140232 0.021187 0.008042 -0.025893 17.824789 -28.074280 564.409424 -15.367821 -27.217501 564.685486 51.017399 -28.931057 564.133362
603 311 616 304 631 304 644 310 631 315 616 315 718 308 731 301 747 301 760 307 747 312 732 312 1066 730 -95.387833 147.771622 13.224808 0.057733 0.016047 -0.025858 17.900227 -27.026587 572.588501 -15.289216 -26.183958 573.145752 51.089668 -27.869213 572.031311
576 284 590 276 607 275 621 284 606 289 591 290 703 281 716 271 734 271 748 279 734 285 718 285 189 378 100.179718 67.674530 21.516558 0.107779 -0.000708 -0.033278 6.058599 -38.869019 520.346191 -27.127840 -37.765099 520.382202 39.245037 -39.972942 520.310181
579 283 593 275 610 274 624 283 609 289 594 289 706 280 720 270 737 269 751 277 737 284 721 285 472 505 37.094326 96.522308 18.780769 0.097237 -0.023518 -0.036837 7.796113 -38.956799 516.308105 -25.377018 -37.698013 515.588074 40.969246 -40.215588 517.028076
581 283 595 274 612 274 626 283 612 288 596 289 708 281 722 272 739 271 753 279 739 285 723 286 212 300 94.904526 50.256741 21.690065 0.081651 -0.027913 -0.025358 8.852909 -38.801533 518.586670 -24.328310 -37.922852 517.695435 42.034126 -39.680214 519.477905
584 286 597 278 614 278 628 286 613 290 598 291 709 284 723 276 739 275 753 282 739 288 724 288 240 787 89.458473 159.267624 19.293009 0.071074 -0.014634 -0.025264 9.727062 -38.000584 527.523621 -23.463606 -37.145252 527.067993 42.917728 -38.855911 527.979248
583 284 597 276 614 276 628 284 613 289 598 290 710 282 724 272 741 272 755 279 741 286 725 286 133 327 112.619667 56.177788 22.173861 0.103621 -0.024868 -0.027754 9.745800 -38.379883 518.444153 -23.435980 -37.417427 517.667786 42.927578 -39.342342 519.220581
581 287 595 279 611 278 625 286 611 291 595 292 707 284 720 275 737 275 751 282 737 288 722 288 922 732 -63.176121 147.999817 14.318275 0.081775 -0.009926 -0.035976 8.471524 -37.709282 524.801758 -24.710180 -36.502838 524.521423 41.653229 -38.915726 525.082092
581 291 594 283 611 281 625 288 611 293 595 295 705 284 719 276 736 276 750 283 736 288 720 288 1183 720 -121.573891 145.712280 12.373900 0.065682 0.001563 -0.048849 7.925554 -37.178696 530.269165 -25.239624 -35.560196 530.374268 41.090733 -38.797199 530.164124
580 291 594 282 611 281 626 288 611 294 595 295 705 285 719 276 736 275 751 282 736 288 720 288 1166 640 -117.905670 127.786057 12.862602 0.076715 -0.001425 -0.048642 8.067135 -36.914982 526.842834 -25.098391 -35.300255 526.857483 41.232658 -38.529713 526.828186
585 290 599 282 615 281 630 288 615 293 600 294 710 285 724 277 740 277 754 284 740 289 724 289 31 577 135.853165 111.960960 21.834269 0.055195 0.013514 -0.031561 10.120923 -37.018353 530.334778 -23.064327 -35.983494 530.812134 43.306175 -38.053207 529.857422
585 292 599 284 615 283 630 290 615 294 600 295 709 286 723 278 740 278 754 285 740 289 724 289 0 602 142.828827 117.507607 21.959549 0.019685 0.037289 -0.033003 10.046701 -36.480968 531.898132 -23.116953 -35.397823 533.146484 43.210358 -37.564114 530.649719
581 292 595 284 611 283 626 290 611 295 596 296 706 286 720 278 736 277 751 284 736 290 721 290 1256 685 -137.960434 137.992065 11.971896 0.061105 -0.004469 -0.045961 8.306319 -36.339569 529.728577 -24.863108 -34.810402 529.626953 41.475746 -37.868740 529.830261
582 291 596 283 613 282 628 289 613 294 597 295 708 286 721 277 739 277 753 284 738 289 723 290 649 477 -2.542069 90.526756 17.551191 0.077691 -0.003118 -0.039615 9.116734 -36.363327 526.718323 -24.061880 -35.045570 526.666016 42.295349 -37.681084 526.770691
583 292 596 283 613 282 628 290 613 295 598 296 708 286 722 278 739 277 753 284 739 290 723 290 778 563 -31.251169 109.966072 16.178152 0.082811 -0.003037 -0.040954 9.268814 -36.215240 527.846191 -23.908020 -34.853142 527.801758 42.445648 -37.577343 527.890625
580 289 594 280 611 279 626 287 611 292 595 294 706 284 720 275 737 274 752 282 737 288 721 288 1149 177 -114.879730 24.162024 15.067880 0.049594 -0.027648 -0.043443 8.269687 -36.943867 521.240784 -24.891119 -35.479816 520.359253 41.430492 -38.407917 522.122314
585 291 599 282 616 282 630 289 616 294 600 295 710 286 724 278 742 277 756 285 741 290 725 290 232 393 90.587097 71.096329 21.120131 0.075844 -0.009700 -0.030676 10.508543 -36.094715 524.734436 -22.679094 -35.065071 524.451294 43.696178 -37.124359 525.017578
582 291 596 283 613 282 628 290 613 295 597 296 708 286 722 277 739 277 754 284 739 290 723 290 805 406 -37.553520 74.877800 16.675106 0.067023 -0.010473 -0.039657 9.259571 -35.935596 524.302979 -23.917326 -34.608509 523.999695 42.436466 -37.262684 524.606262
585 290 599 282 616 281 630 289 616 294 599 295 711 286 725 277 742 277 756 285 742 290 726 290 225 258 91.926392 40.878868 21.778780 0.076184 -0.022550 -0.028390 10.555112 -35.895065 521.761169 -22.627892 -34.925003 521.049194 43.738113 -36.865128 522.473206
582 289 596 281 612 281 627 289 612 294 596 295 709 287 722 277 739 276 753 284 739 290 724 291 1182 713 -121.361961 144.144470 12.412930 0.076319 -0.026284 -0.036782 9.256053 -36.017906 519.458801 -23.914852 -34.764881 518.633728 42.426956 -37.270931 520.283813
584 288 597 280 614 280 628 289 614 294 598 294 711 286 725 277 742 276 756 283 742 290 726 290 436 409 44.985424 74.987083 19.486643 0.097685 -0.030630 -0.028314 10.149334 -36.013493 516.225647 -23.026621 -35.025482 515.256348 43.325287 -37.001503 517.194885
583 293 597 286 613 285 628 292 613 297 598 298 709 289 722 282 739 281 753 288 739 293 723 293 989 790 -78.064690 161.079605 13.545387 0.075835 -0.006596 -0.034667 9.556760 -34.792347 528.104309 -23.627390 -33.634262 527.929199 42.740910 -35.950432 528.279480
537 289 550 279 567 277 582 284 568 291 552 293 665 273 678 262 696 260 711 266 697 274 681 276 217 786 94.601189 159.008835 19.473574 0.115361 -0.000696 -0.133351 -13.604449 -39.892464 506.489807 -46.514786 -35.486156 506.721527 19.305889 -44.298767 506.258057
540 293 553 283 569 280 585 285 571 292 555 295 667 272 681 261 698 259 715 264 700 271 683 273 162 392 106.242264 70.765968 21.660517 -0.152846 0.098135 -0.147350 -12.542239 -39.878826 510.558502 -45.229057 -34.782684 513.415222 20.144579 -44.974968 507.701782
542 294 554 284 571 281 586 287 572 293 557 296 668 273 682 263 699 260 715 266 701 273 684 275 51 441 131.151703 81.560867 22.290695 -0.152843 0.097118 -0.144458 -12.032528 -39.366310 512.160339 -44.736530 -34.367039 514.991455 20.671476 -44.365585 509.329254
536 291 549 281 566 279 581 286 567 292 551 294 664 274 678 263 695 261 711 267 697 274 680 276 366 480 60.761330 90.767014 19.704330 0.101078 -0.002408 -0.137950 -13.993074 -39.164841 505.768860 -46.882614 -34.602524 505.920227 18.896467 -43.727161 505.617493
533 287 546 275 564 273 580 283 565 291 549 293 660 273 673 260 692 257 708 265 694 275 677 277 966 629 -73.190292 125.020164 14.443059 0.133639 0.104127 -0.130037 -15.258648 -39.463970 498.450562 -48.004456 -35.409004 502.169281 17.487160 -43.518936 494.731842
532 291 544 280 562 278 577 285 563 292 547 295 660 273 673 261 691 258 707 265 693 273 676 275 753 94 -26.445940 4.987334 18.471567 0.079735 0.017832 -0.148964 -15.917006 -39.103561 500.568390 -48.749027 -34.204548 501.354370 16.915012 -44.002571 499.782410
534 292 546 282 563 280 578 287 564 294 549 296 662 275 675 264 692 262 708 267 694 275 678 277 486 334 33.676193 58.281677 19.439997 0.091745 0.003572 -0.141672 -15.274560 -38.426052 504.232300 -48.146725 -33.749603 504.565643 17.597607 -43.102501 503.898987
528 289 541 278 559 276 575 284 561 292 544 294 656 273 669 260 688 257 704 264 690 273 673 276 1276 145 -143.339386 17.195312 14.239017 0.115471 0.128773 -0.146663 -17.416588 -38.735882 493.315857 -49.991676 -34.153408 497.835175 15.158501 -43.318356 488.796539
530 286 543 274 562 272 578 283 563 290 546 292 656 274 669 260 689 257 705 266 691 275 673 278 1195 618 -124.428970 122.907631 12.739187 0.149475 0.200809 -0.124296 -16.738159 -38.841335 491.111267 -49.023003 -35.262722 497.999054 15.546686 -42.419949 484.223450
529 291 541 281 559 279 575 287 560 294 544 296 657 275 670 263 688 260 704 267 690 276 673 278 1111 309 -106.158943 53.639690 14.767186 0.080816 0.035532 -0.146115 -17.219162 -38.042927 498.808960 -50.049469 -33.262299 500.178650 15.611147 -42.823551 497.439270
533 293 546 283 563 281 578 288 564 294 548 297 662 276 675 266 692 263 708 269 694 277 678 279 305 300 74.103294 50.398380 20.978079 0.076314 0.008113 -0.137335 -15.348577 -37.758751 503.296722 -48.239807 -33.227600 503.738647 17.542652 -42.289898 502.854797
530 294 543 284 560 281 576 289 562 296 546 298 659 277 672 266 690 263 706 269 692 277 675 279 825 232 -42.318695 35.975052 17.301846 0.077076 0.022233 -0.146924 -16.510973 -37.108322 499.816467 -49.350044 -32.280876 500.738861 16.328096 -41.935772 498.894104
530 291 543 281 560 279 576 287 562 294 545 296 658 276 671 264 689 261 705 267 691 276 674 278 1163 282 -117.835022 47.677525 14.490097 0.112287 0.105208 -0.144699 -16.652483 -37.626999 495.262909 -49.327885 -33.053356 498.999146 16.022921 -42.200642 491.526672
534 300 546 290 563 288 578 293 564 300 549 303 661 280 674 270 691 268 707 273 693 280 676 282 490 649 33.309765 128.770309 17.997570 0.114217 -0.006923 -0.150758 -15.949334 -35.696472 509.614136 -48.777142 -30.707338 509.670654 16.878473 -40.685612 509.557648
532 300 545 290 561 288 576 294 563 300 547 303 660 281 673 271 690 268 706 273 692 281 675 283 937 720 -66.551277 145.337616 14.257221 0.106105 0.005627 -0.155050 -16.362585 -35.231274 506.350372 -49.168915 -30.123011 506.808441 16.443748 -40.339535 505.892303
536 293 548 284 565 282 581 289 567 296 551 298 665 278 678 266 696 264 711 270 697 278 681 280 278 60 79.739891 -3.343721 22.260445 0.061644 0.019277 -0.134912 -13.832439 -36.880142 499.504517 -46.729473 -32.436798 500.280029 19.064596 -41.323483 498.729004
533 300 546 291 562 289 578 295 564 301 548 304 661 282 675 272 692 269 708 274 694 282 677 284 750 544 -25.020296 105.672104 16.477669 0.106128 0.004151 -0.152158 -15.479815 -34.648746 503.718536 -48.301064 -29.632591 504.122955 17.341433 -39.664902 503.314148
537 299 549 291 566 289 581 295 567 301 552 303 665 283 678 273 695 271 710 276 696 284 680 286 67 793 128.163300 160.346680 20.590567 0.092645 -0.003644 -0.135003 -13.998704 -34.584393 507.428162 -46.901379 -30.116047 507.514893 18.903971 -39.052738 507.341461
535 300 547 291 564 289 579 295 566 301 550 304 663 282 676 272 694 269 709 274 695 282 679 284 642 580 -0.803658 113.562767 17.143145 0.103558 0.001737 -0.150086 -14.679200 -34.621799 504.407166 -47.511017 -29.668785 504.721863 18.152617 -39.574814 504.092468
532 300 545 290 562 287 578 294 563 301 547 304 661 282 674 271 692 268 708 273 694 281 677 284 1086 441 -100.345856 83.137154 14.366967 0.101060 0.019840 -0.156197 -15.487701 -34.545616 499.249268 -48.282124 -29.422531 500.165497 17.306721 -39.668701 498.333008
550 310 565 301 585 300 602 309 585 314 567 315 693 303 710 292 730 291 748 299 731 305 712 306 1191 649 -123.482307 129.837921 12.630871 0.118413 0.014152 -0.055495 -1.070441 -23.189962 451.692749 -34.220879 -21.380367 452.270233 32.079994 -24.999557 451.115234
551 305 566 294 587 293 605 304 587 309 568 310 695 299 712 287 734 286 752 295 734 302 714 303 953 163 -71.064056 20.730963 16.631159 0.060718 0.034437 -0.046581 -0.082548 -24.872089 446.345673 -33.231682 -23.361898 447.534729 33.066586 -26.382280 445.156616
560 310 576 300 596 299 613 308 596 313 577 314 706 304 723 294 744 293 762 302 744 308 724 308 397 438 53.757153 81.416557 19.655241 0.149671 -0.016211 -0.027485 4.188672 -22.484222 444.735535 -28.999269 -21.534929 444.267517 37.376614 -23.433516 445.203522
557 311 573 301 592 300 610 309 593 314 574 315 702 305 719 294 740 293 757 302 740 308 720 308 1084 464 -99.859947 88.280449 14.279194 0.112203 0.018917 -0.041709 2.614060 -22.380713 447.889191 -30.555973 -21.034372 448.593384 35.784092 -23.727055 447.184967
559 305 575 294 597 293 615 305 597 310 577 311 705 301 723 289 745 288 763 298 745 305 724 306 640 7 -1.317222 -14.651368 19.726597 0.054576 0.045654 -0.028428 4.236863 -23.864067 442.474731 -28.919952 -22.962391 444.014923 37.393677 -24.765745 440.934509
561 313 577 303 597 302 614 312 597 317 579 318 706 308 724 298 744 297 762 306 744 312 725 312 791 726 -33.885525 146.457794 15.348073 0.151220 -0.001127 -0.031775 4.647150 -21.059361 447.981262 -28.540913 -20.005634 448.023621 37.835213 -22.113085 447.938904
562 315 578 305 597 304 615 313 598 318 579 319 707 309 725 299 745 299 764 307 745 313 726 313 772 691 -29.694504 138.597458 15.650400 0.116183 0.014103 -0.033118 4.944994 -20.273830 446.976776 -28.238333 -19.204021 447.507721 38.128323 -21.343639 446.445862
561 312 577 302 598 302 615 312 598 317 579 318 707 308 724 297 745 296 763 305 745 312 726 312 1032 401 -88.334801 74.104752 14.959656 0.073377 0.027762 -0.038052 4.963316 -20.881275 445.143280 -28.204685 -19.653164 446.110260 38.131317 -22.109388 444.176300
561 313 577 303 597 302 615 312 598 317 579 318 707 309 724 298 745 297 763 306 745 312 726 312 1149 392 -114.519188 72.269150 14.104267 0.070493 0.029027 -0.039571 4.956055 -20.668339 445.645142 -28.208796 -19.389956 446.654083 38.120907 -21.946722 444.636169
565 309 582 299 602 298 620 308 602 314 583 315 712 306 730 294 752 294 770 303 752 310 731 310 795 71 -35.878613 -0.095044 18.253107 0.050412 0.053813 -0.027015 7.131950 -21.781872 440.498108 -26.012699 -20.930798 442.305725 40.276600 -22.632948 438.690491
569 316 585 306 605 306 622 314 605 319 587 320 715 311 733 302 754 302 772 310 753 315 734 315 397 520 53.894665 99.764389 19.287724 0.120659 0.002797 -0.020215 8.402833 -19.404987 444.527649 -24.795074 -18.741026 444.660736 41.600742 -20.068949 444.394562
567 312 584 302 605 301 622 312 605 317 585 318 714 309 732 298 754 297 772 307 754 313 734 313 602 182 7.475675 24.447723 19.233179 0.073892 0.032075 -0.022613 8.108768 -20.461493 441.245728 -25.070488 -19.750818 442.337280 41.288025 -21.172165 440.154205
564 313 580 302 601 301 618 312 601 317 581 318 710 309 727 297 748 296 767 306 748 312 729 313 1220 193 -130.733414 27.850222 14.452609 0.037538 0.037802 -0.038687 6.295520 -20.407331 442.931396 -26.860739 -19.147230 444.209808 39.451778 -21.667433 441.652985
567 314 583 304 604 303 622 313 604 318 585 319 714 310 732 299 753 299 772 308 753 314 733 314 784 169 -33.253910 21.816103 17.898094 0.066940 0.036891 -0.026527 7.810257 -19.763609 440.778290 -25.360296 -18.924728 442.031372 40.980812 -20.602489 439.525208
568 313 585 303 606 302 623 313 605 318 586 319 715 310 733 299 755 299 773 308 755 314 734 315 551 101 18.746967 6.245970 19.986660 0.056291 0.041722 -0.020815 8.448386 -19.872717 440.982086 -24.720350 -19.221165 442.385681 41.617123 -20.524271 439.578491
568 318 585 308 605 308 622 317 605 322 586 323 715 314 733 304 754 304 772 312 754 318 734 318 736 462 -22.026440 87.302948 16.952368 0.111638 0.016460 -0.025277 8.408494 -18.176832 442.940491 -24.781229 -17.369854 443.532623 41.598217 -18.983810 442.348358
568 315 585 305 606 305 623 315 605 320 586 321 716 312 733 301 755 301 773 310 755 316 735 316 638 196 -0.552937 27.635107 18.894825 0.078087 0.026528 -0.023125 8.599512 -19.035387 441.224945 -24.584751 -18.302849 442.134705 41.783775 -19.767925 440.315216
566 319 582 309 602 309 620 318 602 322 584 323 712 314 730 304 750 304 768 312 750 318 731 318 1152 525 -114.967155 102.033012 13.485205 0.076845 0.030752 -0.035684 7.218605 -18.086964 446.419495 -25.949394 -16.942909 447.484711 40.386600 -19.231018 445.354279
573 321 589 313 609 312 626 320 609 325 591 325 720 318 738 309 758 309 775 317 757 322 738 322 324 569 70.304688 110.617165 19.626982 0.131707 -0.009723 -0.016016 10.255301 -16.610847 444.217194 -22.943693 -16.059372 443.930267 43.454296 -17.162323 444.504089
574 319 590 311 609 310 627 319 609 323 591 324 721 317 739 308 759 307 777 315 759 321 740 321 260 520 84.537338 99.555740 20.336565 0.135741 -0.011074 -0.013194 10.725295 -17.176907 442.645966 -22.474600 -16.715246 442.309082 43.925190 -17.638569 442.982819
608 197 624 191 642 194 655 204 639 207 623 205 743 216 759 210 777 213 790 224 774 227 757 224 162 604 106.597778 118.201836 20.710350 0.187627 0.006596 0.155364 23.595470 -71.282158 484.731384 -9.209854 -76.410530 484.466644 56.400795 -66.153786 484.996094
610 199 626 194 643 196 656 206 640 208 624 206 743 217 759 212 776 215 790 224 774 227 758 224 44 784 133.292587 158.297852 20.806986 -0.064739 0.097330 0.161371 24.135923 -71.727524 491.978333 -8.481226 -76.946167 495.361664 56.753071 -66.508881 488.595001
607 196 623 190 641 193 654 204 638 206 621 204 742 215 758 208 777 211 790 222 774 225 757 223 131 333 113.077065 57.517265 22.162279 0.020757 0.104786 0.158642 22.981804 -71.780922 483.513397 -9.624704 -77.052536 486.917114 55.588310 -66.509308 480.109680
607 199 622 193 640 195 654 205 637 208 621 206 741 217 757 211 775 214 788 224 772 227 756 224 339 530 66.884247 101.913597 19.686939 0.125275 0.040793 0.152067 22.759733 -71.114418 486.311615 -10.034920 -76.214325 487.341797 55.554386 -66.014519 485.281433
607 195 623 188 641 191 654 202 638 205 621 203 742 214 758 207 776 210 790 221 774 225 757 222 291 114 76.922745 8.758798 21.918896 0.083141 0.072289 0.157045 22.867325 -71.830147 481.362213 -9.842779 -77.112366 483.531769 55.577427 -66.547935 479.192657
606 198 622 192 640 195 653 205 637 208 621 206 741 217 757 211 775 213 789 224 773 227 756 224 201 538 97.764000 103.493462 20.707582 0.010354 0.085137 0.158482 22.736078 -71.397133 487.276489 -9.932851 -76.645676 490.061005 55.405010 -66.148590 484.492004
605 198 621 192 639 194 653 205 637 207 620 205 739 218 756 212 773 216 787 226 771 229 754 226 334 409 67.799675 74.831741 20.267530 0.091929 0.032315 0.161732 22.364370 -71.085251 487.718536 -10.390170 -76.472870 488.539093 55.118912 -65.697639 486.897980
600 200 616 194 634 196 647 206 631 209 615 208 735 217 751 210 769 212 783 222 767 226 750 224 958 488 -71.637390 93.458656 15.136256 0.133531 0.040950 0.133085 19.761328 -70.730606 483.912384 -13.122588 -75.212799 484.969543 52.645245 -66.248413 482.855194
601 200 617 193 635 195 648 206 632 209 616 207 736 216 752 209 770 212 784 222 768 226 751 223 617 403 4.491248 73.920219 18.127838 0.058254 0.081479 0.141480 20.239016 -71.195694 485.343750 -12.524361 -75.948624 487.899231 53.002392 -66.442764 482.788300
602 203 617 198 634 200 648 209 632 211 616 210 734 221 750 216 767 219 781 229 765 231 749 228 559 760 18.062737 153.712097 16.971828 -0.096647 0.033262 0.152437 20.179029 -70.235054 494.913391 -12.622758 -75.215096 496.255585 52.980820 -65.255005 493.571228
601 203 616 198 633 200 647 209 631 211 615 210 734 221 750 216 767 219 780 229 764 231 748 228 783 772 -32.019028 156.738297 15.203151 -0.106919 0.024151 0.148649 19.879097 -70.211769 495.140869 -12.950249 -75.076859 496.201385 52.708439 -65.346687 494.080353
599 204 614 197 632 199 645 209 629 212 613 211 733 218 748 211 766 213 780 223 764 227 748 224 726 712 -19.370506 143.226242 15.908445 -0.044066 0.118024 0.130148 18.668678 -70.530678 488.575470 -14.025047 -74.742516 492.567993 51.362404 -66.318848 484.582916
601 197 617 190 635 193 649 205 632 207 615 205 735 217 752 210 771 213 784 225 768 228 751 225 251 63 85.783989 -2.713580 22.453705 0.078364 0.051279 0.156812 20.162327 -70.510406 481.358490 -12.591832 -75.754944 482.848297 52.916485 -65.265869 479.868683
597 203 612 196 630 198 644 208 628 211 611 210 732 217 748 210 766 213 780 223 764 227 747 224 935 450 -66.556725 84.920975 15.482652 0.032277 0.089067 0.128719 18.012590 -70.368736 485.355865 -14.786305 -74.672272 488.231903 50.811485 -66.065193 482.479828
598 199 615 192 633 194 647 206 630 208 613 207 733 218 750 211 769 215 783 226 766 229 748 226 444 69 42.625904 -1.077119 20.949249 0.087439 0.034167 0.152327 19.204245 -69.762924 481.050110 -13.597032 -74.843430 481.958038 52.005524 -64.682426 480.142181
597 205 613 199 630 201 644 211 628 213 612 212 731 222 747 217 764 219 778 229 762 232 745 229 680 741 -9.033093 149.645050 16.130636 -0.040921 0.041726 0.142130 18.235300 -69.387680 492.747772 -14.605939 -74.060242 494.224182 51.076542 -64.715126 491.271332
596 205 611 198 629 200 642 210 626 214 610 213 730 218 746 211 764 212 778 223 762 227 745 225 890 795 -55.913059 162.047592 14.280899 -0.047263 0.125006 0.123027 17.175508 -69.826797 486.723206 -15.519983 -73.791626 490.947479 49.871002 -65.861961 482.498962
599 205 614 198 631 200 645 210 629 213 613 212 733 219 749 212 766 214 780 224 764 228 748 225 186 753 101.479591 151.577744 19.858805 -0.070653 0.146873 0.136268 18.419170 -69.584167 485.983551 -14.121713 -73.903343 490.983063 50.960052 -65.264999 480.984009
595 204 611 198 628 200 642 210 626 213 610 211 729 221 746 215 763 217 777 227 761 230 744 228 754 475 -26.030684 90.239166 16.756298 0.060082 0.051129 0.138243 17.288895 -69.336357 487.826630 -15.555989 -73.958221 489.379578 50.133778 -64.714500 486.273682
595 205 611 198 628 200 642 210 626 214 610 212 730 219 746 212 764 214 778 224 762 228 745 226 590 605 10.869062 119.077423 17.429197 -0.045177 0.128192 0.128171 17.064735 -69.514023 486.158630 -15.596094 -73.649315 490.486359 49.725567 -65.378723 481.830933
