560 294 573 286 588 286 601 294 587 299 573 300 676 294 689 286 706 286 719 295 706 300 690 299 897 715 -2.419955 139.162140 54.076340 -0.034388 0.249591 0.019168 7.330373 -37.828674 575.729858 -24.839602 -38.316658 583.940491 39.500347 -37.340691 567.519226
558 299 571 291 586 291 598 299 585 304 571 304 674 300 687 292 704 293 717 302 703 306 688 306 1158 898 -54.274212 175.622864 55.838009 -0.028500 0.241046 0.032581 6.171773 -34.820595 576.650024 -26.055660 -35.778172 584.589478 38.399208 -33.863018 568.710510
566 291 579 283 595 284 607 293 593 298 578 297 682 297 696 289 712 291 725 300 711 305 696 303 457 381 84.991234 72.646011 50.634617 -0.022745 0.254514 0.070375 10.538795 -37.015171 572.824829 -21.515089 -39.229145 581.203735 42.592682 -34.801193 564.445862
559 292 572 284 589 284 601 293 587 298 572 298 676 297 689 288 706 290 719 299 705 304 689 302 702 258 36.247017 48.482727 46.832306 -0.023939 0.249989 0.059371 7.036236 -37.209320 574.458191 -25.078562 -39.060116 582.690674 39.151031 -35.358521 566.225708
559 294 572 286 588 286 600 295 586 300 572 300 675 299 688 291 705 292 718 301 704 306 689 304 200 648 136.155121 125.322296 57.176891 -0.044848 0.234037 0.063898 6.653418 -36.410023 578.919495 -25.579184 -38.336918 586.659363 38.886021 -34.483128 571.179565
561 290 574 281 590 282 602 291 588 296 574 295 677 295 691 287 707 288 720 298 706 302 691 301 193 186 137.439209 33.805931 48.669529 -0.031107 0.264014 0.067940 7.804925 -38.044407 572.615234 -24.173733 -40.136642 581.307007 39.783581 -35.952168 563.923401
555 291 568 283 584 283 596 292 582 297 568 297 671 294 685 286 701 287 715 296 701 301 685 300 879 404 1.086594 77.546127 48.432274 -0.037214 0.218162 0.045194 4.711094 -38.339584 577.351746 -27.673124 -39.693287 584.562134 37.095314 -36.985882 570.141357
559 292 572 284 588 284 600 294 586 298 571 298 675 297 688 288 705 289 718 299 704 304 689 302 527 397 71.076248 75.872337 50.494823 -0.040408 0.208005 0.054254 6.674811 -37.408833 578.504150 -25.765867 -39.056999 585.392212 39.115490 -35.760662 571.616028
564 292 577 284 592 284 604 293 591 297 577 297 679 296 692 289 708 290 721 299 707 303 693 302 465 570 83.444618 110.088715 54.082912 -0.060214 0.158927 0.060438 9.457806 -38.627697 591.910522 -23.268326 -40.465206 597.219360 42.183937 -36.790192 586.601685
565 281 578 274 594 274 606 282 592 286 578 286 681 285 694 278 710 280 723 289 709 292 694 291 163 898 143.570480 174.810852 62.034451 -0.200450 0.083532 0.064733 10.653879 -45.521072 601.526672 -22.366312 -47.375362 604.491150 43.674072 -43.666782 598.562134
565 287 578 279 593 279 606 288 592 292 577 292 680 291 693 284 709 285 722 294 708 298 694 297 12 527 173.508606 101.201797 56.108139 -0.118805 0.107539 0.060187 10.116901 -41.621174 593.091003 -22.836388 -43.398323 596.762817 43.070190 -39.844028 589.419250
559 289 572 282 587 282 599 290 586 294 572 294 674 293 687 285 703 287 716 295 702 299 688 298 988 822 -20.489332 160.430435 55.490047 -0.099261 0.115456 0.051564 6.680334 -40.756424 595.241028 -26.259594 -42.271385 599.143066 39.620262 -39.241459 591.339050
564 289 577 281 592 282 604 290 591 294 577 294 679 294 692 287 708 288 720 297 707 301 692 300 61 762 163.820312 147.789413 60.152500 -0.113910 0.140440 0.069764 9.339531 -40.234814 595.277893 -23.458298 -42.272057 600.043579 42.137360 -38.197571 590.512207
562 291 575 283 590 283 602 292 588 296 574 296 676 295 689 288 705 289 718 298 704 302 689 300 137 801 148.717651 155.576355 60.401035 -0.103086 0.158962 0.063548 7.920604 -39.679760 596.198120 -24.799257 -41.504669 601.549744 40.640465 -37.854847 590.846497
559 289 571 281 587 281 599 290 586 294 571 294 673 292 687 284 703 285 716 295 702 299 687 298 1145 323 -51.823444 61.719135 45.276546 -0.038002 0.194984 0.051411 6.215998 -40.296665 587.710815 -26.316099 -41.869205 594.172241 38.748093 -38.724125 581.249451
557 292 569 284 585 284 597 292 583 297 569 297 670 295 684 287 700 288 712 297 699 302 684 300 40 605 167.959305 116.674492 57.377434 -0.094965 0.187889 0.055967 4.848267 -39.322441 595.161804 -27.720961 -40.871075 601.439270 37.417496 -37.773811 588.884277
557 289 569 281 585 281 597 290 584 295 569 295 671 292 684 285 700 286 713 295 700 299 685 298 466 242 83.169258 45.120926 48.005878 -0.059305 0.210505 0.051772 5.032029 -40.143852 588.639343 -27.395872 -41.642090 595.621155 37.459930 -38.645615 581.657471
558 289 570 281 586 281 597 290 584 295 570 295 671 293 684 285 700 286 713 295 700 300 685 299 152 111 145.574112 18.916847 47.536716 -0.056306 0.236487 0.057317 5.105394 -39.964520 587.451477 -27.121466 -41.628056 595.275940 37.332253 -38.300983 579.627075
557 294 570 286 585 286 597 294 584 299 570 299 671 296 684 289 700 290 713 299 699 303 684 302 147 847 146.740005 164.695969 61.190155 -0.085355 0.199734 0.055473 5.003888 -38.355148 596.395264 -27.490486 -39.899883 603.050293 37.498264 -36.810413 589.740295
557 290 570 282 586 282 598 291 584 296 570 296 671 294 685 286 701 287 714 296 700 301 685 300 131 137 149.755798 24.049660 48.148720 -0.052701 0.240377 0.057743 5.184447 -39.225548 585.098328 -27.011093 -40.913334 593.045532 37.379986 -37.537758 577.151123
558 303 571 295 587 295 600 302 586 307 571 308 675 303 689 295 705 296 718 305 704 309 689 308 1092 772 -41.180241 150.611557 53.916950 -0.095278 0.116176 0.022783 7.100513 -33.755234 589.465698 -25.872049 -34.325424 593.344421 40.073074 -33.185043 585.586914
568 303 581 295 597 295 609 303 595 308 581 308 686 305 699 298 715 299 728 308 715 312 699 311 1034 596 -29.688643 115.703026 51.020645 -0.058898 0.151573 0.043761 12.423122 -32.336971 582.372131 -20.369444 -33.635323 587.424011 45.215687 -31.038624 577.320251
566 304 579 296 595 296 608 304 594 309 579 309 684 307 697 300 714 301 727 310 713 315 697 313 299 647 116.469833 125.205017 56.541851 -0.057257 0.171721 0.054628 11.220967 -31.197809 577.391724 -21.446331 -32.838177 583.111572 43.888268 -29.557442 571.671936
560 303 573 294 590 294 603 303 589 308 573 308 679 306 693 297 709 298 723 308 709 313 693 311 725 282 31.679321 53.255299 47.133278 -0.034662 0.188676 0.044905 8.428505 -31.648554 569.648254 -24.153828 -33.021748 575.898499 41.010838 -30.275362 563.398010
560 301 573 293 589 293 602 302 588 307 573 307 678 304 692 296 709 298 722 307 708 312 693 310 269 312 122.356850 58.825405 50.528309 -0.040699 0.201061 0.048465 8.138982 -32.216450 568.809814 -24.358299 -33.678463 575.469299 40.636265 -30.754440 562.150330
560 302 574 294 590 294 603 303 589 308 574 308 679 306 693 298 710 300 723 309 709 313 693 312 17 466 172.500168 89.123299 54.947979 -0.055104 0.190827 0.056706 8.550048 -31.560368 570.353149 -23.999138 -33.255955 576.696289 41.099236 -29.864782 564.010071
555 302 568 294 585 294 598 302 584 307 568 308 674 304 688 296 704 297 718 307 704 311 688 310 1027 160 -28.398481 29.336609 42.994503 -0.026253 0.216900 0.037619 5.674756 -31.994104 566.859863 -26.728783 -33.138882 574.019470 38.078293 -30.849325 559.700256
555 302 568 294 584 294 597 302 583 307 568 308 673 304 687 296 704 297 717 306 703 311 687 310 1109 40 -44.731262 5.634529 40.262817 -0.026134 0.231780 0.037426 5.282400 -32.009785 566.052002 -27.011492 -33.140884 573.692993 37.576290 -30.878683 558.411011
555 307 568 298 584 298 596 307 583 311 568 312 673 308 687 301 703 302 717 310 703 315 687 314 1074 717 -37.613972 139.702744 53.011078 -0.041834 0.179739 0.035362 5.296041 -30.109987 572.007690 -27.353292 -31.152811 577.965271 37.945374 -29.067163 566.050049
553 307 566 299 582 299 595 307 581 312 567 313 672 309 685 301 702 302 715 311 701 315 686 314 1317 711 -85.933220 138.712601 51.386723 -0.038045 0.185225 0.032167 4.484999 -29.935379 574.892517 -28.134830 -30.880310 581.025513 37.104828 -28.990448 568.759521
556 304 569 296 586 296 598 305 584 310 569 310 675 307 689 299 706 300 719 310 705 315 689 313 473 387 81.811218 73.847519 50.646027 -0.042687 0.213982 0.047554 6.038223 -30.436523 565.407471 -26.372162 -31.851435 572.487305 38.448608 -29.021612 558.327576
555 304 568 295 585 295 597 304 583 309 568 309 673 307 687 299 704 300 718 309 703 314 688 313 439 467 88.590401 89.665771 52.338448 -0.050799 0.212719 0.047760 5.446311 -31.044889 569.389343 -26.972677 -32.438873 576.433899 37.865299 -29.650904 562.344788
553 305 567 297 583 297 596 305 582 310 567 310 672 307 685 300 702 301 716 310 701 314 686 313 572 577 62.170490 111.562561 53.546124 -0.059061 0.172416 0.044265 4.672788 -31.022947 576.065979 -28.007494 -32.315575 581.800781 37.353069 -29.730322 570.331177
551 304 564 296 581 295 593 304 579 309 564 310 670 306 683 298 700 299 714 308 700 313 684 312 1069 354 -36.704456 67.797432 46.323608 -0.038506 0.213320 0.035885 3.374682 -31.252367 568.836853 -29.056374 -32.298546 575.886108 35.805737 -30.206190 561.787659
553 303 567 294 583 294 596 303 582 308 567 308 671 306 685 298 702 299 715 308 701 313 686 311 656 251 45.391972 47.058662 46.989216 -0.056765 0.204514 0.048796 4.516933 -31.750526 572.318115 -27.956833 -33.166039 579.101196 36.990700 -30.335016 565.534973
554 301 567 293 583 293 595 302 581 307 567 307 671 304 685 297 701 298 715 307 701 312 685 310 157 179 144.595779 32.390026 48.764160 -0.055065 0.244719 0.053736 4.267068 -32.327961 570.846680 -27.901236 -33.870258 578.932556 36.435371 -30.785664 562.760803
547 308 560 299 576 299 588 307 575 312 560 313 665 308 678 300 695 301 709 310 694 315 679 314 906 716 -4.209272 139.367569 54.038803 -0.062970 0.170194 0.028912 0.779737 -30.203569 576.423035 -31.931686 -30.980772 582.072632 33.491161 -29.426369 570.773376
547 304 560 295 576 295 589 304 575 309 560 309 665 305 678 296 695 297 709 306 695 311 679 310 1426 37 -107.763885 5.299007 38.233147 -0.024338 0.261919 0.027618 0.726795 -31.482782 563.279663 -31.333103 -32.283970 571.886719 32.786694 -30.681595 554.672668
550 308 563 299 579 299 592 307 578 312 563 313 668 309 681 301 698 302 711 311 697 315 682 314 472 723 82.088432 140.399902 56.871132 -0.073739 0.189693 0.036872 2.440962 -30.179131 578.553162 -30.146074 -31.163332 584.852051 35.027996 -29.194929 572.254211
550 303 563 295 579 295 592 304 578 309 563 309 668 306 682 297 699 299 713 308 698 313 683 312 404 172 95.480942 31.205078 47.096390 -0.048382 0.250953 0.044778 2.610320 -31.136921 563.833008 -29.521667 -32.406681 572.108459 34.742306 -29.867159 555.557617
573 331 586 323 602 323 614 331 600 336 586 336 687 333 700 326 716 327 729 336 716 340 701 339 341 733 108.138664 142.273743 57.872028 -0.153344 0.155585 0.049873 14.645437 -17.360865 602.052917 -18.118042 -18.608629 607.302429 47.408916 -16.113100 596.803467
576 328 590 318 606 319 619 328 605 332 590 332 692 330 706 322 723 323 736 333 721 337 706 336 162 63 143.574524 9.417408 46.586029 -0.112930 0.125229 0.048830 17.265480 -18.931227 592.112000 -15.640152 -20.310102 596.340210 50.171112 -17.552353 587.883789
579 333 592 325 608 325 620 333 607 337 592 337 693 335 707 328 722 329 735 338 721 341 707 340 401 804 96.224892 156.386032 58.812481 -0.155019 0.097334 0.046008 18.398165 -16.508814 605.167603 -14.614785 -17.777695 608.498474 51.411118 -15.239933 601.836731
574 329 588 320 604 320 617 329 603 333 588 334 690 331 704 322 721 323 734 333 720 337 705 336 923 15 -7.753063 0.530859 40.958431 -0.065986 0.136823 0.038102 16.214451 -18.437737 590.994385 -16.656139 -19.548151 595.560608 49.085041 -17.327324 586.428101
587 330 600 322 616 322 628 331 614 335 600 335 701 334 714 326 730 328 743 337 729 340 715 339 561 329 64.299866 62.430981 49.024502 -0.072741 0.121729 0.052755 22.883539 -17.495142 603.753967 -10.029613 -19.093443 607.844116 55.796692 -15.896841 599.663757
587 331 601 322 617 323 630 331 616 335 601 335 703 334 716 327 732 329 745 338 731 342 716 340 592 453 58.164783 87.017578 51.126511 -0.085105 0.101291 0.058364 23.640177 -16.967051 600.663574 -9.338138 -18.755415 604.097595 56.618488 -15.178685 597.229614
585 332 598 324 614 324 627 332 613 336 598 336 700 335 713 327 729 328 741 337 728 341 713 340 728 425 31.116165 81.582474 49.761318 -0.059023 0.123651 0.045943 21.922855 -16.773880 602.815002 -10.993570 -18.173153 606.951477 54.839283 -15.374606 598.678467
588 331 602 323 617 323 630 331 616 335 601 335 703 335 717 327 733 329 745 338 731 342 717 340 200 568 136.136459 109.476295 55.696205 -0.107763 0.122833 0.062354 23.807812 -16.933125 601.187500 -9.082758 -18.773827 605.356628 56.698380 -15.092422 597.018311
588 329 601 320 618 320 631 330 616 334 601 334 703 333 717 325 734 327 747 337 733 341 717 339 18 160 172.229950 28.513165 49.278133 -0.081794 0.149066 0.065701 23.675766 -17.431398 592.375244 -9.089684 -19.399044 597.386536 56.441219 -15.463756 587.363892
587 328 600 320 617 320 630 329 615 333 600 334 702 333 716 325 733 326 746 336 732 340 716 338 348 139 106.608223 24.622902 46.834351 -0.072761 0.138005 0.059892 23.133169 -17.735405 591.531067 -9.696763 -19.548555 596.164429 55.963104 -15.922254 586.897766
588 333 601 325 617 325 630 333 616 337 601 337 702 336 715 329 731 330 744 340 730 343 716 342 209 872 134.417816 169.698441 61.266758 -0.115327 0.109476 0.057225 23.531025 -15.942485 604.389282 -9.421042 -17.624491 608.116455 56.483093 -14.260479 600.662170
586 329 599 320 616 320 629 330 614 334 599 334 702 333 715 325 732 326 745 336 731 340 716 339 770 238 22.721308 44.576721 46.038662 -0.057997 0.116526 0.053036 22.722116 -17.506042 592.013123 -10.211010 -19.149290 595.920654 55.655243 -15.862797 588.105652
584 330 598 321 614 321 627 330 613 334 598 335 700 333 714 325 730 326 743 336 729 340 714 338 1092 262 -41.299213 49.593304 44.477585 -0.053427 0.117411 0.045511 21.822582 -17.451469 592.799377 -11.119383 -18.853975 596.726196 54.764545 -16.048964 588.872620
587 330 600 321 617 322 630 331 615 335 600 335 702 334 716 326 733 327 746 338 731 341 716 340 18 361 172.276840 68.326241 52.998352 -0.096674 0.138105 0.060963 23.138809 -16.982534 593.444519 -9.688657 -18.774918 598.103271 55.966274 -15.190150 588.785706
586 332 600 324 616 324 628 332 614 336 600 336 701 335 715 328 731 329 744 339 730 342 715 341 492 602 78.083435 116.449150 54.507042 -0.097295 0.113017 0.053374 22.884993 -16.433361 599.523438 -10.061008 -18.016047 603.346497 55.830994 -14.850676 595.700378
586 330 600 322 616 322 628 331 614 335 600 335 701 334 715 326 731 327 744 337 730 341 715 339 197 339 136.679550 64.114670 51.476429 -0.069722 0.162337 0.051776 22.499264 -17.064650 595.309143 -10.224874 -18.586792 600.728882 55.223400 -15.542507 589.889404
583 330 597 321 613 321 626 330 612 335 597 335 699 333 713 325 730 326 743 336 729 340 713 339 1095 119 -41.929089 21.271029 41.812180 -0.052876 0.137800 0.044323 21.193581 -17.259035 589.916748 -11.664042 -18.604237 594.513184 54.051201 -15.913833 585.320374
586 329 599 320 615 321 628 330 614 334 599 334 701 332 714 324 730 325 743 335 729 339 714 338 136 189 148.773727 34.353638 49.080025 -0.059001 0.212566 0.050432 21.994881 -17.783331 590.918213 -10.420911 -19.236309 597.965515 54.410671 -16.330351 583.870850
581 330 595 321 611 321 624 330 610 335 595 335 697 333 711 324 727 325 740 335 726 339 711 338 1352 85 -93.038612 14.746216 39.582401 -0.050805 0.132532 0.036574 20.080229 -17.396017 591.440674 -12.811320 -18.494530 595.856445 52.971779 -16.297506 587.024902
582 334 595 326 610 326 623 333 609 338 595 338 696 335 709 328 725 329 738 337 724 341 710 340 528 662 70.939232 128.363022 55.393364 -0.074535 0.144139 0.035744 19.802874 -16.171928 602.327576 -13.036636 -17.175400 607.135803 52.642384 -15.168455 597.519287
437 165 451 155 470 154 484 164 469 170 452 171 572 162 588 152 608 152 624 162 608 169 589 168 1386 386 -99.728920 74.394539 44.941738 0.010591 0.209733 0.017292 -45.136391 -92.919525 488.220551 -77.608650 -93.526192 495.130249 -12.664128 -92.312866 481.310852
489 176 503 166 522 166 536 176 521 182 503 183 624 177 640 167 660 167 676 178 659 184 641 183 1380 196 -98.580208 36.755390 41.462479 0.001808 0.186136 0.039231 -21.036707 -87.507072 491.858765 -53.642559 -88.807457 498.000977 11.569148 -86.206696 485.716553
542 175 559 166 579 167 594 178 577 183 558 182 681 182 698 173 717 175 732 186 716 191 698 189 193 202 137.442947 36.975132 48.965664 0.087456 0.073647 0.064178 5.673816 -85.546715 491.763153 -27.372793 -87.778397 494.108551 38.720425 -83.315033 489.417786
514 177 529 165 548 165 563 177 547 183 529 184 651 179 667 167 687 168 703 180 687 187 668 186 1258 95 -74.345428 16.650253 40.352879 0.048503 0.205362 0.044476 -8.410742 -85.308708 483.899414 -40.885368 -86.938828 490.630005 24.063885 -83.678581 477.168823
533 180 549 171 569 172 584 183 567 188 549 188 673 187 689 177 709 178 724 190 707 196 689 194 657 366 45.219963 69.838104 49.111473 0.074762 0.037973 0.056644 1.498907 -83.673393 492.618927 -31.628763 -85.598114 493.807404 34.626579 -81.748665 491.430450
535 190 551 182 570 182 586 193 569 198 551 197 675 197 691 188 710 189 725 199 709 205 691 203 575 877 61.643955 170.987503 59.080009 0.046668 0.029532 0.054997 2.327152 -79.441971 493.593872 -30.812998 -81.289146 494.530884 35.467300 -77.594788 492.656830
548 181 565 172 585 174 601 185 583 189 564 188 690 191 707 182 726 184 742 194 725 200 706 198 393 366 97.713425 69.622650 50.755554 0.090744 0.030899 0.076824 9.165749 -80.896530 483.697205 -23.925369 -83.487556 484.605011 42.256866 -78.305511 482.789368
526 185 542 176 562 177 578 188 560 193 542 193 667 192 683 182 703 183 719 193 702 200 684 198 1138 291 -50.439037 55.375023 44.727863 0.079119 0.135759 0.056554 -1.475185 -79.593025 481.144226 -34.321739 -81.640091 485.557068 31.371370 -77.545959 476.731415
524 187 540 178 560 179 575 190 558 195 540 195 665 194 681 184 701 184 717 195 700 201 682 200 965 479 -15.996054 92.471939 49.284847 0.078916 0.089080 0.050940 -2.471996 -79.247520 484.211823 -35.502228 -81.050789 487.094818 30.558237 -77.444252 481.328857
537 188 554 180 574 181 589 192 572 197 553 196 678 196 694 187 713 188 728 198 712 204 694 203 225 723 131.201645 140.198318 58.409344 0.165749 -0.187384 0.048334 4.106789 -77.246780 478.987488 -28.479635 -78.321533 472.700256 36.693214 -76.172028 485.274719
544 186 561 177 581 178 596 190 579 195 560 194 686 197 703 187 722 189 737 201 720 206 702 204 392 604 97.967789 116.763687 55.166817 0.071293 0.188035 0.092300 6.776433 -76.748085 474.742798 -25.702892 -80.009598 480.826843 39.255760 -73.486572 468.658783
534 185 550 175 571 176 586 188 568 193 550 193 676 194 693 184 713 185 729 197 712 203 693 201 888 433 -0.696191 83.297646 48.912975 0.064322 0.125447 0.076570 2.515502 -78.226501 476.561890 -30.331470 -80.891785 480.627899 35.362473 -75.561211 472.495911
568 157 585 147 605 149 620 162 602 166 583 165 708 172 725 163 744 165 759 178 742 183 724 180 560 11 64.424515 -0.557685 43.145008 0.130042 -0.115120 0.103825 18.230616 -90.319771 483.959686 -14.576563 -93.496086 479.939758 51.037792 -87.143463 487.979584
562 183 577 174 595 173 610 183 594 189 577 189 701 182 716 173 736 173 752 183 735 189 717 188 728 600 31.156988 116.245598 53.000317 0.080551 0.308586 0.031502 13.506872 -81.936432 476.965912 -18.114117 -83.373817 486.996185 45.127861 -80.499046 466.935608
555 176 571 166 591 166 606 177 589 183 571 183 695 180 711 170 730 171 746 182 729 188 711 187 725 391 31.704750 74.845474 49.150711 0.085567 0.121701 0.045607 11.777146 -86.045883 489.544434 -21.147799 -87.726707 493.504547 44.702091 -84.365059 485.584320
535 183 550 173 569 173 584 183 568 189 550 189 674 185 690 175 710 176 727 187 710 193 691 192 1332 582 -88.945892 113.173172 48.905704 0.020059 0.197757 0.050317 1.812315 -82.032875 481.649231 -30.703602 -83.757584 488.153107 34.328232 -80.308159 475.145386
554 179 570 172 588 172 603 179 586 183 569 183 689 182 706 176 724 178 740 186 724 188 706 187 842 473 8.459729 91.183105 49.939785 -0.600595 0.036687 0.055657 10.813615 -91.142044 524.399841 -22.319641 -92.524864 526.083557 43.946869 -89.759224 522.716187
588 172 606 164 626 166 641 179 623 183 604 181 732 192 750 184 770 187 786 199 768 204 749 201 484 484 79.646614 93.069771 52.372852 0.107280 0.298461 0.162668 26.320099 -77.218941 456.311768 -4.986692 -83.032654 465.726929 57.626892 -71.405220 446.896637
538 163 554 152 574 153 589 166 572 171 554 171 680 171 697 160 718 161 734 174 716 180 697 178 829 7 10.935925 -1.130454 41.395756 0.000387 0.152068 0.083618 4.330375 -88.402313 475.192780 -28.375685 -91.165878 480.216339 37.036434 -85.638741 470.169250
553 192 570 182 591 184 607 196 589 201 570 200 698 202 715 191 736 192 752 204 734 210 715 209 503 630 75.902733 122.004227 54.956779 0.082356 0.029651 0.066456 12.274546 -73.494125 468.757751 -20.842438 -75.736832 469.649536 45.391529 -71.251419 467.865967
514 303 529 293 548 293 563 303 547 308 529 309 651 305 667 295 686 296 702 307 685 313 667 311 983 229 -19.633474 42.967876 44.545609 -0.179328 0.098566 0.039329 -8.709561 -28.153671 500.364319 -41.728073 -29.157768 503.730225 24.308950 -27.149574 496.998413
525 305 540 296 559 296 574 306 557 311 540 311 662 310 678 301 697 302 712 313 696 318 678 317 426 595 91.205162 115.008759 54.788502 -0.152384 0.085866 0.057453 -3.564995 -26.309439 502.861023 -36.593098 -27.989765 505.841064 29.463106 -24.629112 499.881012
521 308 536 298 555 298 570 308 553 313 536 314 658 310 673 302 693 303 708 314 692 319 674 317 912 699 -5.406271 136.005188 53.686790 -0.134097 0.088222 0.044335 -5.552989 -25.770195 504.156158 -38.596325 -27.039574 507.170502 27.490347 -24.500816 501.141815
528 312 544 303 563 303 578 313 561 318 544 318 666 316 682 308 701 309 716 320 699 325 682 323 808 801 15.296767 156.123962 56.222332 -0.066959 0.037100 0.049257 -1.652424 -23.092575 502.893585 -34.794147 -24.684679 504.178497 31.489300 -21.500473 501.608704
532 310 548 301 568 302 583 313 566 317 548 317 671 317 687 308 706 310 721 321 704 326 687 324 125 636 151.065231 122.884186 57.421856 -0.061674 0.092017 0.066669 0.441666 -22.487730 494.749847 -32.549080 -24.601196 497.864929 33.432411 -20.374264 491.634796
531 312 548 303 567 304 582 315 565 319 547 319 670 319 686 311 706 312 721 323 704 328 686 326 390 683 98.383896 132.409973 56.641449 -0.063101 0.092047 0.065787 0.167466 -21.553766 494.554565 -32.825123 -23.635794 497.671265 33.160057 -19.471739 491.437866
521 314 537 304 556 305 571 315 554 320 537 320 659 319 675 310 694 312 709 323 693 328 675 326 132 552 149.653763 106.251602 55.823544 -0.074764 0.138802 0.059266 -5.029943 -21.255335 494.013855 -37.857471 -23.042065 498.674408 27.797585 -19.468607 489.353333
510 314 525 304 545 304 560 315 543 320 526 320 649 317 665 307 684 307 700 318 684 324 665 323 1375 389 -97.540993 74.979790 45.065769 -0.047938 0.175461 0.032676 -9.937391 -21.865145 485.376343 -42.614849 -22.804741 491.195343 22.740065 -20.925550 479.557373
513 314 528 304 547 305 562 314 545 319 528 320 650 317 666 308 685 309 701 319 685 325 667 323 695 663 37.733368 128.697388 54.371868 -0.096378 0.125762 0.044702 -9.235423 -22.333717 495.991791 -42.145145 -23.610563 500.220215 23.674297 -21.056871 491.763367
519 307 535 297 554 297 569 309 552 314 534 314 657 313 673 303 693 304 708 316 692 321 674 320 436 256 89.137695 47.869495 48.451824 -0.056781 0.185397 0.058686 -5.966382 -24.189432 486.688110 -38.545502 -25.950605 492.857300 26.612736 -22.428259 480.518921
517 306 532 296 552 296 567 307 550 313 532 313 656 311 672 301 692 302 708 314 691 319 672 318 469 43 82.526321 5.706450 44.303993 -0.053619 0.207016 0.055997 -6.713907 -24.572092 481.418091 -39.158260 -26.232809 488.285797 25.730446 -22.911375 474.550354
502 309 518 299 538 299 553 310 536 316 518 316 641 312 658 301 678 302 694 313 677 319 658 318 952 241 -13.466669 45.319477 44.960766 -0.049506 0.169884 0.033914 -13.209416 -24.129921 485.282349 -45.917328 -25.110697 490.920624 19.498493 -23.149145 479.644073
500 310 515 299 535 299 550 310 533 316 515 317 638 312 655 302 675 302 691 314 674 320 656 319 1290 361 -80.646217 69.364319 45.076874 -0.044107 0.175119 0.031188 -14.557354 -23.809853 484.285065 -47.238346 -24.711773 490.090149 18.123636 -22.907930 478.479980
497 311 512 301 532 301 547 311 530 317 512 317 636 313 652 303 672 304 688 315 671 320 653 319 1025 408 -27.942949 78.457581 47.597084 -0.049480 0.147238 0.030288 -15.938289 -23.537903 486.871002 -48.768726 -24.418726 491.764465 16.892151 -22.657080 481.977539
503 316 519 307 538 307 553 317 537 322 519 322 643 319 659 310 679 311 695 322 678 327 660 326 593 720 58.028233 139.904419 56.062069 -0.073873 0.149922 0.043765 -12.782412 -20.744774 486.495728 -45.583267 -22.007339 491.502655 20.018444 -19.482208 481.488800
492 313 508 303 527 303 543 314 526 320 508 320 632 316 649 306 669 306 685 317 668 323 649 322 1043 332 -31.539780 63.418568 46.078335 -0.039716 0.182795 0.033047 -17.480190 -21.914734 478.336853 -50.113838 -22.885303 484.391846 15.153457 -20.944166 472.281891
470 314 486 303 506 303 522 313 505 319 487 320 612 313 629 303 649 303 666 314 649 320 630 319 857 422 5.465249 81.093521 48.902435 -0.045356 0.159584 0.009939 -26.766865 -22.571037 476.835083 -59.548199 -22.779633 482.117157 6.014469 -22.362442 471.553009
488 302 504 292 523 291 538 301 522 307 504 308 628 301 645 291 665 292 681 303 664 309 646 308 554 193 65.660011 35.487068 46.550934 -0.082684 0.177588 0.021685 -19.545681 -28.409529 484.245422 -52.220806 -28.881935 490.133759 13.129448 -27.937122 478.357086
480 309 495 298 514 297 530 307 514 313 496 314 619 305 635 295 655 296 672 306 655 312 636 312 1258 558 -74.237419 108.358978 48.922340 -0.094236 0.149210 0.001608 -23.740503 -26.250538 488.236481 -56.576603 -26.070812 493.167786 9.095596 -26.430264 483.305176
480 311 495 300 515 299 530 310 514 317 496 318 621 309 637 298 657 298 674 309 657 316 638 315 1049 31 -32.803028 3.802887 40.469894 -0.066557 0.245942 0.005046 -22.570864 -23.766777 468.161011 -54.776447 -23.662231 476.244904 9.634718 -23.871321 460.077148
536 291 552 280 572 281 586 292 570 297 552 297 674 295 689 285 708 287 722 298 707 303 689 302 211 890 134.024338 173.265427 61.587460 -0.047521 0.020256 0.048711 2.090495 -33.126755 502.427521 -31.068132 -34.726856 503.137970 35.249123 -31.526655 501.717072
520 292 536 282 556 282 572 293 555 298 536 298 659 294 675 284 694 285 710 296 693 302 675 301 1396 382 -101.718239 73.610397 44.805428 -0.007188 0.100940 0.025714 -4.860360 -32.322231 490.609985 -37.885201 -33.162464 493.958649 28.164478 -31.482000 487.261322
521 289 537 279 557 279 573 291 556 296 537 296 660 293 676 283 696 284 711 295 695 301 677 300 751 40 26.453056 5.342365 42.492290 -0.000092 0.183055 0.038279 -4.454057 -32.744858 483.290131 -37.079903 -34.008244 489.333130 28.171789 -31.481474 477.247131
525 289 542 279 562 280 577 292 560 297 542 297 664 295 680 284 699 285 714 297 698 303 680 302 392 289 97.894302 54.370060 49.336620 0.066297 -0.232352 0.042381 -1.701447 -32.145782 483.523438 -33.984753 -33.284508 475.838959 30.581860 -31.007061 491.207886
525 291 542 281 562 281 577 293 560 298 541 298 663 296 679 286 699 287 714 298 698 304 680 303 554 303 65.685669 57.275318 48.586872 -0.030122 0.016878 0.045044 -2.578296 -32.402454 496.242828 -35.744705 -33.888882 496.825470 30.588114 -30.916031 495.660156
531 290 548 280 568 280 583 292 566 297 547 297 669 295 685 285 705 286 719 298 703 304 685 302 436 198 89.124161 36.381145 47.378330 0.058371 -0.183499 0.046412 0.779309 -32.288860 490.046326 -31.832649 -33.642643 483.948181 33.391266 -30.935081 496.144440
535 289 551 279 571 280 585 291 568 296 550 296 672 295 687 285 707 286 721 298 705 303 688 302 173 197 141.418549 35.968433 48.997673 -0.013692 0.187656 0.057162 1.140848 -32.771954 492.596710 -31.427124 -34.615280 498.800659 33.708820 -30.928625 486.392761
524 292 540 283 559 283 574 293 557 298 540 298 662 296 678 288 697 289 711 299 695 304 678 303 983 567 -19.554625 109.917229 50.801502 -0.049032 0.033244 0.046903 -3.568725 -32.487053 499.973145 -36.718693 -34.015938 501.114136 29.581242 -30.958170 498.832153
528 293 545 283 564 284 579 295 562 301 544 300 666 299 681 289 701 290 715 301 699 307 682 306 49 393 166.120300 74.689941 53.397572 0.077941 -0.213831 0.053257 -0.902620 -30.600088 488.017426 -33.304882 -32.076973 480.913055 31.499643 -29.123203 495.121765
523 294 540 285 559 285 575 296 558 301 539 301 661 299 677 290 697 291 712 302 695 307 677 306 1046 396 -32.121365 76.097816 47.244202 0.037154 -0.133236 0.043694 -3.216697 -30.446415 492.818634 -36.095661 -31.810139 488.383148 29.662268 -29.082691 497.254120
523 294 540 283 559 284 574 296 557 301 539 301 661 300 677 289 696 291 711 302 695 308 677 306 384 325 99.493408 61.494232 50.052750 0.056256 -0.183376 0.053332 -3.244292 -30.259008 488.915894 -35.845596 -31.847500 482.817444 29.357012 -28.670515 495.014374
516 297 532 288 551 288 567 298 550 304 532 304 653 301 669 292 688 293 703 303 687 309 669 307 579 711 60.809875 138.110321 55.982677 -0.025430 0.091035 0.041389 -7.566921 -30.033554 499.886108 -40.605850 -31.367044 502.921021 25.472008 -28.700064 496.851196
523 302 540 292 559 293 574 304 557 309 539 308 661 309 677 299 696 300 710 312 694 317 677 315 341 562 108.098770 108.402916 54.707066 -0.041287 0.167371 0.062385 -4.102813 -26.406199 492.220215 -36.779408 -28.351692 497.789307 28.573782 -24.460705 486.651123
529 298 546 289 566 290 581 302 563 307 545 306 667 307 683 297 702 299 717 311 701 316 683 314 95 486 156.995407 93.148453 54.832397 0.072192 -0.226299 0.072942 -0.269570 -26.939028 486.049988 -32.540634 -29.066380 478.525848 32.001495 -24.811674 493.574097
517 297 533 287 553 288 568 299 551 304 532 304 653 303 669 293 689 294 703 305 687 311 669 310 918 404 -6.668122 77.577957 48.189400 0.039625 -0.167200 0.049124 -6.702858 -29.031242 494.968140 -39.404812 -30.544027 489.413574 25.999096 -27.518456 500.522705
524 298 540 289 560 289 575 301 558 305 540 305 661 306 677 296 696 297 710 309 694 314 677 312 464 575 83.644623 111.078270 54.181683 -0.033632 0.125379 0.066206 -3.945308 -28.241428 497.614471 -36.816952 -30.362114 501.799835 28.926336 -26.120741 493.429108
519 302 535 293 555 293 570 304 553 309 535 309 656 308 672 299 691 300 706 311 690 316 672 315 1178 811 -58.271286 158.406662 54.103214 -0.021040 0.022482 0.051476 -5.930075 -26.937172 501.115753 -39.082520 -28.637535 501.879791 27.222370 -25.236807 500.351685
516 297 533 287 552 287 567 299 550 304 532 304 653 302 669 292 689 293 704 304 687 310 670 309 1365 67 -95.627716 11.191475 39.168285 0.008357 0.216608 0.043802 -7.410491 -28.945118 487.027893 -39.807777 -30.417664 494.155792 24.986795 -27.472572 479.899994
529 296 546 287 565 287 580 299 563 304 545 303 665 303 680 294 699 295 714 306 698 312 680 310 284 489 119.415558 93.896919 53.710911 -0.020433 0.165668 0.065015 -1.915878 -29.527157 501.098999 -34.596249 -31.618387 506.592621 30.764494 -27.435926 495.605408
534 296 550 287 569 288 584 299 567 304 549 303 669 304 685 295 704 296 718 308 702 313 685 311 318 362 112.625412 68.769142 51.148586 -0.016451 0.209323 0.070204 0.118799 -28.871840 496.671021 -32.280037 -31.127029 503.583984 32.517635 -26.616652 489.758057
529 283 545 273 564 273 579 284 562 290 544 290 668 288 684 278 704 279 720 291 703 296 685 295 921 45 -7.348387 6.471477 41.526142 -0.087646 0.118965 0.054690 -0.818325 -35.884235 489.699341 -33.739101 -37.519939 493.712616 32.102451 -34.248531 485.686035
551 291 567 281 587 282 601 294 584 298 567 298 689 300 705 291 724 293 739 305 723 309 705 307 122 429 151.613464 81.880219 53.609264 -0.082504 0.091720 0.087963 9.334754 -31.238493 496.458649 -23.602442 -34.022717 499.612823 42.271950 -28.454271 493.304504
540 293 556 283 576 284 591 295 573 300 555 300 678 300 694 290 714 292 729 304 712 309 694 307 989 166 -20.841204 30.494047 43.342205 -0.054220 0.108034 0.069033 4.134822 -30.797764 493.636230 -28.797541 -32.985500 497.273956 37.067184 -28.610027 489.998535
542 293 558 283 578 284 593 296 576 301 558 301 681 301 697 292 717 293 732 305 715 311 697 309 535 62 69.407387 9.523738 44.244633 -0.050510 0.154445 0.077011 5.130862 -29.791405 488.477783 -27.580799 -32.205612 493.642883 37.842522 -27.377199 483.312653
543 303 559 294 577 295 592 305 575 309 558 309 680 311 696 303 714 305 729 315 713 319 696 317 417 724 93.024811 140.553085 57.232155 -0.101861 0.108210 0.080616 4.934510 -26.171282 500.621368 -27.968721 -28.652811 504.333374 37.837742 -23.689751 496.909363
536 303 552 294 571 295 587 305 570 311 551 310 674 309 690 300 709 301 724 312 708 318 690 316 1086 362 -40.082851 69.395912 46.365807 -0.036297 0.105651 0.053535 2.178772 -26.067835 493.943237 -30.793438 -27.777321 497.474640 35.150982 -24.358349 490.411865
540 302 556 293 576 293 590 305 573 310 555 309 677 310 693 300 713 302 728 313 711 319 693 317 833 263 10.200290 49.580009 46.109035 -0.041001 0.083591 0.066087 3.919023 -26.245876 497.119476 -29.097475 -28.378675 499.934021 36.935520 -24.113079 494.304932
542 306 558 297 577 298 591 308 575 312 558 312 679 313 694 305 713 307 727 317 711 322 694 320 408 749 94.820190 145.497620 57.750919 -0.111532 0.092779 0.073482 4.514770 -25.129772 505.156677 -28.457996 -27.387566 508.359619 37.487537 -22.871979 501.953766
537 307 553 298 571 298 586 308 570 313 552 313 674 313 690 305 709 307 724 317 707 321 690 320 1067 708 -36.224197 137.914352 52.888092 -0.082592 0.049160 0.063120 2.359861 -24.872267 501.925079 -30.738800 -26.896189 503.640289 35.458523 -22.848345 500.209900
534 301 551 291 571 292 586 304 569 309 550 308 673 309 690 299 709 301 724 312 708 318 690 316 703 175 36.028816 32.043316 45.289867 -0.031330 0.172510 0.067900 1.688748 -26.132006 486.137451 -30.947117 -28.283894 491.867157 34.324612 -23.980120 480.407776
540 301 556 291 576 292 590 304 573 309 555 308 678 310 694 300 713 302 728 314 712 319 694 317 70 366 161.938385 69.359055 52.767059 -0.058845 0.176948 0.080431 3.751302 -25.999958 489.663452 -28.828428 -28.480049 495.576996 36.331032 -23.519867 483.749908
540 305 556 296 576 296 591 307 574 312 556 312 678 312 694 303 714 304 729 315 712 320 694 319 1348 326 -92.187035 62.479027 44.067875 -0.035162 0.094479 0.061512 4.258037 -24.960560 493.211334 -28.736006 -26.943203 496.377075 37.252079 -22.977915 490.045593
538 307 555 298 574 299 589 309 572 313 554 313 676 314 692 306 711 307 726 319 710 323 692 321 1131 591 -48.977180 114.791809 50.324028 -0.059391 0.041584 0.066454 3.428957 -24.346254 501.000641 -29.673910 -26.508324 502.444702 36.531822 -22.184185 499.556610
544 307 560 298 579 299 594 310 577 314 560 314 681 315 698 307 717 309 731 320 715 325 697 322 425 511 91.384407 98.369644 53.240013 -0.075258 0.127119 0.081433 5.702723 -23.650301 496.202515 -27.124609 -26.183004 500.505005 38.530056 -21.117598 491.900055
539 304 555 294 575 295 589 307 572 312 554 311 677 312 693 303 713 304 727 317 711 322 693 320 628 322 50.976025 61.099136 48.477695 -0.050768 0.125762 0.074604 3.460464 -24.815479 493.240723 -29.390064 -27.177031 497.462769 36.310993 -22.453930 489.018707
541 306 558 296 578 297 592 309 575 313 557 313 680 314 696 305 716 306 731 319 714 324 696 322 697 263 37.242378 49.469021 46.955986 -0.051339 0.134961 0.077076 4.891940 -23.894707 490.145660 -27.912733 -26.327814 494.672607 37.696613 -21.461601 485.618744
537 306 554 296 574 297 589 309 571 314 553 313 676 314 692 304 712 306 727 318 710 323 692 321 981 404 -19.194971 77.629372 47.797062 -0.049443 0.096444 0.068042 3.182860 -24.098356 492.941101 -29.790977 -26.272472 496.190521 36.156696 -21.924242 489.691650
521 304 537 294 556 294 571 305 554 311 537 310 659 309 675 299 694 300 710 311 693 317 675 315 1352 159 -93.021355 29.403767 40.952034 -0.029674 0.166800 0.047315 -4.994137 -26.029238 488.994629 -37.701153 -27.510254 494.527924 27.712879 -24.548222 483.461334
527 302 544 292 563 293 578 304 561 309 543 309 665 308 681 299 701 300 716 312 700 317 682 315 630 162 50.541023 29.408768 45.503872 -0.052000 0.186686 0.065781 -1.991772 -26.374981 488.655121 -34.548389 -28.383415 494.867432 30.564846 -24.366545 482.442841
536 303 552 295 571 296 585 306 569 311 551 310 673 311 689 302 708 304 723 314 706 319 689 318 160 526 144.080215 101.124504 55.167950 -0.077825 0.195489 0.075116 1.491257 -25.498295 491.645538 -30.988426 -27.720263 498.179474 33.970940 -23.276325 485.111572
567 296 585 286 606 287 621 300 603 305 584 304 713 305 730 295 751 296 766 309 749 314 730 313 643 504 48.035900 97.161026 51.752838 -0.046590 0.112607 0.076710 18.456316 -26.925295 467.904541 -14.440809 -29.376677 471.689972 51.353439 -24.473913 464.119110
587 306 604 300 622 301 638 310 621 311 604 310 725 314 741 308 758 309 774 317 758 319 741 318 344 885 107.577606 172.383591 60.666649 -0.766594 0.021144 0.077056 27.846411 -25.605398 516.360962 -5.257545 -27.662083 517.928711 60.950367 -23.548716 514.793274
547 300 565 289 587 290 603 303 584 308 564 308 697 307 715 296 736 297 752 310 735 316 715 315 961 351 -15.230558 67.115074 46.940659 -0.025584 0.181633 0.056565 10.230711 -24.667719 448.734589 -22.375101 -26.457518 454.752655 42.836521 -22.877922 442.716492
551 300 569 289 590 290 606 303 588 309 568 308 700 308 718 297 739 298 755 311 737 317 718 316 709 417 34.892239 79.982368 49.731575 -0.034777 0.201849 0.065232 11.567049 -24.516665 450.297699 -20.893555 -26.549952 456.986084 44.027653 -22.483377 443.609314
548 301 565 291 587 292 603 305 585 310 565 310 697 309 715 298 736 300 752 312 734 319 715 317 682 550 40.291912 106.304306 52.361359 -0.034683 0.188664 0.062692 10.302495 -23.979862 451.673645 -22.248344 -25.939173 457.931702 42.853336 -22.020550 445.415558
548 301 566 290 588 291 604 304 585 310 566 309 698 309 715 298 736 299 752 312 735 318 715 317 677 407 41.252747 77.975502 49.745773 -0.031597 0.220927 0.063644 10.476835 -24.068033 449.757202 -21.854317 -26.047041 457.060608 42.807987 -22.089025 442.453796
539 300 557 290 578 290 595 303 576 309 556 308 689 307 707 296 728 297 745 309 727 316 707 314 1346 314 -91.792160 60.100494 43.858227 -0.002878 0.237248 0.046662 6.656055 -24.409510 443.694305 -25.582838 -25.932564 451.497742 38.894947 -22.886456 435.890869
542 300 560 289 582 290 599 303 580 308 560 308 693 307 710 296 732 297 748 310 730 316 711 315 1165 313 -55.802555 59.754707 44.966908 -0.006064 0.232783 0.055145 8.115893 -24.371204 443.852600 -24.143307 -26.161537 451.514069 40.375095 -22.580872 436.191101
545 295 564 289 583 290 600 297 581 299 563 298 688 301 706 296 725 298 743 305 725 307 707 305 998 707 -22.504549 137.659973 53.299286 -0.705551 0.023422 0.069563 8.778214 -29.124994 478.424408 -24.340841 -30.982870 479.919769 41.897270 -27.267118 476.929047
561 286 580 276 602 278 619 291 599 296 578 295 716 298 734 288 755 291 771 303 753 309 734 306 197 528 136.723633 101.550850 54.974545 0.049337 -0.113039 0.087325 17.748510 -28.539064 437.917480 -15.118201 -31.335228 434.106903 50.615223 -25.742903 441.728027
561 297 580 289 602 291 619 303 600 308 579 306 718 311 737 302 758 304 774 315 755 321 736 319 140 566 148.066315 109.031181 56.032841 0.068979 -0.187681 0.090617 18.197372 -22.833433 427.768799 -14.289196 -25.604176 421.483459 50.683941 -20.062693 434.054138
544 280 563 270 586 272 603 285 583 291 562 290 702 294 721 283 744 285 760 299 741 305 721 302 777 96 21.296310 16.455784 43.366852 -0.004510 0.098153 0.095478 11.005127 -30.187027 431.921265 -21.888880 -33.340103 435.177338 43.899132 -27.033949 428.665161
554 288 573 279 595 281 612 294 592 299 571 298 711 304 729 294 751 296 767 309 749 315 728 312 434 399 89.568733 76.192589 51.111004 -0.009545 0.061195 0.106898 14.682443 -26.433681 434.979034 -18.270798 -29.964508 437.022766 47.635685 -22.902855 432.935303
546 287 566 277 589 279 606 293 586 298 564 297 705 302 724 292 746 294 763 307 744 314 723 311 987 194 -20.436995 36.038513 43.872898 0.003730 0.146024 0.097208 11.862413 -26.506769 427.818726 -20.832811 -29.727036 432.636566 44.557636 -23.286503 423.000854
542 289 561 279 584 281 601 295 581 300 560 298 700 303 719 292 742 295 758 308 739 314 719 312 1284 56 -79.524338 8.946546 39.469128 0.012120 0.238568 0.090443 9.588756 -25.684940 420.652710 -22.541197 -28.703262 428.470367 41.718708 -22.666616 412.835083
539 298 558 289 580 291 597 303 577 308 557 307 696 312 715 303 737 305 754 317 735 323 714 320 1231 751 -68.823746 146.565414 52.662640 0.012835 -0.073275 0.091479 9.008714 -22.701878 432.857666 -23.968285 -25.716785 430.410736 41.985714 -19.686972 435.304596
558 295 576 287 596 289 613 301 594 305 574 303 714 313 733 306 755 308 773 320 753 325 733 322 88 669 158.429962 129.390472 58.263058 -0.095860 0.190345 0.138428 15.535056 -22.925850 428.514313 -16.755030 -27.171711 434.985992 47.825142 -18.679989 422.042633
543 297 563 288 585 290 602 303 582 308 561 306 701 313 720 304 742 306 758 319 739 324 719 322 1226 610 -67.862442 118.632767 50.084068 -0.018234 0.072716 0.104045 10.618785 -22.352713 431.647369 -22.318880 -25.776058 434.086731 43.556450 -18.929367 429.208008
545 293 565 284 588 286 605 301 585 305 563 303 704 311 723 300 746 303 763 316 743 322 722 320 741 296 28.501165 56.041405 47.292755 0.005025 0.225247 0.110384 11.262899 -23.161352 422.062653 -20.902742 -26.806990 429.454559 43.428539 -19.515713 414.670746
551 294 571 285 593 287 610 301 590 306 569 304 708 312 728 302 750 305 766 318 747 324 726 321 291 421 118.007820 80.433533 52.408737 -0.029140 0.243299 0.122399 13.113910 -22.777548 424.474701 -18.867086 -26.674191 432.511566 45.094906 -18.880905 416.437805
547 292 567 282 590 285 607 300 586 304 565 302 706 310 725 300 748 303 765 316 745 322 724 320 691 242 38.430511 45.304550 46.604671 0.001070 0.232922 0.114599 11.904536 -23.188978 419.584137 -20.187780 -26.955730 427.229675 43.996853 -19.422228 411.938568
552 296 571 287 594 289 611 302 591 307 570 305 710 313 729 304 750 306 767 319 748 324 727 322 540 439 68.501137 84.202095 51.191223 -0.024539 0.207199 0.117399 13.649527 -22.446007 427.409576 -18.618187 -26.223061 434.271637 45.917240 -18.668951 420.547485
550 301 569 293 591 296 608 308 589 312 568 310 707 319 726 311 747 313 764 325 745 330 725 327 698 852 37.180943 166.136017 57.851303 -0.024341 0.092800 0.118961 13.112608 -20.325743 433.759186 -19.715012 -24.223026 436.876587 45.940228 -16.428461 430.641785
542 292 562 282 584 284 601 298 581 303 560 301 701 309 720 299 742 301 759 314 740 320 719 317 867 119 3.406176 21.084957 43.232067 -0.001327 0.256124 0.108899 9.636858 -23.696619 418.740631 -22.290237 -27.260471 427.138214 41.563953 -20.132765 410.343079
537 311 557 304 579 304 598 312 578 316 557 316 691 312 710 304 732 303 752 311 732 316 711 316 706 640 35.540775 124.150642 53.877666 -0.513039 0.042648 0.013068 8.405968 -22.552565 452.383514 -24.766537 -22.612261 453.846741 41.578472 -22.492868 450.920288
545 311 563 302 585 302 602 313 584 319 563 319 702 315 720 305 741 306 758 316 740 322 720 321 501 751 76.328644 145.969666 57.208771 -0.036454 0.172606 0.030841 10.724117 -20.149048 432.959808 -21.971632 -21.063463 438.679199 43.419868 -19.234632 427.240417
534 297 553 285 576 286 594 299 574 306 553 305 694 302 712 290 735 291 752 303 733 311 712 310 628 74 50.918171 11.976535 43.887573 -0.004887 0.266050 0.040825 6.649882 -24.843824 418.844086 -25.359346 -26.161636 427.575195 38.659111 -23.526012 410.112976
537 297 556 287 578 287 595 299 576 305 555 305 695 301 713 290 735 291 752 303 734 310 714 309 613 393 53.975170 75.150223 49.885216 -0.025087 0.128371 0.037277 7.901117 -25.782969 432.244202 -25.007492 -26.963530 436.509094 40.809727 -24.602406 427.979309
516 303 533 294 555 295 571 307 552 313 533 312 670 315 689 305 711 307 728 319 709 325 689 323 1320 733 -86.524605 143.072708 51.775230 -0.045776 0.209042 0.084663 -2.140851 -21.341185 430.844757 -34.504883 -23.969498 437.788910 30.223181 -18.712873 423.900635
545 303 563 293 584 293 601 304 582 309 562 309 692 311 711 302 732 304 749 316 730 320 711 318 1338 840 -90.078743 164.281418 53.643551 -0.201073 0.042947 0.076190 9.678344 -24.435604 466.274780 -23.399981 -26.802444 467.942749 42.756668 -22.068764 464.606812
544 301 562 291 584 292 601 304 582 309 562 308 694 311 713 301 735 304 751 316 733 321 713 318 764 495 23.974295 95.477104 50.832726 -0.090296 0.076138 0.084965 9.688075 -24.214388 457.373840 -23.301022 -26.911737 460.020233 42.677174 -21.517038 454.727448
544 298 563 288 585 289 602 301 583 307 562 306 696 308 715 298 737 300 754 314 735 319 715 316 613 312 53.956276 59.106144 48.386024 -0.044355 0.101430 0.088498 10.121582 -24.910833 451.428131 -22.782900 -27.765011 454.849884 43.026062 -22.056658 448.006378
545 305 563 295 584 296 601 307 582 312 562 312 695 314 714 305 735 307 752 320 733 324 713 322 536 661 69.348282 128.171478 55.325035 -0.087024 0.078955 0.085934 10.019371 -22.731098 458.455627 -22.959742 -25.460579 461.191986 42.998486 -20.001619 455.719269
543 301 562 290 584 291 601 304 581 309 561 309 694 312 713 302 735 304 752 318 733 323 712 320 537 434 69.096489 83.209274 51.117363 -0.055463 0.085559 0.091976 9.479835 -23.472553 452.733887 -23.463404 -26.438358 455.650513 42.423073 -20.506746 449.817291
541 308 559 298 581 298 598 310 579 315 559 314 692 318 711 309 732 312 749 325 730 328 710 325 642 753 48.292824 146.480881 56.367699 -0.095430 0.056744 0.092059 8.553400 -21.146345 458.096375 -24.457588 -24.102814 460.119629 41.564388 -18.189875 456.073120
536 299 555 288 577 289 594 302 574 308 554 307 690 308 708 297 731 299 748 313 729 319 708 316 649 76 46.743023 12.389823 43.793812 -0.053743 0.143062 0.081549 6.710662 -24.471254 445.877838 -26.045069 -27.038229 450.677063 39.466393 -21.904282 441.078613
533 310 551 300 572 301 589 312 571 317 551 317 684 317 702 308 724 310 741 322 722 327 702 324 670 822 42.741432 160.170914 57.470417 -0.058505 0.081897 0.070434 4.843898 -21.136164 457.666656 -28.167440 -23.389578 460.447540 37.855236 -18.882751 454.885803
531 307 550 296 573 296 590 309 570 314 550 314 682 317 702 307 724 309 741 323 722 328 701 325 612 491 54.196873 94.560753 51.705284 -0.045827 0.079545 0.087832 4.601410 -21.217968 452.495239 -28.370588 -24.066133 455.196167 37.573410 -18.369802 449.794342
526 307 545 296 567 297 584 309 565 314 545 314 677 316 696 306 718 308 735 322 716 326 696 323 1244 461 -71.476303 89.134277 47.214195 -0.055549 0.059062 0.073780 2.336927 -21.380899 452.278748 -30.719744 -23.771439 454.303955 35.393597 -18.990360 450.253571
549 308 568 298 590 300 607 311 588 316 567 315 700 318 718 309 738 311 754 323 736 327 717 325 52 687 165.592361 132.926437 58.820404 0.023517 -0.152224 0.077266 12.347701 -20.631273 451.271576 -20.374479 -23.124907 446.211884 45.069881 -18.137640 456.331238
507 312 525 301 546 301 563 313 544 318 525 319 657 317 675 307 697 309 714 322 695 327 675 325 1302 719 -82.948769 140.284958 51.628204 -0.088652 0.113340 0.059352 -6.693314 -20.354334 454.444946 -39.626919 -22.150661 458.280365 26.240292 -18.558006 450.609528
533 313 552 303 576 303 594 316 574 322 552 322 691 319 709 308 732 309 749 321 730 328 709 327 199 227 136.255737 41.931904 49.391014 0.065626 -0.244350 0.046774 7.373906 -18.102158 422.784973 -24.808966 -19.373426 414.709930 39.556778 -16.830891 430.860016
511 309 529 296 552 297 569 310 550 316 529 316 665 314 684 302 707 304 725 318 705 324 684 322 899 11 -2.981863 -0.281027 41.033859 -0.074974 0.215129 0.062547 -3.823519 -20.613234 432.209869 -36.198883 -22.404287 439.364410 28.551846 -18.822180 425.055328
508 309 526 297 549 297 566 311 547 317 526 317 662 315 681 303 704 304 722 318 702 324 681 323 1140 153 -50.868908 28.042303 42.161228 -0.061184 0.211870 0.057422 -5.021796 -20.497595 433.496552 -37.430058 -22.173527 440.529022 27.386465 -18.821665 426.464111
514 312 532 299 555 299 573 313 553 319 532 319 669 317 688 305 711 307 729 321 709 327 688 325 36 339 168.692612 63.983280 52.479069 -0.081290 0.213752 0.063134 -2.229588 -19.347210 430.964752 -34.613522 -21.136808 438.080750 30.154346 -17.557611 423.848724
508 314 526 301 550 301 567 314 548 320 527 321 664 317 683 304 706 306 724 321 705 326 684 324 651 251 46.386166 47.054581 47.020355 -0.084001 0.165931 0.046697 -4.293951 -19.279701 433.846161 -37.006958 -20.590076 439.387085 28.419054 -17.969328 428.305267
513 311 532 298 555 298 573 312 553 318 532 318 669 316 689 304 712 306 730 321 710 326 689 323 285 250 119.160965 46.557812 49.281139 -0.075822 0.172686 0.061022 -2.061927 -19.873989 432.942932 -34.711651 -21.670292 438.716003 30.587797 -18.077686 427.169830
513 309 532 296 555 296 573 310 553 315 532 315 669 314 689 302 712 304 729 319 710 324 689 321 364 33 103.402069 3.640010 44.772800 -0.074886 0.199216 0.062194 -2.152949 -20.603964 430.540710 -34.637600 -22.405558 437.178558 30.331703 -18.802370 423.902863
510 312 528 299 551 300 569 313 549 318 528 319 665 316 684 304 708 305 725 319 706 325 685 323 898 205 -2.737767 38.144707 44.630749 -0.048514 0.170589 0.046118 -3.711051 -19.971464 434.310394 -36.398861 -21.357216 439.980164 28.976761 -18.585711 428.640625
519 239 534 229 553 229 567 239 551 245 534 245 649 243 665 234 683 236 697 247 682 251 665 250 566 548 63.356758 105.813492 53.046741 0.009725 0.084235 0.058627 -8.870825 -61.651104 531.458679 -41.900925 -63.607941 534.241272 24.159277 -59.694267 528.676086
521 236 537 226 556 227 570 239 553 244 536 243 655 245 671 236 690 238 704 249 688 255 671 253 167 282 142.631424 52.799915 50.608265 0.047909 0.148999 0.086728 -6.475430 -58.339954 506.930786 -39.188091 -61.322598 511.783112 26.237234 -55.357315 502.078461
525 241 541 232 561 233 575 245 558 249 540 248 660 253 676 244 695 246 709 258 693 262 675 260 325 553 111.278091 106.607185 54.640129 0.045866 0.124954 0.099740 -4.030484 -54.866745 504.853607 -36.811890 -58.258282 508.907806 28.750921 -51.475212 500.799408
520 240 536 231 556 232 570 244 553 249 535 248 655 252 672 242 691 244 705 256 689 261 671 259 535 407 69.487869 77.859612 50.630089 0.052909 0.158457 0.094332 -6.309392 -54.849277 500.025970 -38.951336 -58.101147 505.172668 26.332552 -51.597408 494.879272
518 243 535 234 554 235 569 247 552 251 534 250 654 254 671 245 690 247 704 258 688 263 670 261 953 368 -13.635881 70.475815 47.305126 0.053879 0.140864 0.089519 -6.884078 -53.492477 498.736542 -39.627594 -56.575417 503.310089 25.859440 -50.409538 494.162994
523 244 540 235 560 237 574 249 557 253 539 252 660 256 676 247 696 249 710 260 694 266 676 264 305 490 115.240173 94.112137 53.598640 0.039450 0.174767 0.098924 -4.232861 -52.233841 494.978638 -36.770443 -55.609772 500.676727 28.304722 -48.857910 489.280518
520 241 537 232 556 233 571 245 554 250 535 249 657 253 673 244 693 245 707 257 690 262 673 260 514 176 73.609596 32.087151 46.485390 0.051297 0.194980 0.096593 -5.848013 -53.396740 491.614136 -38.270012 -56.742794 497.952698 26.573988 -50.050682 485.275574
521 245 538 236 558 237 573 249 555 254 537 253 658 257 674 247 694 249 708 261 692 266 674 264 587 663 59.207966 128.609253 55.044445 0.045832 0.154346 0.096347 -5.122377 -52.183395 497.031219 -37.779167 -55.480957 502.053131 27.534414 -48.885834 492.009277
522 243 539 234 559 236 574 248 556 252 538 251 660 256 676 246 696 248 710 260 694 265 676 263 283 498 119.616493 95.678780 53.883717 0.040870 0.198710 0.103667 -4.488082 -52.082287 490.211182 -36.862518 -55.629089 496.682312 27.886354 -48.535488 483.740021
524 237 541 228 561 229 576 241 559 246 540 245 665 248 681 238 701 240 716 251 700 257 681 255 933 176 -9.703894 32.429096 43.876034 0.051791 0.226581 0.086761 -2.646611 -53.980618 477.338074 -34.879105 -57.025867 484.710480 29.585882 -50.935368 469.965668
528 235 545 226 565 227 579 239 562 244 544 243 667 246 683 236 703 238 718 250 701 256 683 254 68 242 162.307129 44.796120 50.484455 0.031733 0.219167 0.097390 -1.539201 -55.681992 485.364716 -33.793709 -58.999249 492.520294 30.715307 -52.364738 478.209137
528 241 545 232 565 233 580 245 563 249 544 248 667 252 684 242 704 244 718 255 702 261 683 259 837 544 9.470487 105.242348 51.285030 0.046995 0.160582 0.087310 -1.106419 -53.568340 488.667206 -33.758198 -56.575207 493.899780 31.545361 -50.561478 483.434662
529 237 545 228 565 229 580 241 563 246 544 245 668 249 684 239 704 241 719 252 702 258 684 256 445 64 87.303352 9.846438 44.842133 0.042738 0.233919 0.095639 -1.113209 -54.123283 480.351105 -33.263508 -57.429363 487.966095 31.037088 -50.817204 472.736145
527 240 544 231 564 232 578 244 561 248 543 247 666 251 682 241 702 243 717 254 700 260 682 258 1267 323 -76.081787 61.818699 44.516781 0.064247 0.183562 0.084224 -1.789631 -53.771996 486.250519 -34.319782 -56.742813 492.210632 30.740520 -50.801174 480.290405
528 241 545 231 565 233 580 245 562 250 544 249 667 252 684 242 704 244 718 256 702 261 683 259 1010 384 -24.965965 73.691536 47.246292 0.056679 0.188307 0.088484 -1.226004 -53.037861 484.795868 -33.714897 -56.129757 490.917297 31.262890 -49.945961 478.674469
532 238 549 229 569 231 583 243 566 248 547 246 671 251 688 241 708 243 723 255 706 260 688 258 44 102 167.046616 17.046034 48.042717 0.028658 0.253424 0.104280 0.420718 -53.036392 477.536407 -31.545151 -56.575176 485.795929 32.386585 -49.497612 469.276855
535 242 552 233 572 235 587 248 569 252 551 251 674 255 691 246 711 248 726 260 709 265 691 263 22 788 171.581100 152.907532 60.876598 0.023510 0.199113 0.106240 2.032017 -51.493893 482.988464 -30.330809 -55.068764 489.502106 34.394840 -47.919025 476.474823
527 240 544 230 564 232 579 244 562 249 543 248 667 252 684 242 705 244 720 256 703 261 684 259 903 406 -3.685072 77.961861 48.319832 0.044893 0.198477 0.095212 -1.225852 -52.627209 478.606995 -33.629517 -55.909473 485.071411 31.177811 -49.344948 472.142548
536 238 553 229 573 231 588 243 570 247 552 246 677 251 694 241 714 243 729 255 712 260 693 258 534 130 69.622093 22.992022 45.509445 0.042165 0.241666 0.104076 2.746064 -52.469448 472.733673 -29.316076 -56.052704 480.591095 34.808205 -48.886189 464.876251
538 240 555 231 576 233 590 246 573 250 554 249 679 254 696 244 716 246 731 258 714 263 695 261 1400 167 -102.563751 31.027538 40.801178 0.064838 0.239337 0.099304 3.805328 -51.322258 474.043884 -28.291357 -54.836674 481.790588 35.902012 -47.807838 466.297211
485 329 498 319 515 318 529 327 514 333 498 334 614 326 629 317 647 318 663 328 647 333 630 332 1412 442 -104.885666 85.507957 45.816299 -0.159734 0.216787 0.018775 -26.439043 -17.551367 515.295105 -58.862511 -17.595816 522.455811 5.984425 -17.506918 508.134338
543 341 558 333 577 334 590 344 574 348 557 348 675 350 690 342 708 344 721 355 706 360 689 357 28 878 170.409058 170.739182 62.505001 -0.045192 0.022242 0.086112 3.482772 -7.688217 526.104919 -29.590826 -10.526135 526.906799 36.556370 -4.850297 525.303040
538 336 554 326 573 327 587 339 571 343 553 343 671 345 687 335 706 337 720 349 704 354 687 352 589 60 58.669621 9.171657 43.871326 -0.038391 0.152354 0.079291 1.670672 -10.019026 510.582031 -31.045652 -12.541449 515.665283 34.386997 -7.496603 505.498810
537 344 553 336 571 337 586 347 569 351 552 351 671 353 686 345 704 347 718 358 702 362 686 360 881 752 0.770098 146.477859 54.860798 -0.041159 0.015029 0.078884 1.339294 -5.966568 518.133179 -31.758530 -8.572085 518.685425 34.437119 -3.361052 517.580933
536 345 552 336 571 337 585 348 569 353 551 352 670 355 685 346 704 347 718 359 703 364 685 362 1031 582 -29.095392 112.927521 50.780209 -0.039195 0.059961 0.077276 0.982512 -5.354783 512.119202 -32.063618 -7.876977 514.156738 34.028641 -2.832588 510.081635
534 343 550 334 570 335 584 347 567 351 549 350 668 354 684 345 703 346 717 358 701 363 683 361 433 178 89.716011 32.417194 47.026840 -0.045624 0.202517 0.085403 -0.213315 -5.825245 504.096008 -32.619484 -8.484508 510.828613 32.192852 -3.165983 497.363373
538 341 554 332 573 334 587 345 570 350 553 349 672 352 687 343 706 345 720 356 704 362 687 360 183 66 139.399612 10.028770 46.510777 -0.048880 0.219678 0.087322 1.466070 -6.641928 503.071777 -30.815435 -9.335942 510.366058 33.747574 -3.947914 495.777527
541 349 557 341 575 342 589 353 573 358 555 357 673 360 689 351 707 353 721 364 705 369 688 367 144 717 147.306183 138.943771 58.802727 -0.067684 0.144840 0.087662 2.504895 -2.973372 515.724182 -30.225353 -5.705767 520.605225 35.235142 -0.240977 510.843170
532 341 548 332 566 333 580 344 564 349 547 349 664 350 679 341 698 343 712 354 696 359 679 358 808 169 15.149334 30.940557 44.524921 -0.036295 0.136659 0.075406 -1.847729 -7.455879 518.224121 -34.648945 -9.866833 522.787781 30.953485 -5.044926 513.660461
531 344 547 335 566 336 580 347 564 352 546 351 664 353 679 344 698 345 712 357 696 362 679 360 1280 125 -78.712883 22.610456 40.771130 -0.031397 0.175121 0.068819 -1.955305 -6.025815 511.037842 -34.574120 -8.206091 516.853271 30.663507 -3.845540 505.222412
533 350 549 341 568 342 582 352 566 357 548 356 666 359 681 350 700 352 714 363 698 368 681 366 618 667 53.044895 129.426849 54.925426 -0.054760 0.087260 0.079916 -0.899506 -3.301862 519.174377 -33.872200 -5.868732 522.136169 32.073189 -0.734991 516.212585
533 344 549 335 568 336 582 348 566 352 548 352 666 354 681 344 700 346 714 357 698 363 681 361 1436 11 -109.758339 0.157218 37.689651 -0.032671 0.231457 0.071868 -1.164663 -5.686316 506.120331 -33.399151 -7.924034 513.768188 31.069824 -3.448597 498.472443
533 352 549 344 567 345 582 355 565 360 548 359 665 361 681 353 699 355 713 366 698 370 681 368 1091 869 -40.958775 169.824020 55.718510 -0.039819 0.030645 0.078243 -0.928045 -2.031441 522.114441 -34.015713 -4.605486 523.182190 32.159622 0.542604 521.046631
541 347 557 339 576 340 590 351 573 356 556 355 674 358 689 349 708 351 722 363 706 368 689 366 261 455 123.980919 87.143600 53.224854 -0.062111 0.162863 0.090443 2.862953 -3.855078 513.170837 -29.767534 -6.671565 518.636963 35.493439 -1.038592 507.704712
540 347 556 338 575 340 589 351 572 356 555 355 673 358 689 349 707 351 721 362 705 367 688 365 179 367 140.265182 69.646080 52.106762 -0.062403 0.199395 0.090003 2.348885 -3.918309 509.410675 -30.064775 -6.675442 516.067444 34.762547 -1.161175 502.753906
533 352 549 343 568 344 582 355 566 359 549 359 666 361 681 353 700 354 714 365 698 370 681 368 1020 839 -26.848211 163.823822 55.605412 -0.033895 0.023306 0.080887 -0.615137 -2.218685 520.805908 -33.702389 -4.887743 521.624207 32.472115 0.450373 519.987610
533 349 549 340 568 341 582 352 566 357 548 356 666 358 681 349 700 351 714 362 698 367 681 365 1168 424 -56.373177 81.743477 47.002678 -0.039340 0.166857 0.072782 -0.925806 -3.637283 512.722961 -33.582031 -5.931377 518.278809 31.730419 -1.343188 507.167084
537 345 553 336 572 338 586 349 569 354 552 353 669 355 685 346 704 348 718 360 702 365 685 363 527 220 71.034958 40.813061 47.218807 -0.051139 0.174235 0.082440 0.734283 -5.039479 511.237457 -31.855724 -7.611321 517.054382 33.324291 -2.467637 505.420532
535 344 551 335 570 336 584 347 567 352 550 351 667 354 683 345 701 347 715 358 700 363 683 361 821 9 12.527103 -0.740833 41.482594 -0.047149 0.192727 0.079224 -0.291080 -5.716755 511.697845 -32.777756 -8.177134 518.110535 32.195595 -3.256378 505.285187
531 347 547 338 566 339 580 350 564 355 546 354 663 356 679 347 697 349 711 360 696 365 679 363 1153 397 -53.396893 76.383209 46.596359 -0.042627 0.157184 0.073596 -2.101225 -4.527649 516.520264 -34.807247 -6.847468 521.763733 30.604799 -2.207830 511.276764
562 283 575 275 590 275 601 283 588 287 574 287 671 286 684 279 699 280 710 290 698 293 684 292 483 217 79.783165 40.182926 47.437294 -0.068654 0.055989 0.055136 6.887491 -47.787495 640.351379 -26.214899 -49.551182 642.269958 39.989883 -46.023808 638.432861
565 288 577 280 593 280 604 288 591 293 577 293 675 291 687 284 702 285 714 294 701 298 687 297 138 489 148.446030 93.777771 54.620140 0.016655 0.023831 0.046770 8.765259 -44.356514 635.942749 -24.393820 -45.915306 636.720764 41.924339 -42.797722 635.164795
562 287 575 279 591 279 602 288 589 292 575 292 673 290 685 283 701 284 713 293 700 297 686 296 266 104 122.904846 17.623358 46.697212 0.012708 0.057611 0.044715 7.458417 -43.937817 626.812500 -25.658136 -45.433357 628.714294 40.574970 -42.442272 624.910706
559 293 572 285 587 285 598 293 585 297 571 297 669 295 681 288 696 289 708 297 696 301 682 300 859 733 5.140121 142.696487 54.646145 0.003053 0.025448 0.033560 5.245469 -41.811581 634.886108 -27.929897 -42.926891 635.729126 38.420837 -40.696274 634.043091
558 290 571 282 587 282 598 291 585 295 571 295 669 293 682 285 697 286 709 295 696 299 682 298 744 273 27.899284 51.488129 46.848377 0.012525 0.041529 0.036834 5.242566 -42.458103 626.701172 -27.911102 -43.689148 628.071716 38.396233 -41.227058 625.330627
561 292 573 285 589 285 600 292 587 297 573 297 671 295 684 288 699 289 711 298 698 301 684 300 241 746 128.025589 144.767105 58.735397 -0.007954 0.042133 0.042929 6.466366 -41.782650 633.180359 -26.678396 -43.201660 634.584229 39.611130 -40.363640 631.776550
554 291 567 283 583 283 595 291 581 296 567 296 666 293 678 285 694 286 706 295 693 299 679 298 1093 244 -41.502251 46.028770 44.138203 0.014696 0.080005 0.028372 2.988847 -41.755234 620.847778 -30.096409 -42.715652 623.494141 36.074100 -40.794819 618.201477
555 291 568 283 583 283 595 291 582 296 567 296 666 293 679 285 694 286 706 295 694 300 679 298 1048 248 -32.553570 46.784348 44.492477 0.008738 0.061204 0.029459 3.312624 -41.684380 620.676392 -29.815620 -42.670662 622.702759 36.440868 -40.698097 618.649963
555 291 567 282 583 282 595 291 582 295 567 296 666 292 678 284 694 285 706 294 693 299 679 298 1162 132 -55.248260 23.900682 41.635544 0.010372 0.083982 0.027846 3.090655 -42.090389 620.426575 -29.984274 -43.028236 623.206726 36.165585 -41.152546 617.646423
556 294 568 287 583 286 595 294 582 299 568 299 666 296 678 289 694 289 706 298 693 302 679 301 338 848 108.762009 165.049911 60.019196 -0.044851 0.056303 0.033687 3.357640 -40.973412 632.478333 -29.775740 -42.048901 634.370972 36.491020 -39.897923 630.585693
551 287 563 279 579 279 591 287 577 292 563 292 661 289 673 281 689 282 701 291 688 296 674 295 1093 113 -41.532810 20.080946 41.713581 -0.024304 0.099714 0.036244 0.392480 -44.387749 625.229797 -32.625633 -45.548664 628.548828 33.410591 -43.226837 621.910706
552 289 564 281 579 281 591 289 578 294 564 294 661 291 674 284 689 285 701 294 688 298 674 297 1387 282 -99.952019 53.795555 43.010620 -0.019748 0.078201 0.036373 0.750667 -43.358440 629.232910 -32.330730 -44.538990 631.838074 33.832066 -42.177891 626.627747
552 288 565 279 580 279 592 288 578 292 564 293 662 290 674 282 690 283 702 293 689 297 675 296 786 40 19.493696 5.370928 42.274323 -0.023756 0.130787 0.043963 0.920003 -43.787346 623.029785 -31.969252 -45.190853 627.375671 33.809258 -42.383842 618.683899
551 293 564 285 579 285 590 293 577 297 564 297 661 295 673 287 688 288 700 297 687 301 673 300 1421 894 -106.569771 175.045197 54.126122 -0.040369 0.065029 0.034709 0.265879 -41.739635 633.555054 -32.848778 -42.847218 635.734985 33.380535 -40.632050 631.375061
550 291 563 283 578 283 590 291 577 295 562 296 660 293 672 285 688 286 700 295 687 299 673 298 1284 373 -79.450386 71.736320 45.336342 -0.017044 0.086168 0.036100 -0.163273 -42.340763 627.513428 -33.223286 -43.513302 630.380493 32.896744 -41.168221 624.646301
551 291 563 283 578 283 590 291 577 296 563 296 660 293 673 286 688 286 700 295 687 300 673 298 950 432 -13.024435 83.150169 48.508358 -0.019656 0.100891 0.036606 -0.022083 -42.291546 629.205444 -33.035843 -43.471737 632.560852 32.991676 -41.111359 625.850098
550 292 562 284 577 284 589 292 576 297 562 297 659 294 672 286 687 287 699 296 686 300 672 299 1155 463 -53.779175 89.457794 47.805470 -0.016487 0.097907 0.032104 -0.512081 -41.983120 630.366882 -33.540794 -43.020435 633.620728 32.516636 -40.945808 627.113037
551 295 563 287 578 287 590 294 577 299 563 299 660 296 672 289 687 290 699 299 687 303 673 301 873 846 2.382738 165.090378 56.650425 -0.039405 0.083436 0.036757 -0.235021 -40.991653 637.870239 -33.301937 -42.155602 640.660217 32.831898 -39.827702 635.080322
554 288 566 280 581 280 593 288 580 293 566 293 663 291 675 284 690 285 702 294 689 298 675 296 470 57 82.330750 8.480316 44.556885 -0.026422 0.155589 0.052120 1.455345 -43.914726 631.682495 -31.303486 -45.569313 636.847900 34.214176 -42.260143 626.517151
551 290 564 282 578 282 590 290 577 295 563 295 660 292 672 285 687 286 699 294 687 298 673 297 1004 76 -23.844782 12.679538 41.583019 -0.007255 0.151253 0.037865 -0.122208 -43.037487 631.758301 -32.924213 -44.271503 636.764832 32.679798 -41.803474 626.751770
558 313 571 304 588 304 601 313 586 318 571 319 680 316 694 307 712 309 725 319 711 323 695 322 1193 325 -61.367245 62.154457 45.014641 -0.255704 0.118289 0.055430 8.402360 -25.560558 558.648926 -24.521076 -26.877190 562.756653 41.325798 -24.243925 554.541199
566 323 580 315 596 316 609 325 594 329 579 329 686 330 700 323 717 324 730 335 716 339 700 337 431 483 90.184845 92.828438 52.684406 -0.264217 0.083230 0.086957 12.323001 -19.275124 573.681763 -20.642952 -21.759567 576.785461 45.288952 -16.790682 570.578003
562 324 577 316 593 316 606 326 591 331 576 330 684 332 698 324 715 326 728 336 713 340 698 339 377 230 100.863121 42.671394 48.338032 -0.157298 0.089786 0.086936 10.704726 -18.207394 567.711060 -22.241636 -20.841030 570.898621 43.651089 -15.573757 564.523438
556 329 570 321 587 322 600 331 585 336 569 335 677 337 691 329 709 330 722 341 707 345 691 343 1002 506 -23.346794 97.850159 49.554157 -0.153531 0.065850 0.078669 7.251665 -15.583806 567.891663 -25.778904 -18.013792 570.265747 40.282234 -13.153819 565.517517
557 332 572 323 589 324 601 334 586 338 571 337 679 340 694 332 710 334 723 345 709 348 693 346 480 747 80.503326 145.160233 57.265514 -0.188249 0.075438 0.090149 8.230862 -14.113712 568.368896 -24.745485 -16.847765 571.133911 41.207211 -11.379660 565.603943
554 334 569 326 585 326 598 336 583 340 568 339 675 341 690 334 706 336 719 346 705 350 690 348 1018 857 -26.446335 167.387543 55.951019 -0.177046 0.056268 0.081271 6.406650 -13.202297 571.925781 -26.636494 -15.717609 574.019409 39.449795 -10.686984 569.832092
552 331 566 322 583 323 596 333 581 337 565 337 673 338 687 330 704 332 717 342 703 347 687 345 313 363 113.619835 68.963142 51.198235 -0.098218 0.104987 0.081443 4.936638 -14.634667 565.062012 -27.975719 -17.155865 568.664734 37.848999 -12.113471 561.459229
552 334 566 326 584 327 596 337 581 341 566 341 674 342 688 334 705 335 718 346 704 350 688 349 600 483 56.581070 92.966362 51.631947 -0.093819 0.082913 0.079789 5.257415 -12.658902 565.168945 -27.727972 -15.169640 568.036011 38.242802 -10.148165 562.301880
554 334 569 326 586 327 599 337 584 341 568 341 677 342 691 334 708 335 721 346 707 350 691 349 740 447 28.735229 85.949913 50.093777 -0.071701 0.100590 0.077607 6.645411 -12.523366 560.928650 -26.291895 -14.971646 564.349121 39.582714 -10.075086 557.508240
555 338 570 330 587 330 600 340 585 345 569 344 677 346 692 338 709 339 722 350 707 354 692 352 1435 680 -109.403442 132.668579 50.078106 -0.071880 0.072074 0.076953 7.178679 -10.467695 561.746765 -25.841825 -12.930072 564.225159 40.199184 -8.005318 559.268311
541 334 555 325 572 325 585 335 570 340 554 340 662 340 677 331 694 332 707 343 693 348 677 346 779 154 20.912163 27.945766 44.427895 -0.083881 0.108435 0.064658 -0.829241 -13.369974 561.217896 -33.769936 -15.358003 564.894531 32.111454 -11.381946 557.541199
552 338 566 330 583 331 596 340 581 345 566 344 674 346 688 338 705 339 718 349 704 354 688 352 716 797 33.589012 155.256577 56.721233 -0.110544 0.071796 0.076513 5.290132 -10.693195 565.955383 -27.732260 -13.092465 568.470276 38.312523 -8.293924 563.440430
550 334 565 325 582 326 595 336 580 341 564 340 673 342 687 333 705 335 718 345 703 350 687 348 136 16 148.733368 0.086664 45.878044 -0.073215 0.159883 0.079207 4.369243 -12.445697 553.528076 -28.308649 -14.865734 558.900085 37.047134 -10.025660 548.156067
557 335 572 326 590 327 603 338 587 342 571 341 681 343 695 334 712 336 725 347 711 351 695 350 311 19 113.937263 0.823706 44.843742 -0.058538 0.158521 0.077022 8.393904 -11.734183 552.181152 -24.296698 -14.123373 557.489258 41.084507 -9.344994 546.873047
545 335 559 326 576 327 589 336 575 341 559 341 667 340 681 331 698 333 711 343 697 348 681 346 994 291 -21.806238 55.257504 45.624638 -0.078556 0.095566 0.054736 1.565521 -13.011232 563.667053 -31.438229 -14.698752 566.901917 34.569271 -11.323711 560.432129
558 337 572 328 589 328 603 338 588 343 572 343 681 342 695 333 712 335 725 345 711 350 695 348 518 590 72.910820 114.093468 54.123024 -0.065210 0.042207 0.054721 8.856413 -12.249026 563.969116 -24.269171 -14.017618 565.427673 41.981995 -10.480435 562.510498
547 332 562 322 579 323 592 333 577 338 561 338 670 336 684 327 701 328 714 339 700 344 684 342 753 25 26.051880 2.372872 42.202206 -0.069318 0.134037 0.051407 2.848623 -14.946543 557.339722 -30.014761 -16.492353 561.830627 35.712006 -13.400733 552.848816
540 339 554 329 571 329 584 338 569 343 554 344 661 340 675 331 692 331 706 341 692 346 676 345 1269 502 -76.437706 97.275757 47.817360 -0.105265 0.106505 0.027413 -1.478120 -12.799780 566.151978 -34.482521 -13.520743 569.722656 31.526279 -12.078817 562.581360
542 335 556 326 573 326 586 335 571 340 556 341 664 337 678 328 695 329 709 339 694 344 678 343 1346 519 -91.744339 100.705872 47.652481 -0.077410 0.100420 0.032623 -0.169163 -14.252591 561.919373 -33.189148 -15.203865 565.286133 32.850822 -13.301318 558.552551
550 336 564 327 581 327 595 337 580 342 564 342 673 341 687 332 705 334 718 344 704 349 688 348 312 168 113.773186 30.337698 47.595291 -0.067777 0.161277 0.058224 4.356728 -12.164608 550.765076 -28.361351 -13.906023 556.155273 37.074806 -10.423193 545.374878
555 262 573 252 593 253 609 265 591 270 572 269 699 272 716 263 737 265 752 278 735 283 716 280 1388 382 -100.127533 73.603874 44.855247 0.009439 0.036727 0.088470 13.332454 -43.284119 481.120239 -19.720139 -46.222954 482.324005 46.385044 -40.345287 479.916473
581 262 600 252 621 254 637 266 618 271 598 270 727 274 744 264 763 267 778 279 761 284 743 282 307 128 114.758049 22.410618 46.886089 0.019753 -0.155388 0.078305 25.729631 -41.728413 471.019348 -6.973794 -44.264420 465.860443 58.433056 -39.192406 476.178253
557 273 574 263 596 263 612 275 594 280 574 280 703 278 720 268 740 270 756 281 739 287 720 285 346 496 107.089180 95.334045 53.454361 0.037545 -0.112788 0.039370 14.714171 -38.398884 468.261658 -18.254019 -39.632526 464.501831 47.682362 -37.165241 472.021484
530 284 547 273 568 274 584 285 566 291 547 291 676 286 693 275 715 276 732 287 714 294 694 293 1152 530 -53.167027 102.726372 49.064224 -0.009026 0.193656 0.029101 1.938612 -33.831062 459.869080 -30.631544 -34.762260 466.262604 34.508770 -32.899864 453.475525
556 282 574 271 596 272 612 284 593 290 574 289 704 290 721 279 742 280 758 293 741 299 721 297 549 411 66.705055 78.663338 50.616936 0.045323 -0.138784 0.057200 14.643093 -32.983410 457.963928 -18.188389 -34.770737 453.331573 47.474575 -31.196085 462.596313
549 282 567 271 589 272 605 284 587 290 567 289 698 289 716 278 737 279 753 292 735 298 716 296 969 237 -16.847862 44.541050 44.780865 0.008318 0.147429 0.052974 11.283194 -32.886753 455.415161 -21.515005 -34.658871 460.283142 44.081394 -31.114637 450.547180
551 282 569 271 591 272 608 285 589 290 569 290 701 290 719 279 740 280 756 293 738 299 719 298 461 119 84.134766 20.753622 45.760464 -0.000194 0.215051 0.062957 11.994135 -32.169964 449.451935 -20.380548 -34.242287 456.533234 44.368820 -30.097643 442.370636
554 280 572 270 594 270 610 283 591 289 571 288 704 289 721 277 743 279 759 291 741 298 721 296 250 91 126.083237 15.035325 46.556244 -0.002275 0.230228 0.066291 13.019243 -32.834091 448.537018 -19.237150 -35.005611 456.111267 45.275635 -30.662569 440.962769
548 289 566 278 587 279 604 290 585 296 566 296 697 295 714 285 736 286 752 298 734 303 715 302 1384 817 -99.230698 159.763229 52.931385 0.022745 -0.068217 0.044086 11.337391 -30.662169 459.954773 -21.757959 -32.098564 457.675690 44.432739 -29.225775 462.233856
553 284 571 273 592 274 609 286 590 292 570 291 701 292 719 281 741 282 757 295 739 301 719 299 906 499 -4.259894 96.385284 50.022446 0.025720 0.002574 0.057494 13.183689 -32.082375 458.136780 -19.966152 -33.991295 458.197662 46.333530 -30.173450 458.075928
553 282 571 272 593 273 609 286 590 291 570 291 702 290 720 279 741 281 758 293 740 299 720 298 771 338 22.545797 64.385040 47.883289 0.011518 0.168619 0.057380 12.881069 -32.335495 453.369690 -19.798433 -34.262833 458.928040 45.560570 -30.408159 447.811340
558 280 576 270 598 271 615 283 596 289 576 288 707 288 725 278 746 279 762 291 744 298 724 296 201 362 135.889557 68.673660 51.877213 0.005165 0.191508 0.064479 14.995331 -33.364735 455.257538 -17.533861 -35.507557 461.567841 47.524525 -31.221912 448.947266
557 284 575 274 596 275 613 287 594 292 574 292 705 292 723 282 744 283 760 295 742 301 723 299 514 621 73.713409 120.230530 54.721699 0.064871 -0.144156 0.056715 15.122633 -31.808136 456.278137 -17.684700 -33.527611 451.453003 47.929966 -30.088661 461.103271
555 286 573 276 595 277 612 289 593 294 573 294 704 294 722 284 743 285 759 297 741 303 722 301 873 695 2.347512 135.181061 53.855633 0.046989 -0.122052 0.054386 14.638373 -31.009083 456.155426 -18.270506 -32.713860 452.073853 47.547253 -29.304304 460.236969
556 283 574 272 596 273 613 286 594 291 574 291 706 292 724 281 745 282 761 295 743 301 724 299 791 322 18.565287 61.232159 47.462601 -0.015880 0.058994 0.062629 14.763485 -31.935347 455.628448 -18.318504 -33.996738 457.601318 47.845474 -29.873955 453.655579
551 283 569 272 591 273 608 286 589 291 569 290 701 291 719 280 740 281 756 293 738 299 719 298 1134 183 -49.668877 33.979656 42.753849 0.023086 0.203033 0.052738 12.048955 -31.885260 448.839264 -20.427999 -33.700974 455.510834 44.525909 -30.069546 442.167664
553 288 571 278 593 279 609 291 591 296 571 296 702 296 720 286 741 288 757 300 740 306 720 304 290 783 118.291107 152.135864 59.115063 0.025733 -0.005951 0.065264 13.398508 -30.015457 457.772614 -19.735031 -32.178204 457.547302 46.532047 -27.852709 457.997894
547 289 565 278 587 279 604 291 585 296 565 296 697 296 715 285 737 286 753 298 735 304 715 302 1274 623 -77.403679 121.246910 50.025757 0.037494 -0.155470 0.044899 11.341959 -29.865532 450.366272 -21.429087 -31.252996 445.199738 44.113007 -28.478067 455.532837
549 287 567 277 589 277 606 289 587 294 567 294 700 294 718 284 740 285 756 297 738 303 718 301 665 388 43.634384 74.202278 49.468842 0.010954 0.164028 0.056017 11.607184 -30.226419 448.678040 -21.100098 -32.106857 454.087036 44.314465 -28.345984 443.269043
553 282 571 272 592 273 609 286 590 291 570 291 703 291 721 280 742 282 758 294 741 300 721 298 294 121 117.341324 21.013483 46.837486 0.014101 0.263128 0.061443 12.449738 -31.329948 442.444977 -19.550287 -33.406586 451.061554 44.449760 -29.253313 433.828369
533 296 549 286 568 286 583 298 567 303 549 303 670 301 686 291 706 292 722 304 705 309 687 308 1068 547 -36.460594 106.025093 49.901985 -0.021393 0.163455 0.049231 0.539757 -29.810513 492.940430 -32.182434 -31.379240 498.358612 33.261951 -28.241787 487.522247
531 299 547 289 566 289 581 300 565 305 547 306 668 303 684 294 703 295 719 306 702 311 684 310 1359 796 -94.264626 155.583252 52.698395 -0.028642 0.130343 0.044736 -0.383052 -28.902422 497.395996 -33.273094 -30.321089 501.730988 32.506992 -27.483755 493.061005
535 299 551 289 570 290 585 300 568 305 550 305 671 304 687 295 707 296 722 307 706 312 688 311 1182 805 -59.068043 157.221481 53.967251 -0.027176 0.124760 0.052604 1.205676 -28.874252 499.304016 -31.695261 -30.559223 503.457184 34.106613 -27.189283 495.150818
534 294 550 284 569 284 584 296 567 301 549 301 671 300 687 290 707 291 722 302 706 308 688 307 951 165 -13.285560 30.264959 43.560345 -0.018349 0.228377 0.056900 0.766502 -30.084940 486.268494 -31.522907 -31.887535 493.798706 33.055912 -28.282345 478.738251
531 299 546 289 565 290 580 300 564 306 546 306 667 304 683 294 703 296 718 307 702 312 684 311 1407 686 -103.834549 133.834183 50.363529 -0.017854 0.172063 0.048933 -0.794682 -28.477900 493.293213 -33.469646 -30.043106 498.990265 31.880281 -26.912693 487.596161
538 295 554 285 573 286 588 297 571 303 553 302 675 302 691 292 711 294 726 306 709 311 691 309 97 465 156.592834 88.990509 54.431263 -0.048718 0.224521 0.074602 2.422776 -29.440809 489.707397 -29.857222 -31.713217 497.150360 34.702774 -27.168400 482.264465
536 292 552 282 572 283 587 294 570 300 552 299 675 299 691 289 711 290 726 302 709 308 691 306 252 78 125.682526 12.461982 46.303177 -0.034746 0.256696 0.072124 2.057489 -30.381535 481.471527 -29.974077 -32.600468 489.934082 34.089054 -28.162601 473.008972
536 295 552 285 571 286 586 297 569 303 551 302 673 302 690 292 709 294 724 305 708 311 690 309 214 342 133.299988 64.722771 51.426083 -0.045259 0.239477 0.073724 1.709616 -29.226210 486.165802 -30.458441 -31.468874 494.087067 33.877674 -26.983545 478.244568
536 294 552 284 572 285 586 297 569 302 552 302 674 302 690 292 710 293 725 305 708 311 690 309 64 358 163.129547 67.769554 52.656357 -0.049505 0.243315 0.077075 1.802575 -29.471268 486.507477 -30.326788 -31.802950 494.558990 33.931938 -27.139587 478.455963
529 298 545 288 564 289 579 299 562 304 544 304 667 303 683 294 702 296 717 307 701 312 683 310 942 665 -11.379369 129.295120 52.870670 -0.029507 0.139255 0.058531 -1.337433 -28.909912 494.224152 -34.164162 -30.777678 498.858490 31.489296 -27.042147 489.589844
528 299 544 289 563 290 578 300 561 305 543 305 664 304 680 295 700 296 715 307 698 312 681 311 1282 830 -78.946098 162.254959 53.807209 -0.024783 0.136488 0.052116 -2.146811 -28.827038 498.669769 -34.997890 -30.495148 503.206665 30.704271 -27.158928 494.132843
527 290 543 280 563 280 577 292 560 298 542 298 664 296 680 286 701 287 716 299 699 305 681 304 607 2 55.076992 -2.302003 42.685734 -0.025120 0.242026 0.061653 -2.435635 -31.587173 484.843048 -34.610252 -33.512505 492.820923 29.738981 -29.661842 476.865143
529 291 545 281 565 282 580 293 563 299 545 298 668 298 684 287 704 289 719 301 703 306 684 305 100 222 155.939621 40.860737 49.915001 -0.033519 0.253437 0.067594 -1.068698 -30.943377 481.600037 -33.137920 -33.021542 489.955048 31.000525 -28.865211 473.245056
519 295 535 284 555 285 570 295 553 301 535 301 657 299 673 289 693 290 709 301 692 307 674 305 929 519 -8.828523 100.365555 50.249382 -0.025112 0.151430 0.046014 -5.696628 -30.847490 492.860931 -38.486469 -32.305843 497.886749 27.093214 -29.389135 487.835083
525 296 540 286 560 286 575 297 558 303 540 303 662 301 678 291 698 292 713 303 697 309 679 307 693 687 38.136646 133.449554 54.828529 -0.031823 0.161720 0.052707 -3.383964 -30.072170 493.160675 -36.109642 -31.728355 498.531586 29.341713 -28.415985 487.789764
524 298 540 288 559 289 574 299 557 304 540 304 661 302 678 293 697 295 712 305 696 311 678 309 874 853 2.185532 166.477722 56.773758 -0.035713 0.116941 0.050704 -3.691520 -29.494368 498.541351 -36.627003 -31.103838 502.443054 29.243961 -27.884897 494.639648
524 297 539 288 558 288 573 298 557 304 539 304 660 301 676 292 695 293 711 304 694 309 677 308 1297 773 -81.941978 150.976929 52.658806 -0.023640 0.140260 0.043444 -4.187741 -29.827581 497.867889 -37.035263 -31.209856 502.525055 28.659781 -28.445305 493.210724
526 292 542 282 561 283 576 294 559 299 542 299 664 298 680 288 700 289 715 300 698 306 680 305 270 400 122.178543 76.256821 52.150837 -0.037914 0.213641 0.061294 -2.791483 -31.251968 488.575562 -35.179615 -33.136127 495.647949 29.596647 -29.367809 481.503174
527 298 542 289 561 289 575 299 559 304 542 304 664 302 680 294 699 296 714 306 698 311 680 309 289 763 118.485283 148.173553 58.751122 -0.049427 0.145063 0.058789 -2.819917 -29.456964 498.082550 -35.618893 -31.281496 502.925873 29.979057 -27.632431 493.239197
523 294 539 284 558 284 573 296 556 301 539 301 661 299 677 289 697 291 712 302 695 308 677 306 502 448 76.059120 85.953758 51.594448 -0.033350 0.182755 0.057330 -4.151824 -30.597496 490.785797 -36.749474 -32.388290 496.847626 28.445827 -28.806702 484.723969
