521 366 537 359 556 361 571 370 554 373 537 372 665 376 680 368 698 369 713 378 697 382 680 381 552 527 18.013287 119.332886 1.236466 -0.425797 -0.041603 0.059482 -4.995389 8.401311 495.334229 -38.114079 6.197505 494.409363 28.123299 10.605117 496.259094
515 351 530 344 548 346 563 356 547 359 530 358 656 362 672 355 690 356 704 364 688 369 672 368 759 140 -23.565105 42.787514 -4.692892 -0.399146 -0.023724 0.068533 -8.842464 1.797343 499.688660 -41.961147 -0.571453 499.370300 24.276217 4.166140 500.007019
502 331 518 324 536 327 550 337 534 339 518 337 652 342 668 333 686 333 702 341 686 346 669 345 1015 887 -73.584625 190.672516 12.791327 0.341522 -0.015512 0.055716 -11.348214 -7.654060 454.543884 -44.498047 -9.380239 453.726288 21.801620 -5.927881 455.361481
569 322 585 318 602 320 617 329 601 331 584 329 710 336 725 329 741 330 755 337 740 341 724 340 522 792 24.277967 171.770630 6.326039 0.240848 0.032025 0.069132 16.306301 -11.270395 497.621887 -16.802649 -13.668956 498.399017 49.415253 -8.871835 496.844757
541 306 556 300 573 302 587 311 571 314 555 313 680 316 695 309 712 309 726 318 711 322 695 321 886 381 -48.527615 90.507858 1.357036 -0.421568 -0.006996 0.060886 2.508696 -20.143192 507.113953 -30.634695 -22.152527 507.308350 35.652088 -18.133858 506.919556
487 319 501 313 518 314 532 322 517 325 502 325 625 324 640 317 658 316 673 324 657 328 641 328 1279 537 -126.448021 121.461205 8.136276 -0.395894 -0.002751 0.022994 -23.349033 -15.571527 505.500824 -56.545059 -16.333031 505.561005 9.846992 -14.810023 505.440613
522 315 538 309 555 310 570 319 554 322 537 321 665 325 680 318 697 318 712 326 696 331 680 330 702 452 -11.881133 104.521080 1.099645 -0.423402 -0.036967 0.054913 -5.163739 -15.730892 497.338135 -38.296906 -17.754879 496.528015 27.969427 -13.706904 498.148254
562 299 579 293 597 295 611 304 595 307 578 306 703 312 718 305 734 306 747 315 733 319 717 317 65 51 114.247978 25.031759 -12.888354 -0.360642 -0.084001 0.070940 13.439712 -22.595922 506.972351 -19.566767 -25.393097 504.668488 46.446190 -19.798748 509.276215
555 309 571 303 589 305 604 314 587 317 570 315 697 321 711 314 727 315 741 323 726 327 711 326 151 399 97.555496 93.919144 -5.049505 -0.357305 -0.061546 0.064829 10.074472 -18.256989 505.641510 -22.999168 -20.722284 504.024017 43.148113 -15.791692 507.258972
564 319 580 315 598 316 612 324 596 326 580 325 705 330 719 325 735 326 748 332 734 336 719 335 35 755 121.014519 164.348251 1.090456 -0.343835 -0.049073 0.064959 14.139883 -13.677608 509.078064 -18.956032 -16.067194 507.849304 47.235798 -11.288022 510.306824
556 322 573 317 590 319 605 327 589 329 572 328 698 334 712 328 728 329 741 336 727 339 712 338 222 865 83.978783 186.155823 5.040522 -0.358642 -0.047445 0.068689 10.542080 -11.965800 507.301361 -22.548328 -14.474748 506.165710 43.632488 -9.456853 508.437012
538 305 554 298 572 300 587 310 570 312 553 311 681 316 696 308 713 309 727 318 712 322 696 321 496 19 28.561121 18.787422 -9.565827 -0.354448 -0.056905 0.060144 2.450593 -20.155275 497.994751 -30.641653 -22.439720 496.496704 35.542839 -17.870829 499.492798
522 308 538 302 556 303 570 313 554 316 537 315 666 317 681 309 698 310 712 318 697 323 681 322 664 153 -4.671413 45.340725 -5.304822 -0.393341 -0.039863 0.045278 -4.968684 -19.224714 496.304810 -38.113873 -20.945683 495.307648 28.176506 -17.503748 497.301971
496 316 511 309 529 309 543 318 528 321 511 321 639 320 655 312 672 312 687 320 672 324 655 324 942 357 -59.683624 85.769722 1.386951 -0.427728 -0.010745 0.020691 -17.143991 -17.140085 495.117981 -50.339916 -17.881453 494.916718 16.051933 -16.398716 495.319244
531 305 547 298 566 299 581 309 564 312 547 311 675 313 690 305 707 306 721 314 706 319 690 318 400 22 47.642105 19.361412 -10.389460 -0.367142 -0.053066 0.039837 -0.530070 -21.073410 497.753418 -33.662628 -22.685450 496.272003 32.602486 -19.461372 499.234863
544 308 560 302 579 303 593 313 577 316 560 315 687 318 702 311 718 311 732 319 717 324 702 323 75 157 112.381912 46.011372 -10.649856 -0.335773 -0.055266 0.052595 5.268335 -19.115356 501.577118 -27.840794 -21.132517 500.068359 38.377464 -17.098196 503.085846
506 329 521 323 538 325 553 334 537 336 521 335 648 339 664 331 681 332 695 339 680 344 664 343 984 773 -67.554489 168.105377 10.197381 -0.426929 -0.032777 0.049928 -12.916494 -9.215711 496.347931 -46.062996 -11.051435 495.641449 20.230007 -7.379986 497.054443
524 325 540 319 557 321 572 330 556 332 539 331 668 336 683 329 700 330 714 338 699 342 683 341 684 664 -8.061735 146.472504 5.226576 -0.408124 -0.035538 0.063664 -4.108131 -10.660827 496.211212 -37.225945 -12.952097 495.489929 29.009680 -8.369556 496.932495
551 310 568 304 586 306 601 316 584 318 567 316 694 323 709 316 726 317 739 326 724 330 708 328 51 243 117.249619 63.025974 -9.129550 -0.320911 -0.068050 0.074727 8.645407 -17.120365 500.492889 -24.391407 -19.914284 498.670074 41.682220 -14.326447 502.315674
522 327 538 322 556 324 571 333 554 335 538 334 667 340 682 333 699 333 713 341 698 345 682 344 636 698 1.515911 153.191299 5.472847 0.229052 -0.009164 0.071139 -4.532554 -9.052575 486.472321 -37.652363 -11.357439 485.901733 28.587254 -6.747711 487.042938
549 328 566 323 583 325 598 334 582 335 565 334 693 341 707 335 723 336 737 343 722 347 707 345 31 870 121.940887 187.106110 3.382222 -0.343404 -0.035196 0.079371 7.590494 -8.774309 502.610809 -25.490467 -11.553605 501.914215 40.671455 -5.995013 503.307373
528 321 544 316 562 318 577 327 560 330 544 328 673 334 688 327 705 328 719 336 703 340 687 339 646 539 -0.653101 121.727013 2.345406 0.219802 -0.002179 0.072072 -1.757672 -11.650750 486.976135 -34.876553 -14.014691 486.642578 31.361206 -9.286810 487.309662
545 325 561 320 579 322 594 332 577 334 560 332 688 339 703 333 720 334 733 341 718 345 703 344 238 781 80.703163 169.535385 3.487016 -0.368395 -0.042179 0.079573 5.654235 -9.711687 501.152985 -27.417524 -12.545904 500.266663 38.725994 -6.877470 502.039307
523 325 536 320 552 321 565 328 551 330 536 330 655 331 669 325 684 326 698 333 684 336 669 335 942 136 -59.936268 42.033489 -3.088041 -0.516957 -0.005705 0.043156 -9.067188 -12.658339 528.585449 -42.241238 -14.075786 528.766602 24.106863 -11.240891 528.404358
528 340 543 335 559 336 572 344 557 346 542 345 663 348 677 342 693 343 706 350 692 353 677 352 766 552 -24.485184 124.324371 3.714113 -0.483837 -0.021686 0.052590 -5.349405 -4.631579 523.616333 -38.501549 -6.480339 523.338562 27.802736 -2.782819 523.894104
556 336 571 331 588 332 602 340 586 342 571 341 689 345 703 339 718 340 731 347 717 350 703 349 187 561 90.586609 125.986580 -1.437552 -0.442301 -0.028887 0.056496 8.211492 -6.378663 534.105469 -24.927580 -8.401425 533.585938 41.350563 -4.355901 534.625061
504 330 518 323 534 324 547 332 533 335 518 335 636 333 650 325 666 325 681 333 666 337 651 336 1045 203 -80.328300 55.314045 -0.782505 -0.490490 0.005280 0.015304 -18.164145 -11.437579 530.195679 -51.364693 -11.883466 530.486206 15.036403 -10.991692 529.905212
557 352 572 348 588 350 602 357 587 358 572 357 690 364 704 358 719 359 732 365 718 368 704 367 340 867 60.531574 186.575867 6.168068 -0.442333 -0.018041 0.078486 8.596610 2.399319 534.120422 -24.502329 -0.250161 534.108093 41.695549 5.048798 534.132690
549 327 564 320 582 322 595 332 580 334 564 333 683 338 697 331 713 331 726 340 712 344 697 343 276 10 72.270233 16.961128 -11.774767 -0.423276 -0.045876 0.066815 5.106395 -10.220388 528.410461 -27.991037 -12.688354 527.396179 38.203827 -7.752423 529.424683
511 350 525 344 541 345 554 353 540 355 525 355 645 355 659 348 675 349 689 355 674 359 659 359 939 788 -58.594738 171.064651 10.086561 -0.502226 -0.020565 0.029079 -14.178797 -0.668312 524.685669 -47.362991 -1.761480 524.268677 19.005398 0.424855 525.102661
549 326 564 320 581 321 595 330 580 333 564 332 683 336 697 329 713 330 726 338 712 342 697 341 447 174 38.475819 49.452091 -6.878660 -0.473190 -0.036575 0.066282 5.149567 -10.928937 526.626526 -27.961905 -13.328433 525.968872 38.261036 -8.529440 527.284241
494 340 507 333 522 334 536 342 522 345 507 345 625 342 639 335 656 334 670 341 655 346 640 346 1350 395 -140.719788 93.373772 5.915013 -0.463448 -0.000896 0.004653 -23.591902 -6.701324 529.424316 -56.796349 -6.857138 529.430786 9.612545 -6.545511 529.417847
528 340 543 335 560 337 573 345 558 347 543 346 664 351 678 345 694 346 707 353 693 357 678 356 835 527 -38.225758 119.391006 3.843539 -0.492082 -0.030201 0.070437 -4.926364 -3.536746 522.914673 -38.035660 -6.021795 522.516418 28.182934 -1.051696 523.312866
497 354 511 348 527 349 540 357 526 359 511 359 631 358 645 351 662 351 676 358 661 362 646 362 1234 755 -117.256203 164.594482 12.135969 -0.494771 -0.020972 0.015345 -20.856117 1.024448 523.943298 -54.049946 0.366725 523.398560 12.337712 1.682171 524.488098
498 347 512 340 527 341 541 350 526 352 512 352 630 352 645 344 661 345 676 352 661 356 645 356 1420 512 -154.496765 116.542618 8.928986 -0.466838 -0.010756 0.026011 -20.925226 -2.318008 526.603699 -54.117123 -3.232425 526.457397 12.266671 -1.403592 526.750061
505 344 518 338 534 340 548 348 533 351 518 350 638 352 652 345 669 345 683 352 668 357 652 356 1295 496 -129.674484 113.350525 7.453471 -0.468966 -0.013911 0.042170 -17.377462 -2.678688 524.311523 -50.550140 -4.134026 524.188843 15.795216 -1.223350 524.434265
508 347 523 341 539 342 553 351 538 353 522 352 643 355 658 348 674 349 688 356 673 360 658 359 1159 702 -102.412453 154.090302 10.371861 -0.503135 -0.023354 0.047945 -14.824707 -1.247243 521.884949 -47.983299 -2.963146 521.534180 18.333885 0.468660 522.235718
522 337 537 330 554 331 567 341 552 343 536 342 657 346 672 339 689 340 702 349 688 352 672 351 856 339 -42.613892 82.189835 0.230216 -0.488301 -0.026697 0.062637 -7.843122 -5.698759 519.580811 -40.972511 -7.907461 519.227417 25.286266 -3.490058 519.934204
520 336 535 330 552 332 565 341 550 343 534 342 655 346 670 339 686 340 699 348 685 352 670 351 914 404 -54.065609 95.065346 2.080702 -0.483116 -0.027753 0.060132 -8.981882 -5.922679 522.851074 -42.115307 -8.059371 522.438477 24.151543 -3.785987 523.263733
528 347 543 342 559 343 573 352 558 354 543 353 663 358 678 352 693 352 706 359 692 363 677 362 722 791 -15.468082 171.613800 8.148245 -0.475800 -0.029635 0.066874 -5.151074 -0.268983 524.601562 -38.268761 -2.634372 524.173218 27.966612 2.096405 525.029846
496 343 509 337 525 338 538 346 524 349 509 348 628 348 642 341 659 341 673 348 658 352 643 352 1344 487 -139.422272 111.579475 7.722632 -0.466497 -0.009204 0.022088 -22.144217 -4.208169 526.203003 -55.339695 -4.985213 526.076416 11.051262 -3.431125 526.329651
501 335 515 329 531 330 544 339 530 342 515 341 635 342 649 335 666 335 680 342 665 347 650 346 1356 52 -142.304260 25.494785 -0.975063 -0.430653 -0.011795 0.036632 -18.779333 -7.402997 521.872620 -51.959938 -8.664834 521.750916 14.401273 -6.141161 521.994324
512 343 527 337 543 338 557 347 542 350 526 349 647 352 662 345 678 346 693 353 678 358 662 357 1154 477 -101.676041 109.561440 5.769813 -0.479272 -0.024320 0.055186 -12.840167 -2.830296 520.103882 -45.985764 -4.782085 519.758057 20.305429 -0.878506 520.449768
516 372 532 366 549 368 564 377 548 380 531 379 657 382 672 374 689 375 703 383 688 387 672 387 636 372 1.143232 88.675407 -1.128272 0.220321 -0.021665 0.060262 -8.380098 11.122810 494.393341 -41.517124 9.218219 493.460785 24.756927 13.027401 495.325897
462 334 476 328 493 329 506 338 492 342 476 341 602 342 617 334 635 334 651 342 635 347 618 347 1390 78 -149.031174 30.647205 -0.135376 -0.353708 0.023631 0.046134 -34.343754 -7.423207 497.114349 -67.504433 -8.785347 498.150452 -1.183076 -6.061067 496.078247
472 338 486 331 503 333 517 342 502 345 486 344 612 346 628 338 646 338 661 346 645 351 628 351 1288 173 -128.652664 49.426903 0.848612 -0.365449 0.017483 0.049204 -29.573086 -5.490993 496.772614 -62.733143 -6.983071 497.635193 3.586969 -3.998914 495.910034
488 365 503 359 520 361 534 371 519 373 503 372 631 377 647 369 665 369 680 377 664 382 647 381 1001 864 -70.828773 186.117905 12.196633 0.206657 -0.042312 0.074135 -20.478958 8.027583 482.518707 -53.563301 5.730959 480.872101 12.605387 10.324207 484.165314
488 345 503 338 520 340 534 350 519 353 502 351 632 356 648 348 666 349 681 358 665 362 648 362 1083 53 -88.051315 25.636621 -3.469764 -0.366394 -0.009120 0.068292 -20.475952 -1.228497 487.471985 -53.602863 -3.498777 487.586761 12.650959 1.041782 487.357178
481 351 496 345 513 347 527 357 511 360 495 358 623 365 639 357 657 358 672 366 655 371 639 370 1436 471 -157.723221 108.431946 8.246180 0.124443 -0.023906 0.091316 -24.389608 2.255759 487.858582 -57.446793 -0.714758 486.879730 8.667576 5.226277 488.837463
485 344 500 337 517 339 531 349 515 352 499 351 628 356 644 348 662 348 678 357 661 362 644 362 1209 2 -113.148911 15.569521 -3.341708 0.118018 -0.034973 0.086662 -21.999548 -1.457917 483.484589 -55.059639 -4.256264 482.158203 11.060541 1.340431 484.810974
483 351 498 346 515 347 528 357 513 359 497 358 625 364 641 356 658 357 673 365 657 369 641 368 1314 552 -133.386230 124.436913 8.762438 -0.409855 -0.015091 0.071819 -23.696741 2.109245 494.346710 -56.813423 -0.308409 494.341644 9.419940 4.526899 494.351776
564 363 580 358 598 361 613 370 596 371 579 369 708 379 723 373 739 374 752 382 737 385 722 384 172 877 93.928726 188.520370 4.822895 -0.371897 -0.009045 0.102178 14.508956 8.795450 498.946472 -18.523321 5.431036 499.276642 47.541233 12.159864 498.616333
488 350 504 343 521 344 536 354 520 357 503 356 633 359 649 350 667 351 682 359 666 364 649 363 1003 310 -71.859550 76.480881 0.997204 -0.370578 -0.011424 0.048347 -20.048578 0.243432 488.923248 -53.212894 -1.394253 488.846710 13.115736 1.881117 488.999786
491 358 506 352 523 354 537 364 521 367 505 365 634 371 650 363 668 364 683 372 667 377 650 376 1164 599 -103.523819 133.707474 8.332293 0.164914 -0.028746 0.081526 -19.192188 5.273023 482.292236 -52.273293 2.660070 481.120667 13.888916 7.885976 483.463806
560 353 577 348 595 350 609 360 592 362 575 360 705 371 720 364 737 365 750 374 735 378 719 376 295 592 69.159798 132.143707 0.185087 -0.365797 -0.024322 0.111697 13.014506 4.528327 493.657379 -19.975992 0.763664 493.539490 46.005005 8.292991 493.775299
507 342 523 336 541 337 556 347 540 350 523 349 654 351 669 343 687 343 702 352 686 357 669 356 693 211 -10.368120 56.824966 -3.863235 -0.360420 -0.023288 0.045645 -10.826677 -3.191165 487.053711 -43.988377 -4.811351 486.567535 22.335020 -1.570980 487.539886
489 361 504 354 522 356 536 366 520 368 504 367 633 371 649 363 667 363 682 371 666 376 649 376 1068 602 -84.442833 134.281464 7.508661 0.159936 -0.028315 0.064985 -19.572220 5.603510 481.177032 -52.693821 3.531679 480.069519 13.549382 7.675341 482.284576
491 360 506 354 524 355 538 365 522 368 506 367 636 371 652 363 670 363 685 372 669 377 652 376 1113 615 -93.370575 136.863434 8.186448 -0.418924 -0.027859 0.057114 -18.832935 5.681448 488.303406 -51.971703 3.650348 487.797119 14.305833 7.712548 488.809692
565 345 582 339 600 341 615 351 598 353 581 352 710 358 726 351 743 352 756 360 741 364 725 363 175 450 92.844414 104.017052 -3.795720 -0.327099 -0.025487 0.077895 15.612465 -0.673525 493.547638 -17.481880 -3.348367 493.136322 48.706810 2.001318 493.958954
472 343 486 336 503 337 517 347 502 350 486 350 613 349 629 340 647 340 663 348 647 354 629 354 1380 47 -147.079361 24.510206 -0.855212 -0.270699 0.026572 0.029139 -29.032667 -3.786934 494.043091 -62.211823 -4.623784 495.044617 4.146487 -2.950083 493.041595
489 351 504 345 521 346 536 356 520 359 504 358 633 362 649 354 667 355 682 363 666 368 649 367 1251 443 -120.991196 102.852707 5.974942 -0.386722 -0.016637 0.060213 -19.955496 1.584376 488.730194 -53.096344 -0.469716 488.573456 13.185350 3.638469 488.886932
497 361 513 355 530 357 544 367 528 369 512 367 642 374 658 366 676 367 690 376 674 380 658 379 1104 718 -91.464310 157.245438 10.189167 -0.429078 -0.032461 0.072721 -16.026443 6.721841 489.023743 -49.127625 4.155486 488.489624 17.074738 9.288196 489.557831
596 354 612 350 628 351 643 357 627 359 611 358 723 363 738 360 754 362 769 368 754 370 738 368 22 574 123.391022 128.525421 -2.694343 -0.513960 0.017046 0.091192 29.123627 3.136706 565.015015 -3.941514 0.386655 566.316284 62.188770 5.886758 563.713745
524 373 540 367 558 369 573 379 556 381 539 380 670 384 686 376 704 376 719 384 703 389 686 389 809 728 -32.829140 159.163864 7.674036 0.292981 -0.001919 0.059561 -2.925983 11.217141 470.078735 -36.072273 9.278018 469.728363 30.220308 13.156264 470.429077
525 368 542 362 559 364 574 374 558 376 541 375 672 381 688 373 705 374 720 381 704 386 688 385 795 788 -29.978403 171.035080 8.759994 0.272569 0.000616 0.069597 -2.276241 9.399490 471.519623 -35.401157 7.116122 471.226929 30.848677 11.682859 471.812286
574 354 590 349 609 351 623 361 606 363 589 361 720 369 736 362 752 363 766 371 751 375 735 374 100 541 107.852783 122.010681 -2.643997 0.185692 0.016886 0.080960 19.529026 3.854804 480.113831 -13.562622 1.133125 480.421936 52.620674 6.576483 479.805756
526 344 541 336 559 338 573 348 557 351 541 350 671 353 687 344 705 345 720 354 704 359 687 358 873 136 -46.224277 42.019321 -3.723688 -0.440647 0.005175 0.059001 -2.632438 -2.309391 485.089569 -35.779964 -4.167360 485.680389 30.515089 -0.451421 484.498779
542 348 558 341 576 343 590 353 574 355 557 354 687 359 703 351 720 352 735 361 719 365 703 364 733 336 -18.174204 81.570869 -0.963639 -0.450528 -0.002393 0.071723 4.780782 0.240801 488.819397 -28.340002 -2.076580 489.269897 37.901566 2.558182 488.368866
582 360 598 356 616 358 631 367 614 369 597 367 725 377 740 370 756 371 770 379 755 383 739 382 279 832 72.613762 179.636780 4.897410 -0.413091 0.004352 0.105253 22.983971 7.620156 500.968170 -10.039377 4.259557 501.819336 56.007320 10.980755 500.117004
575 352 591 347 609 349 623 358 607 361 590 359 719 366 734 360 750 360 764 368 749 372 733 371 209 547 86.198669 123.220474 -1.518366 -0.400369 0.001699 0.088558 19.670326 3.020277 497.731720 -13.406051 0.172588 498.367004 52.746704 5.867966 497.096436
584 347 601 342 618 344 633 354 616 356 600 354 728 363 743 356 759 357 773 365 758 369 742 368 143 377 99.120148 89.563667 -5.568677 -0.365224 -0.006098 0.099721 24.135700 1.127638 497.882202 -8.905367 -2.141567 498.282013 57.176765 4.396843 497.482422
480 360 493 353 509 353 522 361 508 365 493 365 615 359 630 350 648 349 664 355 648 362 631 362 1394 402 -149.455673 94.768112 6.462095 -0.288399 0.059313 -0.014753 -28.140890 1.888014 510.055267 -61.284130 2.652759 511.926208 5.002350 1.123269 508.184326
610 344 628 339 646 342 660 352 643 353 626 351 754 363 769 357 785 359 798 368 783 371 768 369 237 342 80.400024 82.656418 -5.411433 -0.341583 -0.021549 0.128055 36.650730 0.877891 499.660736 3.722776 -3.401012 499.679199 69.578690 5.156794 499.642273
544 343 559 335 577 337 591 347 575 350 558 349 688 352 703 344 721 345 735 354 720 358 703 357 838 124 -39.282635 39.637314 -4.289104 -0.428580 0.014833 0.064662 5.140564 -2.786029 492.210022 -27.992317 -4.762534 493.140167 38.273445 -0.809525 491.279877
527 358 541 352 558 354 572 363 557 366 541 365 668 368 683 360 701 361 716 369 700 373 684 373 1169 549 -104.574600 123.813431 7.365912 0.165191 0.000294 0.060065 -3.528493 4.450633 489.345337 -36.673561 2.465642 489.190735 29.616575 6.435623 489.499939
541 368 555 362 572 364 586 374 571 376 555 375 681 381 696 373 714 374 728 382 712 386 696 386 1047 898 -79.931236 192.856003 13.308858 0.207394 0.017370 0.075750 2.654260 9.916182 491.058563 -30.450689 7.361876 491.370880 35.759209 12.470489 490.746277
567 343 584 338 602 340 616 350 600 352 583 350 713 358 729 351 746 352 760 361 744 365 728 363 599 18 8.091351 18.610674 -8.637213 -0.379022 -0.014768 0.090118 16.644926 -0.860800 488.753479 -16.423178 -3.869695 488.835388 49.713028 2.148095 488.671600
509 359 523 353 539 354 552 362 538 366 523 365 646 363 661 355 679 355 694 362 678 367 662 367 1287 466 -128.118988 107.411835 6.772307 -0.358750 0.036474 0.017547 -13.426072 3.374534 506.604584 -46.603981 3.019365 507.892914 19.751837 3.729704 505.316223
564 364 581 359 599 361 613 371 597 373 580 371 710 380 726 373 743 375 758 383 742 387 725 385 882 690 -47.379471 151.658600 7.577076 0.220013 0.039131 0.089220 15.117843 8.936686 479.213959 -17.930149 5.860418 480.176483 48.165836 12.012953 478.251465
592 366 608 361 626 364 641 374 624 375 607 373 737 385 752 379 769 380 783 388 767 392 751 390 434 848 41.829746 182.835037 6.649293 0.189989 0.024702 0.110532 27.479368 10.715831 483.496155 -5.513345 6.997899 483.962494 60.472080 14.433764 483.029816
607 353 625 348 643 351 657 361 640 362 623 360 752 371 767 365 784 367 797 375 782 378 766 377 166 570 94.770119 127.763382 -1.448771 -0.369732 0.010917 0.121472 35.318474 4.743574 496.569519 2.357512 0.877414 497.659210 68.279434 8.609734 495.479858
599 338 616 333 635 336 649 346 632 348 615 346 744 357 759 350 776 351 790 360 775 364 759 363 382 113 51.323177 37.366753 -8.712637 -0.346899 -0.014796 0.115729 31.405531 -2.002360 492.695953 -1.575800 -5.844172 492.874664 64.386864 1.839451 492.517273
600 357 617 353 635 356 650 366 633 367 616 365 745 377 760 371 777 372 790 380 775 384 759 382 371 743 54.229359 162.042435 3.942793 -0.393628 0.011938 0.126471 31.802418 7.053839 495.715210 -1.138274 3.050020 496.915192 64.743111 11.057657 494.515259
549 370 563 365 578 367 591 375 577 377 562 376 674 381 688 375 702 375 714 382 701 386 687 385 325 842 63.483860 181.625244 5.523663 -0.381508 -0.020686 0.073040 2.075151 12.035645 569.161926 -31.035189 9.541695 568.949097 35.185490 14.529594 569.374817
488 330 502 322 518 323 532 333 517 336 502 335 621 336 636 328 653 328 667 337 652 341 636 341 943 66 -60.215015 28.180590 -4.496247 -0.407551 -0.009272 0.040982 -25.586590 -10.425921 527.385925 -58.762497 -11.810836 527.360046 7.589320 -9.041006 527.411804
565 320 581 314 598 316 611 326 596 328 580 327 700 335 714 328 730 330 742 339 728 343 713 341 186 164 90.331490 47.419479 -9.485551 -0.418577 -0.045860 0.104349 13.322151 -12.281921 528.872192 -19.670326 -15.952895 528.110535 46.314629 -8.610949 529.633789
557 348 573 343 589 346 603 355 588 357 572 355 693 363 707 356 723 357 736 365 721 369 706 368 375 765 53.459610 166.397095 4.425117 0.219465 0.011926 0.087746 9.434543 1.388762 518.003296 -23.640690 -1.540947 518.077393 42.509773 4.318470 517.929199
568 340 583 336 600 338 614 347 598 349 582 347 703 355 717 349 732 350 744 357 731 361 716 359 179 638 92.264435 141.223358 0.047909 -0.373905 -0.027795 0.091725 14.626472 -2.581031 531.907776 -18.427715 -5.722082 531.569946 47.680660 0.560021 532.245605
544 331 560 324 577 325 591 334 575 337 559 337 679 339 694 332 710 333 723 341 709 345 694 344 447 294 38.612999 73.200272 -4.448800 -0.417964 -0.024114 0.057732 3.139665 -9.110843 527.875549 -30.001120 -11.136133 527.493164 36.280449 -7.085552 528.257935
489 333 502 324 519 324 533 332 518 336 503 337 620 329 634 320 652 319 667 328 652 333 636 333 1065 4 -84.530289 15.935752 -4.627778 -0.409312 0.029480 -0.025159 -25.796967 -12.253526 532.769836 -58.977192 -11.243941 533.552734 7.383260 -13.263109 531.986877
517 328 531 320 548 320 562 329 547 333 531 333 651 332 665 323 682 324 696 333 681 337 666 336 896 80 -50.858959 30.941559 -4.645741 -0.444536 0.005752 0.030022 -10.923783 -12.162642 528.560547 -44.113338 -13.085102 528.963196 22.265772 -11.240183 528.157898
489 352 502 346 517 346 530 354 517 358 502 358 619 353 633 345 650 344 664 351 650 356 634 357 1225 598 -115.647163 133.522110 8.873992 -0.365278 0.014544 -0.008841 -26.695169 -1.106770 535.646790 -59.895226 -0.732488 536.065979 6.504889 -1.481053 535.227539
578 330 594 324 611 326 625 336 609 338 593 336 712 344 727 338 742 339 755 348 741 351 726 349 123 350 103.063766 84.216217 -6.299642 -0.390702 -0.043050 0.095465 19.764206 -7.708019 530.195068 -13.260999 -11.067653 529.415100 52.789410 -4.348385 530.974976
475 346 488 339 503 339 516 347 502 351 488 351 603 344 617 336 633 335 648 341 634 347 618 347 1422 353 -155.075974 85.076691 5.727846 -0.325349 0.056549 -0.018281 -34.851288 -5.214143 541.244202 -67.997993 -4.315467 542.989990 -1.704582 -6.112818 539.498413
511 339 524 332 540 333 553 342 539 345 524 344 642 346 657 338 673 339 687 347 673 351 657 351 1103 404 -91.624542 95.104156 3.821822 -0.414006 0.014667 0.051644 -15.089634 -5.730012 532.074463 -48.247288 -7.296119 532.897278 18.068018 -4.163906 531.251648
557 329 573 323 589 325 603 334 587 337 572 335 692 342 706 336 722 337 735 346 721 349 706 348 501 254 27.836147 65.295303 -4.761291 -0.409958 -0.027163 0.091388 9.298436 -8.492275 529.112183 -23.757683 -11.620152 528.849487 42.354553 -5.364399 529.374817
536 353 551 348 567 350 581 359 566 361 550 360 672 365 687 358 703 359 716 366 702 370 686 369 594 797 9.975517 172.774918 7.090567 -0.431756 -0.024511 0.067517 -0.913389 2.956652 523.368103 -34.033901 0.612734 523.056213 32.207123 5.300569 523.679932
529 331 544 324 561 326 575 334 560 338 544 337 665 339 680 332 697 332 710 341 696 345 680 344 606 135 6.834032 41.766586 -6.203613 -0.426385 -0.015838 0.051034 -3.999557 -9.200897 524.060791 -37.157692 -10.954200 523.906677 29.158575 -7.447595 524.214905
459 352 471 346 486 345 499 352 486 356 472 357 586 346 600 338 616 336 631 341 617 347 601 348 1381 415 -146.857391 97.338165 6.605570 -0.300719 0.059724 -0.058295 -43.440304 -3.602946 542.630798 -76.530411 -1.402764 544.293213 -10.350197 -5.803128 540.968445
526 331 541 324 557 326 570 335 555 338 540 337 659 341 674 334 690 335 704 343 689 347 674 346 1025 245 -76.305801 63.621799 -0.116300 -0.439267 0.007983 0.076414 -6.710004 -8.615226 527.964050 -39.818432 -11.012007 528.768555 26.398422 -6.218445 527.159607
502 362 515 356 531 357 544 366 530 369 515 368 634 368 649 360 666 360 680 367 665 372 649 372 1064 845 -83.370140 182.370712 12.392279 0.196228 -0.030510 0.034947 -18.837450 5.340240 520.703857 -52.006653 4.286754 519.584167 14.331754 6.393725 521.823547
541 350 556 345 573 346 586 355 571 357 555 356 677 363 691 356 707 357 720 364 706 368 691 367 732 769 -17.480478 167.262024 7.794893 -0.435100 -0.023644 0.080814 1.447984 1.623675 524.756165 -31.641031 -1.140790 524.570801 34.537003 4.388140 524.941528
536 352 551 347 568 348 581 357 566 359 551 358 672 363 687 357 703 358 716 365 701 369 686 368 633 794 2.221831 172.189224 7.389099 -0.442853 -0.026656 0.071323 -0.849200 2.285645 524.181519 -33.959370 -0.196433 523.841553 32.260971 4.767724 524.521484
471 386 486 379 503 380 518 389 502 393 486 392 615 391 630 383 648 383 664 390 648 395 631 395 1114 582 -93.607025 130.332886 7.527449 0.216432 -0.045866 0.035029 -27.946890 15.651883 481.569824 -61.096634 14.662563 479.934204 5.202855 16.641203 483.205444
563 366 579 361 597 363 612 373 596 375 579 373 712 380 728 373 745 374 760 382 744 386 728 385 650 612 -1.364547 136.174637 3.860420 -0.530963 0.005105 0.083071 15.104768 9.242323 476.156097 -17.987783 6.658764 477.032379 48.197319 11.825883 475.279785
579 349 596 343 614 345 629 355 612 358 595 356 729 362 744 354 762 355 776 364 761 368 744 367 435 291 40.994267 72.604103 -4.620094 -0.460863 0.008902 0.077244 22.704208 1.162132 478.630280 -10.402042 -1.243496 479.495575 55.810459 3.567759 477.765015
589 358 606 353 624 355 639 365 622 367 605 366 739 373 754 366 771 367 785 375 770 380 754 379 324 503 63.295044 114.536430 -1.349904 -0.452458 0.011621 0.092371 27.223003 6.005500 480.709137 -5.840451 3.132024 481.763062 60.286457 8.878977 479.655212
609 360 626 356 644 358 659 368 642 370 625 368 758 377 773 371 789 372 803 380 788 384 772 382 232 640 81.734322 141.630035 0.576658 -0.428113 0.021143 0.106087 36.223076 7.567375 486.383545 3.209399 4.306005 487.804871 69.236755 10.828746 484.962219
510 380 524 374 542 374 556 383 541 387 525 386 655 384 671 375 689 374 706 381 689 387 672 387 1148 781 -100.136169 169.722260 11.870184 0.196732 -0.020907 0.015082 -9.661625 12.276381 473.936615 -42.855442 11.846928 473.197876 23.532192 12.705836 474.675385
575 355 591 348 609 350 624 360 607 363 590 362 724 369 740 361 758 362 773 371 757 375 739 374 846 389 -40.569489 92.082855 1.150535 -0.475441 0.027821 0.092289 20.493782 4.027401 476.961731 -12.559774 1.297069 478.564026 53.547337 6.757734 475.359436
624 349 642 344 660 346 675 356 658 359 640 357 773 366 788 359 805 360 819 368 803 373 788 371 109 314 105.804756 77.088890 -7.157571 -0.400724 0.006266 0.103364 43.349792 2.306224 484.876068 10.320486 -0.987707 485.756134 76.379097 5.600155 483.995972
489 361 503 353 520 354 535 363 520 366 504 366 631 363 647 354 666 354 682 361 666 367 648 367 1191 361 -109.161461 86.612465 3.761802 -0.397739 0.047808 0.009644 -20.351236 3.273429 487.881378 -53.517086 3.273214 489.489532 12.814611 3.273644 486.273254
562 366 578 361 597 363 611 374 595 376 577 374 711 383 728 376 746 377 760 386 744 390 727 388 897 670 -50.383202 147.703659 7.310283 0.223999 0.033497 0.090391 14.586335 9.836085 465.793182 -18.464960 6.740356 466.559967 47.637630 12.931814 465.026398
512 343 527 335 544 336 559 345 543 349 527 349 657 344 672 335 690 335 706 343 690 349 673 349 933 100 -58.188904 34.907188 -3.899909 -0.443309 0.035921 0.007432 -9.171969 -5.070296 486.835876 -42.354809 -5.048961 488.043457 24.010870 -5.091631 485.628265
615 348 633 343 651 345 666 355 649 357 631 355 763 364 778 358 795 359 808 367 793 371 778 370 6 320 126.280243 78.255150 -7.984942 -0.388643 -0.012183 0.099793 39.228149 1.809397 487.057800 6.188899 -1.493495 487.299347 72.267403 5.112288 486.816284
510 383 525 376 542 377 557 387 541 390 525 389 656 388 672 379 690 379 707 386 690 392 673 392 1115 840 -93.510811 181.391678 12.760860 0.198020 -0.010631 0.021709 -9.343107 13.900523 472.271179 -42.538250 13.219304 471.849365 23.852037 14.581742 472.692993
619 346 636 340 655 343 670 353 652 355 635 353 767 363 782 356 798 358 811 366 797 370 781 369 85 268 110.521561 67.980492 -8.310112 -0.377047 -0.031317 0.104573 40.889275 1.052581 487.323730 7.879773 -2.524806 486.956604 73.898773 4.629968 487.690857
608 351 625 346 644 348 659 358 642 360 624 358 756 365 771 358 787 359 801 367 786 371 771 370 1 390 127.353889 92.107224 -6.613585 -0.363991 -0.031006 0.078493 36.031460 2.431804 487.501556 2.943529 -0.299511 486.964661 69.119392 5.163119 488.038452
509 381 523 375 540 377 554 387 539 389 523 388 652 393 668 385 687 386 703 394 686 399 669 398 1365 810 -143.226242 175.505966 14.456463 0.142685 0.015348 0.071514 -10.834927 15.407029 477.947357 -43.951111 13.006298 478.285767 22.281256 17.807760 477.608948
548 370 563 364 581 367 595 377 579 379 563 377 695 386 712 379 730 380 745 388 728 392 711 391 980 736 -66.801888 160.782196 9.411325 -0.473424 0.015551 0.097362 7.920359 11.532120 477.795074 -25.126179 8.543632 479.042023 40.966896 14.520608 476.548157
554 353 570 346 588 348 603 358 586 361 569 360 703 365 719 357 737 358 752 367 736 372 719 370 826 354 -36.635006 85.152199 0.257581 -0.467246 0.018951 0.078636 11.013873 2.739202 477.112366 -22.084335 0.369162 478.316986 44.112080 5.109242 475.907715
530 372 545 366 563 368 577 378 561 381 545 379 674 386 690 379 709 379 725 388 708 392 690 391 1239 796 -118.202950 172.709473 13.012233 0.184964 0.011591 0.088213 -0.907842 11.811606 476.434387 -33.981693 8.867558 476.546631 32.166008 14.755654 476.322174
528 364 543 358 559 360 573 369 558 372 542 371 670 376 686 368 704 369 720 377 703 381 686 380 1325 623 -135.491028 138.490173 10.301440 -0.391876 0.028515 0.070896 -2.517896 7.698698 489.268341 -35.627045 5.589738 490.645416 30.591251 9.807657 487.891296
524 287 540 280 559 282 574 293 558 296 540 295 678 299 695 289 715 289 731 298 713 304 695 304 1084 773 -87.426941 168.125916 11.118608 0.319469 -0.006994 0.060951 -0.534124 -25.630758 446.443909 -33.676998 -27.582344 445.895325 32.608749 -23.679174 446.992523
541 252 558 244 578 246 594 258 576 261 558 260 704 263 722 253 743 253 760 263 742 269 722 269 893 284 -50.029575 71.312851 -0.542615 -0.341903 0.035073 0.063021 8.779450 -39.408550 433.187866 -24.339876 -41.261757 434.683044 41.898777 -37.555340 431.692719
544 266 561 258 581 261 597 274 579 277 561 275 705 282 723 272 744 272 760 282 742 289 723 288 1005 634 -71.886604 140.601379 7.576251 0.282081 0.012761 0.077659 9.456608 -32.005104 427.724121 -23.646107 -34.606396 427.780701 42.559322 -29.403814 427.667542
509 259 526 248 546 247 562 256 544 263 526 264 658 260 675 253 694 256 711 267 694 271 675 268 1356 401 -141.905289 94.562408 6.091780 -0.636932 -0.029714 0.034619 -8.661693 -45.288689 505.418823 -41.833107 -46.665337 504.851685 24.509724 -43.912045 505.985931
635 236 655 229 676 232 694 243 674 246 654 244 799 252 817 244 836 245 851 254 834 259 816 258 223 191 83.009552 52.770416 -8.597979 -0.267675 0.002028 0.090830 48.538151 -45.301624 440.242554 15.469467 -48.268642 440.709991 81.606834 -42.334606 439.775146
601 241 621 233 642 235 659 247 640 250 620 249 767 255 785 245 805 246 821 256 803 262 784 261 403 223 47.275715 59.140232 -6.291807 -0.320050 0.018075 0.080437 34.478413 -43.362965 434.717407 1.385421 -45.890335 435.730255 67.571404 -40.835594 433.704559
584 253 602 246 623 248 640 260 621 263 601 261 750 268 768 259 788 259 804 269 786 275 767 274 604 458 7.600731 105.688362 0.318335 0.287630 0.048295 0.065304 26.542444 -37.108276 423.332672 -6.553656 -39.473473 424.602966 59.638542 -34.743084 422.062347
618 265 637 260 658 263 676 274 656 276 636 273 783 282 800 274 819 275 835 284 818 289 799 288 271 700 74.052650 153.512146 2.150866 0.227807 0.038612 0.073379 40.865448 -32.290306 431.845337 7.774224 -34.848381 432.838715 73.956673 -29.732233 430.851929
630 242 650 236 671 238 688 250 669 252 649 251 795 257 812 249 831 250 847 259 830 264 811 263 131 104 101.192749 35.534092 -11.207156 -0.178742 -0.004355 0.079378 46.549595 -42.966125 439.821320 13.449370 -45.597950 439.912415 79.649818 -40.334301 439.730194
602 260 619 253 639 256 655 269 637 271 618 269 762 278 779 269 799 270 815 279 798 285 779 284 559 623 16.731962 138.332870 3.244840 0.223776 0.059814 0.085464 33.104401 -34.462585 436.290894 0.079335 -37.492737 437.940979 66.129471 -31.432432 434.640808
568 268 586 261 606 264 622 276 604 279 585 277 729 284 747 274 768 275 784 284 766 291 747 290 888 750 -48.503227 163.533920 8.847280 0.272828 0.032361 0.074752 19.342396 -31.283752 429.914032 -13.753002 -33.878059 430.637787 52.437794 -28.689445 429.190277
580 273 599 267 619 269 636 280 617 283 598 281 745 288 763 279 782 280 798 288 781 294 762 293 650 881 -1.057029 189.410141 9.307356 0.300555 0.042347 0.063327 24.926620 -29.422226 426.858887 -8.182610 -31.701063 427.929108 58.035851 -27.143389 425.788666
618 256 637 250 659 253 676 265 656 267 636 265 783 273 801 264 821 265 836 274 819 280 800 279 360 514 56.153538 116.720741 -0.795525 0.232266 0.044045 0.070555 40.849327 -35.766579 429.508667 7.758789 -38.254650 430.685669 73.939865 -33.278507 428.331635
515 251 531 242 550 243 566 254 549 258 531 258 672 256 690 246 711 245 729 254 710 261 691 261 1427 117 -156.339386 38.372963 0.995183 -0.214271 0.072327 0.031675 -3.377800 -42.469131 443.087006 -36.479553 -43.255604 445.579987 29.723953 -41.682659 440.593994
589 265 608 259 628 262 644 274 625 276 606 274 753 283 770 275 790 276 806 285 788 290 770 289 734 734 -17.917938 160.335876 7.104608 0.280241 0.047961 0.084003 28.355272 -31.751986 428.645996 -4.695329 -34.722137 429.827332 61.405872 -28.781832 427.464661
593 270 611 264 631 267 648 278 629 280 610 278 756 288 774 279 794 280 809 289 792 294 773 293 668 899 -4.613493 192.976074 9.837656 0.295876 0.048141 0.079162 29.843992 -30.035643 429.029480 -3.219443 -32.856873 430.216736 62.907425 -27.214417 427.842224
535 257 551 250 570 252 586 263 569 266 551 265 693 270 711 261 731 261 749 270 730 276 711 275 1380 531 -146.526062 120.294533 8.945223 0.244389 0.015989 0.069258 5.019315 -37.244518 435.304657 -28.102068 -39.583996 435.550354 38.140701 -34.905037 435.058960
570 247 587 240 607 243 623 255 605 258 586 256 731 264 749 254 769 254 786 265 768 271 749 270 943 290 -59.958942 72.510529 0.039491 0.253296 0.031959 0.079512 19.988092 -39.598919 429.855225 -13.095526 -42.341339 430.571442 53.071709 -36.856495 429.139008
606 267 625 261 645 264 662 276 643 278 624 275 770 285 787 277 807 278 822 287 805 292 786 291 492 830 30.283146 179.284714 6.819126 0.281628 0.046741 0.084125 35.491943 -31.138882 430.938110 2.439765 -34.108120 432.076904 68.544121 -28.169643 429.799347
610 245 629 238 649 241 666 253 647 256 627 254 774 262 792 253 811 254 827 263 809 269 791 268 339 162 59.924351 47.055096 -8.116571 0.211342 0.042798 0.074698 37.287140 -40.502392 431.364594 4.204841 -43.110779 432.512421 70.369438 -37.894005 430.216736
595 374 609 368 625 369 638 378 624 381 609 380 724 380 738 372 753 371 766 377 752 383 738 383 342 895 60.166134 192.117508 6.753460 0.349781 0.019540 0.015435 26.685509 11.422231 534.554932 -6.509115 10.807831 535.101807 59.880131 12.036630 534.008057
549 350 563 343 580 345 593 354 579 358 563 356 684 357 699 348 716 348 730 356 715 362 699 362 886 841 -48.001747 181.542557 10.671498 0.321598 0.002540 0.035701 5.275476 -0.278721 508.743469 -27.908255 -1.457016 508.637390 38.459206 0.899574 508.849548
545 341 559 334 575 335 589 345 574 348 559 347 679 349 694 341 711 341 726 349 710 354 694 354 1069 574 -84.673569 128.740433 6.950906 0.273221 -0.003929 0.051322 3.067348 -4.231093 512.837036 -30.093761 -5.895660 512.476929 36.228458 -2.566525 513.197144
609 343 624 337 641 339 654 349 639 351 623 349 744 355 758 347 774 348 787 355 773 360 758 359 314 764 65.580666 166.186661 3.842919 0.243959 0.038390 0.063189 34.753387 -2.249372 521.115112 1.638843 -4.479565 522.121521 67.867928 -0.019179 520.108704
548 300 561 293 576 294 589 303 575 306 561 306 675 304 688 296 705 296 719 304 705 309 689 309 1144 28 -100.202087 20.701611 -3.414036 -0.379718 0.066805 0.035368 2.121972 -26.931330 547.487183 -30.989159 -27.660669 549.870605 35.233105 -26.201990 545.103760
622 316 637 311 653 313 666 322 651 324 636 323 754 328 768 321 784 322 796 329 783 334 768 333 356 634 57.085617 140.468094 1.597486 0.269036 0.063531 0.061188 41.110550 -15.561195 531.919922 8.034043 -17.847765 533.729919 74.187050 -13.274625 530.109924
562 306 576 298 592 299 605 309 591 312 576 312 692 311 706 302 723 302 737 310 722 315 707 315 992 100 -69.913651 34.919304 -3.356385 -0.390854 0.063299 0.038812 10.522704 -23.669931 540.969666 -22.591780 -24.519592 543.265015 43.637188 -22.820269 538.674316
626 328 642 323 658 325 672 334 656 336 641 334 759 341 773 334 788 334 801 341 787 346 772 345 195 840 89.315765 181.202744 4.285570 0.255727 0.048363 0.066543 43.606651 -9.587596 532.704224 10.513510 -11.974757 534.010010 76.699791 -7.200436 531.398376
552 317 565 310 581 311 593 320 580 323 565 323 680 322 694 314 711 314 725 321 711 326 695 326 1326 308 -136.049866 76.151405 3.932270 0.226529 -0.009916 0.034102 4.763790 -17.681902 535.669739 -28.420174 -18.767239 535.215637 37.947754 -16.596567 536.123840
618 304 633 298 649 300 663 310 647 312 632 311 750 315 764 307 779 308 792 315 778 320 763 320 349 239 58.025131 62.295567 -6.465289 0.241096 0.063935 0.051810 39.278179 -22.220911 535.031799 6.185190 -24.177229 536.925598 72.371170 -20.264595 533.138000
581 330 595 324 611 325 625 334 610 337 595 336 713 337 726 329 743 329 756 336 742 342 727 341 693 836 -9.653627 180.513412 8.792286 0.276326 0.023694 0.032114 20.306499 -10.192729 530.567078 -12.872042 -11.353281 531.197266 53.485039 -9.032178 529.936890
566 312 579 305 596 306 609 316 594 319 579 319 696 319 710 310 727 310 741 318 727 323 711 323 1033 147 -78.007629 44.229095 -2.026987 0.240104 -0.006342 0.040717 12.386511 -19.373905 529.896179 -20.790249 -20.687429 529.526184 45.563271 -18.060381 530.266235
554 331 567 325 582 326 594 335 581 338 567 337 682 338 696 331 712 331 726 338 712 342 696 342 1398 848 -149.740707 183.033005 15.529923 0.229117 0.013072 0.045191 5.438837 -9.927000 537.540039 -27.729401 -11.463403 537.799011 38.607075 -8.390596 537.281006
620 301 635 294 652 296 665 306 650 308 634 307 752 310 766 303 781 303 794 311 780 316 766 315 211 15 85.193039 17.937288 -12.272321 -0.337574 0.018665 0.065297 40.964848 -24.705315 543.452393 7.835854 -26.727329 544.422363 74.093842 -22.683298 542.482422
572 309 586 301 602 302 615 312 601 315 586 315 703 313 717 305 734 304 748 312 734 318 718 318 805 239 -32.593258 62.389210 -2.264493 -0.404256 0.059704 0.035669 16.053444 -22.155014 538.692688 -17.072186 -22.911337 540.856079 49.179073 -21.398693 536.529297
561 312 574 305 590 306 603 315 589 318 574 318 690 317 704 308 721 308 735 316 721 321 705 321 1153 270 -101.713959 68.595627 1.569092 -0.384853 0.062657 0.035411 9.704995 -20.535290 541.593079 -23.414913 -21.286049 543.844238 42.824902 -19.784529 539.341919
563 312 576 305 592 306 605 315 591 318 576 318 692 317 706 309 723 309 737 316 723 322 707 321 1262 260 -123.386368 66.638992 2.370741 0.252259 -0.009174 0.033858 10.622948 -20.088249 532.950439 -22.561546 -21.162169 532.508057 43.807442 -19.014332 533.392761
612 313 627 308 643 309 656 318 641 321 626 320 744 323 758 316 773 316 786 324 772 328 758 328 393 536 49.620777 121.081345 -0.046045 0.253935 0.057145 0.047764 36.175034 -17.811291 534.389404 3.061775 -19.618362 536.064636 69.288292 -16.004217 532.714233
580 313 594 306 610 308 623 317 609 320 594 319 711 321 725 313 742 313 756 321 741 326 726 325 790 390 -29.439770 92.269257 0.654897 -0.405114 0.047947 0.057116 20.036749 -18.815771 538.717102 -13.077034 -20.341164 540.643250 53.150532 -17.290379 536.790894
589 308 603 301 620 302 633 312 618 315 603 314 720 316 735 308 751 308 765 317 750 321 735 321 656 218 -3.007310 58.202679 -4.062346 -0.388668 0.048730 0.063690 24.663376 -21.360826 539.565369 -8.436061 -23.110231 541.546936 57.762810 -19.611422 537.583862
515 279 530 271 549 273 563 284 546 287 530 286 659 288 673 279 691 279 705 288 690 294 674 293 571 35 13.675073 21.969248 -8.550926 0.355488 -0.015156 0.052152 -8.112403 -32.131668 481.665436 -41.268772 -33.737785 480.868500 25.043966 -30.525551 482.462402
484 284 499 277 516 278 530 289 514 293 498 292 626 295 642 286 660 286 675 296 659 301 642 301 994 198 -70.199066 54.314064 -1.353575 0.189776 -0.045238 0.071388 -22.819773 -29.534590 486.911224 -55.906425 -31.745983 485.195801 10.266881 -27.323198 488.626678
566 291 583 286 601 289 615 299 598 301 582 299 709 307 723 301 739 301 751 309 737 313 722 312 7 384 126.154686 90.921051 -6.679805 -0.291045 -0.062894 0.087868 15.375921 -25.385048 502.955261 -17.636587 -28.557505 501.321442 48.388432 -22.212591 504.589111
502 315 517 308 534 310 548 320 533 323 516 322 644 326 659 317 677 317 691 326 675 331 659 330 680 818 -7.090786 176.948517 8.308047 0.236560 -0.039813 0.064328 -14.732146 -15.423933 488.218414 -47.842426 -17.382490 486.658630 18.378136 -13.465376 489.778229
532 282 549 276 567 278 581 289 565 292 548 290 676 296 691 287 708 288 721 297 706 302 690 301 447 76 38.363785 30.057745 -8.863046 0.226454 -0.002418 0.070412 -0.037480 -29.830124 491.338226 -33.160271 -32.137245 490.995209 33.085308 -27.523005 491.681244
471 291 485 284 501 286 515 296 500 299 484 298 609 302 625 294 643 294 658 302 642 308 625 307 1367 195 -144.326752 53.796959 2.021855 0.144015 -0.036478 0.076965 -30.725325 -26.949343 497.118011 -63.809982 -29.406031 495.728821 2.359330 -24.492655 498.507233
560 287 576 281 593 284 607 295 591 297 574 295 698 304 713 296 730 298 742 306 728 311 712 310 79 233 111.673897 61.052708 -9.074095 0.094569 -0.018196 0.098443 11.571132 -27.448038 509.652252 -21.467554 -30.677959 508.895630 44.609818 -24.218119 510.408875
559 292 575 287 593 290 607 299 591 301 574 299 700 309 715 303 731 304 743 312 729 316 714 314 35 494 120.716148 112.695961 -4.194489 -0.282519 -0.054959 0.100783 11.661072 -24.995228 507.882690 -21.326651 -28.545876 506.555023 44.648792 -21.444582 509.210388
476 315 490 308 507 309 521 319 506 322 491 321 616 323 632 314 650 314 665 322 649 327 632 327 1074 828 -85.376823 179.008438 12.140171 0.213337 -0.049789 0.051560 -27.296499 -16.471664 492.835175 -60.416382 -17.993679 491.014008 5.823381 -14.949651 494.656311
476 298 490 291 507 293 520 304 505 306 490 305 616 310 631 301 649 302 664 310 648 316 631 315 1323 189 -135.589722 52.600513 1.495023 0.112464 -0.015038 0.077241 -27.905588 -23.321707 494.965790 -61.007755 -25.850405 494.324005 5.196579 -20.793007 495.607544
522 300 538 294 556 297 570 308 553 310 537 308 665 317 680 309 697 310 711 319 695 324 680 323 757 510 -22.744677 116.010658 2.780752 0.220323 -0.019695 0.103263 -5.115981 -20.427969 490.199615 -38.138226 -23.751173 489.176270 27.906265 -17.104765 491.222961
543 301 560 296 577 299 592 309 575 311 558 309 686 319 701 312 717 313 731 322 716 326 700 325 470 597 34.388721 133.169159 1.898478 0.198401 -0.013418 0.103810 4.653464 -19.700832 493.989777 -28.370205 -23.074970 493.207458 37.677135 -16.326694 494.772095
465 311 479 305 495 306 509 316 494 319 479 318 604 320 619 312 637 312 653 320 637 325 620 325 1360 579 -142.496689 129.789703 9.732922 0.139896 -0.028860 0.056594 -33.448566 -18.003197 497.440979 -66.586510 -19.808115 496.355286 -0.310625 -16.198278 498.526672
547 306 564 301 582 304 596 314 580 316 563 314 691 323 706 316 723 317 736 325 721 329 705 328 351 535 57.966064 120.874825 -0.453210 0.170821 -0.029947 0.093758 6.945359 -17.681202 491.333862 -26.099140 -20.689627 490.080872 39.989861 -14.672775 492.586884
535 301 551 295 569 298 584 309 567 311 550 309 679 317 694 309 711 310 724 318 709 323 693 322 408 373 46.453571 88.826485 -3.208421 0.178305 -0.027998 0.088703 1.228177 -20.225718 489.611084 -31.833473 -23.068668 488.425964 34.289829 -17.382765 490.796204
540 298 557 292 575 295 589 306 572 308 555 306 684 314 699 307 716 307 729 316 714 321 698 320 286 233 70.537918 61.095219 -7.167155 0.153719 -0.036124 0.091441 3.595613 -21.540697 491.194977 -29.449160 -24.468206 489.769409 36.640385 -18.613190 492.620575
505 289 520 282 538 285 551 297 535 300 519 298 647 306 663 297 681 298 694 307 679 313 662 312 1002 48 -71.960342 24.630480 -4.317202 0.167618 -0.019413 0.098486 -13.261640 -25.452671 488.488007 -46.299690 -28.648279 487.574280 19.776411 -22.257065 489.401733
540 290 557 284 575 286 590 297 573 300 556 298 683 305 699 297 716 298 729 307 714 312 698 311 271 73 73.335876 29.427896 -10.545152 -0.224390 -0.055383 0.081974 3.586278 -26.250412 499.934753 -29.456860 -29.150448 498.417999 36.629414 -23.350378 501.451508
508 292 524 285 542 288 555 299 539 302 523 300 651 307 666 299 684 299 697 309 682 314 666 313 842 221 -39.966644 58.834583 -2.288118 0.190737 -0.027216 0.092504 -11.727928 -24.701094 490.395081 -44.778965 -27.663469 489.206421 21.323109 -21.738718 491.583740
503 301 518 294 536 297 549 308 533 311 517 309 645 316 660 307 678 308 692 316 676 322 660 321 956 435 -62.376598 101.208916 3.095332 0.193366 -0.030376 0.088281 -14.397753 -20.775011 490.322418 -47.458408 -23.586763 489.039185 18.662903 -17.963261 491.605652
503 338 516 331 531 332 544 341 531 345 516 344 632 343 646 334 662 333 677 341 662 346 647 346 1380 792 -146.227692 171.946823 14.230168 0.251490 -0.053064 0.028645 -19.851305 -7.178181 531.821533 -52.996082 -7.898444 529.960205 13.293471 -6.457917 533.682861
518 325 531 319 547 320 559 328 546 332 531 331 646 330 660 322 676 322 690 329 675 334 660 334 1133 616 -97.343925 137.065445 8.390943 -0.408643 0.004119 0.022902 -13.018723 -13.858870 549.905884 -46.214672 -14.570711 550.192078 20.177225 -13.147027 549.619629
570 328 585 323 601 324 614 332 599 335 584 334 699 336 712 329 727 329 739 336 726 340 712 340 168 852 94.695045 183.572021 4.279825 -0.378186 -0.007530 0.046111 14.392508 -11.666445 558.856140 -18.776499 -13.207486 558.898132 47.561516 -10.125403 558.814148
540 307 553 300 569 301 582 310 568 314 553 313 668 313 681 305 697 305 710 313 696 318 682 317 794 29 -30.647358 20.827635 -6.618083 -0.370446 0.012877 0.036665 -1.791655 -23.213688 555.556458 -34.971684 -24.324900 556.197083 31.388374 -22.102474 554.915771
534 322 548 316 563 317 576 325 562 328 547 328 662 328 676 321 692 321 705 328 691 333 676 332 872 565 -45.535126 126.918861 4.953849 -0.393916 0.007041 0.039403 -4.659816 -15.243573 554.437256 -37.838375 -16.472578 554.919373 28.518742 -14.014568 553.955200
566 319 580 313 596 314 609 323 594 325 579 324 694 327 707 320 722 321 734 328 721 332 707 332 343 554 59.577583 124.633308 -0.142180 -0.371943 -0.017390 0.054518 11.862181 -16.294838 560.405457 -21.288904 -18.168810 560.174255 45.013264 -14.420868 560.636658
566 310 581 304 597 305 610 314 595 317 580 316 695 317 708 310 723 310 735 318 722 322 708 322 282 145 71.232216 43.679066 -8.985901 -0.331395 -0.024528 0.042712 12.440859 -21.212589 559.210205 -20.724052 -22.738159 558.643738 45.605770 -19.687019 559.776672
563 323 577 317 593 319 606 327 591 330 576 329 691 332 705 325 720 325 732 332 719 337 704 336 387 722 51.025757 157.889801 3.664964 0.242493 0.012477 0.050525 10.364970 -13.615491 549.341614 -22.795107 -15.325978 549.549316 43.525047 -11.905004 549.133911
572 326 586 321 602 322 615 330 601 333 586 332 700 334 713 327 728 327 740 334 727 338 713 338 38 873 120.553246 187.701248 3.507455 -0.373236 -0.009294 0.045219 15.179383 -12.652138 561.741211 -17.990463 -14.175386 561.716736 48.349232 -11.128890 561.765625
568 321 583 315 599 316 612 325 598 327 582 326 697 328 710 321 725 321 738 328 725 333 710 332 101 510 107.618622 115.875946 -3.262498 -0.348434 -0.013634 0.044264 13.629131 -15.620777 558.664001 -19.540432 -17.138533 558.473999 46.798695 -14.103022 558.854004
559 326 573 320 589 322 602 330 588 333 573 332 688 334 701 327 716 327 728 334 715 339 701 338 509 718 26.776791 157.123245 4.707866 0.237985 0.002473 0.046517 8.436266 -12.291662 549.196838 -24.732698 -13.830871 549.095215 41.605228 -10.752453 549.298401
558 321 572 315 588 316 601 325 587 328 572 327 687 329 700 321 716 321 728 329 715 334 700 334 545 284 19.126564 71.241386 -3.748486 0.210167 0.003638 0.044332 8.019792 -14.819990 546.271973 -25.152300 -16.293364 546.237793 41.191883 -13.346617 546.306213
554 329 568 323 584 324 596 333 582 336 568 335 682 337 695 330 710 330 723 337 709 342 695 341 655 847 -2.089520 182.682526 8.664957 -0.390243 -0.003063 0.048916 5.549579 -10.877110 558.990967 -27.615864 -12.479397 559.204712 38.715023 -9.274824 558.777222
528 320 541 314 557 314 570 322 556 326 541 326 656 323 669 315 686 315 699 322 685 327 670 327 924 335 -56.131733 81.412193 0.775656 -0.374890 0.016509 0.015144 -7.860502 -17.243818 554.281555 -41.057079 -17.633373 554.910095 25.336077 -16.854263 553.653015
535 331 548 324 564 325 577 333 563 336 548 336 662 335 675 327 690 327 703 334 690 338 675 338 826 736 -36.198311 160.750565 7.992635 -0.405203 0.005897 0.020301 -4.794424 -11.596352 561.699036 -37.991920 -12.212957 562.024231 28.403070 -10.979746 561.373840
516 270 529 264 545 265 558 273 544 277 529 276 648 276 662 268 679 267 694 275 679 280 663 280 1088 142 -88.943192 43.250881 -1.621557 -0.372784 0.038334 0.034719 -12.241761 -40.766590 528.941772 -45.402687 -41.657932 530.397156 20.919163 -39.875248 527.486328
484 283 497 276 513 277 526 285 512 289 497 289 616 286 631 277 649 277 664 284 649 290 632 290 1420 403 -154.621368 94.971359 6.721863 -0.307059 0.051818 0.017812 -27.625795 -34.815559 522.387451 -60.781166 -35.135437 524.170410 5.529575 -34.495686 520.604553
497 279 511 273 527 274 540 283 526 286 511 286 631 284 646 276 664 275 679 283 663 288 647 288 1291 294 -129.110504 73.373604 3.326357 -0.313823 0.050539 0.029021 -20.459024 -35.746113 519.289429 -53.607929 -36.432365 521.089111 12.689878 -35.059864 517.489746
524 344 540 338 558 339 572 348 556 351 540 350 662 350 676 341 692 341 705 347 691 353 676 353 460 684 36.475426 150.384537 3.568004 0.206763 -0.034312 0.017750 -5.836867 -3.681011 514.583069 -39.016994 -4.148707 513.391418 27.343260 -3.213315 515.774719
552 274 568 268 585 270 600 280 583 283 567 282 691 287 706 280 722 281 735 289 721 294 705 293 440 170 39.862316 48.659050 -7.024141 -0.373908 -0.055150 0.070259 7.915247 -34.971008 511.807709 -25.158739 -37.585064 510.452057 40.989231 -32.356953 513.163330
480 296 493 289 509 290 523 300 508 303 493 302 616 302 631 294 649 293 664 301 648 306 632 306 1337 543 -137.967178 122.660522 8.792081 0.171317 -0.038640 0.042741 -27.846893 -26.574394 505.802856 -60.996738 -27.876293 504.405579 5.302952 -25.272495 507.200134
564 276 580 270 597 272 611 282 595 285 579 283 706 289 721 281 737 282 751 290 736 295 720 294 446 312 38.832302 76.762299 -4.093534 -0.350833 -0.024978 0.075154 14.190932 -33.763920 504.120514 -18.910868 -36.349857 503.741943 47.292732 -31.177984 504.499115
555 274 571 268 588 270 602 280 586 283 570 281 697 287 711 279 728 280 741 288 727 293 711 292 532 292 21.719128 72.821922 -3.706255 0.281516 0.018397 0.072027 9.787667 -34.147182 496.988251 -23.326040 -36.590565 497.256287 42.901375 -31.703800 496.720245
538 275 553 268 570 270 584 280 568 283 552 282 679 286 693 278 710 278 724 287 709 292 693 291 756 206 -22.893482 55.848396 -3.384105 0.293062 -0.011741 0.068011 1.369595 -34.332916 496.428741 -31.756731 -36.500534 495.716339 34.495922 -32.165295 497.141144
590 292 607 287 624 289 639 298 623 300 606 298 731 304 746 298 762 299 775 306 760 310 745 309 19 731 124.166679 159.595337 0.457087 -0.329773 -0.009741 0.077548 26.892067 -26.546116 511.287201 -6.212296 -29.124901 511.390442 59.996429 -23.967331 511.183960
497 299 510 292 527 293 540 302 526 306 511 305 634 304 649 296 666 296 682 303 666 309 650 309 1207 564 -112.108986 126.789757 8.019711 0.208841 -0.050861 0.038063 -19.232210 -25.175043 503.433136 -52.370289 -26.253254 501.626251 13.905869 -24.096832 505.240021
579 283 596 277 613 280 628 289 611 292 595 290 721 297 736 289 753 290 766 298 751 303 736 302 378 363 52.403873 86.841309 -3.687278 -0.317042 -0.015833 0.081369 21.819881 -30.403131 507.275177 -11.271865 -33.139469 507.183289 54.911625 -27.666794 507.367065
591 272 608 266 626 267 640 277 624 280 607 279 732 284 747 276 763 277 776 285 762 290 746 289 39 45 119.407959 23.839010 -13.249367 -0.293398 -0.037254 0.067504 27.645096 -36.600548 511.660889 -5.461775 -38.987873 510.769043 60.751968 -34.213223 512.552673
567 285 582 280 599 282 613 292 597 294 581 292 708 298 722 291 739 292 752 300 738 304 722 303 469 537 34.518856 121.294853 0.674336 0.276827 0.023800 0.070834 15.101110 -28.903645 499.134460 -18.011631 -31.332201 499.590637 48.213852 -26.475090 498.678314
590 279 607 274 624 276 639 285 622 288 606 286 731 292 746 285 762 286 775 294 761 299 745 298 166 264 94.420303 67.205521 -7.644914 -0.299519 -0.016856 0.080904 27.014795 -32.586979 511.340454 -6.077541 -35.313503 511.188782 60.107132 -29.860451 511.492096
553 303 568 297 585 299 600 309 584 311 568 310 695 314 709 306 726 306 740 314 725 319 709 318 644 832 0.079302 179.711746 8.259890 0.276026 -0.004135 0.056222 8.765652 -21.157610 494.405304 -24.386747 -22.981030 494.013855 41.918049 -19.334192 494.796753
521 286 535 279 552 280 566 290 551 294 535 293 660 293 675 284 693 283 708 291 693 297 676 297 1125 134 -96.305145 41.675270 -1.442693 0.240714 -0.039453 0.039905 -6.866479 -30.490368 496.895264 -40.019279 -31.645084 495.439850 26.286320 -29.335651 498.350647
593 292 610 287 627 289 642 298 625 300 609 299 735 304 750 297 766 298 779 305 765 310 749 309 115 521 104.849052 118.055733 -2.910789 -0.305319 -0.002435 0.074026 28.548096 -26.613585 509.606140 -4.566389 -29.043592 509.898773 61.662579 -24.183575 509.313507
536 284 551 277 568 278 582 289 567 292 551 291 677 292 692 283 710 283 725 291 709 297 693 297 765 140 -24.757454 42.788746 -4.637618 -0.354102 0.027655 0.043060 0.778884 -31.500233 502.830048 -32.382908 -32.738873 503.979309 33.940678 -30.261593 501.680756
528 282 542 275 559 277 572 287 557 291 541 290 666 291 681 282 699 282 713 290 698 296 682 296 1112 60 -93.806320 27.027887 -3.060866 -0.316397 0.032787 0.049036 -4.085931 -32.371971 507.597748 -37.233471 -33.801487 508.923126 29.061611 -30.942453 506.272400
