537 262 552 252 573 253 589 265 573 272 554 272 683 260 699 247 720 245 738 253 721 264 702 266 917 48 -82.334641 -15.829282 75.572502 0.111080 0.353817 -0.040874 -5.083022 -43.065697 438.603241 -36.206024 -42.384712 450.155487 26.039980 -43.746685 427.050964
537 265 552 256 572 256 589 268 572 275 554 275 682 264 698 251 719 248 737 256 721 268 701 269 809 126 -61.022552 -0.098950 74.705017 0.119514 0.367740 -0.039043 -5.418614 -41.802914 438.769562 -36.381363 -41.259418 450.751740 25.544138 -42.346413 426.787415
542 276 556 266 576 266 592 276 576 282 559 283 685 269 701 257 722 255 739 262 723 272 704 274 575 513 -15.111238 77.269623 75.482765 0.074594 0.319974 -0.056717 -3.929996 -40.110329 454.105499 -35.397774 -38.654366 464.604004 27.537783 -41.566292 443.606995
530 277 544 267 563 266 579 275 564 282 546 283 670 268 685 256 705 253 723 259 707 269 688 271 1382 703 -175.298889 113.183250 91.385262 0.100238 0.346477 -0.080808 -10.097396 -40.626461 455.197327 -41.224560 -38.573994 466.574799 21.029766 -42.678928 443.819855
538 280 552 271 571 270 587 279 572 286 554 287 681 272 696 260 716 258 734 265 717 274 699 276 445 885 10.204290 151.426163 77.828590 0.071230 0.281300 -0.068365 -6.040092 -39.421562 461.675232 -37.863838 -37.515186 470.958282 25.783655 -41.327942 452.392212
535 279 549 270 568 269 584 278 569 285 551 286 677 271 693 259 713 256 731 263 714 273 695 275 364 646 26.549824 104.152161 73.551605 0.053031 0.302364 -0.068000 -7.425806 -39.507595 457.872314 -39.049084 -37.550720 467.807037 24.197472 -41.464470 447.937592
528 277 542 267 562 266 578 276 563 283 544 285 670 268 685 255 706 252 724 259 708 270 688 272 1388 289 -175.985153 30.965733 86.439835 0.120882 0.377667 -0.085462 -10.224253 -39.389774 443.530579 -40.973709 -37.376831 455.899017 20.525206 -41.402721 431.162140
532 278 546 268 566 267 582 278 566 285 548 286 675 270 690 257 712 254 730 262 713 272 694 274 253 290 48.983864 33.713982 67.343376 0.062400 0.335833 -0.069801 -8.309581 -39.127464 449.100983 -39.580730 -37.200817 460.099304 22.961567 -41.054111 438.102661
531 277 545 267 565 266 582 277 566 285 547 286 674 269 689 256 711 253 729 260 713 272 693 274 530 69 -5.652246 -10.790147 69.313026 0.085934 0.371278 -0.073138 -8.612887 -38.951065 442.958130 -39.469978 -37.106113 455.082306 22.244202 -40.796017 430.833954
524 280 539 269 559 268 576 279 560 287 541 288 668 271 683 256 705 253 724 261 707 273 687 275 568 15 -13.118677 -21.597776 69.294556 0.068636 0.363310 -0.077236 -11.056117 -38.044041 441.151794 -41.997574 -35.949081 453.017578 19.885342 -40.139000 429.286011
538 289 552 280 571 279 587 288 572 295 554 296 681 281 696 268 717 266 735 273 718 283 699 285 205 723 57.971920 119.798500 71.813301 0.061009 0.296548 -0.070065 -5.994214 -35.293156 457.795258 -37.669861 -33.301891 467.554749 25.681433 -37.284420 448.035767
536 284 551 275 571 275 588 286 571 292 553 293 681 279 697 266 719 264 737 271 720 282 700 284 167 382 65.918282 52.174736 67.016930 0.088392 0.318493 -0.058758 -5.758816 -35.667099 447.674652 -37.238499 -34.215515 458.138031 25.720865 -37.118679 437.211273
538 286 553 278 572 278 589 288 573 295 555 295 683 282 699 270 720 267 738 274 722 285 702 287 155 589 68.045311 93.303719 69.338120 0.086157 0.299369 -0.055889 -4.996424 -34.715572 451.485657 -36.674252 -33.315266 461.340302 26.681406 -36.115879 441.631012
530 283 545 273 565 273 583 284 566 291 547 292 674 278 690 264 712 261 730 269 713 280 694 282 1293 175 -157.016525 8.543247 83.450836 0.131676 0.378553 -0.072967 -8.285994 -35.399384 438.490051 -39.057186 -33.859188 450.872345 22.485197 -36.939575 426.107758
536 282 551 272 572 272 589 283 572 290 553 291 681 277 697 263 719 261 737 269 720 280 700 282 826 45 -64.293732 -16.220539 74.003876 0.115270 0.381000 -0.061706 -5.676033 -35.694946 438.173370 -36.440872 -34.420292 450.601562 25.088802 -36.969604 425.745178
532 283 547 273 567 273 584 285 568 292 549 292 676 278 692 264 714 262 732 270 715 281 695 283 1082 118 -115.124611 -2.300706 79.203674 0.127938 0.378654 -0.071011 -7.522733 -35.308544 439.269348 -38.297050 -33.808178 451.648743 23.251585 -36.808907 426.889923
540 288 554 279 574 279 591 289 575 296 556 296 684 283 700 271 721 268 739 276 722 286 703 288 336 581 32.178726 91.308632 72.287888 0.064579 0.290486 -0.054952 -4.514782 -34.403316 454.176575 -36.279556 -32.915462 463.734009 27.249992 -35.891171 444.619110
535 290 549 281 569 281 586 291 570 297 552 298 678 284 694 272 715 269 733 276 716 286 697 288 895 623 -78.672615 98.392418 82.211067 0.093947 0.318973 -0.068335 -6.900186 -33.753746 453.052094 -38.355179 -32.020790 463.546844 24.554806 -35.486698 442.557312
542 285 557 276 577 276 594 287 578 294 559 294 688 282 704 269 726 267 744 275 727 285 707 287 53 293 88.622551 34.758945 64.012787 0.055840 0.317976 -0.043824 -2.981484 -34.556133 447.239136 -34.490841 -33.418770 457.651947 28.527870 -35.693497 436.826355
535 289 549 280 569 280 586 291 570 298 551 298 680 286 695 273 717 270 735 277 718 288 698 290 539 445 -7.892997 63.848381 74.047791 0.110761 0.328003 -0.057666 -6.491842 -33.089146 446.494049 -37.874088 -31.810425 457.268066 24.890404 -34.367867 435.720062
582 286 598 274 621 273 639 286 621 294 600 295 732 281 749 266 772 264 790 274 772 285 751 287 1204 31 -139.200729 -19.849533 80.197159 0.083589 0.497898 -0.046242 14.124173 -32.412594 417.601654 -15.017515 -31.618376 433.497894 43.265862 -33.206810 401.705383
592 291 608 281 629 280 646 290 628 297 609 298 742 285 759 273 780 271 798 280 781 289 761 290 154 710 68.096512 117.331779 70.796211 0.022363 0.306902 -0.040506 19.249672 -32.580025 444.878174 -12.376869 -31.369545 454.920898 50.876213 -33.790501 434.835449
588 290 604 279 625 278 643 290 625 298 606 299 737 284 753 270 775 268 793 276 776 287 756 289 776 364 -54.770741 47.232578 77.050529 0.061763 0.355629 -0.057702 17.129467 -32.705135 439.827362 -13.944223 -31.192167 451.433228 48.203156 -34.218105 428.221497
608 278 625 268 646 270 662 282 644 287 625 287 757 283 774 271 795 270 811 279 794 288 775 288 129 392 73.438179 54.245705 66.499062 0.032435 0.306977 0.022077 26.050049 -35.695667 451.348450 -5.594658 -36.581085 461.367828 57.694756 -34.810246 441.329071
611 286 628 277 649 279 666 290 648 296 628 295 760 292 777 281 798 280 814 289 796 298 777 298 700 668 -40.076023 107.765694 79.476608 0.042832 0.237894 0.023241 27.842590 -32.102329 456.776154 -4.418320 -33.034824 464.581512 60.103497 -31.169834 448.970764
618 288 635 280 656 281 673 293 655 298 635 297 768 295 785 284 806 283 822 292 804 301 785 301 279 571 43.488941 89.451073 71.206352 0.015877 0.241149 0.031380 30.957678 -30.802408 455.810333 -1.270159 -31.897346 463.730377 63.185516 -29.707472 447.890289
617 295 634 287 655 288 672 299 654 304 634 303 767 301 784 290 804 290 820 298 803 306 784 306 467 872 5.859429 148.795456 78.040520 0.092263 -0.163252 0.020435 31.514126 -28.174644 453.093536 -1.242608 -28.599855 447.673645 64.270859 -27.749435 458.513428
607 286 626 274 649 275 667 288 647 295 625 295 760 289 778 277 800 277 818 289 800 297 779 297 858 98 -70.700905 -5.768718 75.188667 0.057105 -0.245362 0.014292 27.625761 -30.905062 430.785583 -4.581462 -31.143227 422.711060 59.832985 -30.666897 438.860077
606 296 623 288 644 289 661 300 643 305 623 304 756 301 773 289 794 288 810 296 793 305 774 306 626 895 -25.684168 153.005157 80.997772 0.086903 -0.171294 0.005823 26.828722 -28.168779 451.017242 -5.889886 -28.114552 445.356018 59.547329 -28.223005 456.678467
604 295 621 286 643 287 660 299 642 304 622 304 755 299 772 287 794 286 811 295 793 304 773 305 682 600 -36.425591 94.304016 78.344681 0.047429 0.214833 0.007858 25.339516 -28.460869 450.978973 -7.101110 -28.888174 458.048828 57.780140 -28.033562 443.909119
601 295 618 286 639 287 656 299 638 305 618 304 752 300 769 288 790 286 807 294 789 304 770 305 1016 685 -102.731560 110.431358 85.003944 0.066256 0.252737 0.000197 23.659952 -28.376274 449.764343 -8.490384 -28.659180 458.061066 55.810291 -28.093367 441.467621
594 294 612 285 633 286 651 297 632 303 612 303 745 297 762 285 784 283 801 291 783 301 763 302 1342 529 -167.159012 78.723587 88.590866 0.085971 0.302186 -0.011780 20.688711 -28.895952 444.038879 -11.010194 -28.938976 453.925079 52.387615 -28.852928 434.152649
598 296 615 288 636 289 653 300 635 305 616 305 749 300 765 288 786 287 803 294 786 304 766 305 1302 832 -159.598694 138.977264 91.610840 0.075814 0.250039 -0.008086 22.566282 -28.354721 452.303986 -9.605376 -28.402216 460.522369 54.737938 -28.307226 444.085602
602 298 619 289 640 290 657 301 639 307 619 306 752 301 769 289 790 288 807 296 790 306 770 306 812 750 -62.375359 123.796059 82.361755 0.049214 0.210361 -0.001603 24.294237 -27.690626 454.202118 -8.178699 -27.809036 461.134216 56.767174 -27.572216 447.270020
601 298 618 289 640 290 657 301 638 307 619 306 752 301 769 289 790 288 807 296 789 305 770 306 563 782 -13.059538 130.709351 78.559700 0.037518 0.202722 0.001359 24.101946 -27.911896 455.553040 -8.422955 -28.082535 462.235962 56.626846 -27.741257 448.870148
595 296 614 286 636 286 654 297 635 303 614 304 749 297 766 285 788 285 806 295 788 303 768 303 831 518 -65.859497 77.687340 79.853676 0.063095 -0.185602 -0.002100 23.164824 -28.293852 440.566071 -9.469822 -28.030769 434.444763 55.799469 -28.556934 446.687378
603 282 621 272 643 273 660 286 641 292 621 291 754 286 771 273 794 271 811 281 793 292 772 292 227 131 54.330555 2.201269 64.967522 0.041856 0.374096 0.012658 23.917423 -33.119232 438.029663 -6.988628 -33.786568 450.151123 54.823475 -32.451900 425.908173
595 288 612 278 634 278 652 291 633 297 613 297 746 290 763 277 785 275 802 284 784 294 764 295 1029 387 -104.946236 51.231125 81.590347 0.074684 0.320277 -0.011489 20.930923 -31.725077 443.999603 -10.583998 -31.743984 454.457581 52.445843 -31.706171 433.541656
596 285 613 274 636 275 653 288 634 295 614 294 747 288 764 274 787 272 804 282 786 293 766 293 674 19 -34.133972 -21.041655 71.127907 0.061708 0.383628 -0.003445 20.918884 -32.071812 434.422424 -9.872938 -32.348381 446.846069 51.710705 -31.795240 421.998779
597 291 615 282 636 282 653 294 635 300 615 300 749 293 766 281 787 280 804 288 786 298 767 299 115 606 75.953125 96.769104 68.871910 0.033325 0.270863 0.001127 22.161295 -30.647364 449.323883 -9.832976 -30.833258 458.205994 54.155567 -30.461468 440.441803
544 399 559 388 580 389 597 402 580 409 561 409 689 400 705 385 727 383 745 393 728 404 708 406 1134 87 -125.393951 -8.572896 79.701263 -0.049237 0.389097 -0.044815 -2.288173 14.288546 431.759583 -32.979004 16.052217 444.310364 28.402657 12.524874 419.208801
557 415 573 406 593 406 610 417 593 424 574 424 704 415 720 402 741 401 758 409 741 419 722 420 540 687 -8.385243 111.897774 77.014481 -0.069543 0.279910 -0.036359 3.616671 21.636408 453.126709 -28.274694 23.147663 462.249023 35.508038 20.125153 444.004425
550 413 565 402 586 403 603 415 586 421 567 421 695 412 712 399 733 397 750 406 733 416 714 417 1359 382 -170.350006 49.497005 87.085220 -0.029019 0.330776 -0.049080 0.294373 20.290440 447.203125 -31.071295 22.047565 457.957977 31.660040 18.533312 436.448273
557 416 574 406 595 407 612 420 594 426 575 426 705 418 722 404 744 403 761 412 744 422 724 423 692 322 -38.069931 39.081738 75.124367 -0.053694 0.319884 -0.036140 4.199500 22.340113 446.106232 -27.299995 23.801588 456.508423 35.698994 20.878637 435.704071
552 422 568 412 589 412 606 425 589 432 569 432 700 422 717 409 739 407 757 416 739 427 719 428 631 380 -26.049494 50.735279 74.804367 -0.064546 0.272825 -0.038425 2.088866 24.624584 448.648926 -29.864050 26.173929 457.546692 34.041782 23.075237 439.751160
559 426 575 417 596 418 613 430 595 436 576 436 708 427 724 415 746 413 763 422 746 432 726 433 407 670 17.997562 108.821014 74.568092 -0.069877 0.236857 -0.029842 5.237574 27.064095 454.463348 -27.025909 28.318163 462.212830 37.501057 25.810026 446.713867
559 421 575 410 597 411 614 425 596 431 576 431 708 423 725 409 747 407 765 417 747 428 727 429 687 57 -36.756893 -13.525560 71.809975 -0.059055 0.341641 -0.034516 5.114743 24.095356 438.483704 -26.152205 25.549992 449.566193 36.381691 22.640718 427.401215
558 426 573 417 594 417 611 429 594 436 575 435 706 427 722 414 743 412 761 421 744 431 724 432 1194 521 -137.813965 77.467575 86.001648 -0.030520 0.293475 -0.046124 4.222082 26.434744 448.236145 -27.528339 28.091228 457.813538 35.972504 24.778257 438.658752
556 426 572 417 593 418 610 429 593 436 573 435 705 427 722 414 743 412 761 421 743 431 723 432 386 574 22.276648 89.806389 73.044350 -0.064720 0.273804 -0.035972 3.874187 26.518309 449.996887 -28.072950 27.989025 458.928680 35.821323 25.047592 441.065094
561 430 577 421 597 421 614 433 597 439 578 439 709 430 726 418 747 416 765 425 747 434 728 436 504 761 -1.339535 126.672119 77.310410 -0.067636 0.219032 -0.033248 5.875907 28.500237 456.185852 -26.517689 29.839231 463.356750 38.269505 27.161242 449.014954
553 416 569 405 591 406 609 419 591 426 571 426 702 416 718 402 740 399 758 409 741 420 721 422 1340 21 -166.145370 -22.140650 82.364937 -0.018100 0.371568 -0.057914 2.534700 21.279224 434.913788 -28.349852 23.267490 446.945038 33.419254 19.290958 422.882538
584 376 599 367 618 367 633 377 617 383 600 383 725 377 740 367 759 367 774 377 759 384 741 384 51 765 88.445480 128.483994 69.732544 -0.080550 0.253176 0.006903 14.136019 5.874452 483.075226 -18.010077 5.984530 491.392426 46.282116 5.764372 474.758026
579 380 594 371 614 371 629 382 613 388 595 388 720 382 735 371 755 370 771 380 755 388 736 388 918 358 -82.909508 45.722225 79.368080 -0.041716 0.333397 -0.009696 11.574538 7.755072 468.578186 -19.800623 8.299748 479.434631 42.949699 7.210395 457.721771
584 386 599 377 618 378 634 388 617 394 600 394 726 389 742 379 761 378 776 387 760 395 743 395 289 838 41.182415 142.444260 74.629303 -0.073606 0.258822 0.003122 14.301256 10.756312 476.322449 -17.797920 10.968283 484.817017 46.400433 10.544342 467.827881
583 388 598 380 617 381 632 391 616 396 598 396 725 391 741 381 760 381 776 390 760 397 742 397 10 780 96.553932 131.554504 69.225121 -0.090235 0.276829 0.006433 13.658412 11.761642 473.774689 -18.282372 11.962839 482.846924 45.599194 11.560444 464.702454
584 384 599 375 619 375 635 388 618 394 600 393 727 388 743 376 764 376 780 386 763 394 744 395 402 142 19.630150 3.992311 68.047874 -0.062264 0.360834 0.000808 14.009685 9.875832 457.513824 -17.057507 10.218462 469.230133 45.076874 9.533200 445.797516
583 388 599 378 619 379 635 390 618 396 599 396 727 391 744 379 764 379 781 390 764 397 745 397 115 325 76.294548 40.973602 65.446671 -0.082938 0.321328 0.004610 14.213701 11.321599 459.713623 -17.292210 11.609742 470.194733 45.719612 11.033457 449.232483
574 391 589 382 609 383 625 394 608 400 590 400 718 394 734 382 754 382 771 391 754 400 735 400 275 410 44.477406 57.491817 69.176506 -0.074604 0.312714 -0.004377 10.117368 12.632007 461.242035 -21.477516 13.158872 471.442291 41.712254 12.105142 451.041779
578 388 594 379 614 380 630 392 613 398 594 398 723 392 739 380 760 380 777 390 760 399 741 399 261 37 47.705570 -16.539795 64.394127 -0.066299 0.378284 -0.001515 11.880871 11.520799 449.287659 -18.977175 11.981165 461.540375 42.738918 11.060432 437.034973
574 399 589 391 608 391 624 401 607 407 589 407 718 401 733 391 753 390 769 398 753 406 734 407 679 898 -36.193031 153.481781 81.926636 -0.063447 0.265442 -0.010451 9.984528 16.018236 466.752319 -22.055939 16.638832 475.446167 42.024994 15.397641 458.058472
619 355 635 346 655 347 670 358 653 364 635 363 761 357 776 346 795 345 810 354 794 362 777 363 102 656 78.469124 106.726326 69.262520 -0.047093 0.340726 -0.005580 29.705658 -3.282955 473.225800 -1.590134 -2.837512 484.313385 61.001450 -3.728397 462.138214
602 367 618 357 637 357 653 368 637 374 619 374 743 366 759 355 778 354 793 362 777 370 760 371 790 837 -58.120407 141.120239 83.051849 -0.038870 0.264103 -0.023228 22.761688 0.980608 481.980255 -9.283105 1.912115 490.630280 54.806480 0.049100 473.330200
601 357 616 347 636 347 652 359 635 365 617 365 742 357 757 345 777 343 792 353 777 362 759 362 100 60 79.589699 -11.611230 61.963921 -0.042340 0.391179 -0.018684 21.054716 -3.182957 465.852997 -9.636539 -2.307043 478.495758 51.745972 -4.058871 453.210266
600 366 616 357 635 357 650 367 634 373 616 373 741 365 756 354 775 353 790 361 775 369 757 370 723 849 -44.854809 143.653473 82.070129 -0.037265 0.271203 -0.028864 21.567549 0.485726 483.341248 -10.410088 1.598811 492.215424 53.545185 -0.627360 474.467041
592 358 608 348 629 348 645 360 628 367 609 367 734 357 749 344 770 342 786 352 770 362 751 363 1120 83 -122.614128 -9.335688 79.416809 0.000722 0.383287 -0.040342 17.663744 -2.959048 461.987671 -13.105376 -1.656943 474.402405 48.432861 -4.261153 449.572937
596 359 612 349 632 349 647 361 630 367 612 367 738 358 753 346 773 344 789 354 773 363 755 364 112 9 77.273125 -21.764772 61.544285 -0.043058 0.397817 -0.026054 18.999344 -2.430168 461.120331 -11.601895 -1.307443 473.960236 49.600582 -3.552892 448.280426
592 361 608 351 628 351 644 362 627 369 609 369 734 359 749 347 769 345 785 354 769 363 751 364 694 343 -38.491871 43.247013 75.414017 -0.024253 0.336889 -0.036470 17.996162 -1.981287 470.409668 -13.320551 -0.659108 481.367554 49.312878 -3.303465 459.451813
592 367 607 358 627 358 642 368 626 374 608 374 733 364 748 353 767 352 783 360 767 368 750 369 739 828 -48.000679 139.447769 82.083519 -0.033669 0.281255 -0.038988 17.806128 0.514709 479.187744 -14.069225 1.947889 488.378357 49.681480 -0.918471 469.997101
588 361 604 350 625 350 641 362 624 369 605 369 732 359 747 345 768 343 784 353 768 363 749 364 1418 50 -181.641113 -16.557617 84.031624 0.011995 0.383837 -0.048770 16.086750 -2.173007 455.951538 -14.663407 -0.669244 468.390442 46.836906 -3.676771 443.512665
595 368 611 359 631 359 647 369 630 375 612 376 739 366 754 354 774 353 790 361 774 370 756 371 434 657 12.661643 106.179077 74.864197 -0.044186 0.302206 -0.032726 19.679348 1.178268 471.174225 -12.003436 2.467866 481.028046 51.362133 -0.111331 461.320404
589 366 605 356 625 356 641 368 624 375 606 375 733 365 748 352 768 350 784 359 769 369 750 370 1357 447 -170.032562 62.407928 87.843864 -0.019502 -0.276609 -0.032353 18.368141 0.263016 461.295868 -13.557345 1.234411 452.219574 50.293629 -0.708379 470.372162
590 370 606 360 626 360 642 371 625 378 607 378 734 368 750 355 770 354 786 362 770 372 752 373 1254 622 -149.829391 97.387398 88.242935 -0.007525 0.307440 -0.047976 17.424660 1.909436 465.003876 -14.185627 3.514983 475.042358 49.034946 0.303888 454.965363
594 370 610 360 630 360 646 371 629 378 611 378 739 368 754 356 774 354 790 362 774 372 756 373 552 452 -10.478253 65.209099 74.351982 -0.037570 0.318061 -0.038610 19.155079 1.959772 464.387817 -12.360173 3.416355 474.742859 50.670330 0.503190 454.032776
595 368 611 358 631 358 648 369 631 376 612 376 740 366 755 354 776 352 792 361 776 370 757 371 592 312 -18.236618 37.320774 73.318886 -0.034796 0.339326 -0.038647 19.579222 1.110000 461.167480 -11.708096 2.562318 472.192657 50.866539 -0.342318 450.142334
594 374 610 364 629 364 646 374 629 381 610 381 738 371 754 359 773 358 789 366 773 375 755 376 752 832 -50.582291 140.212799 82.351143 -0.038023 0.236758 -0.039887 19.469671 3.463566 472.933289 -12.782795 4.923738 480.692535 51.722137 2.003395 465.174042
596 375 612 365 632 365 648 376 631 382 613 382 741 373 756 361 775 359 791 367 776 376 757 377 477 781 3.987880 130.703979 77.099632 -0.043469 0.270947 -0.036116 20.291700 4.012683 471.600006 -11.680532 5.390948 480.456421 52.263935 2.634418 462.743591
590 370 606 360 627 360 643 371 626 378 607 378 735 368 751 355 771 353 788 362 772 371 753 373 1251 338 -148.889679 41.002956 84.730614 -0.005111 0.340535 -0.050733 17.449732 1.883163 457.624725 -13.806432 3.563263 468.705750 48.705894 0.203063 446.543701
589 367 605 356 626 355 643 368 625 375 606 375 734 364 750 350 771 348 788 358 771 368 752 369 1237 139 -145.872940 1.520869 82.069206 0.000987 0.364322 -0.052098 16.922672 0.274319 453.514313 -14.058700 1.959536 465.341156 47.904041 -1.410898 441.687439
596 367 613 357 633 357 649 369 632 375 613 375 742 366 757 353 778 351 794 360 778 370 759 371 305 201 38.784992 15.925282 67.133980 -0.045526 0.364589 -0.032937 20.140188 0.825478 456.916077 -10.864859 2.166982 468.724823 51.145237 -0.516026 445.107300
594 371 610 360 631 360 647 372 630 379 611 379 739 369 755 356 775 354 792 363 776 373 757 374 763 435 -52.280258 61.359577 77.697113 -0.025104 0.323580 -0.041369 19.378920 2.215174 461.502960 -12.074849 3.698117 472.039581 50.832691 0.732230 450.966309
587 356 601 348 619 348 632 358 617 363 602 363 714 357 727 347 745 346 758 354 744 362 729 362 552 326 -10.325162 40.190479 72.816109 -0.021033 0.358446 -0.014057 12.144767 -3.719496 523.021729 -18.946524 -3.138890 534.664490 43.236057 -4.300103 511.378967
559 364 572 355 589 356 602 365 588 371 573 371 684 364 698 354 715 353 730 361 715 369 699 369 1079 784 -115.339180 129.947327 87.271362 -0.029048 0.326149 -0.015861 -2.304688 -0.126560 523.291565 -33.755070 0.546598 533.920776 29.145693 -0.799719 512.662354
548 366 562 357 580 358 594 367 579 373 563 373 679 366 693 355 711 354 726 362 711 370 694 371 77 797 83.253098 134.779526 70.560341 -0.052181 0.299729 -0.014330 -5.872657 0.590299 511.198578 -37.594063 1.316452 520.985535 25.848749 -0.135854 501.411591
560 357 574 348 591 348 605 358 590 364 574 364 687 357 701 346 719 345 733 354 719 361 703 362 212 665 56.654911 108.266266 71.224167 -0.042687 0.304274 -0.011709 -1.075493 -3.749621 522.519897 -32.753021 -3.152961 532.456604 30.602036 -4.346282 512.583191
543 329 556 321 573 321 587 330 573 335 557 336 669 327 682 317 699 316 714 324 700 331 684 332 939 806 -87.616280 134.630142 85.182518 0.046184 -0.348995 -0.022349 -8.580826 -17.957344 521.181885 -39.776176 -16.965694 509.849365 22.614527 -18.948994 532.514404
535 335 548 326 566 326 580 335 565 341 549 341 663 333 677 323 695 322 709 330 695 337 679 338 686 804 -37.466301 134.801376 80.898674 0.050686 -0.354703 -0.017404 -11.521276 -14.947944 511.158661 -42.654602 -14.087079 499.646301 19.612047 -15.808807 522.671021
540 338 553 329 571 329 585 339 571 345 554 345 668 336 682 325 700 324 715 332 700 340 684 341 795 406 -58.587795 55.529438 77.882370 -0.002603 0.351938 -0.027669 -10.440146 -13.226830 506.416168 -41.597275 -12.311996 517.859802 20.716980 -14.141663 494.972565
531 347 544 338 562 338 576 347 562 353 546 354 659 343 673 332 691 330 706 338 692 346 675 347 964 719 -92.465866 117.299225 84.542923 -0.003020 0.339803 -0.048611 -14.760476 -9.616048 508.264191 -46.028175 -8.016584 519.324585 16.507221 -11.215511 497.203796
529 343 543 333 562 333 576 344 561 350 544 351 660 340 674 328 693 326 709 335 694 344 676 345 1189 167 -136.392792 7.188391 81.602394 0.016259 0.370812 -0.043344 -14.210030 -10.931456 490.743073 -45.127598 -9.624436 502.782806 16.707539 -12.238476 478.703339
534 343 548 333 567 333 581 344 566 350 549 351 665 340 679 328 698 326 714 335 699 344 681 345 470 36 6.280549 -17.207857 67.900620 -0.010603 0.393391 -0.036783 -11.824111 -10.847928 488.339874 -42.470695 -9.589741 501.058502 18.822472 -12.106115 475.621246
531 352 545 343 562 343 577 352 562 359 546 359 661 348 674 336 692 335 708 342 693 351 676 352 1280 689 -155.064301 110.632545 89.497360 0.010253 -0.373312 -0.047307 -12.492527 -7.247256 504.767670 -43.374069 -5.650485 492.670563 18.389017 -8.844028 516.864807
528 349 541 339 560 339 575 349 560 356 543 357 659 344 673 332 692 330 708 338 693 348 675 349 1034 199 -105.708870 13.890521 79.382904 0.011917 0.374359 -0.059790 -14.739776 -8.585514 489.717072 -45.586967 -6.720633 501.863373 16.107414 -10.450396 477.570770
531 348 544 338 563 337 578 348 563 355 546 356 662 343 676 331 695 329 711 338 696 347 678 348 225 55 54.819317 -12.884835 64.007446 -0.018410 0.391392 -0.048224 -13.309663 -8.972239 487.568359 -43.965942 -7.294168 500.214966 17.346619 -10.650308 474.921783
529 355 542 345 561 345 576 355 561 361 544 362 660 349 673 337 692 335 708 343 693 352 676 354 954 591 -90.328224 91.905945 82.814316 0.001149 0.337874 -0.063085 -14.539617 -6.261396 497.777618 -45.802277 -4.214071 508.778259 16.723043 -8.308721 486.776978
531 332 545 322 564 321 579 332 563 339 546 339 662 328 677 316 696 315 711 324 696 333 679 334 775 34 -54.171574 -18.290136 73.011169 0.005127 0.384605 -0.037114 -13.028008 -16.152288 487.082703 -43.784801 -14.982699 499.541077 17.728783 -17.321878 474.624298
544 350 557 340 574 340 589 349 574 355 558 356 670 345 683 334 701 332 715 340 701 348 685 349 635 533 -27.028236 81.106049 76.736702 0.000039 0.337823 -0.052333 -9.547780 -8.846137 519.999329 -40.831207 -7.142294 530.999512 21.735649 -10.549979 508.999176
524 334 537 324 555 323 569 333 555 340 538 341 651 327 665 315 683 313 699 322 684 331 667 332 1295 24 -157.229477 -21.443880 81.643890 0.023085 0.389459 -0.064787 -18.076231 -16.505676 497.560364 -48.726688 -14.557408 510.182312 12.574228 -18.453945 484.938416
548 329 561 319 580 319 594 330 579 337 562 337 679 328 693 316 711 315 726 324 711 333 694 334 134 4 72.918541 -22.806995 61.853725 0.007154 0.399876 -0.020539 -5.822117 -16.822847 491.216034 -36.400566 -16.205807 504.144196 24.756332 -17.439886 478.287872
537 338 550 329 568 329 582 338 568 344 552 345 664 333 678 322 696 320 711 328 696 336 680 337 915 605 -82.614983 94.773407 82.328369 0.005489 0.354142 -0.054759 -12.176160 -14.302454 508.549561 -43.271690 -12.554797 520.063599 18.919371 -16.050110 497.035522
542 340 556 330 574 330 588 340 573 346 557 347 671 336 685 325 704 323 719 332 704 340 687 341 841 308 -67.586456 35.967175 77.462250 0.006820 0.371701 -0.041971 -8.914145 -12.713468 498.846191 -39.822872 -11.393723 510.907227 21.994581 -14.033213 486.785156
630 406 644 398 661 398 674 407 660 412 644 412 754 404 767 394 784 393 798 400 784 408 769 409 479 637 3.766419 102.106781 75.378021 -0.080080 0.338514 -0.038854 33.856979 20.978861 542.134338 2.560128 22.688292 553.095398 65.153831 19.269430 531.173279
630 406 644 399 661 399 674 408 660 413 644 413 754 408 768 398 784 397 798 404 784 411 769 412 501 805 -0.798361 135.415527 77.796242 -0.085241 0.294004 -0.018579 34.226410 22.228899 546.567505 2.451156 23.249006 556.151428 66.001663 21.208790 536.983521
611 391 624 382 642 381 656 391 642 397 626 398 735 387 748 376 765 374 780 382 766 390 750 391 967 202 -92.432335 14.636713 78.291473 -0.029904 0.376612 -0.065116 23.718077 12.100618 530.664124 -7.091072 14.394908 542.833435 54.527225 9.806328 518.494812
620 392 634 382 652 382 665 392 651 398 635 398 745 389 758 378 776 376 790 384 776 392 760 393 231 184 53.473312 12.715989 65.680908 -0.057264 0.393451 -0.048443 28.488884 12.804082 529.059143 -2.141554 14.739050 541.731628 59.119324 10.869115 516.386658
621 395 635 386 653 385 667 395 652 401 636 402 747 392 760 380 777 379 791 387 777 395 761 396 131 207 73.266533 17.507523 64.277679 -0.062325 0.392310 -0.051927 29.083803 14.290853 528.659302 -1.555607 16.369864 541.287231 59.723213 12.211842 516.031433
621 397 634 388 652 388 666 398 652 403 635 404 746 394 759 382 777 381 791 389 777 397 761 398 351 186 29.685482 12.843540 67.725586 -0.057732 0.388444 -0.056225 28.800575 15.344584 527.230652 -1.880001 17.530394 539.739990 59.481152 13.158775 514.721313
617 402 631 393 649 392 663 402 648 408 632 409 743 398 756 387 774 385 788 393 774 401 758 402 946 412 -88.525047 56.381592 80.497711 -0.042458 0.357279 -0.066907 27.391594 17.705395 529.053528 -3.644003 20.126818 540.607239 58.427189 15.283973 517.499817
618 401 632 391 650 391 664 401 649 407 633 408 744 397 758 385 776 383 790 391 776 400 760 402 1416 122 -181.332169 -2.256769 84.875595 -0.015742 0.399625 -0.070191 27.413904 16.748802 519.431519 -3.095047 19.118982 532.321289 57.922855 14.378621 506.541779
626 407 639 399 657 398 671 407 656 413 640 413 751 404 764 394 781 392 795 399 781 407 766 408 591 775 -18.600958 129.256531 78.945778 -0.021184 -0.235066 -0.032485 32.979271 20.488798 534.809998 0.704948 21.474997 527.066895 65.253593 19.502600 542.553040
632 408 646 399 663 399 677 408 662 413 646 414 757 405 771 395 788 394 802 401 788 408 772 409 198 782 59.287716 131.529297 72.414635 -0.089402 0.283896 -0.042125 35.642811 21.511089 543.872314 3.795293 23.307102 553.095642 67.490326 19.715075 534.648987
627 405 642 396 660 396 675 406 659 412 642 412 754 403 768 391 786 390 801 398 786 406 770 408 1223 278 -143.266861 29.152227 83.527840 -0.037591 0.359617 -0.056863 32.876713 19.726805 525.431458 1.848217 21.794998 537.072510 63.905209 17.658611 513.790344
631 406 645 397 663 397 677 407 662 413 645 413 757 405 771 393 789 391 803 400 789 408 772 409 623 271 -24.331364 29.110155 73.341026 -0.063837 0.356169 -0.047406 34.462273 20.448872 528.739197 3.377211 22.361597 540.255310 65.547333 18.536146 517.223145
626 405 641 395 659 395 674 405 658 411 641 412 753 402 767 390 785 388 799 397 785 405 769 406 918 64 -82.552292 -12.654560 75.784370 -0.044761 0.387667 -0.059121 32.042881 19.097195 522.346313 1.358228 21.294088 534.843689 62.727531 16.900301 509.848877
625 409 638 401 656 400 670 409 655 415 639 415 750 405 763 395 780 393 794 400 781 408 765 409 349 638 29.532719 102.597374 73.201553 -0.078982 0.307617 -0.055757 31.545643 21.775656 540.237244 -0.050515 23.995016 550.203064 63.141800 19.556295 530.271484
620 409 634 399 652 399 667 409 652 415 635 415 747 405 760 393 778 391 793 398 779 407 762 409 608 270 -21.356974 28.945292 73.076302 -0.058564 0.360289 -0.065913 29.203344 20.730694 527.173462 -1.799629 23.215790 538.801025 60.206318 18.245600 515.545959
618 406 632 396 651 396 665 406 650 413 633 413 744 402 758 390 776 388 791 395 777 405 760 406 1153 46 -129.110153 -16.756557 79.521378 -0.029331 0.403529 -0.077341 27.604782 19.217869 519.385742 -2.836671 21.907696 532.371948 58.046234 16.528042 506.399475
625 410 639 401 656 401 671 410 656 416 640 417 750 407 763 395 781 393 795 401 781 409 765 411 590 494 -18.061327 73.463280 75.503700 -0.057818 0.360150 -0.063715 31.307812 21.970650 534.190613 0.298607 24.380068 545.817444 62.317017 19.561232 522.563721
627 410 641 401 659 401 673 411 658 417 642 417 753 407 766 396 784 394 798 401 784 410 768 411 658 398 -31.423079 54.248714 75.478348 -0.054537 0.367349 -0.062748 32.420258 22.059114 531.255127 1.494100 24.422436 543.110352 63.346420 19.695795 519.399841
628 414 642 405 660 405 674 414 659 420 643 421 754 411 767 400 784 398 798 405 785 413 769 414 901 676 -79.926285 108.902649 82.958122 -0.054484 0.333527 -0.064534 33.300198 24.097307 537.112427 1.992559 26.496845 547.912109 64.607834 21.697769 526.312683
629 417 642 408 660 407 674 416 660 422 643 423 754 412 767 401 785 400 799 407 785 415 769 416 1334 868 -165.985214 146.053558 92.588409 -0.041879 0.308114 -0.070956 33.781464 25.309965 539.231201 2.222356 27.838736 549.240601 65.340569 22.781193 529.221802
