583 400 594 391 609 390 622 397 610 403 596 404 692 390 704 379 720 377 735 383 722 390 707 392 759 650 -25.877899 141.104553 5.934720 -0.054111 0.413612 -0.124468 3.044500 23.453932 537.321594 -27.111452 27.823324 550.515747 33.200451 19.084538 524.127380
597 395 609 386 625 384 638 392 625 398 611 399 710 384 722 373 738 371 752 377 739 385 724 386 171 171 105.428673 33.629803 10.188156 -0.093054 0.392936 -0.116591 11.850533 20.501232 532.574707 -18.606016 24.857819 545.063843 42.307083 16.144646 520.085571
624 368 636 360 651 359 664 365 651 371 637 372 733 358 744 349 760 347 773 353 761 360 746 361 99 779 121.910156 169.576889 5.451918 -0.039638 0.415724 -0.105635 26.025499 6.922711 557.698730 -4.171657 10.592207 571.011414 56.222656 3.253216 544.386108
629 358 640 349 654 348 667 355 655 360 641 362 734 349 746 339 762 337 775 344 763 351 748 352 327 502 70.715546 107.753006 7.451642 -0.039643 0.445180 -0.092946 27.858351 1.401140 563.375000 -1.971895 4.669268 577.588928 57.688599 -1.866988 549.161072
713 354 723 346 736 344 747 350 736 355 724 357 807 344 817 335 831 334 842 340 832 345 819 346 236 442 91.045349 94.280617 7.998478 -0.019111 0.479244 -0.112181 81.700768 -1.365826 645.601624 52.437382 2.359336 660.844238 110.964157 -5.090988 630.359009
707 354 717 345 730 343 742 350 731 355 719 357 802 343 811 334 825 333 837 339 826 345 814 346 449 305 43.292442 63.761246 8.906343 -0.023993 0.484865 -0.113958 77.823799 -1.722439 643.924988 48.653069 2.095800 659.321411 106.994522 -5.540678 628.528564
707 356 717 347 730 346 742 352 731 357 719 359 801 345 811 337 825 336 836 342 826 347 813 348 277 549 81.934120 118.236458 7.121500 -0.029587 0.473445 -0.109616 78.269890 -0.199403 648.430847 48.909164 3.526291 663.484924 107.630623 -3.925097 633.376709
704 357 714 349 727 347 738 353 727 358 715 360 798 346 808 338 822 337 833 343 823 348 810 349 739 624 -21.417559 135.277725 6.155946 -0.029822 0.443332 -0.115575 76.686394 0.493555 651.572754 46.905659 4.413473 665.725586 106.467133 -3.426362 637.419983
706 357 716 348 729 347 741 353 730 358 717 360 801 347 811 338 824 337 836 343 825 348 813 349 436 484 46.310123 103.789871 7.505319 -0.028363 0.473516 -0.108030 77.400856 0.501516 645.674133 48.035702 4.167419 660.734314 106.766006 -3.164387 630.613953
707 356 717 347 730 346 741 352 730 357 718 359 802 346 812 337 825 336 837 342 826 348 814 349 174 71 104.696793 11.264984 10.974302 -0.027533 0.496991 -0.104393 77.031433 -0.081051 638.140747 48.016842 3.460128 653.894226 106.046028 -3.622229 622.387207
706 357 716 349 729 347 741 353 730 358 717 360 801 347 811 339 825 338 836 344 826 349 813 350 51 398 132.422318 84.332680 8.495263 -0.030924 0.477972 -0.104185 77.098648 0.826207 641.658936 47.788071 4.389302 656.849548 106.409225 -2.736888 626.468384
705 358 715 350 728 349 739 355 728 360 716 361 799 348 809 340 823 339 835 345 824 350 811 351 412 709 51.817455 154.100769 5.750457 -0.028400 0.467192 -0.107970 76.676025 1.630534 645.771606 47.215706 5.295467 660.644958 106.136353 -2.034399 630.898193
704 358 714 349 728 348 739 354 728 359 716 361 799 348 809 339 823 338 835 344 824 350 811 350 185 371 102.416374 78.370964 8.599667 -0.027073 0.485949 -0.107626 75.613747 1.232540 639.434692 46.437389 4.874012 654.863220 104.790100 -2.408932 624.006165
703 358 713 350 726 348 738 355 727 360 714 361 797 348 807 340 821 338 833 344 822 350 809 351 621 460 4.892037 98.528557 7.544765 -0.022080 0.486261 -0.112183 74.802986 1.491545 641.135620 45.647495 5.238156 656.578369 103.958481 -2.255067 625.692810
701 359 711 350 725 348 736 355 725 360 713 362 796 348 806 339 819 338 831 344 820 350 808 351 1135 371 -110.196579 78.918663 7.830367 -0.019957 0.488371 -0.116319 73.524353 1.525039 638.719238 44.416664 5.385374 654.224060 102.632042 -2.335297 623.214417
701 358 711 350 725 348 736 355 725 360 713 362 796 348 806 339 820 338 832 344 821 350 808 351 535 404 24.105240 85.953705 8.056010 -0.019204 0.490401 -0.113620 73.431442 1.560903 637.543945 44.345509 5.329168 653.112122 102.517380 -2.207361 621.975769
700 358 710 350 723 348 735 355 724 360 711 361 794 348 804 339 818 338 830 344 819 350 807 351 1078 36 -97.642372 3.957870 10.518254 -0.019001 0.494216 -0.116429 72.338417 1.454516 636.665161 43.322491 5.308885 652.342529 101.354340 -2.399854 620.987793
699 361 709 352 722 351 734 357 723 362 711 364 794 350 804 341 817 340 829 346 818 352 806 353 1229 640 -131.071411 139.138870 5.632977 -0.024264 0.469029 -0.118996 72.659172 2.956146 642.355469 43.266331 6.939894 657.280273 102.052010 -1.027603 627.430603
700 361 710 352 723 351 735 357 724 362 712 364 795 351 805 342 819 340 830 346 820 352 807 353 705 356 -13.970313 75.315773 8.296863 -0.027602 0.478766 -0.114546 72.945953 3.026637 639.383606 43.683674 6.892853 654.593140 102.208237 -0.839578 624.174011
700 362 710 354 723 353 735 359 724 364 711 365 795 352 805 344 818 342 830 348 819 354 807 355 393 787 56.116882 171.535721 5.150754 -0.032552 0.468128 -0.113909 73.244270 4.112900 643.765015 43.818893 7.998056 658.651672 102.669647 0.227744 628.878418
604 440 619 428 639 427 655 438 638 443 621 444 741 432 755 420 774 418 791 427 775 434 758 435 182 540 103.189980 116.168701 7.269402 -0.316259 0.074309 -0.062013 21.532377 39.526897 460.817474 -11.518326 41.935326 462.917511 54.583080 37.118465 458.717438
608 442 624 430 644 429 661 442 643 447 625 448 749 438 764 423 784 421 801 432 785 439 767 440 621 67 4.654389 10.628028 10.643869 -0.313590 0.032238 -0.049479 24.128683 40.203903 446.026031 -9.018719 41.985535 446.822998 57.276085 38.422272 445.229095
620 451 636 440 655 440 671 451 654 456 636 456 760 446 775 434 794 432 810 440 795 448 777 449 178 526 104.076721 113.035072 7.383042 -0.361179 0.112155 -0.044324 29.058357 44.662640 451.738220 -3.907903 46.763546 455.110382 62.024616 42.561733 448.366058
617 448 633 436 653 436 669 448 652 453 634 454 759 445 774 431 794 429 810 439 795 447 777 448 552 166 20.156670 32.731129 9.919055 -0.285518 0.069971 -0.040925 28.103254 43.104698 444.339752 -4.993268 44.772984 446.436584 61.199776 41.436417 442.242920
619 457 635 446 655 446 671 457 654 462 636 463 762 453 777 440 796 438 812 447 797 455 779 456 1142 664 -111.586021 144.456680 5.514170 -0.387117 0.041850 -0.046131 29.279343 46.962624 447.308380 -3.861882 48.720989 448.369965 62.420570 45.204262 446.246826
621 456 637 445 657 444 673 456 656 462 638 462 764 452 779 439 798 436 815 446 799 454 781 456 1032 463 -87.089226 99.436501 7.188285 -0.357706 0.045407 -0.042766 30.157715 46.399910 445.800751 -2.983209 48.055656 447.024353 63.298641 44.744164 444.577148
631 457 647 446 667 446 683 458 666 463 648 463 773 455 788 442 808 441 824 450 808 458 790 458 206 468 97.775162 100.078621 7.817742 -0.349163 0.133576 -0.022823 34.396488 47.966267 448.668396 1.493002 49.471825 452.870026 67.299973 46.460705 444.466797
632 459 648 448 668 448 684 459 667 464 649 465 774 457 789 444 809 442 825 451 809 459 791 460 327 578 70.761505 124.751579 6.852324 -0.397499 0.131829 -0.023541 34.941044 48.652626 449.162231 2.029623 50.268879 453.259277 67.852463 47.036373 445.065216
633 458 649 447 669 447 685 459 667 464 649 464 776 456 791 443 810 441 826 451 811 458 793 459 245 322 88.958557 67.445946 8.937481 -0.379198 0.153435 -0.021521 35.076031 47.924736 445.990295 2.264222 49.572037 450.810181 67.887833 46.277435 441.170410
637 458 653 447 673 447 689 458 672 464 654 464 780 456 795 442 815 441 831 450 815 458 797 459 99 239 121.583618 48.797543 9.710229 -0.418756 0.173258 -0.017961 36.936611 47.685925 444.818665 4.226956 49.446133 450.253723 69.646263 45.925716 439.383606
655 466 672 455 692 456 708 467 691 472 672 472 801 469 817 457 836 456 852 467 836 473 817 473 833 129 -42.754379 24.617510 9.983277 -0.343140 0.104545 0.017570 46.769081 53.574085 452.924164 13.748855 53.592365 456.420441 79.789307 53.555809 449.427887
662 473 678 463 698 463 714 473 697 478 679 478 803 470 818 459 837 458 853 466 838 472 820 473 920 501 -62.000298 107.871216 6.979322 -0.619887 0.044004 -0.028200 51.835918 58.077938 478.456299 18.675013 59.393536 479.544006 84.996826 56.762337 477.368561
665 472 681 462 701 462 717 472 700 477 682 477 807 470 822 459 841 458 857 467 841 473 824 474 265 261 84.445610 53.813885 9.402317 -0.599707 0.082016 -0.010456 53.178673 57.919262 477.021667 20.083931 59.037598 479.480713 86.273415 56.800926 474.562622
661 473 678 462 697 462 714 473 696 478 678 478 803 473 819 461 838 460 854 470 838 476 820 476 670 228 -6.214606 46.666416 9.334582 -0.634700 0.035738 -0.006932 51.466423 58.546955 475.777100 18.282881 59.126026 476.814789 84.649963 57.967884 474.739380
661 477 678 467 698 466 714 477 697 482 678 482 803 476 818 465 837 464 853 473 837 480 820 480 1267 592 -139.604950 128.424835 5.980721 -0.666830 0.023115 -0.014933 51.623310 60.646519 477.398376 18.430609 61.352921 477.950897 84.816010 59.940121 476.845856
665 478 681 468 701 468 717 478 700 483 682 483 805 477 820 466 839 465 855 474 839 480 822 481 840 602 -44.034977 130.415314 6.247644 -0.678418 0.042752 -0.013279 53.378956 61.734489 481.792389 20.206152 62.605484 482.961212 86.551758 60.863491 480.623596
665 479 681 469 701 469 717 479 700 484 682 485 805 477 820 466 838 464 854 473 839 480 822 480 1264 484 -138.998840 104.267227 6.834813 -0.676932 0.032621 -0.024602 53.629532 62.135147 484.506592 20.451389 63.243656 485.242554 86.807678 61.026642 483.770599
669 476 686 466 705 466 722 476 704 480 686 481 811 475 826 464 845 463 861 472 845 478 828 478 407 179 52.615982 35.555183 9.933959 -0.641826 0.065297 -0.004332 55.812798 60.488857 481.139343 22.676653 61.294926 483.115631 88.948944 59.682793 479.163055
671 478 687 468 706 468 723 478 705 482 688 483 812 476 827 465 845 464 861 473 845 479 828 479 117 290 117.586006 60.214859 9.293479 -0.677401 0.084279 -0.007298 56.410622 61.591850 484.003265 23.320076 62.727390 486.510468 89.501167 60.456306 481.496063
592 542 601 533 613 530 624 534 615 540 604 544 681 518 689 509 701 505 713 509 704 516 693 519 407 221 52.641376 44.949135 9.602757 -0.159982 0.350915 -0.300760 0.649037 118.310982 662.858643 -29.079657 128.817917 673.268677 30.377729 107.804047 652.448608
546 423 563 409 585 408 604 421 585 427 565 428 702 416 720 400 743 398 763 409 744 417 723 418 551 425 20.537090 90.659904 7.877452 -0.169842 0.105314 -0.062163 0.747625 27.859493 408.822083 -32.209801 30.204456 412.118896 33.705048 25.514532 405.525269
543 426 560 413 581 413 599 425 581 431 561 431 698 422 715 407 738 405 758 415 739 423 718 425 951 647 -68.849907 140.544250 5.802898 -0.137518 0.198768 -0.049291 -1.291303 29.820023 406.265137 -33.803360 31.891689 412.686493 31.220755 27.748356 399.843781
542 425 559 414 581 413 599 426 580 431 560 431 695 424 713 411 736 409 755 419 736 427 716 428 1247 767 -135.023056 167.554749 4.616909 -0.044296 -0.291592 0.008811 -0.525476 30.369417 401.293640 -32.327587 29.868195 391.757690 31.276634 30.870640 410.829559
551 423 568 410 589 409 607 420 589 427 569 429 709 416 726 403 749 402 768 413 749 420 729 421 748 96 -23.751068 17.187544 10.312340 -0.008659 0.025999 -0.042512 2.926612 29.153543 416.841858 -30.236982 30.568277 417.698669 36.090206 27.738810 415.985046
547 421 564 409 585 407 603 418 585 426 565 427 706 415 723 401 746 400 765 412 747 420 726 420 1018 48 -84.206932 6.607264 10.472213 -0.076258 0.247873 -0.048435 0.868980 27.723324 406.575531 -31.282942 29.625011 414.649994 33.020901 25.821636 398.501038
559 427 576 416 598 415 616 427 597 432 577 433 713 426 731 413 753 412 772 423 753 430 733 430 321 730 72.196236 158.745270 5.658547 -0.145368 0.214888 -0.012457 4.937142 32.367329 419.750946 -27.502764 33.292049 426.776428 37.377048 31.442608 412.725494
559 430 576 418 596 417 614 429 596 434 577 435 714 425 731 412 753 411 772 421 754 429 734 429 13 619 141.060471 133.740845 6.783281 -0.082942 0.115624 -0.025324 5.116919 32.894600 423.839844 -27.855696 33.891499 427.630951 38.089535 31.897697 420.048767
551 427 568 414 589 413 607 425 589 432 569 433 708 422 725 409 748 408 767 419 748 427 728 427 1131 275 -109.359413 57.444469 8.590639 -0.021430 0.145677 -0.042250 2.524396 31.589060 418.920654 -30.299192 33.038197 423.723938 35.347984 30.139923 414.117371
561 423 578 411 599 410 617 422 598 428 579 428 719 420 737 407 759 406 778 417 759 424 739 424 297 15 77.135147 -1.189369 11.316301 -0.044976 0.149942 -0.021454 6.644347 30.046453 415.911163 -26.180351 30.867596 420.853302 39.469044 29.225311 410.969055
558 423 576 411 597 410 615 422 596 428 577 429 717 420 735 407 758 406 777 417 758 425 737 425 698 67 -12.578450 10.672421 10.581516 0.003976 0.064828 -0.022914 6.232816 30.292404 416.523071 -26.893538 31.048367 418.675507 39.359169 29.536442 414.370636
556 423 574 411 595 409 613 422 594 428 575 429 715 420 733 406 756 405 775 417 756 424 735 424 834 42 -43.030788 5.159191 10.668529 0.003372 0.118252 -0.029140 5.292051 30.103872 416.653351 -27.666811 31.062460 420.571808 38.250912 29.145285 412.734924
483 361 497 349 515 346 532 352 517 361 499 364 622 335 636 322 654 319 671 325 657 334 639 337 766 529 -27.517689 114.045067 6.883229 -0.049810 -0.385238 -0.178291 -31.255171 -2.503230 429.471954 -61.513565 2.924512 416.920929 -0.996775 -7.930972 442.023010
523 407 539 391 562 389 581 402 562 412 541 414 690 396 709 380 736 379 758 392 737 402 713 402 794 254 -33.950470 52.553207 9.029139 -0.190908 0.432647 -0.038508 -6.257529 18.345015 362.994202 -36.388351 20.921974 376.707428 23.873297 15.768057 349.281006
525 405 540 391 563 390 580 403 562 410 542 411 691 401 710 387 735 387 756 399 736 407 713 407 1135 392 -110.183876 83.615639 7.664766 -0.135468 0.413961 -0.019094 -6.187807 19.592402 365.706879 -36.586399 21.122902 378.978760 24.210787 18.061903 352.435028
541 413 557 399 579 399 597 414 578 420 558 421 700 413 718 398 743 397 763 410 743 419 721 419 121 729 116.956253 158.406296 5.828391 -0.199994 0.392744 0.001452 -1.670721 24.468904 384.909119 -32.355797 25.705328 397.536743 29.014355 23.232483 372.281494
533 400 550 385 574 384 592 398 573 405 552 406 701 396 721 380 748 380 770 394 748 402 724 402 914 30 -60.942295 2.521327 10.698375 -0.164878 0.443413 -0.008129 -2.231867 17.470226 361.525543 -32.231770 18.921501 375.683929 27.768036 16.018950 347.367188
537 400 553 385 575 385 593 400 575 407 554 408 704 400 723 385 748 385 769 399 748 407 726 407 1050 128 -91.320259 24.518950 9.815438 -0.132292 0.401131 -0.000894 -1.521892 18.778399 368.301514 -32.094753 19.675213 381.226501 29.050968 17.881582 355.376495
540 401 556 387 578 386 596 400 578 408 557 408 707 401 726 387 750 387 771 400 751 408 728 408 939 268 -66.393456 55.768120 8.801319 -0.140981 0.394722 0.004276 -0.479432 19.287472 370.894196 -31.134853 20.060057 383.630280 30.175989 18.514887 358.158112
529 397 549 383 574 384 594 402 572 406 549 406 707 402 727 384 752 383 773 396 752 406 729 406 1148 161 -113.233002 31.956409 9.475849 -0.068023 0.198900 0.002089 -1.108512 18.457626 363.356934 -33.658855 18.612568 369.915192 31.441833 18.302687 356.798706
537 402 557 389 581 390 600 407 579 412 557 411 710 407 730 391 755 390 776 403 755 412 732 412 685 334 -9.507554 70.383606 8.486545 -0.056461 0.101532 0.015351 1.066232 21.137911 374.503906 -31.963720 20.724426 377.881927 34.096184 21.551395 371.125916
