610 320 621 314 634 314 645 319 634 323 622 323 711 318 723 311 737 311 749 316 737 321 724 321 1310 720 -121.420296 148.636383 34.734241 -0.460772 0.097798 -0.002883 31.339235 -19.724834 670.981384 -1.709566 -18.898201 674.088379 64.388039 -20.551470 667.874451
601 324 611 316 625 315 637 321 625 326 612 327 704 318 716 311 730 310 743 316 731 321 717 321 1044 379 -68.606087 81.384224 25.244965 -0.281623 0.126832 -0.032536 25.798058 -18.495289 660.760193 -7.124388 -16.843960 664.753357 58.720501 -20.146616 656.767029
609 322 620 316 632 316 644 321 633 325 620 325 710 319 721 313 735 312 747 317 735 321 722 321 542 825 31.308390 169.781219 32.233047 -0.478970 0.099519 -0.014006 30.525860 -18.782814 674.587524 -2.514588 -17.560392 677.652466 63.566307 -20.005234 671.522522
610 322 620 317 633 316 644 321 633 325 621 325 710 319 721 313 735 313 747 318 735 322 722 322 552 871 29.330278 178.866653 33.347973 -0.469933 0.099874 -0.009852 30.674519 -18.685759 676.549194 -2.366269 -17.606724 679.663940 63.715309 -19.764793 673.434448
604 322 615 315 628 314 640 320 628 324 616 325 707 318 718 311 733 310 745 316 733 320 719 320 1269 190 -113.386047 43.918213 22.361933 -0.461799 0.089526 -0.023335 27.899319 -19.232040 665.143127 -5.165994 -17.811728 667.831543 60.964630 -20.652353 662.454712
611 321 622 315 635 314 647 320 635 324 623 324 713 317 725 310 739 309 752 315 739 319 726 320 621 349 15.494452 75.672928 21.860359 -0.505584 0.087712 -0.023458 32.326263 -19.701303 665.371765 -0.744669 -18.235983 667.965210 65.397194 -21.166622 662.778320
605 322 616 315 629 315 641 320 629 324 617 325 707 317 719 310 733 309 746 315 733 319 720 319 1351 316 -129.662476 68.776352 25.764309 -0.500228 0.082316 -0.036954 28.381567 -19.459873 664.561707 -4.690963 -17.615934 666.878418 61.454098 -21.303814 662.244934
607 322 618 315 631 315 643 320 631 324 619 325 709 317 721 310 735 310 747 316 735 320 722 320 916 426 -43.144741 90.738190 25.502186 -0.485067 0.089163 -0.026670 29.619659 -19.335745 666.151611 -3.444255 -17.782164 668.782837 62.683575 -20.889328 663.520325
606 325 616 319 629 318 640 323 629 327 617 328 707 319 718 313 731 312 743 318 732 322 719 322 672 859 5.467403 176.433533 33.839470 -0.483425 0.096392 -0.032998 28.360815 -17.851551 673.142395 -4.675136 -16.041855 675.954956 61.396767 -19.661247 670.329834
605 323 615 316 628 316 639 321 628 325 616 326 706 318 717 311 731 310 743 316 731 320 718 320 1226 437 -104.781151 92.752739 27.731598 -0.543811 0.089569 -0.032743 27.629526 -18.979219 670.174133 -5.428090 -17.158058 672.711304 60.687141 -20.800383 667.637024
605 324 617 317 630 315 642 320 630 325 617 326 708 317 721 311 735 311 748 317 736 320 722 320 773 557 -14.682167 116.700043 27.583124 -0.554387 0.090035 -0.026961 28.564903 -18.250601 650.319458 -4.497079 -16.594692 652.912354 61.626884 -19.906509 647.726624
607 321 618 315 631 314 642 320 631 324 619 325 709 317 720 310 735 309 747 315 735 319 722 320 1018 240 -63.467323 53.928238 21.902863 -0.538743 0.090042 -0.022332 29.434780 -19.543102 666.351929 -3.630672 -18.052433 669.000244 62.500233 -21.033772 663.703613
606 321 616 314 629 314 641 320 629 324 617 324 707 316 719 309 733 309 745 315 733 319 720 319 921 165 -44.197021 39.156487 19.570143 -0.537245 0.087803 -0.025637 28.495766 -19.853642 668.967773 -4.573544 -18.279917 671.518005 61.565079 -21.427364 666.417542
605 324 617 317 630 315 642 320 630 324 617 326 707 316 719 310 733 310 746 316 734 319 720 319 994 688 -58.595547 142.474869 31.986687 -0.553977 0.090212 -0.034444 28.345919 -18.785601 657.990173 -4.708120 -16.893139 660.521667 61.399960 -20.678064 655.458618
606 321 617 315 629 314 640 320 629 323 618 324 706 317 718 310 731 310 743 315 731 319 718 319 1426 338 -144.570206 73.085480 26.745579 -0.546796 0.090119 -0.023693 28.498772 -20.025434 679.172668 -4.565543 -18.481098 681.804321 61.563087 -21.569769 676.541016
605 320 616 313 629 312 641 318 629 322 617 323 707 315 718 308 732 307 744 313 732 317 719 318 1150 125 -89.739151 31.133978 20.117340 -0.553706 0.086222 -0.030502 28.311890 -20.764822 669.889648 -4.757657 -19.032310 672.331604 61.381435 -22.497334 667.447754
604 320 614 313 627 313 638 318 627 322 615 323 704 315 715 308 729 307 741 313 729 317 716 317 760 314 -12.151409 68.684769 21.947533 -0.534755 0.090404 -0.029165 26.940010 -21.037741 675.489075 -6.118639 -19.333149 678.092834 59.998657 -22.742332 672.885254
629 319 641 312 654 312 665 318 654 322 641 323 727 316 737 309 750 309 761 315 750 319 738 319 225 551 94.278099 115.795883 23.949324 -0.419823 0.021921 -0.026077 43.816067 -21.184597 696.824707 10.630238 -20.193548 697.352173 77.001892 -22.175646 696.297241
612 321 623 314 637 313 648 319 637 323 624 324 714 316 725 309 739 309 751 315 739 319 726 319 1287 192 -116.964630 44.304207 22.522490 -0.487742 0.063260 -0.032431 32.881119 -19.885530 670.407471 -0.241478 -18.349764 672.166687 66.003716 -21.421297 668.648315
630 317 641 311 654 311 665 317 653 320 641 321 727 316 738 309 750 309 761 315 750 319 738 319 499 591 39.806202 123.559944 26.611687 -0.503175 0.030568 -0.011977 44.005058 -22.050821 700.416931 10.817764 -21.419758 701.291504 77.192352 -22.681883 699.542358
660 305 673 298 688 298 702 304 689 308 674 309 779 298 792 290 808 288 823 293 809 299 793 300 990 885 -57.756348 181.408295 36.462685 0.395964 0.082490 -0.087567 60.228203 -26.775316 568.424744 27.260260 -24.484545 571.653809 93.196144 -29.066088 565.195740
671 309 684 300 700 298 715 305 701 310 685 312 792 298 805 289 822 288 837 295 823 300 807 301 503 681 39.030899 141.343796 28.693743 -0.522183 0.155613 -0.042606 66.840622 -25.644363 566.084656 34.057327 -22.983171 570.638062 99.623909 -28.305555 561.531250
678 302 691 294 708 293 722 301 708 305 693 306 800 295 813 286 830 284 844 290 830 297 814 298 115 225 116.077377 51.427887 15.798212 0.391461 0.097930 -0.088909 70.428658 -28.070768 562.008301 37.510193 -25.829323 565.737976 103.347115 -30.312216 558.278625
677 304 691 295 708 294 723 301 708 306 692 307 799 295 813 287 830 286 846 292 831 297 815 298 582 193 23.214291 44.864063 18.046850 -0.505195 0.142561 -0.032739 70.997398 -27.590271 565.417297 38.139687 -25.384190 569.667419 103.855103 -29.796354 561.167114
684 284 698 276 715 276 730 285 715 288 699 289 812 281 825 271 842 270 856 276 842 282 826 283 104 844 118.402367 173.761063 29.872400 -0.010275 0.024166 -0.041996 72.615814 -34.765114 539.839417 39.449970 -33.367088 540.634338 105.781662 -36.163139 539.044495
683 286 698 278 716 277 731 284 715 287 699 289 811 280 826 272 843 271 858 278 843 282 827 282 1059 745 -71.507133 153.705872 33.703911 -0.072325 -0.015218 -0.037267 70.911949 -33.433773 525.037415 37.734024 -32.215996 524.487976 104.089874 -34.651554 525.586853
689 285 703 277 721 276 736 283 720 287 704 288 815 280 829 272 846 272 861 278 847 282 830 282 987 662 -57.209488 137.340317 31.347910 -0.075647 -0.034820 -0.032560 73.351593 -33.602795 527.553162 40.184486 -32.566795 526.357605 106.518700 -34.638790 528.748657
687 304 702 296 719 295 735 301 719 305 703 307 810 296 824 288 841 288 856 294 842 299 825 299 918 413 -43.545303 88.168083 25.217892 -0.380323 0.135906 -0.030358 75.819633 -26.754848 558.602539 42.932400 -24.927679 562.803833 108.706871 -28.582018 554.401306
687 290 701 281 718 281 732 291 717 294 702 295 811 287 825 276 842 275 856 282 842 288 826 289 1069 384 -73.575851 82.359489 25.518738 -0.033269 0.035517 -0.041256 74.816154 -32.505890 551.748657 41.660530 -31.117296 552.904419 107.971786 -33.894482 550.592896
687 288 702 280 719 279 734 286 719 290 702 291 814 283 829 275 846 275 861 282 846 286 830 286 384 296 62.606556 65.320778 19.137033 -0.068756 0.000029 -0.025383 72.944908 -32.299076 528.841736 39.750786 -31.456961 528.813721 106.139030 -33.141190 528.869751
685 288 699 281 717 281 731 290 716 293 700 293 813 287 826 277 843 276 857 282 843 289 827 289 944 884 -48.610161 181.234314 36.146317 0.032435 0.000866 -0.031264 73.309624 -32.016735 539.925171 40.121052 -30.979446 539.970764 106.498199 -33.054024 539.879578
685 289 699 281 717 282 731 291 716 295 700 295 812 288 826 278 843 276 857 283 843 290 827 291 659 708 8.018643 146.599411 30.306114 0.023816 0.015255 -0.033699 73.001427 -31.508163 538.731567 39.819328 -30.395578 539.251282 106.183525 -32.620750 538.211853
677 293 692 285 709 283 725 290 709 294 693 296 805 287 819 278 836 277 851 284 836 288 820 289 887 499 -37.362274 105.179436 26.985218 -0.096965 0.027523 -0.039166 68.136230 -30.433168 530.007202 34.969421 -29.090950 530.856323 101.303032 -31.775387 529.158081
680 296 695 289 711 288 726 293 711 297 695 298 805 289 819 282 835 281 850 287 835 290 820 291 348 215 69.746582 49.331959 17.056442 -0.109584 0.014111 -0.042546 69.586151 -29.395910 537.894714 36.414658 -27.960838 538.284851 102.757645 -30.830980 537.504578
689 299 702 292 718 291 731 298 718 302 703 303 805 294 817 286 832 284 845 291 832 296 818 297 124 535 114.356873 112.685837 22.939253 -0.448105 0.115584 -0.026459 78.107063 -30.267946 593.659302 45.131523 -28.575878 597.167908 111.082596 -31.960014 590.150635
689 302 703 294 720 294 734 301 719 306 704 306 811 298 825 289 841 288 855 294 841 300 826 301 709 629 -1.940696 130.961655 28.819977 -0.476706 0.135853 -0.007569 77.685951 -27.411968 571.323975 44.782261 -26.117434 575.593750 110.589645 -28.706503 567.054260
659 299 672 290 688 288 702 295 689 301 674 302 779 289 793 279 810 278 824 284 810 290 795 291 1344 384 -128.255478 82.218193 27.273468 -0.458611 0.135394 -0.053913 60.897369 -31.341883 572.198792 28.038406 -28.608862 576.120422 93.756332 -34.074902 568.277222
678 302 691 295 706 294 720 300 706 304 692 305 797 295 810 288 825 287 839 292 825 297 811 297 248 754 89.750084 155.901169 28.734707 -0.451628 0.138768 -0.024097 71.337807 -28.745289 581.759094 38.456245 -26.953434 586.019592 104.219376 -30.537146 577.498657
673 301 688 293 705 291 720 297 705 302 688 304 795 292 809 285 826 284 842 291 827 295 810 296 892 204 -38.422123 46.878616 20.276264 -0.448096 0.117083 -0.032110 67.570389 -28.380674 555.144043 34.605923 -26.496841 558.658997 100.534851 -30.264507 551.629089
711 295 726 287 742 287 756 293 742 297 726 298 829 292 843 284 859 284 873 292 859 295 844 295 621 333 15.490891 72.510994 21.494755 -0.511155 0.114496 0.011168 90.764137 -31.247637 584.068909 57.774059 -30.652084 587.791809 123.754211 -31.843187 580.346008
593 353 605 345 619 344 632 350 620 355 606 356 703 345 716 336 732 335 746 341 732 347 718 347 775 38 -15.195378 14.133611 15.736545 -0.483659 0.108120 -0.057849 22.697294 -1.083191 618.460327 -10.263012 1.609304 621.448303 55.657600 -3.775685 615.472290
588 356 599 348 613 347 626 354 614 358 600 359 698 348 711 339 726 338 741 343 727 349 712 350 1213 71 -102.277779 20.430063 19.285414 -0.511781 0.096598 -0.062254 19.391832 0.643023 614.693176 -13.598696 3.418801 617.238708 52.382362 -2.132755 612.147644
599 361 611 353 625 352 638 358 626 362 612 364 710 351 722 343 738 341 752 347 739 352 724 353 622 264 15.276694 58.874615 19.924459 -0.544196 0.103517 -0.068633 26.169247 2.993679 612.145508 -6.786035 6.067345 614.802917 59.124531 -0.079987 609.488159
599 365 610 358 624 357 637 362 625 367 612 368 709 356 721 348 736 346 750 351 737 357 723 358 845 668 -28.973577 138.598999 30.578934 -0.588449 0.101549 -0.070088 25.595375 5.640936 613.387573 -7.364197 8.793077 615.895630 58.554947 2.488795 610.879578
595 363 607 355 621 354 634 361 622 365 608 366 706 354 719 345 734 343 748 349 735 355 720 356 1074 275 -74.594292 60.816208 23.059952 -0.572383 0.094839 -0.074658 23.903017 4.342747 610.756226 -9.066748 7.558614 613.039307 56.872780 1.126881 608.473145
595 366 606 359 620 358 633 364 621 368 607 370 704 357 717 349 732 347 745 352 732 358 718 359 1222 740 -103.918358 152.634018 34.629734 -0.584117 0.093265 -0.076232 23.063965 6.450265 616.127502 -9.907010 9.712076 618.326355 56.034939 3.188455 613.928589
594 364 606 357 620 356 634 362 621 367 607 368 705 355 718 347 733 345 747 350 734 356 720 358 592 138 21.213696 33.989758 16.853888 -0.560712 0.095451 -0.072014 23.431072 5.277569 611.258240 -9.542808 8.404423 613.604675 56.404949 2.150714 608.911865
595 366 606 359 620 358 633 364 621 369 608 370 706 357 718 349 733 347 747 352 734 358 720 359 118 269 115.490662 60.121677 16.822771 -0.556767 0.103232 -0.071693 23.500961 6.485714 612.751465 -9.448633 9.667699 615.351257 56.450554 3.303730 610.151672
593 369 604 362 619 361 631 367 619 372 606 373 704 360 716 352 731 350 745 355 732 361 718 362 894 644 -38.721836 133.830917 30.343187 -0.580253 0.090438 -0.075473 22.421719 8.250855 613.074707 -10.559385 11.459114 615.199219 55.402824 5.042598 610.950256
613 362 624 355 639 354 652 361 640 366 626 367 726 357 739 348 754 347 768 353 755 359 740 360 227 88 93.777351 24.296236 13.382365 -0.458811 0.094478 -0.041461 34.687557 5.389690 608.744202 1.656247 7.422733 611.456970 67.718864 3.356647 606.031494
614 371 626 363 640 362 653 368 641 372 627 374 725 362 738 354 753 353 766 359 753 364 739 365 578 729 24.128956 150.791077 30.269123 -0.524139 0.098383 -0.057585 35.084103 9.405089 615.337036 2.089915 12.062604 617.960205 68.078285 6.747575 612.713867
610 368 621 361 636 360 650 366 637 371 623 372 722 361 734 353 750 351 764 357 751 363 736 364 1272 320 -113.953613 69.607430 25.351624 -0.507290 0.093121 -0.053453 32.784546 8.348543 609.908691 -0.233115 10.811835 612.423828 65.802200 5.885251 607.393555
615 373 627 366 642 365 655 371 642 375 628 377 727 366 739 358 755 357 768 363 755 368 741 369 649 799 10.027252 164.588089 32.321690 -0.540656 0.101400 -0.047029 35.945824 11.384720 614.526062 2.943220 13.755466 617.313049 68.948425 9.013973 611.739136
615 372 627 364 642 363 656 370 642 374 628 375 728 365 741 357 757 356 771 363 757 368 742 368 446 489 50.321751 103.429817 23.942764 -0.544758 0.105616 -0.036659 35.973778 10.667254 606.345825 2.971180 12.753574 609.351746 68.976379 8.580934 603.339966
612 370 624 362 639 362 652 369 639 373 625 374 725 364 737 355 753 354 767 360 754 366 739 367 1060 287 -71.807930 63.194855 23.244823 -0.517573 0.094852 -0.048597 34.215191 9.653836 607.167175 1.194610 11.989697 609.764160 67.235771 7.317976 604.570129
612 371 624 364 639 363 652 370 639 374 625 375 724 365 737 356 753 355 766 361 753 367 738 368 432 359 53.076500 77.746254 20.882885 -0.567670 0.101157 -0.044900 33.969490 10.358946 607.791687 0.962429 12.695193 610.554871 66.976555 8.022698 605.028442
611 374 625 367 640 366 653 370 640 374 625 376 724 365 738 359 754 359 768 363 754 367 739 368 100 612 119.146057 127.915001 24.545591 -0.531750 0.107622 -0.043056 33.595028 10.917787 594.253967 0.607838 13.204803 597.282898 66.582222 8.630770 591.225037
611 376 622 369 637 369 650 375 637 379 624 380 722 370 735 362 750 360 763 366 750 371 736 372 344 764 70.664146 157.828049 29.575771 -0.595422 0.103219 -0.048320 33.030510 13.275608 611.365051 0.034819 15.773074 614.123047 66.026199 10.778142 608.606995
609 376 621 369 636 368 650 375 637 379 622 380 722 370 735 361 750 360 764 366 751 371 736 372 952 634 -50.256496 131.824905 30.484772 -0.591325 0.098243 -0.045644 32.451916 13.163747 604.977478 -0.563863 15.525500 607.611877 65.467697 10.801994 602.343079
610 378 624 370 639 369 653 374 639 378 624 380 724 369 738 362 754 362 769 368 754 372 739 372 323 655 74.815414 136.298126 26.951084 -0.557164 0.111145 -0.038557 33.021576 13.043004 587.670288 0.040397 15.255830 590.817505 66.002754 10.830178 584.523071
665 339 678 332 693 332 706 339 693 343 679 343 777 336 789 328 804 327 816 333 804 338 790 339 3 699 138.452423 145.157883 25.914633 -0.478166 0.078882 -0.024401 65.046822 -7.169734 610.537659 31.952995 -5.776895 612.865356 98.140648 -8.562573 608.209900
632 358 645 351 661 350 675 357 661 361 646 362 752 353 766 344 783 343 797 350 783 355 767 356 616 758 16.579681 156.502563 31.174255 -0.502760 0.116351 -0.026585 46.330509 3.005791 576.101624 13.356973 4.799536 579.578369 79.304047 1.212045 572.624878
628 357 641 350 657 349 671 356 657 361 642 362 748 352 762 343 779 342 793 348 779 354 763 355 461 505 47.342789 106.584045 24.404083 -0.568914 0.107090 -0.030571 43.806805 2.409482 572.221375 10.802205 4.352180 575.300659 76.811401 0.466784 569.142090
624 359 637 351 654 351 668 358 654 363 638 364 745 354 759 344 775 343 790 349 776 356 760 357 971 361 -54.095139 77.864555 24.367857 -0.558153 0.098549 -0.037467 41.837223 3.384125 570.927612 8.812047 5.451319 573.688782 74.862396 1.316930 568.166443
625 363 638 355 654 354 669 361 655 366 640 367 746 356 759 347 776 346 790 352 776 358 761 359 947 677 -49.252747 140.325180 31.435432 -0.590292 0.104879 -0.036598 42.375603 4.982811 572.524231 9.369563 7.123587 575.453064 75.381645 2.842035 569.595398
627 361 640 353 657 352 671 360 657 365 642 365 749 356 762 347 779 345 794 352 779 358 764 359 93 355 120.480690 77.129944 18.628382 -0.563086 0.113184 -0.028115 43.550648 4.537354 568.787964 10.565492 6.449581 572.086792 76.535805 2.625128 565.489075
626 365 639 357 655 356 669 363 655 368 640 369 747 358 761 349 777 348 792 354 777 360 762 361 375 605 64.464859 126.390358 26.140368 -0.579151 0.107876 -0.038953 42.676270 6.071918 569.137756 9.683585 8.298995 572.151489 75.668953 3.844841 566.124023
628 357 641 348 658 347 672 356 658 361 642 362 750 352 763 342 780 341 795 348 780 355 765 356 228 27 93.564934 12.240829 11.994874 -0.474939 0.111353 -0.026963 44.132904 2.284802 569.748840 11.141724 4.005610 573.092529 77.124084 0.563994 566.405151
619 362 632 354 648 353 662 361 648 367 633 367 739 358 753 348 770 347 785 354 771 361 755 362 938 485 -47.505978 102.386536 26.990734 -0.391059 0.119237 -0.026369 39.259766 5.296517 577.213196 6.299099 6.911183 580.893799 72.220436 3.681851 573.532593
598 344 609 337 623 337 635 344 623 347 609 348 708 343 722 335 738 335 753 343 738 347 723 346 1338 95 -127.126816 25.108746 20.631426 -0.491290 0.129000 0.016610 24.681456 -3.288713 599.770691 -8.248489 -2.787057 604.004700 57.611401 -3.790370 595.536682
614 353 626 346 641 345 655 352 641 356 627 357 732 349 746 341 762 340 777 346 762 351 747 351 267 391 85.891403 84.154907 20.561260 -0.558912 0.111516 -0.020816 35.246140 0.468922 575.028687 2.249255 2.130299 578.346069 68.243027 -1.192455 571.711304
595 361 606 354 620 353 632 359 620 363 607 364 707 354 720 346 736 345 751 351 737 356 722 356 1415 775 -142.285721 159.451599 36.660999 -0.520511 0.104062 -0.044884 23.332031 4.031734 594.314514 -9.664542 6.330831 597.229919 56.328606 1.732637 591.399048
605 356 616 348 632 347 645 354 632 359 618 360 722 348 736 340 752 339 767 345 753 351 737 352 394 418 60.645367 89.425430 21.988586 -0.425288 0.119454 -0.049518 30.400034 0.958759 583.666809 -2.531709 3.379021 587.159973 63.331776 -1.461503 580.173645
596 353 607 346 621 345 633 351 621 356 608 357 710 349 723 341 739 341 753 348 739 352 724 352 1029 734 -65.544533 151.547455 33.261131 -0.438066 0.128905 -0.012457 24.322716 0.709229 595.153870 -8.608456 2.029969 599.197815 57.253887 -0.611511 591.109924
598 358 610 352 623 352 636 358 623 361 610 361 714 355 727 349 742 348 756 353 742 357 728 357 1438 473 -146.926163 99.758179 29.906948 -0.719678 0.054751 -0.018778 24.960300 3.964509 568.263611 -8.191264 5.161523 569.712891 58.111866 2.767494 566.814270
617 374 630 367 646 367 659 374 646 377 631 378 735 372 749 364 765 362 779 368 765 373 750 374 685 703 2.847819 145.597946 30.357763 0.551162 0.040259 -0.047533 35.791180 12.082884 552.340454 2.649151 13.222481 554.033691 68.933205 10.943288 550.647278
615 375 628 367 645 367 659 375 645 379 629 379 734 371 748 362 765 360 780 367 765 373 750 374 666 499 6.580269 105.292992 25.575052 0.532963 0.036368 -0.060342 35.050659 11.882703 547.132141 1.926292 13.477094 548.803589 68.175026 10.288313 545.460693
617 377 630 370 645 370 659 377 645 380 630 381 735 374 748 365 765 364 779 370 765 375 750 376 379 754 63.702694 155.833862 29.570597 0.520725 0.029478 -0.049328 35.574207 13.404011 553.482910 2.422977 14.718960 554.834351 68.725441 12.089062 552.131470
614 377 627 370 643 370 657 378 644 382 629 382 734 374 748 364 765 363 779 369 765 375 749 376 333 534 72.800125 112.380829 24.249998 0.455139 0.028051 -0.058265 34.933613 13.280539 551.467163 1.797009 14.939522 552.798645 68.070213 11.621555 550.135620
614 380 627 372 643 372 657 380 643 384 628 385 734 376 748 367 765 366 780 372 765 378 749 379 540 689 31.675783 142.905762 29.112637 0.439259 0.027507 -0.054965 34.889473 14.728632 549.773315 1.746360 16.297148 551.051331 68.032585 13.160114 548.495300
637 289 652 282 669 283 683 292 668 296 652 296 764 291 777 282 794 280 807 287 793 294 778 295 91 814 120.980537 167.839111 29.103937 0.221900 -0.025490 -0.006802 48.363369 -30.862047 543.891479 15.170065 -30.544542 543.077087 81.556679 -31.179554 544.705872
594 292 607 286 623 287 637 295 623 298 607 298 718 297 732 290 749 291 763 298 748 302 733 302 977 778 -55.195312 160.269516 33.934746 -0.518836 0.051230 0.048280 25.078867 -28.096014 549.726074 -8.045536 -29.195591 551.756958 58.203270 -26.996437 547.695190
595 294 610 286 628 286 642 294 627 299 610 299 724 296 739 288 756 288 771 297 756 301 740 300 441 372 51.289879 80.310699 21.237368 -0.428758 0.028772 0.023734 27.428871 -27.796770 540.020020 -5.753201 -28.359068 541.112549 60.610943 -27.234474 538.927551
571 297 587 289 605 288 620 295 604 300 587 301 700 295 716 288 735 289 751 297 734 301 717 300 1261 757 -111.669136 155.973541 35.267044 -0.542662 0.053525 0.015470 15.342843 -26.709497 528.292908 -17.811697 -26.727686 530.119263 48.497383 -26.691311 526.466492
585 291 599 284 617 285 632 293 616 297 600 297 713 294 728 285 746 285 760 292 745 298 729 298 479 134 43.681164 33.257332 16.041452 -0.465499 0.046646 0.018625 21.852900 -29.264660 539.307556 -11.310788 -29.506771 540.941833 55.016590 -29.022547 537.673340
584 295 598 288 616 288 630 297 615 300 599 300 712 297 727 289 744 288 758 295 743 301 727 301 326 334 74.147446 72.860184 19.635258 -0.468075 0.045896 0.015825 21.252268 -27.683950 541.931030 -11.914132 -27.840105 543.520081 54.418667 -27.527796 540.341980
586 297 600 291 617 292 631 299 616 302 601 302 714 299 728 292 745 292 759 298 744 303 728 303 304 577 78.575920 120.893440 25.047520 -0.480400 0.044949 0.017185 22.009924 -26.382425 544.162781 -11.157184 -26.579533 545.732422 55.177032 -26.185320 542.593140
586 297 602 289 619 289 634 297 618 301 602 301 716 298 731 291 749 292 764 300 749 304 732 303 213 321 96.612915 70.349167 18.617168 -0.488081 0.046530 0.032253 22.990860 -26.039600 534.120972 -10.161798 -26.698458 535.860718 56.143520 -25.380743 532.381287
582 299 597 290 615 290 630 300 614 304 597 304 711 300 726 291 744 291 759 299 743 305 726 304 1040 164 -67.858612 38.897724 20.306612 -0.477805 0.036027 0.012501 20.601278 -25.620867 537.910217 -12.579851 -25.739901 539.158508 53.782406 -25.501831 536.661987
582 301 596 294 614 294 628 303 613 306 597 306 710 303 725 295 742 294 757 302 742 307 725 307 1001 504 -60.028355 106.108971 27.826885 -0.489072 0.038619 0.012922 20.305489 -24.452520 542.106323 -12.872339 -24.557247 543.440674 53.483315 -24.347794 540.771973
579 304 594 297 611 297 625 305 610 309 594 309 707 305 722 297 739 297 753 304 738 309 722 309 1111 638 -81.870377 132.533691 31.590725 -0.502666 0.036492 0.008470 18.777647 -23.149750 542.889038 -14.404355 -23.121090 544.119263 51.959648 -23.178408 541.658752
582 306 597 299 614 300 628 308 613 311 597 311 710 308 725 300 742 300 756 307 741 312 725 311 452 688 49.173042 142.753357 28.528273 -0.501670 0.042529 0.015418 20.329372 -21.850471 543.790894 -12.842178 -21.994249 545.269836 53.500923 -21.706692 542.312012
580 306 594 299 612 299 626 308 611 311 595 311 708 308 723 299 740 299 755 307 740 312 723 312 680 469 3.789900 99.357162 24.978874 -0.504456 0.040391 0.012880 19.232435 -21.792986 541.112366 -13.943170 -21.871515 542.502563 52.408043 -21.714458 539.722168
583 304 598 297 615 298 629 306 614 309 598 309 710 306 724 298 741 297 756 304 741 309 725 309 33 570 132.458649 119.649338 23.158360 -0.431549 0.045779 0.010453 20.564491 -23.147306 546.588074 -12.604284 -23.160736 548.134583 53.733269 -23.133879 545.041504
579 307 595 298 614 298 629 306 612 310 595 311 710 306 726 299 744 300 760 309 744 313 726 311 297 565 79.965088 118.525581 24.728649 -0.506615 0.050556 0.027063 19.832460 -21.357414 528.081055 -13.318932 -21.801525 529.910706 52.983852 -20.913303 526.251404
584 302 598 295 616 295 630 304 615 308 599 308 712 305 726 296 744 296 758 303 743 309 727 308 222 24 94.757278 11.651049 11.888038 -0.403722 0.038905 0.015558 21.160749 -23.661358 542.337219 -12.015314 -23.906675 543.696716 54.336815 -23.416040 540.977722
583 307 599 299 617 299 632 307 616 311 599 312 713 308 728 300 746 300 760 308 745 313 728 312 77 375 123.666496 81.090591 18.983295 -0.460569 0.046760 0.019696 21.530857 -21.333805 537.305542 -11.631974 -21.613451 538.951172 54.693687 -21.054159 535.659851
583 305 599 295 618 295 633 306 616 311 599 311 711 306 726 295 745 295 760 305 744 311 727 311 314 77 76.476257 22.077702 13.686144 -0.391979 0.045134 0.013534 21.492594 -22.558199 540.052307 -11.675835 -22.706081 541.599243 54.661022 -22.410316 538.505310
581 313 596 306 613 306 628 314 612 318 596 318 709 315 723 306 740 306 754 313 739 319 723 319 927 832 -45.241543 170.966751 34.849625 -0.515089 0.028882 0.011450 19.772930 -18.538004 546.341614 -13.416211 -18.659992 547.354370 52.962070 -18.416018 545.328796
581 310 596 303 614 303 629 312 614 316 597 316 710 313 725 304 743 304 757 311 742 317 725 317 1089 526 -77.520943 110.411423 28.891106 -0.488712 0.031412 0.013987 20.391642 -19.420519 541.242432 -12.793930 -19.616776 542.355469 53.577217 -19.224264 540.129395
578 298 592 289 608 289 623 297 608 301 592 302 702 295 716 287 733 288 747 296 733 301 717 300 553 3 28.938208 7.330934 13.520236 -0.451335 0.039994 -0.003544 17.242607 -28.278278 560.294434 -15.935896 -27.869980 561.551331 50.421108 -28.686577 559.037537
543 282 557 274 575 274 591 282 576 287 558 288 681 281 698 272 717 272 734 280 717 285 699 285 738 283 -7.783939 62.569817 21.098793 -0.502007 0.041011 -0.006249 3.349803 -32.220940 495.807007 -29.827038 -31.687473 497.060913 36.526642 -32.754402 494.553101
559 302 572 295 589 295 603 302 589 307 573 307 693 304 709 297 727 298 742 305 726 310 709 309 887 718 -37.313519 148.458481 31.989449 -0.302504 0.079300 0.032111 9.315440 -22.733826 516.428162 -23.768848 -23.387598 519.178040 42.399727 -22.080051 513.678223
577 301 593 293 612 294 628 303 612 308 594 307 716 303 731 293 750 293 765 301 749 307 732 307 152 302 108.737617 66.625710 17.793781 0.322532 0.031471 -0.008304 19.627253 -22.317940 492.009583 -13.560125 -22.214064 493.080444 52.814632 -22.421816 490.938721
575 309 590 301 609 302 625 310 608 314 591 314 716 310 732 301 750 301 765 309 749 314 732 314 425 583 54.518211 122.016998 25.956701 -0.532076 0.039409 0.010998 18.898106 -18.752970 493.577820 -14.279568 -18.761131 494.920044 52.075779 -18.744808 492.235626
578 309 593 303 611 303 627 311 611 314 594 314 718 311 734 303 752 303 767 310 751 315 734 315 455 684 48.575645 141.961319 28.456015 -0.526068 0.035954 0.012825 20.192860 -18.440714 496.016541 -12.988317 -18.540285 497.265228 53.374035 -18.341145 494.767853
567 309 584 300 603 301 620 311 603 315 584 315 710 310 727 300 746 300 762 308 746 314 727 315 695 278 0.764854 61.603802 20.710165 -0.507375 0.032761 0.003718 16.303869 -18.564577 488.924011 -16.883280 -18.412708 489.996216 49.491020 -18.716446 487.851837
563 316 579 309 598 309 614 317 597 322 580 322 705 316 721 307 740 306 756 313 740 319 722 319 1285 695 -116.454979 143.708694 34.003464 0.413632 0.025283 -0.024149 13.491084 -15.428426 477.935272 -19.693724 -14.820552 478.914368 46.675892 -16.036301 476.956177
564 315 580 308 599 308 615 317 599 320 581 321 706 315 722 306 741 306 757 312 741 318 723 318 1072 615 -74.120934 128.008438 30.816315 -0.559234 0.030872 -0.008425 14.332285 -16.138317 490.408997 -18.855967 -15.593751 491.305115 47.520538 -16.682886 489.512909
564 312 580 304 599 304 615 314 598 318 581 318 705 313 721 303 740 302 756 311 739 316 722 317 85 92 122.012817 25.159681 12.567688 -0.496340 0.037740 -0.000760 13.978604 -17.255781 490.796387 -19.203037 -16.926962 491.992279 47.160248 -17.584599 489.600464
503 321 517 315 534 317 548 326 533 329 517 328 639 331 657 324 676 325 694 333 676 337 657 336 1285 442 -116.511307 93.710533 28.222319 -0.477038 0.021046 0.061625 -16.058710 -9.965184 491.079132 -49.194469 -11.769802 492.229980 17.077047 -8.160565 489.928253
556 307 572 298 592 299 608 309 591 315 573 315 702 309 719 299 739 299 756 309 738 316 719 315 328 100 73.697685 26.615797 14.301034 -0.330887 0.060008 0.016811 11.522952 -18.851965 481.851013 -21.617990 -19.073114 483.897614 44.663895 -18.630817 479.804382
555 316 570 308 589 308 605 316 588 321 571 321 699 315 715 307 734 307 750 315 734 320 716 320 490 280 41.526482 62.104378 19.447796 -0.424223 0.047745 0.001688 10.192252 -15.659374 486.279846 -22.975239 -15.382525 487.829224 43.359741 -15.936224 484.730499
551 315 567 307 586 307 601 317 585 321 567 321 696 317 712 308 732 308 748 317 731 322 713 322 567 665 26.301893 138.148972 28.736511 -0.455933 0.060750 0.019506 8.625105 -15.186216 483.407379 -24.513304 -15.359468 485.499115 41.763512 -15.012963 481.315613
548 315 564 306 584 306 600 315 583 321 565 321 694 315 711 305 731 306 748 314 731 321 712 320 820 565 -24.025633 118.256859 28.065826 0.174556 -0.007141 0.002651 7.800517 -15.407951 471.702972 -25.403336 -15.474901 471.459381 41.004368 -15.341002 471.946564
595 187 611 179 629 181 642 192 626 196 610 194 717 198 732 190 749 191 762 202 747 207 731 205 29 214 133.174744 49.298241 14.998106 -0.192183 0.060060 0.106697 26.099318 -82.420456 559.850525 -6.857677 -85.741913 562.166565 59.056313 -79.098999 557.534485
583 198 598 191 615 193 629 203 613 206 597 204 708 211 723 205 740 206 753 216 738 219 722 217 186 268 101.969658 59.889118 17.233816 -0.326252 0.003246 0.112703 20.038353 -74.691902 549.353943 -12.957491 -78.342896 550.063965 53.034195 -71.040916 548.643860
585 193 600 186 618 186 633 196 617 200 600 199 716 197 730 188 748 188 762 197 747 202 731 202 298 252 79.696571 56.669632 17.582865 -0.215639 0.096547 0.045382 21.670208 -76.642548 523.699524 -11.346565 -77.790962 527.036194 54.686981 -75.494125 520.362793
581 199 597 192 615 194 629 204 613 207 596 206 709 211 724 204 741 205 755 215 740 219 723 217 572 245 25.214216 55.145500 19.171261 -0.372656 -0.022817 0.089138 19.750952 -72.774254 536.135376 -13.315019 -75.801361 535.940979 52.816925 -69.747147 536.329773
578 199 593 192 611 194 625 204 609 207 593 206 707 212 722 205 739 207 753 217 737 220 721 218 767 752 -13.445745 155.239258 32.000660 -0.284247 -0.006736 0.101209 18.536459 -73.345940 542.177551 -14.498832 -76.687325 542.431274 51.571747 -70.004555 541.923828
537 251 549 243 564 242 577 248 564 253 550 254 659 244 673 236 689 236 704 242 690 247 674 247 1161 333 -91.880028 72.233536 24.940405 -0.476798 0.060682 -0.041822 -5.739614 -54.541466 554.648071 -38.855988 -52.734917 556.261108 27.376760 -56.348011 553.035095
600 259 615 252 632 253 647 261 632 264 615 264 733 263 748 256 765 256 780 263 765 268 748 267 488 536 41.981144 112.696434 25.284727 -0.535556 0.052507 0.045226 29.516901 -43.190315 516.070435 -3.610100 -44.164478 518.122864 62.643902 -42.216148 514.018005
559 253 573 245 591 245 606 254 590 258 574 258 692 254 708 245 727 244 744 253 727 258 709 258 1287 74 -116.990898 20.984905 19.826145 -0.507709 0.049406 0.011711 9.699451 -46.732330 509.758850 -23.463480 -46.697037 511.425690 42.862385 -46.767624 508.092010
575 255 591 247 609 248 624 257 608 262 591 261 711 259 727 250 746 250 762 258 746 264 728 263 732 251 -6.598053 56.249020 20.329296 -0.510127 0.052557 0.031876 18.487051 -44.504860 506.922607 -14.656401 -45.081902 508.856049 51.630505 -43.927822 504.989166
575 262 589 255 607 256 621 264 606 268 590 267 709 264 724 257 742 256 757 264 742 269 725 268 605 774 18.770428 159.670166 31.469673 -0.497109 0.050522 0.022988 17.392475 -42.178307 514.141846 -15.762244 -42.501842 515.936157 50.547195 -41.854767 512.347534
571 259 588 250 609 251 625 260 607 264 588 265 710 261 727 253 747 254 765 264 747 269 728 267 571 92 25.378990 24.909971 15.668774 -0.431349 0.053157 0.039292 17.344816 -41.096966 487.831818 -15.788596 -41.985947 489.818329 50.478230 -40.207985 485.845276
569 268 586 259 605 259 621 267 604 271 585 272 707 267 724 260 743 261 760 270 743 274 724 273 1015 732 -62.761288 151.159409 33.126099 -0.509371 0.048760 0.029253 16.115536 -38.587116 496.919128 -17.036762 -39.113091 498.710236 49.267834 -38.061146 495.128021
571 261 586 253 605 254 620 265 604 269 587 269 710 266 726 256 745 255 761 264 744 271 726 271 1038 127 -67.469177 31.586765 19.448387 0.421313 0.014034 0.010657 16.561443 -40.045563 489.849701 -16.638290 -40.485744 490.228577 49.761177 -39.605381 489.470856
576 266 591 259 608 259 624 267 608 271 591 271 711 268 727 260 745 261 760 268 744 273 727 272 164 564 106.409927 118.396301 23.857147 -0.483332 0.048614 0.026498 18.299660 -40.055222 511.354095 -14.855254 -40.518303 513.113892 51.454575 -39.592144 509.594299
606 262 620 256 637 257 651 265 636 268 620 267 738 268 753 261 771 262 786 269 770 273 753 272 762 518 -12.503664 108.998466 26.621771 -0.477639 0.061788 0.059481 32.247116 -41.428802 519.166809 -0.837954 -42.846802 521.601379 65.332184 -40.010807 516.732239
580 256 595 248 613 249 629 259 613 263 595 263 716 261 733 252 752 252 768 261 751 266 733 266 1289 134 -117.375214 32.841148 21.209930 -0.487001 0.042016 0.033981 20.746807 -43.347221 503.418091 -12.410488 -44.097973 505.027344 53.904102 -42.596466 501.808838
612 266 627 258 645 258 660 268 644 272 627 272 743 269 758 260 776 259 790 268 775 274 758 274 105 454 118.116707 96.688278 20.967138 -0.337681 0.034634 0.022535 35.688881 -40.803864 523.021362 2.512144 -41.345490 524.274475 68.865623 -40.262234 521.768250
590 260 605 252 623 252 638 263 622 267 605 267 726 265 742 255 761 256 777 265 761 271 743 270 1142 277 -88.114632 61.176510 23.539549 -0.440907 0.052695 0.041272 25.520151 -41.809814 505.884155 -7.611506 -42.755882 507.873627 58.651806 -40.863747 503.894714
593 264 608 256 626 256 641 265 625 270 608 270 729 268 746 260 764 260 780 269 764 274 746 273 527 516 34.222122 108.723969 25.076572 -0.462660 0.065038 0.047890 26.917900 -39.951557 505.511902 -6.180586 -40.993458 507.954102 60.016388 -38.909657 503.069733
590 263 608 254 627 254 643 263 626 268 607 268 731 265 748 258 767 259 784 270 767 273 748 272 69 306 125.241821 67.458839 17.355574 -0.467117 0.072033 0.056482 26.724754 -39.408161 491.333099 -6.343554 -40.665455 494.065491 59.793060 -38.150867 488.600739
591 266 609 257 628 257 644 265 626 270 608 270 731 268 748 261 768 262 784 272 767 276 749 274 444 469 50.714970 99.478416 23.472996 -0.469167 0.065440 0.054649 27.069540 -38.347279 492.660248 -6.016862 -39.593754 495.169403 60.155941 -37.100807 490.151062
586 266 603 257 623 257 639 266 622 271 603 272 726 269 743 261 763 262 780 273 762 276 744 275 1389 277 -137.226883 61.049599 25.115616 -0.450351 0.048392 0.044707 24.764820 -37.961826 492.012482 -8.369166 -39.039963 493.892944 57.898808 -36.883694 490.131989
594 267 609 260 626 261 641 269 626 273 609 272 729 271 744 264 762 264 777 271 761 276 744 276 4 551 138.220642 115.909431 22.539158 -0.405993 0.059608 0.041634 26.942684 -39.043297 512.658569 -6.175599 -39.990765 514.858887 60.060966 -38.095829 510.458252
591 269 608 261 627 261 643 269 626 273 608 273 731 271 748 265 767 267 784 276 767 279 748 277 125 666 114.187202 138.573700 25.939032 -0.472496 0.066705 0.058322 26.881071 -36.757511 493.115997 -6.195889 -38.107071 495.695343 59.958031 -35.407951 490.536652
589 265 607 255 627 256 644 266 625 271 606 271 731 269 748 260 768 262 786 273 768 277 749 276 142 79 110.676323 22.561319 12.634341 -0.442270 0.063877 0.059689 26.555548 -37.839375 487.913879 -6.524505 -39.293743 490.394714 59.635601 -36.385010 485.433075
587 327 600 320 616 321 630 329 616 332 601 331 710 330 725 322 742 322 756 329 741 333 725 333 763 855 -12.627475 175.596298 34.328724 -0.611665 0.058962 0.031514 21.346882 -10.741783 548.811035 -11.786037 -11.143304 550.957642 54.479797 -10.340261 546.664368
561 335 574 329 588 329 601 335 588 338 574 338 678 335 692 328 708 328 722 334 708 337 693 337 1335 813 -126.370468 167.002304 37.018848 -0.637180 0.015776 -0.005528 5.795454 -7.736052 568.482361 -27.404875 -7.403352 568.914917 38.995781 -8.068752 568.049805
545 326 557 319 570 318 583 323 570 327 558 328 656 318 670 311 686 310 701 315 686 319 671 319 1152 286 -90.100975 62.949963 23.809011 -0.519662 0.092320 -0.051786 -4.978987 -16.009224 583.371155 -38.002090 -13.591153 585.858582 28.044119 -18.427296 580.883789
602 337 615 330 631 331 645 339 631 342 616 342 725 340 740 332 757 332 771 339 756 343 740 343 477 610 44.184803 127.326050 26.905466 -0.627474 0.073766 0.033760 29.084837 -5.445623 545.867249 -4.014311 -5.750144 548.496582 62.183983 -5.141103 543.237915
568 341 580 335 594 335 607 343 594 347 580 346 683 345 698 337 714 337 729 344 714 349 698 349 1131 856 -85.798546 175.604843 36.699722 -0.521000 0.046381 0.028913 9.205650 -3.102975 578.210205 -23.950691 -3.627622 579.925232 42.361992 -2.578329 576.495178
576 315 588 307 602 307 614 315 602 319 588 319 689 316 703 309 720 309 735 317 720 321 704 320 1377 30 -134.895844 12.243329 19.395004 -0.415813 0.122968 0.038541 12.965615 -18.653763 584.690063 -19.967815 -19.057871 588.907349 45.899048 -18.249657 580.472778
596 345 609 338 625 339 638 347 624 350 610 350 716 348 730 341 747 340 761 347 746 352 731 351 816 720 -23.195786 148.890198 31.582109 -0.615325 0.075351 0.036956 25.502150 -1.153410 559.293213 -7.589434 -1.557789 562.003052 58.593735 -0.749030 556.583435
599 337 613 330 630 331 645 340 630 344 614 343 723 340 738 331 756 331 771 338 756 344 739 344 564 359 26.830276 77.678429 21.725157 0.421243 0.030634 -0.000249 27.919298 -5.279119 536.130371 -5.270164 -5.482157 537.119324 61.108761 -5.076080 535.141418
586 326 599 318 615 318 628 328 614 332 599 332 709 329 723 321 741 321 756 330 741 335 724 334 834 37 -26.926868 13.905675 16.090164 -0.476413 0.071151 0.037732 20.895855 -11.145322 553.650330 -12.203352 -11.798120 556.214722 53.995060 -10.492524 551.085999
568 343 580 337 595 337 608 346 595 349 581 349 684 347 698 339 715 339 730 346 715 351 699 351 1187 892 -96.925293 182.690430 37.879662 -0.464980 0.062765 0.025981 9.618046 -1.995674 578.743958 -23.511555 -2.351277 580.949097 42.747646 -1.640072 576.538818
609 339 623 332 640 332 654 341 639 344 623 344 733 341 747 333 764 333 778 340 763 345 748 345 462 499 47.142616 105.397804 24.273363 0.409757 0.041398 -0.000840 32.927513 -4.668880 542.554932 -0.249234 -4.919445 543.896667 66.104263 -4.418316 541.213257
598 338 612 332 628 333 642 342 628 345 612 344 722 345 737 337 755 337 770 345 754 349 737 349 856 528 -31.191931 110.926384 27.450071 0.420729 0.042352 0.030568 27.156599 -3.576336 537.351746 -6.003595 -4.852625 538.505981 60.316795 -2.300047 536.197510
586 333 599 326 615 327 628 336 614 340 599 339 707 339 722 331 740 331 755 340 739 345 723 344 1305 202 -120.541435 46.271172 22.865849 -0.550278 0.052543 0.053018 20.543591 -6.237414 553.444397 -12.571073 -7.440967 555.572815 53.658253 -5.033861 551.315979
596 325 609 317 624 317 637 325 624 329 609 330 710 322 723 314 738 313 751 320 738 326 724 326 88 75 121.412529 21.798580 12.198374 -0.369892 0.013547 -0.032823 24.684988 -14.451517 589.491089 -8.499130 -13.304292 589.731384 57.869106 -15.598742 589.250793
564 335 577 327 593 327 607 335 593 340 578 340 687 333 701 323 719 323 734 330 719 336 703 336 911 281 -42.182846 62.085686 22.156977 -0.512632 0.059333 -0.016950 9.544703 -8.354115 553.111145 -23.598286 -7.322102 554.853821 42.687691 -9.386130 551.368469
584 335 598 327 614 327 628 335 614 339 599 340 708 334 722 325 738 325 753 332 738 337 722 337 320 299 75.332664 65.946526 18.797211 -0.498062 0.060009 -0.005673 20.285139 -8.100703 556.365784 -12.860608 -7.434233 558.229858 53.430885 -8.767173 554.501648
585 337 599 330 615 330 629 338 615 342 599 342 708 337 723 328 740 328 754 336 739 341 724 340 279 372 83.501152 80.393936 20.203672 -0.518486 0.062997 0.003483 20.766829 -6.423853 554.658386 -12.373384 -6.004248 556.685669 53.907040 -6.843459 552.631042
554 322 566 314 581 314 594 322 581 326 567 326 672 324 687 316 704 317 719 325 704 329 687 328 1154 46 -90.552078 15.519847 18.337685 -0.161238 0.129587 0.030285 2.302224 -14.500262 576.132690 -30.609631 -15.152919 580.485107 35.214081 -13.847605 571.780273
580 340 593 332 610 333 624 342 609 346 594 346 704 343 718 334 736 334 751 343 736 348 719 348 600 453 19.693142 96.236328 24.102800 -0.409091 0.076769 0.029388 18.428480 -3.874591 558.171326 -14.665766 -4.308447 560.843811 51.522728 -3.440734 555.498779
579 341 592 333 609 334 623 344 609 348 593 348 704 344 719 335 737 334 752 343 737 349 720 349 662 408 7.355351 87.311516 23.470146 0.328499 0.016192 0.011265 17.692165 -3.298304 536.329468 -15.506246 -3.753144 536.796631 50.890579 -2.843464 535.862366
608 340 621 331 639 330 653 339 639 344 623 345 734 334 748 324 767 322 783 330 767 337 750 338 1083 134 -76.415199 32.946995 19.895477 -0.488209 0.113280 -0.033409 33.454865 -7.041893 544.380798 0.476804 -5.079563 547.720947 66.432930 -9.004224 541.040710
584 350 597 342 613 341 628 348 614 353 599 354 710 342 724 332 742 330 758 336 743 343 726 344 1272 390 -113.938026 83.440910 26.951149 -0.533330 0.093169 -0.062804 20.701258 -2.641683 541.700012 -12.299091 0.146734 544.100281 53.701607 -5.430101 539.299744
585 348 598 339 615 338 630 346 615 352 600 353 712 340 726 330 745 328 761 334 745 342 728 343 1029 108 -65.683891 27.836588 18.956802 0.350969 0.010538 -0.076065 20.942272 -3.514108 526.392883 -12.165687 -1.103104 527.173828 54.050228 -5.925112 525.612000
589 351 602 343 619 342 634 350 620 355 604 356 717 344 731 334 750 332 766 338 750 346 733 347 149 1 109.267113 7.143269 10.896678 0.340538 -0.007570 -0.068220 23.361427 -1.530671 524.963867 -9.765950 0.731648 525.099365 56.488808 -3.792991 524.828369
585 359 598 351 614 350 629 357 615 362 600 363 711 350 725 341 743 339 758 344 744 351 727 353 752 677 -10.479917 140.425369 30.191170 0.363500 0.000653 -0.081024 20.674919 1.736200 531.447388 -12.422148 4.360922 531.951904 53.771988 -0.888522 530.942871
579 358 592 350 609 348 624 356 610 362 594 363 705 349 720 338 738 336 755 342 740 350 722 352 1194 278 -98.453827 61.347412 23.894203 0.347725 -0.001807 -0.089233 17.965492 1.225411 526.293518 -15.108482 4.135473 526.744446 51.039467 -1.684652 525.842590
583 360 596 352 613 351 628 358 614 364 598 365 710 352 724 341 743 339 759 345 744 353 726 354 983 394 -56.473812 84.379883 25.198488 0.344394 -0.004831 -0.080612 20.185707 2.377625 527.686829 -12.911956 5.026205 527.985901 53.283367 -0.270956 527.387817
584 364 597 355 614 354 629 362 614 367 598 368 711 355 725 345 743 343 759 349 744 357 727 358 487 585 42.190887 122.380386 26.398014 0.360742 -0.012870 -0.077284 20.375784 4.268620 525.792786 -12.728269 6.853148 525.832703 53.479836 1.684091 525.752808
581 363 594 354 611 353 627 361 612 367 596 368 708 354 723 343 741 341 758 348 742 356 725 357 1131 325 -85.916756 70.667976 24.566177 0.339951 -0.002214 -0.084427 19.133961 3.775361 523.998718 -13.953634 6.534150 524.398376 52.221558 1.016572 523.599121
586 364 599 356 616 355 631 363 616 368 601 369 714 356 728 346 746 344 763 350 747 357 730 359 196 406 100.012032 87.155708 20.450975 0.352376 -0.017954 -0.072302 21.587786 4.496173 523.349060 -11.525878 6.949273 523.184082 54.701450 2.043073 523.513977
580 366 593 357 610 357 626 365 611 370 595 371 707 358 722 347 741 344 757 350 742 359 724 360 1019 369 -63.637440 79.420860 24.856939 0.338433 -0.001294 -0.087198 18.649094 5.322443 522.948242 -14.430737 8.166442 523.391113 51.728924 2.478446 522.505371
581 367 594 358 612 357 627 365 613 370 596 372 709 357 724 346 743 344 759 350 744 358 726 360 693 166 1.137590 39.471256 18.138163 0.337738 -0.013678 -0.086603 19.459816 5.339028 520.998840 -13.618661 8.232579 521.034546 52.538296 2.445476 520.963135
586 368 599 359 616 358 632 366 617 372 601 373 715 359 729 349 748 347 764 353 749 361 731 362 216 185 95.986130 43.471146 15.528662 0.326269 -0.022734 -0.076369 21.836651 6.284423 519.337952 -11.263741 8.894815 519.007019 54.937042 3.674031 519.668945
581 374 594 367 610 365 625 372 611 377 596 378 708 365 722 355 740 353 756 359 741 365 724 367 1303 828 -120.004402 169.983063 37.157417 -0.559976 0.094560 -0.071517 19.241804 9.516035 539.344299 -13.735944 12.618569 541.668518 52.219551 6.413501 537.020081
577 369 591 360 609 359 624 367 609 373 593 374 706 360 721 348 740 346 757 352 741 361 723 363 1322 24 -123.961258 11.085861 18.906958 -0.490854 0.090219 -0.076462 18.337656 6.595181 533.575256 -14.639848 9.747323 535.835327 51.315163 3.443038 531.315247
583 375 596 368 612 367 627 373 613 378 597 379 710 366 725 357 742 355 758 360 743 367 726 369 114 888 116.423805 182.451263 30.941624 0.340405 -0.027111 -0.077210 19.838121 9.920977 526.074585 -13.256646 12.584340 525.624573 52.932888 7.257612 526.524597
582 373 595 364 613 363 628 371 614 377 597 378 712 364 726 353 745 351 761 357 746 365 728 367 215 329 96.217026 71.929115 18.812733 -0.535709 0.109945 -0.066925 20.638023 8.843850 532.151855 -12.298626 11.908733 535.040283 53.574673 5.778966 529.263367
580 373 594 363 612 362 627 371 613 377 596 378 710 363 725 351 744 349 761 357 745 365 727 366 590 90 21.600679 24.504967 15.744309 -0.525563 0.106303 -0.070935 20.011303 8.478761 530.950989 -12.928905 11.626139 533.707153 52.951511 5.331383 528.194824
580 374 593 365 611 364 627 373 612 378 595 379 709 366 724 355 743 352 759 358 744 367 726 368 1007 350 -61.255650 75.672218 24.346212 0.322416 -0.009088 -0.082994 19.105558 9.229698 517.153442 -13.984591 11.983047 517.297424 52.195705 6.476348 517.009521
594 369 607 360 624 359 640 367 625 373 609 374 721 360 736 349 754 348 770 354 755 362 738 363 178 521 103.616661 109.891396 22.963913 -0.539808 0.116305 -0.061393 26.333214 6.969949 541.685608 -6.591756 9.921026 544.815674 59.258183 4.018872 538.555603
557 222 570 214 585 214 598 221 585 225 571 226 676 218 691 210 708 210 723 217 708 222 692 222 1345 716 -128.380417 147.827911 34.866169 -0.379590 0.107471 -0.003191 4.522341 -69.589577 561.183289 -28.493023 -68.817810 564.640076 37.537704 -70.361343 557.726440
600 225 614 217 631 217 646 226 631 230 615 230 727 226 742 218 759 217 773 226 758 230 742 230 388 435 61.842159 92.788071 22.338757 -0.370080 0.050949 0.016508 29.141068 -63.844421 541.108459 -4.016676 -64.070480 542.861328 62.298813 -63.618362 539.355591
600 223 614 215 631 216 645 224 630 228 615 228 725 224 739 216 756 215 770 223 755 228 740 228 183 362 102.587090 78.467056 19.362608 -0.313083 0.039730 0.010630 28.897781 -65.917816 549.317444 -4.279181 -66.060150 550.669617 62.074745 -65.775490 547.965210
582 225 596 218 613 218 628 227 613 231 597 231 710 228 726 219 744 219 759 227 744 232 727 232 1242 577 -107.931343 120.411491 31.032743 -0.398309 0.058802 0.026462 20.344006 -62.577694 534.417480 -12.792707 -63.049122 536.490051 53.480717 -62.106270 532.344910
593 231 607 223 624 223 638 232 623 236 607 236 721 232 736 224 754 224 768 232 753 237 737 236 112 602 116.757812 125.932625 24.393658 -0.409815 0.073145 0.029120 25.546120 -60.286602 536.618774 -7.557274 -60.735199 539.172913 58.649517 -59.838001 534.064636
587 227 602 219 619 219 634 229 619 233 602 233 716 229 731 220 750 220 765 228 749 233 732 233 522 366 35.182907 79.083359 21.617113 -0.392947 0.062371 0.022662 23.262835 -62.120762 535.397766 -9.869829 -62.451931 537.560242 56.395500 -61.789593 533.235229
592 229 606 221 623 221 637 229 623 233 607 233 719 229 734 221 751 221 766 229 751 234 735 233 433 752 52.965157 155.410873 29.869461 -0.417256 0.063943 0.023941 25.216368 -62.183685 541.803589 -7.912195 -62.518753 544.027466 58.344929 -61.848618 539.579651
592 229 606 221 623 221 638 230 623 234 607 234 719 230 734 222 752 222 766 230 751 234 735 234 422 894 55.183952 183.478729 33.044025 -0.421344 0.065014 0.022557 25.241314 -61.915909 541.924011 -7.886065 -62.194427 544.173157 58.368690 -61.637386 539.674805
593 228 608 220 625 221 639 230 624 234 608 233 722 230 737 222 754 222 769 230 754 235 737 235 324 263 74.529312 58.830109 18.000120 -0.383872 0.064259 0.029281 26.120211 -61.707851 538.463928 -7.002859 -62.251244 540.728149 59.243279 -61.164459 536.199768
584 233 598 225 615 225 630 233 615 238 599 238 712 233 727 224 745 224 760 232 745 237 728 237 1288 482 -117.098907 101.613838 29.155476 -0.410265 0.061886 0.013137 21.331373 -59.890297 537.996887 -11.807939 -59.898560 540.081543 54.470684 -59.882034 535.912292
670 309 681 305 694 306 704 314 693 315 681 314 768 315 778 309 791 308 802 314 790 318 779 318 304 686 78.600182 142.434158 27.538208 0.248477 0.074018 0.024000 70.033066 -24.075914 690.190857 36.928204 -25.167486 692.522461 103.137917 -22.984344 687.859192
579 219 593 212 610 213 624 222 609 226 593 225 707 227 723 219 742 220 757 228 741 233 723 232 1035 164 -66.864433 38.900291 20.274708 -0.400416 0.057432 0.070888 18.586166 -63.539986 530.863098 -14.482388 -65.451729 533.181580 51.654720 -61.628242 528.544556
569 217 582 209 597 209 610 218 597 222 582 222 692 222 707 214 725 215 739 224 724 228 708 227 1273 115 -114.198082 29.094566 20.673679 -0.406531 0.056617 0.057314 11.896887 -67.884911 549.993835 -21.201704 -69.357300 552.201782 44.995476 -66.412529 547.785889
609 224 623 216 640 217 654 225 639 229 623 229 728 226 741 218 758 218 771 226 757 231 742 231 142 295 110.724411 65.247498 17.570021 -0.284939 0.000910 0.013081 33.037479 -67.610428 571.922058 -0.164500 -68.034645 572.013367 66.239456 -67.186211 571.830811
606 226 620 218 636 219 650 227 635 231 620 231 725 229 739 220 755 221 768 229 754 233 739 233 176 417 103.991180 89.339813 20.574713 -0.297542 0.011642 0.019809 31.241074 -66.236504 570.532593 -1.955039 -66.827461 571.010620 64.437187 -65.645554 570.054626
603 224 617 217 633 217 647 226 632 230 617 229 723 228 737 220 753 220 766 228 752 233 737 232 376 324 64.203468 70.858284 19.725796 -0.320651 0.017245 0.028127 29.767111 -66.667793 568.605652 -3.419786 -67.494644 569.316833 62.954006 -65.840950 567.894470
605 222 619 214 636 214 649 224 634 228 619 228 722 226 736 217 752 217 765 226 751 231 736 231 30 18 132.932266 10.563972 10.525815 -0.254951 -0.007662 0.026722 30.604324 -68.657623 577.356323 -2.587729 -69.567467 577.217224 63.796379 -67.747772 577.495483
599 224 613 217 630 218 644 226 629 230 613 230 723 228 737 221 754 221 767 229 753 233 737 233 816 309 -23.287285 67.667892 22.190609 -0.359381 0.023030 0.033718 28.428019 -65.313446 558.414185 -4.749414 -66.272865 559.361328 61.605450 -64.354027 557.467041
598 222 613 215 630 216 645 225 629 229 613 228 723 227 738 219 755 219 769 228 754 233 738 232 1245 37 -108.648064 13.694500 18.712687 -0.365546 0.014312 0.037345 28.435642 -65.555580 554.320251 -4.742913 -66.681953 555.008972 61.614197 -64.429199 553.631531
602 227 616 220 632 221 645 229 631 232 616 232 722 231 735 223 751 224 764 231 750 236 736 235 178 838 103.687233 172.537308 30.207479 -0.340299 0.023366 0.033779 29.256842 -65.435547 572.446716 -3.920236 -66.404625 573.396423 62.433922 -64.466476 571.496948
