639 302 655 298 671 300 686 308 670 310 653 308 773 316 786 311 801 313 814 320 800 323 786 321 24 691 123.127327 151.680298 -0.306805 -0.136886 -0.084089 0.089225 50.474003 -21.857386 533.453491 17.518055 -24.994009 530.879211 83.429947 -18.720762 536.027710
622 290 638 284 655 286 669 295 653 298 637 297 757 304 771 298 787 299 800 308 786 312 771 310 196 209 88.395691 56.327099 -8.482231 -0.179624 -0.053480 0.096369 42.171158 -27.681917 528.407104 9.167272 -31.017107 526.930786 75.175041 -24.346729 529.883484
567 291 581 284 597 285 610 294 596 298 580 297 700 298 714 291 731 292 745 300 730 304 715 304 1060 97 -83.430351 34.339565 -2.790698 -0.207191 0.061862 0.060933 13.578338 -29.601460 529.637146 -19.501823 -31.395844 531.882751 46.658501 -27.807076 527.391541
566 298 580 291 596 293 609 301 594 305 579 304 699 306 713 299 730 299 744 307 729 312 713 311 1139 331 -98.862083 80.664742 2.675299 -0.205462 0.058727 0.062397 12.956161 -25.938971 529.778320 -20.127254 -27.794292 531.924255 46.039577 -24.083647 527.632385
605 301 620 296 637 298 651 307 635 309 619 308 740 317 754 310 771 312 784 320 769 323 754 322 525 560 23.416574 125.858093 1.655946 -0.287172 -0.011841 0.105684 33.286026 -21.794376 527.166626 0.267514 -25.305033 527.279480 66.304535 -18.283720 527.053711
586 291 602 285 618 287 632 296 616 299 601 298 722 304 737 297 754 298 767 307 752 311 737 309 808 165 -33.274029 47.745117 -3.735270 -0.260470 0.018107 0.094069 24.126110 -27.531250 523.559448 -8.927320 -30.537060 524.557129 57.179539 -24.525440 522.561707
629 303 645 299 662 302 676 311 660 312 644 310 764 322 779 317 794 319 807 327 793 330 778 328 292 672 69.847427 147.975204 1.777357 -0.208275 -0.029860 0.136188 45.510601 -19.494490 526.796631 12.626834 -24.072104 526.283936 78.394371 -14.916874 527.309326
616 294 632 288 650 290 663 300 647 302 631 300 752 309 766 303 782 305 795 313 781 317 766 315 317 268 64.417465 68.028137 -6.172865 -0.215309 -0.029134 0.107766 39.194523 -25.267946 525.960022 6.195604 -28.914959 525.385376 72.193443 -21.620932 526.534607
594 291 609 285 626 287 640 296 624 299 608 297 730 302 745 295 761 296 774 305 760 309 745 307 536 32 20.627001 21.368357 -8.934102 -0.232738 -0.006348 0.074736 28.088877 -28.075552 524.311157 -5.023001 -30.556883 524.389832 61.200752 -25.594219 524.232544
571 303 586 297 603 298 616 307 601 310 585 309 707 312 721 304 738 305 752 313 737 318 721 317 922 424 -55.632542 99.025017 2.559377 -0.259014 0.020381 0.060205 16.511827 -22.965002 524.685791 -16.626307 -24.853357 525.611877 49.649963 -21.076647 523.759644
548 309 561 303 577 304 590 313 576 316 561 315 680 316 695 309 711 309 726 316 711 321 695 320 1268 615 -124.172882 136.895264 9.614350 -0.281821 0.035317 0.043180 3.831716 -20.667948 527.341003 -29.321789 -21.917994 528.698303 36.985222 -19.417904 525.983765
589 295 604 289 622 291 635 301 620 303 604 302 726 308 740 301 757 303 770 311 755 315 740 314 595 264 9.167474 67.293625 -3.692849 -0.295178 -0.005133 0.088133 25.696291 -25.337936 522.282043 -7.380146 -28.243261 522.542847 58.772728 -22.432613 522.021301
606 299 621 294 639 296 652 306 637 308 620 306 741 315 756 309 772 310 785 318 771 322 755 320 409 472 46.368019 108.418938 -1.194574 -0.288104 -0.016150 0.107318 33.870384 -22.561687 525.628784 0.859577 -26.145788 525.610229 66.881195 -18.977587 525.647278
612 293 628 288 645 290 658 300 642 302 626 300 747 310 761 304 777 305 790 314 776 317 761 316 245 287 78.747353 71.773476 -6.451421 -0.262013 -0.030754 0.112562 36.873997 -25.267565 527.460449 3.893695 -29.086987 526.939514 69.854301 -21.448145 527.981323
566 308 580 302 597 304 610 313 595 316 580 315 701 319 715 311 732 312 746 320 731 324 715 323 1068 560 -84.490852 125.969604 6.658210 -0.305381 0.014043 0.067659 13.681332 -19.830692 524.133545 -19.444851 -21.970154 524.932495 46.807514 -17.691231 523.334595
620 287 636 282 653 284 667 293 651 295 635 294 755 303 769 297 785 299 797 307 783 310 769 309 95 42 108.275955 23.256805 -12.794226 -0.226659 -0.047159 0.108321 40.998127 -28.653410 528.513123 8.023781 -32.387650 527.369629 73.972473 -24.919170 529.656616
616 305 632 301 649 303 663 312 647 314 631 312 752 322 766 317 782 318 795 326 780 329 765 327 270 721 74.275383 157.667862 2.566879 -0.247320 -0.022391 0.116019 39.290390 -19.370361 528.883362 6.315925 -23.266047 528.622559 72.264854 -15.474674 529.144165
589 312 604 307 620 309 634 318 619 320 603 319 724 326 739 320 755 321 769 329 754 333 739 331 763 868 -23.527763 186.860626 10.085108 -0.345247 0.008274 0.097293 25.221792 -16.591112 524.618835 -7.826419 -19.705906 525.439453 58.270004 -13.476317 523.798218
585 309 600 304 617 306 631 315 615 317 600 315 721 322 736 316 752 317 766 325 751 329 735 327 877 769 -46.295536 167.291794 9.130672 -0.346311 0.006709 0.093065 23.562551 -18.475069 523.689636 -9.499262 -21.461277 524.437012 56.624367 -15.488860 522.942200
531 326 545 320 561 321 574 330 560 333 544 333 666 333 681 325 698 325 713 334 698 339 681 338 1379 318 -146.570831 78.141312 4.623009 -0.121570 0.076185 0.048026 -3.768590 -11.766506 515.333557 -36.839005 -13.201660 517.950378 29.301825 -10.331353 512.716736
557 334 572 327 589 329 602 338 587 341 571 340 695 345 711 338 728 339 742 348 727 352 710 351 1113 619 -93.366005 137.655029 8.267444 0.048417 0.028279 0.078367 9.990406 -6.454202 506.458771 -23.099258 -9.075047 507.333374 43.080070 -3.833357 505.584167
588 333 604 328 621 330 635 339 619 341 603 340 729 347 743 341 760 342 773 350 759 354 743 352 589 651 10.802235 143.880280 4.088176 0.049699 0.000611 0.081832 25.702785 -5.852515 506.323242 -7.390928 -8.566093 506.276031 58.796501 -3.138936 506.370483
575 322 591 315 609 317 623 327 607 330 590 329 716 333 731 325 748 327 762 335 747 340 731 339 647 188 -1.253085 52.263786 -4.752722 -0.232292 0.003366 0.075369 19.752956 -12.399646 508.566650 -13.357827 -14.864544 508.966553 52.863739 -9.934748 508.166748
612 321 629 316 647 318 661 328 645 330 628 328 752 337 767 331 783 333 796 341 781 345 766 343 358 347 56.360073 83.670776 -4.195504 -0.379934 -0.020737 0.107988 37.333435 -10.990644 510.252838 4.326766 -14.612716 510.254425 70.340103 -7.368571 510.251282
529 325 543 318 560 319 573 329 559 333 543 332 665 332 680 324 698 324 712 332 697 338 681 337 1297 213 -130.395462 57.344810 1.741475 -0.380483 0.012053 0.040062 -3.906769 -12.005976 509.335907 -37.082878 -13.228765 509.976440 29.269339 -10.783186 508.695404
547 338 561 332 578 334 591 343 576 346 561 345 683 350 698 342 715 343 729 350 714 355 698 354 1237 719 -117.893532 157.470657 11.434649 0.198958 0.032931 0.062943 4.500908 -4.596575 505.140656 -28.620436 -6.779456 506.018890 37.622250 -2.413694 504.262451
554 336 569 330 585 332 599 341 584 344 568 342 691 347 706 340 723 340 737 348 722 353 706 352 1102 696 -91.092010 152.891190 9.725268 0.232085 0.029823 0.065349 8.075664 -5.614198 504.228180 -25.043903 -7.877176 504.958160 41.195229 -3.351220 503.498169
549 332 564 325 581 327 594 336 579 339 563 338 687 342 702 334 719 335 734 344 718 348 702 347 1251 396 -121.044922 93.551338 5.023247 -0.453070 0.008023 0.067975 6.150489 -7.783652 506.327759 -26.977892 -9.903306 507.087372 39.278870 -5.663999 505.568146
616 335 632 331 649 334 663 343 647 344 630 342 754 354 768 349 784 351 797 358 782 361 767 359 306 684 67.079002 150.352905 2.149314 -0.426789 0.000947 0.132303 38.369732 -3.408086 513.480591 5.450742 -7.649864 514.432983 71.288719 0.833692 512.528198
535 332 549 325 565 327 579 336 564 339 549 338 670 341 686 333 703 334 718 342 702 347 686 346 1293 402 -129.384491 94.747375 5.531656 -0.432641 0.016903 0.060297 -1.354344 -8.198447 511.078766 -34.495083 -10.017953 512.048584 31.786392 -6.378942 510.108948
593 332 609 327 626 329 641 338 624 340 608 339 732 348 747 341 763 342 777 351 762 354 746 353 589 624 10.771368 138.536926 3.541457 -0.461163 -0.008030 0.105272 27.744818 -6.095339 510.964417 -5.278360 -9.522266 511.498718 60.767998 -2.668412 510.430115
557 320 572 313 589 314 603 325 587 328 571 326 696 331 711 323 728 324 742 333 727 337 711 336 899 17 -51.527153 18.474380 -5.893780 -0.441967 0.019679 0.077524 10.158253 -13.410315 507.581116 -22.942125 -15.756819 508.772156 43.258629 -11.063810 506.390106
601 330 618 324 635 327 649 337 633 339 616 337 741 347 755 340 772 342 785 350 770 354 755 352 385 565 51.243725 126.818848 0.467473 -0.440360 -0.006776 0.116163 31.874231 -6.711654 511.574005 -1.109647 -10.485538 512.191406 64.858109 -2.937771 510.956604
551 320 566 314 582 315 596 325 581 328 565 327 688 331 703 323 720 324 735 333 719 338 703 337 1119 57 -95.200821 26.435621 -3.057127 -0.426154 0.023718 0.076118 6.800150 -13.221672 510.852386 -26.300772 -15.505535 512.145630 39.901073 -10.937810 509.559113
551 321 566 314 583 316 596 326 581 329 565 328 687 333 702 324 720 325 734 334 718 339 702 338 1369 29 -144.913971 20.945719 -1.321026 -0.399849 0.020242 0.075132 6.670605 -12.727249 513.270447 -26.435072 -15.021033 514.416016 39.776279 -10.433465 512.124878
581 318 597 311 615 313 629 324 612 326 596 325 721 331 736 324 753 325 766 334 751 338 735 337 538 3 20.196400 15.629623 -9.502893 -0.414371 0.005362 0.091626 22.201056 -13.607978 509.303925 -10.865983 -16.523558 510.097595 55.268097 -10.692398 508.510223
565 329 580 323 597 325 611 335 595 338 579 336 703 343 718 335 735 336 749 345 734 350 718 348 990 453 -69.112656 104.778122 3.773028 -0.434574 0.011029 0.091176 13.938935 -8.030412 511.311279 -19.128130 -10.881034 512.312622 47.006001 -5.179790 510.309875
574 325 589 318 606 320 620 330 604 333 588 331 713 338 728 331 745 332 759 341 744 345 728 344 764 284 -24.394110 71.286362 -1.730998 -0.436123 0.009155 0.093739 18.411335 -10.263825 509.713226 -14.648628 -13.208961 510.674774 51.471298 -7.318689 508.751648
522 344 536 338 551 339 565 347 551 350 535 350 657 350 672 342 689 342 704 350 689 355 673 354 1409 694 -152.102722 152.558441 12.512938 -0.416738 0.010254 0.032609 -7.867187 -3.405905 514.816101 -41.052883 -4.387469 515.369080 25.318508 -2.424341 514.263123
527 349 540 343 555 344 567 352 554 355 540 355 651 356 664 349 680 349 693 357 679 361 665 360 1182 374 -107.358078 89.183334 3.942126 -0.391817 0.018511 0.052918 -10.099616 -0.749801 566.969543 -43.252926 -2.342563 567.908020 23.053694 0.842961 566.031067
584 347 599 343 614 345 627 353 612 355 598 353 707 363 720 358 734 359 746 367 733 369 720 368 59 543 116.002777 122.398064 -2.981202 -0.401106 -0.056232 0.114934 20.704222 1.494785 575.460876 -12.232770 -2.578793 574.402527 53.641216 5.568363 576.519226
520 359 533 353 548 354 560 363 547 366 533 365 643 366 657 359 672 359 685 366 672 371 657 371 1172 669 -105.033592 147.562225 9.823409 -0.368614 -0.002160 0.044130 -13.972037 4.899175 568.830994 -47.144810 3.454216 569.027832 19.200737 6.344134 568.634094
514 345 527 339 542 340 554 349 540 352 526 351 637 352 650 345 666 345 679 353 665 357 650 357 1210 118 -113.215019 38.526302 -0.983631 -0.373369 0.022201 0.049289 -17.505766 -2.666808 569.242004 -50.662636 -4.128897 570.263733 15.651102 -1.204719 568.220276
570 334 585 328 600 330 612 339 598 341 583 340 692 347 705 341 719 343 730 351 717 354 704 352 289 59 69.742828 26.660973 -10.662815 -0.405621 -0.074652 0.097187 12.850919 -6.727188 584.671997 -20.108265 -10.353792 582.911499 45.810104 -3.100584 586.432556
574 344 588 340 604 342 616 350 602 352 587 350 697 359 710 353 724 355 735 362 723 365 709 364 112 312 105.206299 76.693703 -7.170432 -0.357835 -0.074931 0.100658 15.143385 -0.450582 578.407654 -17.803114 -4.153229 576.569641 48.089882 3.252065 580.245667
559 345 574 340 590 341 603 350 588 352 573 351 685 356 698 350 713 351 724 359 711 363 698 361 125 219 102.516563 58.291534 -8.933814 -0.342149 -0.069847 0.073925 8.075703 -1.078736 569.155334 -24.959200 -3.874167 567.300476 41.110607 1.716696 571.010132
497 343 510 335 525 335 537 343 524 348 510 348 621 343 634 335 650 335 663 342 650 347 635 347 1011 22 -73.778587 19.486889 -4.760761 -0.427388 0.018744 0.001934 -26.140375 -6.430571 568.036987 -59.339382 -6.361858 568.654053 7.058633 -6.499284 567.419861
561 358 576 354 592 356 605 364 590 366 575 364 687 373 700 368 714 369 726 377 713 379 699 378 255 845 77.398010 182.204575 4.939550 -0.343727 -0.062311 0.104356 8.917899 7.243412 567.874268 -24.044353 3.502875 566.439758 41.880154 10.983951 569.308777
566 355 581 351 597 353 610 361 595 363 580 361 692 370 705 364 719 366 731 373 718 376 704 374 50 691 117.960487 151.685638 -0.067285 -0.311791 -0.071955 0.098978 11.810883 5.423916 569.526489 -21.147638 1.829464 567.689209 44.769402 9.018368 571.363708
518 367 532 361 548 362 561 371 547 374 532 373 645 375 659 368 675 368 688 376 674 380 659 380 738 860 -18.568796 185.272293 9.692810 -0.379232 -0.032413 0.050578 -13.281675 9.361607 559.901489 -46.427307 7.521564 559.166016 19.863956 11.201650 560.636963
534 353 549 347 565 349 578 358 563 361 548 360 661 364 674 356 690 357 702 365 689 369 674 368 515 443 25.270067 102.701561 -0.805290 -0.341750 -0.051425 0.062437 -4.900434 2.782190 562.820312 -37.997730 0.462537 561.498230 28.196861 5.101842 564.142334
467 373 480 366 495 366 508 374 494 378 480 378 592 372 605 363 622 362 636 369 622 375 607 375 1429 653 -156.124084 144.448578 11.866982 -0.293774 0.007298 -0.023303 -41.075336 9.132030 560.853760 -74.270325 9.929980 560.979736 -7.880353 8.334081 560.727722
545 332 559 326 575 328 587 336 573 339 558 338 667 344 680 338 695 339 707 348 694 351 680 349 566 55 14.691559 25.926252 -8.192011 -0.437569 -0.069211 0.088321 -0.817457 -8.034430 579.881104 -33.816765 -11.362677 578.291138 32.181850 -4.706182 581.471069
430 360 443 352 459 351 473 359 459 364 444 365 562 352 575 342 592 340 606 347 592 354 577 355 940 553 -59.062111 124.558006 5.337297 0.095081 -0.082910 -0.063616 -55.715046 -0.103128 533.526062 -88.738846 2.132866 530.882507 -22.691248 -2.339123 536.169678
506 336 521 329 538 331 551 340 536 343 521 342 635 345 649 338 664 339 677 348 663 352 649 350 299 144 67.852753 43.484653 -8.849542 -0.413733 -0.108914 0.049125 -18.616781 -6.464163 554.517273 -51.588226 -8.782030 551.343811 14.354662 -4.146297 557.690796
514 346 529 340 545 342 559 350 544 353 528 352 643 356 656 349 671 350 683 358 670 361 656 361 236 476 80.751938 109.175018 -2.707302 -0.344199 -0.107713 0.052409 -14.754946 -1.130497 554.801880 -47.724159 -3.441214 551.600098 18.214266 1.180220 558.003601
500 343 515 336 531 338 544 346 530 349 514 348 630 350 644 343 659 344 672 351 658 356 644 355 478 355 32.522274 85.278633 -2.928041 -0.385979 -0.084762 0.037959 -21.623327 -3.734716 552.262878 -54.686810 -5.498366 549.761780 11.440153 -1.971066 554.763916
505 337 520 330 537 332 550 340 535 343 519 343 635 346 648 339 664 340 676 348 663 352 648 351 406 139 46.583511 42.517120 -7.965072 -0.400229 -0.095885 0.052313 -19.095261 -6.166960 553.390564 -52.104820 -8.482663 550.639954 13.914299 -3.851257 556.141235
565 375 579 369 595 371 608 379 593 382 578 381 690 386 702 380 717 381 728 389 716 393 702 391 102 431 107.329582 100.241928 -4.852944 -0.473852 -0.064135 0.079237 10.620542 15.155004 569.993958 -22.415092 12.131001 568.558044 43.656174 18.179008 571.429871
521 389 535 382 551 383 564 392 550 395 535 394 649 395 662 387 678 387 691 395 677 400 662 399 784 597 -28.010782 133.233643 4.791131 -0.431004 -0.022421 0.033591 -11.691787 20.080769 559.742676 -44.869942 18.841930 559.257812 21.486366 21.319605 560.227478
535 388 550 382 565 384 578 392 564 394 549 394 663 396 676 390 691 390 704 397 690 401 676 400 588 700 11.056975 153.577240 5.071156 -0.467606 -0.038240 0.049292 -4.225077 20.526087 559.199829 -37.366463 18.657976 558.352234 28.916309 22.394197 560.047363
566 381 580 377 596 378 609 386 594 388 580 387 692 393 705 387 719 388 731 395 718 399 705 397 28 579 122.204391 129.516159 -2.537825 -0.460110 -0.061307 0.077668 11.435838 18.443773 566.314148 -21.609402 15.499241 564.935242 44.481079 21.388308 567.693054
528 384 542 378 558 379 571 387 557 390 542 390 656 391 669 384 685 385 698 392 684 396 669 396 658 462 -3.125821 106.491058 0.896793 -0.491472 -0.024006 0.044161 -7.924529 18.013531 557.292175 -41.088242 16.414160 556.880188 25.239183 19.612904 557.704163
523 381 537 375 553 376 565 385 551 387 537 387 651 389 664 382 680 383 693 391 679 395 664 394 941 373 -59.466610 88.935944 1.701720 -0.523878 -0.019780 0.057918 -10.617827 16.820601 557.102600 -43.761879 14.817279 556.968018 22.526224 18.823923 557.237183
483 370 498 364 515 365 529 373 513 376 498 375 618 377 633 370 649 371 663 379 648 382 633 381 960 355 -63.262951 85.377617 1.512274 -0.603629 -0.071985 0.031192 -27.116739 9.964072 523.882996 -60.222485 8.291717 521.940674 5.989006 11.636428 525.825256
480 366 495 359 511 360 525 369 510 372 494 371 615 375 629 368 646 369 660 377 645 381 629 379 1292 52 -129.585892 25.481642 -1.564648 -0.564832 -0.068246 0.049384 -28.796442 8.449176 522.980164 -61.886608 6.274310 521.285889 4.293724 10.624041 524.674377
525 306 540 301 557 302 570 310 555 312 540 312 657 316 670 310 685 311 698 318 684 322 670 320 86 446 110.526321 103.207169 -4.696608 -0.317887 -0.060217 0.062690 -8.051258 -21.991301 549.171448 -41.131752 -24.350386 547.535828 25.029236 -19.632214 550.807068
525 310 540 305 556 306 569 313 554 316 539 315 655 319 669 314 684 315 696 322 683 325 669 324 187 782 90.839256 169.722809 3.037440 -0.336269 -0.057856 0.062607 -8.623350 -20.311882 551.022949 -41.708721 -22.669056 549.486206 24.462019 -17.954710 552.559692
530 309 545 304 561 305 575 313 560 315 544 314 661 319 674 313 689 314 702 321 688 324 674 323 86 587 110.687515 131.111282 -1.841522 -0.305259 -0.061281 0.063964 -5.807502 -20.564251 550.973572 -38.883133 -22.960541 549.294312 27.268129 -18.167959 552.652832
502 308 516 302 533 303 546 311 531 314 516 314 633 315 647 309 663 309 677 317 663 321 647 320 913 452 -53.812012 104.564407 3.043434 -0.336922 -0.035150 0.044523 -19.889355 -21.660362 544.684448 -53.041264 -23.304855 543.786499 13.262551 -20.015867 545.582397
532 299 547 292 564 294 577 302 562 305 546 304 662 308 676 301 691 302 703 310 690 314 676 313 128 207 101.906670 55.917332 -9.149163 -0.307484 -0.085677 0.056156 -4.736577 -26.165218 551.558228 -37.768684 -28.430956 549.047058 28.295530 -23.899479 554.069397
511 310 525 304 542 305 555 313 540 316 525 315 643 317 657 311 673 312 686 319 672 323 657 322 857 850 -42.228447 183.317703 10.586582 -0.343203 -0.050380 0.043762 -15.021971 -20.551556 541.335815 -48.153599 -22.259388 539.943604 18.109657 -18.843721 542.727966
490 307 505 300 521 301 535 309 520 312 505 312 625 312 639 304 656 304 670 312 655 316 640 316 982 283 -67.717201 71.133224 0.257028 -0.361899 -0.037018 0.022750 -24.038757 -22.667553 530.011841 -57.212570 -23.626328 528.944885 9.135056 -21.708780 531.078796
499 307 514 301 530 302 544 310 529 313 513 312 633 313 647 306 663 307 677 314 662 319 647 318 893 431 -49.861526 100.404373 2.433963 -0.359257 -0.043003 0.035815 -20.145630 -22.105568 533.910217 -53.299015 -23.522438 532.724854 13.007756 -20.688698 535.095642
511 315 525 309 542 310 556 318 541 321 525 320 644 323 658 316 674 317 687 324 673 328 658 327 513 831 26.111073 179.486938 7.032833 -0.352757 -0.046057 0.044090 -14.655090 -17.752522 537.647461 -47.793133 -19.452217 536.406128 18.482952 -16.052826 538.888733
504 299 519 293 535 293 549 302 534 305 518 305 638 305 652 298 668 299 682 306 667 311 652 310 618 18 4.315585 18.614574 -8.462179 -0.317848 -0.035818 0.036823 -17.757631 -26.223421 535.814880 -50.919010 -27.612503 534.838623 15.403748 -24.834339 536.791138
487 310 500 303 517 304 530 312 516 316 500 315 618 314 632 306 649 306 662 313 648 318 633 318 1431 496 -156.701019 113.378456 8.706340 -0.271338 -0.036643 0.012461 -27.420778 -21.852926 539.707581 -60.600876 -22.425571 538.561768 5.759320 -21.280281 540.853333
496 301 510 295 527 295 540 304 525 307 510 306 630 307 644 300 660 300 674 308 659 312 644 311 1068 10 -85.119606 17.123777 -4.478648 -0.309739 -0.033818 0.033139 -21.858685 -25.268404 533.894165 -55.026581 -26.523346 532.958557 11.309213 -24.013462 534.829773
506 295 520 289 536 290 548 299 534 302 520 301 635 302 649 295 664 295 677 303 664 307 649 307 1128 144 -96.889885 43.654900 -1.212568 -0.363808 -0.014076 0.041649 -18.935122 -28.595892 549.606262 -52.108204 -30.032162 549.398010 14.237961 -27.159622 549.814514
531 291 546 285 562 286 575 295 560 297 545 297 660 301 673 294 689 295 701 303 688 307 673 305 478 179 32.321072 50.447968 -6.491836 -0.389984 -0.047271 0.063009 -5.919122 -30.039524 553.874146 -39.022274 -32.379025 552.748230 27.184029 -27.700022 555.000061
505 312 521 305 539 307 553 318 537 321 520 320 654 324 671 315 689 315 705 325 688 330 671 330 1054 440 -81.845886 102.218552 4.099379 0.147256 -0.004198 0.070693 -10.515652 -15.526300 463.691833 -43.637386 -17.852980 463.380646 22.606083 -13.199620 464.003052
526 292 543 284 562 286 577 296 560 299 542 298 678 304 694 296 712 297 727 307 711 311 694 309 668 130 -5.492605 40.789810 -5.733696 -0.400678 -0.025115 0.073717 -0.469607 -24.526945 468.459686 -33.575119 -27.072054 468.132324 32.635902 -21.981838 468.787079
479 327 494 319 512 321 527 331 511 334 494 333 630 333 646 324 665 324 682 332 665 338 647 338 1065 748 -83.679756 163.174469 10.437354 0.146611 -0.019005 0.038208 -21.396564 -10.578521 459.732880 -54.571201 -11.796113 459.011475 11.778075 -9.360929 460.454315
428 307 442 299 459 299 474 306 459 311 443 311 573 302 589 293 608 292 625 299 609 305 591 305 1390 235 -148.851685 61.717743 3.043691 -0.247252 0.076085 -0.027777 -46.377522 -23.051535 473.906494 -79.474030 -21.829021 476.291107 -13.281014 -24.274048 471.521881
504 323 520 316 539 319 554 330 537 333 520 331 657 337 674 328 693 329 709 338 692 343 674 342 992 833 -69.075691 179.981110 11.486009 0.169096 0.003893 0.073843 -9.477178 -9.827066 452.296417 -42.591469 -12.276002 452.218231 23.637112 -7.378131 452.374634
517 302 534 295 554 297 569 308 551 311 533 310 672 315 688 306 708 307 723 317 706 322 688 321 720 243 -15.697101 63.163361 -2.966540 -0.312672 -0.012480 0.070929 -3.424964 -19.389841 460.535858 -36.544403 -21.769041 460.493561 29.694475 -17.010639 460.578156
529 310 547 304 566 306 583 317 564 319 546 317 685 325 703 318 721 320 737 328 720 332 702 331 614 488 5.647781 111.627464 1.017923 -0.366513 -0.034875 0.086047 2.355879 -15.073443 456.339966 -30.707512 -18.072731 455.726715 35.419270 -12.074157 456.953217
463 323 478 315 495 316 510 325 494 329 478 329 612 325 628 316 647 316 664 323 647 329 629 329 1389 626 -148.205978 139.097031 10.951773 -0.226822 0.024977 0.007163 -29.283077 -13.666368 467.942047 -62.476730 -13.808501 468.791046 3.910575 -13.524235 467.093018
535 312 554 306 574 308 591 317 572 320 553 318 693 325 710 318 729 320 745 328 728 332 710 330 402 562 47.861980 126.228638 0.563335 -0.354972 -0.041120 0.074079 5.588905 -14.751289 454.810547 -27.498045 -17.396492 453.907043 38.675854 -12.106088 455.714050
553 298 572 292 592 294 609 304 590 306 571 305 710 312 726 305 745 306 760 316 743 319 726 318 121 171 103.256584 48.791439 -9.942607 -0.295637 -0.049022 0.079332 13.032750 -20.516104 457.849701 -20.028830 -23.347012 456.634155 46.094330 -17.685196 459.065216
534 312 553 306 574 308 590 318 571 320 552 318 693 327 710 320 729 322 745 331 727 334 709 333 422 540 43.862339 121.878906 0.302106 -0.349785 -0.049070 0.087383 5.446245 -14.286454 454.861603 -27.593653 -17.406210 453.769836 38.486141 -11.166698 455.953400
518 314 535 307 555 310 571 320 553 322 534 321 674 328 691 321 710 322 726 331 709 335 690 334 646 623 -0.557073 138.350739 4.046308 -0.355070 -0.020817 0.085100 -2.640105 -13.775922 458.524994 -35.718903 -16.660431 458.345184 30.438694 -10.891411 458.704803
504 293 521 286 540 287 555 297 538 301 520 300 658 302 675 293 693 293 709 303 693 308 675 307 694 47 -10.754328 24.369326 -7.174831 -0.331522 -0.009856 0.047534 -9.451859 -24.698309 462.902435 -42.617912 -26.301031 462.840454 23.714193 -23.095587 462.964417
425 290 439 283 456 283 471 292 456 296 440 295 574 289 590 280 609 279 626 286 609 292 591 293 1387 753 -147.663345 164.230103 13.504950 -0.325912 -0.026813 -0.028807 -46.079365 -29.192532 469.063812 -79.258690 -28.396860 468.034912 -12.900033 -29.988203 470.092682
425 274 439 266 456 266 471 274 456 279 440 279 573 271 589 262 608 260 625 267 608 274 591 275 1313 417 -133.341843 97.720001 6.019634 -0.293823 0.013492 -0.030231 -46.547291 -37.064491 470.420563 -79.734039 -36.009907 470.715668 -13.360542 -38.119072 470.125458
411 269 424 260 441 259 456 267 442 272 426 273 556 259 572 249 591 247 608 254 592 261 574 262 1378 201 -146.505859 54.986626 2.244684 -0.261828 0.068863 -0.063516 -54.088013 -41.516533 473.597473 -87.148056 -39.137146 475.580353 -21.027973 -43.895920 471.614594
410 298 425 290 442 291 458 300 442 304 426 304 561 298 577 288 597 287 614 294 597 300 579 301 1321 847 -134.440063 182.819290 14.800330 0.107634 -0.014647 -0.009196 -51.460190 -25.287851 461.813782 -84.660042 -24.956970 461.344788 -18.260338 -25.618732 462.282745
528 260 545 254 564 256 579 267 562 270 544 268 678 276 694 268 713 269 727 278 711 283 694 282 340 496 60.107449 113.154404 -1.344249 0.123652 -0.007703 0.085462 0.259319 -37.555607 469.013184 -32.823479 -40.366875 468.583252 33.342117 -34.744343 469.443085
517 266 535 261 555 263 572 273 553 275 534 274 674 281 691 274 709 276 724 284 707 288 690 286 267 623 74.759529 138.272903 0.554857 -0.284178 -0.067187 0.073909 -2.708818 -34.423550 459.627197 -35.749245 -37.155346 457.775940 30.331608 -31.691757 461.478455
420 252 434 244 452 244 467 253 451 258 435 258 568 251 584 241 604 240 621 247 604 254 586 255 1230 27 -117.293541 20.521372 -2.642030 -0.275225 0.049246 -0.012795 -48.541508 -46.176044 468.721954 -81.703621 -45.533154 470.277802 -15.379395 -46.818935 467.166107
481 260 499 253 518 255 534 265 516 268 498 267 641 272 658 264 677 265 692 274 676 279 658 277 752 459 -21.809357 105.916656 1.702000 -0.344507 -0.054473 0.056017 -17.309177 -37.177570 450.609253 -50.413677 -39.307503 449.154938 15.795324 -35.047642 452.063538
530 246 547 240 567 243 582 253 564 256 546 254 686 264 703 257 721 258 736 268 720 272 702 270 669 351 -5.438685 84.526253 -1.249492 -0.396713 -0.034881 0.100201 2.401007 -41.784618 454.788269 -30.619526 -45.245571 454.313080 35.421539 -38.323662 455.263489
489 254 504 247 521 248 536 258 520 262 504 261 638 261 654 252 672 252 689 260 672 266 654 266 1265 226 -124.021408 59.910957 1.709918 -0.305257 0.034010 0.037045 -17.995518 -42.985558 469.798645 -51.158680 -44.025105 471.096252 15.167642 -41.946011 468.501038
486 276 501 269 519 270 534 281 518 284 501 283 637 284 653 275 672 275 689 283 672 289 654 288 1319 703 -134.207230 154.321060 11.866074 0.226943 -0.021796 0.045386 -18.176975 -32.216217 458.596069 -51.339890 -33.627975 457.708588 14.985939 -30.804461 459.483551
519 276 535 269 554 272 569 284 552 286 534 284 672 292 689 283 708 283 724 293 707 298 689 297 1027 812 -76.055061 175.832367 11.383213 0.293700 0.002343 0.083613 -3.101502 -29.397205 449.658325 -36.191055 -32.141930 449.330353 29.988052 -26.652483 449.986298
519 274 535 267 554 270 569 281 552 284 534 282 673 290 689 281 709 282 724 291 707 296 689 295 1005 748 -71.756287 163.162155 9.884618 0.289165 0.006263 0.085361 -3.024390 -30.175350 449.365662 -36.108498 -32.996819 449.163757 30.059717 -27.353880 449.567535
503 253 519 246 537 248 552 259 536 262 519 261 654 265 671 256 690 256 707 265 689 271 671 270 1279 209 -126.822983 56.549507 1.494659 -0.302238 0.026952 0.067555 -10.619488 -41.362785 462.269928 -43.737179 -43.435814 463.486786 22.498203 -39.289757 461.053070
513 264 529 257 547 260 562 271 545 274 528 272 666 280 682 271 702 272 717 281 700 286 682 285 1108 563 -92.436401 126.571526 7.087448 0.240396 -0.015909 0.091131 -5.979839 -34.751465 452.011475 -39.043354 -37.680954 451.127350 27.083675 -31.821972 452.895630
524 255 542 247 561 248 578 258 560 262 542 261 684 261 700 251 720 251 736 261 719 266 701 266 633 156 1.492477 45.928062 -5.529656 -0.391907 0.001270 0.029875 0.990266 -40.963539 449.195740 -32.199894 -41.922035 449.428741 34.180424 -40.005047 448.962738
494 277 509 271 527 272 542 282 526 285 509 284 647 286 663 278 682 277 699 285 682 291 664 291 1303 746 -130.978485 162.827545 12.589376 0.261619 -0.014680 0.047860 -14.170009 -30.886505 451.218140 -47.333462 -32.393562 450.529785 18.993444 -29.379450 451.906464
494 314 509 308 527 309 541 318 525 321 509 320 637 322 652 314 670 315 684 323 669 327 652 326 839 296 -39.284733 73.676582 -0.797092 -0.468406 -0.030968 0.039207 -18.208073 -16.602171 492.620667 -51.372204 -18.092821 491.929291 14.956059 -15.111521 493.312042
514 309 531 303 549 304 565 313 548 315 530 315 659 319 674 313 691 314 706 322 690 325 674 324 522 274 23.685797 69.257645 -4.162857 -0.468421 -0.065051 0.057349 -7.906017 -18.107286 490.958221 -40.988316 -20.436747 489.316650 25.176279 -15.777824 492.599823
477 325 492 318 509 319 523 329 508 332 492 332 618 331 633 322 651 322 665 330 650 335 634 335 1050 559 -80.914948 125.768005 6.472140 0.219118 -0.049743 0.034950 -26.711855 -12.323212 493.210754 -59.855572 -13.293550 491.446655 6.431862 -11.352874 494.974884
469 306 483 299 499 300 513 310 498 313 483 313 607 313 621 304 639 304 654 312 638 317 622 317 1283 11 -127.844238 17.365831 -2.477761 -0.405163 0.005820 0.033771 -32.422455 -21.400745 505.574646 -65.608040 -22.452852 505.986694 0.763129 -20.348639 505.162628
495 326 512 319 530 320 545 329 528 332 511 331 640 333 656 326 673 326 688 334 672 338 656 338 694 621 -10.098138 137.964783 4.447999 -0.480357 -0.057299 0.034082 -16.625832 -11.159208 489.984161 -49.758286 -12.695144 488.421783 16.506622 -9.623274 491.546539
481 324 496 318 513 319 527 328 512 331 496 330 623 332 638 324 656 324 671 332 655 337 639 336 1145 508 -99.852081 115.694542 6.314616 -0.446308 -0.031914 0.034756 -24.628614 -12.029716 494.473236 -57.797077 -13.377963 493.701965 8.539850 -10.681467 495.244476
502 321 518 315 537 316 552 324 535 327 518 326 647 329 662 322 680 323 694 331 679 334 662 333 573 507 13.817208 115.379173 1.024947 -0.466385 -0.065408 0.038823 -13.497998 -13.177733 490.362823 -46.608532 -14.916522 488.565948 19.612535 -11.438944 492.159698
469 327 484 321 501 322 516 332 500 335 484 334 611 336 627 328 645 329 661 337 644 342 627 341 1044 566 -79.714600 127.152084 6.558609 -0.479536 -0.047826 0.039860 -29.722029 -10.075501 492.330627 -62.863731 -11.721464 491.114960 3.419676 -8.429539 493.546295
499 309 515 302 533 303 548 312 532 315 515 314 643 318 659 311 676 312 691 320 675 324 659 323 680 235 -7.757265 61.571934 -3.497022 -0.470937 -0.062857 0.049574 -15.067384 -18.479015 489.735596 -48.167809 -20.545399 488.107178 18.033039 -16.412630 491.363983
497 331 513 324 531 326 547 336 530 338 513 337 642 341 658 333 676 334 691 342 674 347 658 346 637 724 1.346909 158.336945 6.008530 -0.469295 -0.061244 0.049803 -15.725780 -7.976875 487.923462 -48.829079 -10.037084 486.346527 17.377518 -5.916667 489.500397
537 334 552 328 570 330 584 339 568 341 552 340 676 345 691 339 707 339 721 347 706 351 690 350 2 876 127.710754 188.287567 3.236559 -0.374673 -0.016763 0.072299 0.537846 -6.436069 507.871307 -32.576626 -8.881794 507.772430 33.652317 -3.990345 507.970184
485 328 501 321 519 323 534 332 517 335 501 334 630 338 646 330 664 331 680 339 663 344 646 343 887 630 -48.441685 139.785538 6.408207 -0.468633 -0.056230 0.047868 -21.101572 -9.360064 487.057861 -54.217537 -11.319908 485.625519 12.014390 -7.400219 488.490204
489 310 504 303 522 305 537 315 520 318 504 317 633 321 648 313 666 313 681 322 665 327 648 326 863 84 -44.296478 31.726389 -4.868750 -0.448640 -0.046185 0.054460 -20.065756 -17.464626 489.922577 -53.187359 -19.549526 488.839935 13.055850 -15.379727 491.005219
495 329 511 322 529 324 545 332 528 335 511 334 641 338 656 331 674 331 689 339 673 343 656 342 619 756 4.960533 164.666092 6.490671 -0.487420 -0.060485 0.044114 -16.479227 -9.388201 488.097046 -49.592861 -11.273971 486.518860 16.634409 -7.502432 489.675232
458 321 473 314 490 315 503 324 488 328 473 327 599 327 615 319 632 319 648 327 632 332 615 331 1385 310 -147.772324 76.559326 4.516292 -0.389558 -0.024353 0.026266 -35.653717 -14.147966 496.752045 -68.837502 -15.153568 496.131592 -2.469935 -13.142365 497.372498
466 324 481 317 498 319 512 328 497 331 481 330 608 332 624 324 642 324 657 332 641 337 624 336 1232 531 -117.114822 120.264137 7.581807 -0.423149 -0.032185 0.036554 -31.406069 -12.108657 494.588867 -64.572090 -13.508764 493.805145 1.759953 -10.708550 495.372620
537 329 553 324 570 326 585 334 569 337 552 335 675 341 690 335 706 336 720 343 705 347 690 346 78 880 112.612267 189.094772 4.017687 -0.369639 -0.040865 0.072736 0.621648 -8.489950 511.060486 -32.468983 -11.095546 510.176880 33.712276 -5.884355 511.944092
457 327 472 320 488 321 503 330 488 334 472 333 598 331 614 322 631 322 647 329 631 335 614 335 1184 513 -107.596626 116.692055 6.775138 -0.412321 -0.028396 0.003087 -36.073257 -12.003736 496.745422 -69.264717 -12.294992 495.849976 -2.881798 -11.712479 497.640839
451 321 465 315 482 316 495 324 481 327 465 327 591 326 606 318 624 318 639 325 624 330 607 330 1423 356 -155.271271 85.670601 5.797805 -0.439031 -0.027328 0.010922 -39.427265 -14.441847 497.316193 -72.617928 -14.988923 496.516113 -6.236600 -13.894771 498.116302
544 323 559 317 575 319 588 327 573 330 558 329 672 333 685 327 700 327 712 334 699 338 685 338 242 526 79.616753 119.071320 -1.639587 -0.382788 -0.060613 0.059369 0.591575 -13.353927 558.273193 -32.495247 -15.655455 556.684204 33.678394 -11.052399 559.862183
556 310 570 305 586 306 598 315 584 317 569 316 678 322 692 316 707 317 720 324 706 328 692 327 282 113 71.195633 37.346214 -9.633863 -0.332748 -0.061769 0.075015 5.551106 -20.243465 577.777832 -27.498501 -23.022562 576.177917 38.600712 -17.464369 579.377747
544 313 559 307 575 308 588 317 573 320 558 319 671 324 684 317 700 318 712 326 698 330 684 329 411 182 45.639046 51.027912 -7.048311 -0.401007 -0.056271 0.070074 0.401509 -18.488749 562.508057 -32.671085 -21.119999 561.151733 33.474102 -15.857499 563.864380
533 323 547 317 564 319 577 328 562 330 546 329 660 334 673 328 689 328 701 337 688 340 673 339 706 464 -12.662313 106.896721 1.379480 -0.412123 -0.058458 0.070333 -5.521847 -12.816133 558.473999 -38.589844 -15.476863 557.064148 27.546152 -10.155403 559.883789
528 320 542 314 558 315 571 324 557 327 542 326 655 330 669 323 684 324 697 332 683 336 669 335 729 352 -17.361013 84.736473 -0.676507 -0.416274 -0.052808 0.059608 -8.049926 -14.952653 558.520386 -41.151016 -17.232723 557.224731 25.051165 -12.672583 559.816040
551 312 565 306 582 308 594 317 579 320 564 318 678 325 691 319 706 320 718 328 705 331 691 330 382 163 51.380337 47.261826 -7.700195 -0.399484 -0.064534 0.083672 3.838150 -18.281397 562.547913 -29.183910 -21.403271 561.012634 36.860210 -15.159523 564.083191
459 336 472 330 487 331 500 338 487 342 472 341 585 339 599 331 615 331 629 337 615 342 600 342 1136 693 -97.852074 152.304474 9.977739 -0.378032 -0.047957 -0.006673 -44.686756 -9.082208 557.782288 -77.853111 -9.163324 556.186768 -11.520396 -9.001091 559.377808
474 318 487 311 502 312 515 321 501 324 487 323 599 323 613 316 629 316 643 323 629 328 613 328 1262 27 -123.652725 20.527943 -2.347237 -0.348460 -0.021003 0.028478 -37.353432 -17.788067 560.291321 -70.537666 -18.834726 559.771179 -4.169194 -16.741407 560.811462
470 338 483 332 498 333 511 341 497 344 483 343 596 343 610 336 626 336 640 342 626 347 611 347 1283 709 -127.046288 155.501083 11.655925 0.186902 -0.041739 0.036267 -38.544487 -7.284931 550.373779 -71.698700 -8.352459 548.884399 -5.390275 -6.217404 551.863159
503 327 518 320 534 322 547 331 532 334 517 333 631 336 645 329 661 329 674 337 660 341 645 341 778 395 -27.049358 93.256302 0.645594 -0.408139 -0.050286 0.051298 -20.495047 -11.618518 553.419800 -53.615406 -13.609426 552.140076 12.625313 -9.627610 554.699524
552 323 567 318 583 320 596 329 581 330 566 329 679 337 693 331 707 332 719 340 706 343 692 342 133 410 101.145119 96.092361 -4.992589 -0.382952 -0.077128 0.094405 4.572827 -12.032812 562.438782 -28.388559 -15.567618 560.538330 37.534214 -8.498005 564.339233
534 313 548 308 564 309 577 318 562 321 547 320 659 325 673 318 689 319 701 327 687 331 673 330 226 28 82.227036 20.513088 -11.870902 -0.345112 -0.071709 0.069846 -5.419959 -18.041794 565.350952 -38.460186 -20.717899 563.416687 27.620268 -15.365687 567.285217
548 318 562 312 578 314 590 323 576 326 561 324 670 331 684 324 699 325 711 333 698 337 683 336 94 286 108.753616 71.544571 -7.862723 -0.299563 -0.063309 0.082447 1.092178 -15.593904 578.722473 -31.934736 -18.598120 577.062012 34.119091 -12.589688 580.382935
491 318 505 312 520 313 533 321 519 325 504 324 618 326 632 318 649 319 662 326 648 331 633 330 1009 103 -73.288536 35.516499 -3.139030 -0.385767 -0.026855 0.043784 -27.205500 -16.755825 553.395020 -60.367062 -18.343079 552.802612 5.956063 -15.168570 553.987488
551 319 566 314 582 317 595 326 580 327 564 325 678 336 691 331 706 332 718 341 705 343 691 342 227 413 82.468437 96.705376 -4.065889 -0.396565 -0.082622 0.116455 3.903052 -12.827482 559.763184 -28.968248 -17.116856 557.855652 36.774353 -8.538109 561.670654
535 321 550 316 567 318 579 327 564 329 549 327 664 336 678 330 693 332 705 340 692 343 677 342 504 374 27.377157 89.044098 -2.303794 -0.428251 -0.071173 0.100047 -3.654684 -12.313651 554.963501 -36.613327 -16.024620 553.377258 29.303961 -8.602683 556.549744
461 335 473 329 488 330 501 338 487 341 473 340 585 341 599 334 615 334 629 340 615 345 600 344 1404 587 -151.231430 131.381943 10.300252 -0.331496 -0.028012 0.027582 -44.531315 -8.702801 559.803833 -77.710709 -9.754470 559.041260 -11.351923 -7.651131 560.566406
551 332 567 327 583 330 596 339 581 340 565 338 679 349 693 343 707 345 719 353 706 355 692 354 210 659 86.127983 145.385651 0.758715 -0.376713 -0.075434 0.113303 4.478739 -6.160851 558.952148 -28.422558 -10.288769 557.213074 37.380035 -2.032935 560.691284
526 333 541 328 557 330 570 339 555 342 540 340 654 347 668 340 683 341 696 349 682 353 668 352 412 646 45.970760 142.854416 2.356359 0.221118 -0.001325 0.086906 -8.507099 -6.612348 546.960876 -41.587082 -9.466123 546.599731 24.572882 -3.758573 547.322021
469 322 482 316 497 317 510 325 496 329 482 328 594 329 608 321 625 321 639 329 624 333 609 333 1405 52 -152.041763 25.504847 -0.523661 -0.321351 -0.020551 0.034322 -39.592960 -15.069048 557.590393 -72.771439 -16.297586 557.101379 -6.414487 -13.840508 558.079407
628 340 644 335 662 337 677 347 660 349 643 348 772 354 787 348 804 349 818 357 803 361 787 360 405 210 46.863403 56.567921 -6.536617 -0.508701 0.039767 0.099523 44.675373 -2.467956 495.414612 11.657004 -5.297385 497.498169 77.693741 0.361473 493.331055
556 367 573 360 591 362 606 371 589 375 572 374 708 376 723 369 741 369 755 377 740 382 723 382 465 707 35.508095 154.937286 4.079789 -0.435309 -0.002511 0.055461 12.705911 8.148279 474.307159 -20.448545 6.347392 474.620880 45.860367 9.949167 473.993469
552 345 568 338 586 340 601 350 585 354 567 353 702 355 718 348 736 349 752 358 735 363 718 362 737 91 -19.249182 33.085823 -5.887754 -0.383274 0.012160 0.065245 10.418526 -1.270312 474.197662 -22.714075 -3.306138 475.001282 43.551125 0.765513 473.394043
515 362 530 354 547 354 560 363 545 367 529 368 654 363 669 354 687 354 703 363 687 369 670 368 1091 55 -89.638824 26.034067 -3.355568 -0.390590 0.060836 0.017051 -9.744391 3.888400 503.659821 -42.883793 3.726257 505.736725 23.395010 4.050543 501.582947
622 351 639 346 656 349 671 358 654 360 637 358 765 369 780 364 797 365 810 373 795 377 779 375 87 349 110.216713 84.010925 -6.651532 -0.201466 -0.066098 0.111354 42.273087 3.823693 499.034912 9.345346 -0.058590 497.231750 75.200829 7.705976 500.838074
521 359 536 351 553 351 567 360 551 365 535 365 662 362 677 353 696 353 712 362 696 368 678 367 1143 79 -99.945061 30.794382 -2.390558 -0.370031 0.066726 0.030110 -6.230304 2.767390 496.083038 -39.347195 2.196205 498.429291 26.886587 3.338575 493.736816
550 358 565 352 583 353 597 362 581 366 564 365 696 369 711 361 729 363 744 371 728 376 711 374 680 334 -7.644089 81.164185 -1.492388 -0.393337 0.001503 0.068105 8.543923 4.763855 487.434845 -24.584862 2.571698 487.922302 41.672710 6.956013 486.947418
534 357 549 349 567 350 581 360 565 364 549 364 679 363 695 355 713 356 729 364 713 370 695 369 875 185 -46.565708 51.716904 -2.713071 -0.365893 0.031597 0.043906 1.115693 2.886442 486.899170 -32.041092 1.651346 488.188263 34.272476 4.121538 485.610046
550 357 566 350 584 351 599 360 582 364 565 363 697 367 713 359 731 361 746 370 730 374 713 373 708 291 -13.257533 72.660172 -2.105144 -0.401091 -0.002397 0.067990 9.076268 3.977128 484.505310 -24.052757 1.765562 484.874451 42.205296 6.188693 484.136169
583 375 599 370 617 372 632 381 615 384 598 383 731 388 746 381 762 382 776 390 761 395 746 394 23 836 123.491814 180.375809 2.620064 -0.307697 -0.017081 0.076967 24.276899 13.359838 488.984406 -8.825583 10.760391 488.816620 57.379383 15.959284 489.152191
512 377 526 369 543 370 557 379 542 383 526 383 656 380 672 372 690 371 706 379 690 385 673 385 1429 732 -156.033783 160.082794 13.466640 -0.328586 0.044152 0.018924 -9.561646 10.957506 487.275940 -42.728500 10.579267 488.817474 23.605207 11.335747 485.734406
527 370 542 363 559 364 573 373 558 378 541 377 673 378 689 369 707 369 723 378 707 384 689 383 1168 380 -104.569077 90.367867 3.934647 0.096275 0.009681 0.051126 -2.119478 9.049034 476.420715 -35.279381 7.339319 476.659912 31.040428 10.758749 476.181549
520 369 535 361 552 362 566 372 550 376 534 375 666 375 682 366 700 366 716 375 700 380 682 380 1312 477 -133.074524 109.593887 7.225351 0.109096 0.007540 0.040528 -5.251849 7.959426 475.683807 -38.428478 6.603095 475.860291 27.924782 9.315759 475.507355
549 362 565 355 583 357 597 367 581 371 564 369 697 375 713 367 732 369 747 378 730 383 713 382 969 465 -64.925720 107.148628 3.822556 -0.368054 0.030471 0.089348 8.651057 7.104603 479.530487 -24.407576 4.392667 481.057526 41.709690 9.816538 478.003479
556 348 572 341 591 342 605 352 589 356 571 355 705 360 721 353 739 354 754 364 738 368 721 366 579 113 12.174444 37.407207 -6.897819 -0.332757 0.005710 0.083265 12.244061 0.409813 479.511139 -20.846235 -2.269824 480.152557 45.334358 3.089449 478.869751
536 367 551 360 568 362 582 372 567 376 550 375 683 378 698 370 717 370 732 379 716 384 699 383 1100 600 -90.804306 133.892242 7.762956 0.118773 0.013971 0.066417 2.085906 8.575197 473.193695 -31.042549 6.349207 473.525391 35.214359 10.801187 472.862000
532 360 547 353 565 354 579 364 563 368 547 367 679 369 695 361 713 362 729 370 712 376 695 375 1172 388 -105.354828 91.951904 4.133487 0.106704 0.017898 0.059858 0.441676 5.001635 473.853485 -32.698414 2.987448 474.340363 33.581768 7.015822 473.366608
590 363 607 358 625 360 639 370 622 373 606 371 738 380 753 374 770 375 783 384 768 388 753 387 456 810 37.414364 175.319305 6.082508 -0.336267 -0.022819 0.105206 27.579332 9.070072 487.813599 -5.435066 5.522780 487.652832 60.593731 12.617365 487.974365
587 352 603 346 622 348 636 358 619 361 602 360 736 366 751 359 767 360 781 369 766 373 750 372 176 436 92.629684 101.246635 -4.069992 -0.224580 -0.046635 0.079487 26.252375 2.932796 485.052460 -6.812125 0.146261 483.814026 59.316875 5.719331 486.290894
582 368 599 362 617 365 632 374 615 377 598 376 733 382 748 375 765 376 779 384 764 389 748 388 353 835 57.911572 180.245682 5.639865 -0.337479 -0.010129 0.080642 24.301836 10.045542 480.456451 -8.794401 7.365098 480.574127 57.398075 12.725986 480.338745
474 376 493 370 513 372 529 383 511 387 492 385 641 392 658 384 676 385 692 394 675 400 657 399 477 448 32.827316 103.683266 -1.054112 -0.419923 -0.104622 0.067760 -18.001812 13.165880 437.666840 -50.952766 10.269367 434.767822 14.949145 16.062393 440.565857
481 382 500 377 520 379 536 390 517 392 499 390 646 399 662 391 680 392 695 401 679 406 662 405 196 570 88.808380 127.769539 -1.172403 -0.388748 -0.110571 0.072874 -15.902470 15.975230 443.565277 -48.820202 12.919253 440.459900 17.015265 19.031206 446.670654
459 379 477 371 498 374 514 385 495 388 476 387 625 392 642 383 661 384 676 393 660 399 642 398 484 322 31.292202 78.749115 -3.540979 -0.391895 -0.116458 0.051875 -24.493910 13.337302 439.415253 -57.432671 10.916094 435.989563 8.444854 15.758511 442.840942
455 373 473 365 494 367 510 379 491 383 472 381 621 386 638 376 658 377 673 387 656 393 638 392 594 246 9.345620 63.731190 -4.066540 -0.389224 -0.122661 0.049280 -25.850170 10.888846 437.174194 -58.768932 8.516672 433.528992 7.068591 13.261021 440.819397
373 381 389 371 409 371 425 381 408 387 390 387 536 376 552 365 573 363 592 371 574 379 554 380 1182 251 -107.498688 64.841454 1.451520 0.084856 -0.085015 -0.019356 -60.601608 9.199629 436.086060 -93.680359 9.960383 433.297333 -27.522854 8.438875 438.874756
509 387 527 381 546 383 561 394 544 397 525 395 665 404 681 396 699 398 714 407 698 412 680 411 150 558 97.935989 125.385277 -1.839153 -0.044492 -0.087653 0.092951 -6.523879 18.976698 456.179901 -39.458107 15.835039 453.346832 26.410349 22.118357 459.012970
390 399 407 390 427 392 443 404 425 409 407 408 558 405 576 394 597 393 614 403 596 411 577 411 1063 614 -83.435493 136.655258 7.705585 0.114268 -0.051592 0.029685 -50.269459 19.099363 419.470245 -83.415535 18.214157 417.705597 -17.123388 19.984570 421.234863
501 391 520 386 540 389 556 399 537 402 518 399 666 408 682 401 700 402 714 411 699 416 682 415 152 658 97.652863 145.175842 0.204155 0.051578 -0.056940 0.084771 -7.291822 19.722023 435.343994 -40.323689 16.962059 433.384888 25.740044 22.481987 437.303070
400 387 417 378 437 379 453 391 435 396 417 395 566 393 583 382 604 382 621 391 604 399 584 399 1139 455 -98.720329 105.204529 5.186154 0.111606 -0.050264 0.034702 -47.463707 14.446482 425.369202 -80.606667 13.390342 423.640472 -14.320750 15.502623 427.097931
417 377 434 368 455 370 471 382 453 387 434 386 584 387 601 376 623 376 640 387 622 394 602 393 1024 169 -76.193954 48.581081 -1.664423 0.112233 -0.040742 0.054718 -40.036015 11.436930 421.875122 -73.163673 9.701043 420.424377 -6.908360 13.172817 423.325867
520 387 536 380 555 383 570 393 553 397 535 395 674 404 690 396 708 397 723 405 707 411 690 410 26 540 122.557259 121.797585 -3.345954 -0.107526 -0.086966 0.083077 -2.290162 18.715376 456.264252 -35.255344 15.813853 453.537079 30.675020 21.616898 458.991455
396 377 412 368 432 368 448 379 431 385 412 384 561 381 578 370 599 369 617 379 599 386 579 386 1076 290 -86.389305 72.537842 1.264723 0.088159 -0.055406 0.026173 -49.803162 9.768663 428.301361 -82.945694 8.982269 426.426880 -16.660627 10.555058 430.175873
458 394 477 387 497 389 514 401 495 404 476 403 626 408 643 399 663 399 678 409 661 415 643 414 533 628 21.904514 139.317032 3.106565 0.133670 -0.022415 0.064348 -23.579321 19.481798 424.870209 -56.707191 17.402781 423.986176 9.548550 21.560818 425.754242
434 391 452 383 472 385 489 396 471 400 452 399 603 400 620 391 640 391 656 399 639 406 620 406 716 503 -14.604974 114.616928 2.261307 0.139839 -0.039590 0.045541 -32.807137 16.724426 421.573242 -65.951614 15.309834 420.158234 0.337338 18.139021 422.988281
503 387 523 380 544 383 561 395 541 397 522 395 670 407 688 399 708 400 724 411 706 415 688 413 32 581 121.411781 129.912781 -2.460478 0.127631 0.066026 0.082334 -5.289268 18.181623 421.916534 -38.309582 15.320635 423.924835 27.731045 21.042612 419.908234
478 377 498 370 519 372 535 383 516 387 496 385 645 390 662 381 680 381 696 391 679 397 662 396 74 1 112.402298 15.138532 -13.817885 0.069375 -0.016786 0.050082 -15.750266 12.671956 430.714844 -48.908787 11.030416 430.100525 17.408257 14.313496 431.329163
386 411 402 402 422 404 439 416 421 420 403 419 554 417 572 406 593 405 610 414 592 422 573 422 1292 770 -128.765076 167.574921 12.974014 0.176144 -0.047005 0.028881 -51.550087 23.630085 417.149689 -84.704514 22.813614 415.513519 -18.395660 24.446558 418.785858
393 408 409 399 429 401 445 413 428 417 409 416 561 416 578 404 599 404 617 413 599 420 580 421 1334 736 -137.150375 160.854889 12.672469 0.172034 -0.037425 0.035701 -48.960999 22.724388 417.267700 -82.121513 21.651905 415.929993 -15.800481 23.796873 418.605408
395 396 412 387 432 389 448 401 430 405 412 404 563 404 581 393 602 393 619 402 601 409 582 409 1349 462 -140.444473 106.632965 7.262473 0.131298 -0.030730 0.037028 -48.136391 18.112270 417.887329 -81.302826 16.953651 416.789673 -14.969956 19.270889 418.984955
439 411 457 404 478 406 495 418 476 422 457 420 609 425 627 415 648 415 665 424 646 431 627 430 817 857 -34.271461 184.694809 10.359833 0.215054 -0.034058 0.065284 -29.702196 25.452211 414.347534 -62.817379 23.424166 412.994263 3.412986 27.480257 415.700806
511 196 528 187 548 188 564 199 546 203 528 203 672 202 689 193 709 193 725 203 708 209 689 208 903 53 -52.280895 25.599657 -5.127973 -0.162412 -0.013523 0.028913 -4.103120 -65.452896 444.974823 -37.291058 -66.444969 444.605652 29.084816 -64.460831 445.344025
529 290 546 282 565 284 580 294 563 297 545 297 685 298 701 290 720 291 735 300 719 305 701 304 720 93 -15.868579 33.478134 -6.003865 -0.267253 -0.026993 0.043858 1.853698 -25.983164 461.226196 -31.307356 -27.540564 460.534332 35.014751 -24.425766 461.918060
526 324 544 317 564 318 581 324 563 330 544 330 684 329 701 324 721 325 738 334 720 338 701 336 691 767 -9.335058 166.857788 7.376692 -0.313460 0.013185 0.049799 1.786947 -12.332613 470.743134 -31.374176 -13.890464 471.430603 34.948071 -10.774763 470.055664
517 285 533 276 553 277 568 288 551 292 533 291 672 293 689 284 708 285 725 295 707 300 689 299 856 135 -42.847103 41.817928 -3.900545 -0.296256 -0.007736 0.046413 -3.342080 -28.187576 458.005951 -36.510410 -29.743481 457.979492 29.826250 -26.631670 458.032379
522 294 539 286 559 287 574 298 557 302 539 301 679 303 696 295 715 295 731 305 714 310 696 309 762 295 -23.984085 73.462868 -1.526686 -0.288135 -0.019105 0.049368 -0.587112 -23.763920 457.009705 -33.745735 -25.470568 456.618835 32.571510 -22.057270 457.400574
566 295 584 288 604 290 619 301 601 304 583 302 723 308 738 301 755 302 770 311 754 316 738 314 204 501 87.139702 114.115982 -2.495874 -0.219334 -0.091259 0.064800 18.412613 -22.548059 463.573303 -14.585268 -25.008696 460.808380 51.410492 -20.087425 466.338226
565 312 583 306 601 308 617 318 600 320 582 319 721 323 736 316 753 317 767 325 752 329 736 328 126 835 103.022041 180.199066 3.548679 -0.150268 -0.061664 0.052437 17.696114 -15.781178 466.079590 -15.400182 -17.667364 464.172485 50.792412 -13.894992 467.986694
509 298 525 290 544 291 560 302 543 306 525 305 665 306 682 297 701 297 717 306 701 312 682 311 908 324 -52.964714 79.231995 0.405522 -0.242471 -0.018629 0.035703 -6.540600 -22.700535 456.791809 -39.718624 -23.948759 456.322418 26.637423 -21.452309 457.261169
576 300 594 295 614 296 630 306 611 309 593 307 734 312 749 305 765 307 779 315 764 319 748 318 70 584 113.863678 130.514282 -2.049665 -0.164702 -0.105556 0.052942 22.970003 -20.490469 462.436462 -10.004081 -22.524057 459.099701 55.944084 -18.456881 465.773224
569 300 587 294 606 296 621 305 604 308 586 307 724 311 739 304 756 305 770 313 755 317 739 317 54 565 117.021545 126.750870 -2.581789 -0.147007 -0.108375 0.048634 19.304209 -20.930958 464.452240 -13.667033 -22.799976 460.993408 52.275452 -19.061939 467.911072
515 290 532 282 551 284 566 294 549 299 531 298 671 300 688 291 707 291 723 301 706 306 688 306 797 156 -31.098347 45.961742 -4.018844 -0.232720 -0.010803 0.048073 -3.997141 -25.525055 457.564117 -37.161839 -27.147844 457.393646 29.167555 -23.902267 457.734589
500 305 516 298 534 299 549 309 533 314 515 313 655 313 671 304 690 304 706 313 690 319 672 319 1145 473 -99.892097 108.767990 5.605906 0.128566 0.014122 0.036503 -11.024523 -19.085527 451.215088 -44.203941 -20.324045 451.604797 22.154896 -17.847010 450.825409
520 317 537 309 556 311 571 322 554 326 536 325 678 328 695 318 714 318 730 328 713 334 695 334 802 725 -31.441496 158.568726 7.548803 0.164779 0.006410 0.051198 -1.388037 -13.098882 444.002289 -34.548759 -14.807963 444.074371 31.772684 -11.389799 443.930206
484 326 499 318 517 319 531 329 516 333 499 333 640 331 656 321 675 320 691 328 675 334 657 335 1237 811 -117.788353 175.677582 13.297541 0.165083 0.009922 0.015288 -17.705723 -11.149404 446.874420 -50.905033 -11.681841 447.160553 15.493587 -10.616967 446.588287
484 324 499 318 516 319 531 328 515 331 499 331 640 329 655 320 674 319 690 326 674 332 656 333 1323 863 -134.819214 185.986130 15.142735 0.141161 0.013069 0.011407 -18.053885 -11.981616 449.342316 -51.253712 -12.389676 449.748138 15.145941 -11.573556 448.936523
533 303 550 295 570 295 586 305 568 310 550 310 693 307 709 297 728 298 743 307 727 312 710 312 442 450 39.784962 104.071884 -1.336044 -0.276052 -0.053227 0.006414 4.728889 -21.328104 453.646057 -28.428518 -21.780630 451.931061 37.886295 -20.875580 455.361053
536 308 554 301 573 302 589 312 572 316 553 315 697 314 712 305 730 305 745 313 730 319 713 319 355 584 57.227184 130.572815 0.575832 -0.221914 -0.056175 0.012096 6.133469 -18.872841 455.056946 -27.016764 -19.477022 453.252350 39.283703 -18.268658 456.861572
556 294 574 287 594 289 610 298 592 301 574 301 714 302 729 295 747 295 761 304 746 308 730 308 158 332 96.087830 80.661179 -6.341691 -0.205893 -0.102613 0.029490 14.412026 -24.204117 460.284027 -18.604383 -25.523750 457.007629 47.428436 -22.884483 463.560455
535 301 552 294 571 295 587 305 570 309 551 308 694 308 709 299 728 299 743 308 727 314 710 313 441 414 39.942532 96.947220 -2.074214 0.129217 -0.007991 0.024137 5.082576 -21.073696 449.790466 -28.111521 -21.855742 449.474182 38.276672 -20.291651 450.106750
481 308 495 301 513 301 528 311 512 315 495 315 635 311 651 302 670 301 687 309 670 315 652 316 1207 398 -112.298759 93.938103 4.658405 0.089929 0.016557 0.014261 -19.845106 -19.403929 452.561157 -53.041996 -19.901476 453.088867 13.351786 -18.906384 452.033447
517 326 530 317 546 317 560 326 546 331 530 331 655 324 669 315 687 314 702 322 687 328 671 328 1421 111 -155.153900 37.184322 0.818416 -0.219637 0.093381 -0.006995 -9.630551 -14.498607 501.988159 -42.690468 -13.929656 505.034088 23.429365 -15.067558 498.942200
588 316 604 310 622 310 637 319 620 322 604 322 734 324 749 317 766 318 781 325 766 330 749 329 135 127 100.424141 40.086647 -10.704584 -0.358862 -0.023005 0.044759 26.363787 -15.719322 488.120911 -6.799437 -17.308783 487.637390 59.527012 -14.129861 488.604431
560 321 576 313 594 314 609 323 593 328 576 327 706 327 721 318 739 319 754 328 739 333 722 332 586 140 10.814239 42.751987 -6.286614 -0.326693 -0.014367 0.034843 13.566359 -13.878739 488.181732 -19.615084 -15.092186 487.900513 46.747799 -12.665292 488.462921
560 328 575 320 594 321 608 330 592 334 575 333 707 333 722 326 739 327 754 335 739 340 722 339 542 286 19.725023 71.636574 -3.735625 -0.327775 -0.019141 0.037984 13.428291 -10.742946 487.411133 -19.746758 -12.084558 486.991913 46.603340 -9.401333 487.830383
549 332 565 324 583 325 598 334 582 339 565 338 697 337 712 329 730 329 745 339 730 344 713 343 731 370 -17.737886 88.299110 -0.293604 -0.339103 -0.008154 0.031688 8.840946 -8.855184 485.388428 -24.346264 -9.932620 485.299561 42.028156 -7.777747 485.477264
533 334 548 325 566 326 581 335 565 340 548 340 679 336 694 327 713 327 728 336 713 342 695 341 864 301 -44.247128 74.671219 -0.465541 -0.322065 0.010179 0.014672 1.058919 -9.036115 487.066559 -32.140644 -9.460942 487.476501 34.258484 -8.611287 486.656616
556 347 572 340 590 341 604 350 588 354 572 353 704 353 719 345 736 345 751 353 736 358 719 358 461 660 36.249264 145.635101 3.091244 -0.305263 -0.002461 0.031900 11.874206 -2.012585 486.627228 -21.313745 -3.067650 486.707214 45.062157 -0.957520 486.547241
548 355 564 347 582 348 596 358 580 362 563 361 696 361 711 352 729 352 744 360 729 366 712 366 602 828 8.421160 178.911514 7.791978 -0.343128 -0.000765 0.029917 8.236005 1.629547 483.647980 -24.954084 0.651374 483.791840 41.426094 2.607720 483.504120
509 333 522 324 538 325 552 333 538 339 522 339 648 331 662 322 681 321 696 328 681 335 664 336 1266 152 -124.304726 45.266453 0.220716 -0.168671 0.102892 -0.011918 -12.939388 -10.972034 494.760864 -45.966660 -10.291700 498.121826 20.087883 -11.652369 491.399902
556 334 572 326 590 326 605 336 589 341 571 341 704 337 718 328 736 328 751 337 736 343 719 342 491 347 29.929710 83.698090 -2.970272 -0.289133 -0.022078 0.009187 11.897691 -8.697419 486.207001 -21.297695 -9.103461 485.527924 45.093075 -8.291376 486.886078
627 288 645 283 664 285 680 295 662 298 644 296 786 303 801 296 818 297 832 306 817 310 800 309 57 253 116.068703 65.006218 -8.871788 -0.257735 -0.046594 0.075531 44.590916 -24.569473 456.419525 11.516055 -27.244661 455.212646 77.665779 -21.894285 457.626373
458 346 471 338 488 337 503 345 488 351 473 351 606 336 620 325 639 322 656 328 640 336 623 338 1332 646 -136.855820 143.043350 10.831650 -0.255287 0.029883 -0.090818 -32.154663 -7.166657 467.751068 -65.208649 -4.062404 468.348541 0.899328 -10.270911 467.153564
586 312 604 306 623 308 638 318 620 321 602 319 740 328 755 321 772 322 786 331 771 335 755 334 311 315 65.663544 77.328278 -5.276443 -0.322023 -0.055082 0.088307 26.535324 -14.470728 468.880951 -6.491359 -17.638987 467.554321 59.562008 -11.302471 470.207611
600 312 618 306 638 309 654 319 635 322 617 320 755 327 770 320 787 321 801 330 786 334 770 333 16 337 124.312431 81.621529 -7.548590 -0.244072 -0.052112 0.080219 33.221111 -14.721010 469.519348 0.167353 -17.564226 468.131927 66.274864 -11.877794 470.906738
550 347 567 341 585 344 600 355 583 358 566 356 705 362 721 353 739 353 754 362 738 368 721 367 732 841 -17.398169 181.510925 9.252809 0.170724 0.029118 0.063634 10.344931 0.705044 451.901276 -22.778809 -1.478245 452.682800 43.468670 2.888332 451.119751
507 341 522 333 539 334 554 344 539 348 522 347 661 344 676 334 695 334 711 341 695 348 677 348 1136 520 -98.049843 118.067513 6.474691 0.122024 0.015043 0.006136 -8.723706 -5.391296 453.291779 -41.924145 -5.624966 453.777618 24.476730 -5.157627 452.805969
569 315 586 308 606 310 621 320 604 324 586 322 724 326 740 318 758 319 772 328 757 333 740 332 497 220 28.592178 58.565830 -5.486600 -0.303822 -0.045829 0.056987 19.327267 -14.313896 464.661896 -13.789480 -16.404779 463.449921 52.444016 -12.223014 465.873871
593 343 611 338 630 341 645 350 628 352 610 351 749 357 764 350 781 350 795 358 780 363 764 362 102 827 107.782288 178.610931 3.165594 0.071283 -0.018702 0.063094 29.777267 -1.313716 461.322479 -3.355703 -3.383350 460.627838 62.910236 0.755918 462.017120
565 308 581 299 601 300 616 310 599 314 581 314 716 313 731 305 749 306 763 315 748 320 732 319 261 122 75.379135 39.123016 -9.645082 -0.318037 -0.051070 0.029658 16.680408 -19.505005 474.667145 -16.467003 -20.740019 473.156036 49.827820 -18.269991 476.178253
519 400 537 393 558 396 574 409 555 412 536 410 686 418 703 408 724 408 739 418 722 425 703 424 666 676 -4.470975 148.843628 5.303741 0.204959 -0.004935 0.083797 0.630824 22.334129 416.836792 -32.457481 19.591089 416.390259 33.719131 25.077169 417.283295
580 395 597 389 616 391 631 403 614 406 596 403 734 412 750 404 769 405 783 414 767 420 750 419 101 682 107.815247 149.915009 0.220301 -0.021927 -0.022463 0.096226 23.419052 22.186150 456.044647 -9.623792 18.988253 455.335022 56.461895 25.384047 456.754242
474 410 490 402 510 404 525 417 508 420 489 419 637 423 655 412 675 412 692 422 674 429 655 429 1152 821 -100.885338 177.639145 12.716987 0.176434 -0.022523 0.066321 -18.572155 25.333496 423.332489 -51.695766 23.210312 422.395416 14.551455 27.456678 424.269531
473 381 490 373 509 374 524 387 507 391 489 389 635 392 653 382 673 382 691 392 672 399 653 398 1195 358 -109.959793 86.019585 3.737904 0.114605 -0.025672 0.064971 -19.326668 13.471350 428.241486 -52.450577 11.369255 427.268188 13.797243 15.573445 429.214783
562 365 581 359 600 362 616 372 598 375 579 373 720 381 736 374 754 375 768 383 753 388 736 387 89 331 109.798683 80.449112 -6.997587 -0.321163 -0.071262 0.079121 16.937073 8.837303 457.681580 -16.081285 5.883596 455.778107 49.955429 11.791010 459.585083
533 366 551 358 571 361 587 372 569 376 550 375 696 379 712 370 730 370 745 380 729 386 712 385 324 188 62.934940 52.197453 -7.728286 -0.391834 -0.039832 0.061384 5.151023 8.114468 445.389801 -27.966063 5.874053 444.496002 38.268108 10.354882 446.283600
446 411 461 402 480 402 495 413 479 418 462 418 605 410 621 399 641 397 658 405 642 413 623 414 1178 796 -106.080757 172.696945 12.450284 0.133454 -0.054979 -0.010625 -31.926147 22.838846 438.215424 -65.078995 23.312033 436.419739 1.226698 22.365658 440.011139
473 395 489 386 509 387 524 399 507 404 489 403 635 401 652 390 672 389 689 399 672 406 653 406 1120 581 -94.800522 130.136215 7.562474 0.143194 -0.033769 0.031033 -19.489046 17.842136 429.916626 -52.659004 16.895695 428.725922 13.680912 18.788576 431.107361
473 388 489 379 508 381 524 393 507 398 489 397 635 396 651 384 671 384 688 394 671 401 652 401 1178 286 -106.663780 71.767181 2.123380 0.118694 -0.026134 0.034123 -19.802492 15.535738 431.353271 -52.976673 14.457117 430.420654 13.371692 16.614359 432.285889
518 392 535 385 556 388 571 400 553 403 534 401 681 408 698 398 717 398 733 408 716 415 698 414 618 626 5.010643 138.938690 3.849111 0.168240 -0.012051 0.074444 -0.931567 19.212948 429.924377 -34.042229 16.788599 429.319122 32.179092 21.637297 430.529602
540 369 558 362 578 364 594 375 575 379 557 377 701 382 717 374 735 375 749 384 734 390 716 389 163 214 94.959312 57.309830 -8.684992 -0.337131 -0.052895 0.067978 7.670484 9.647110 450.196350 -25.412395 7.142098 448.851898 40.753365 12.152122 451.540833
442 409 456 401 474 401 489 411 473 415 457 415 598 410 615 400 634 399 652 407 634 413 616 414 1430 860 -156.086182 185.414398 16.067701 0.066126 -0.010718 0.001220 -35.075653 22.833397 444.115814 -68.278534 22.804665 443.758850 -1.872773 22.862129 444.472778
534 366 553 359 573 361 589 372 570 376 551 375 696 379 712 370 731 371 745 380 730 386 712 385 272 257 73.347496 65.841980 -6.810154 -0.369150 -0.059340 0.056535 5.726510 8.293286 449.554993 -27.368101 6.101107 447.973633 38.821121 10.485466 451.136353
503 381 520 373 540 375 556 387 538 392 519 390 666 393 683 383 703 383 719 393 702 400 683 399 718 457 -15.055010 105.513870 1.348285 0.155209 -0.019605 0.058863 -7.034696 13.817455 431.104431 -40.175751 11.922398 430.305176 26.106359 15.712513 431.903717
462 410 478 400 498 402 514 414 497 419 478 418 624 415 641 403 661 402 679 412 661 420 642 420 1079 737 -86.474472 161.000427 10.343589 0.149558 -0.036325 0.023377 -23.889805 23.652733 430.819183 -57.063702 22.969662 429.559937 9.284090 24.335802 432.078430
524 374 542 366 562 369 578 381 559 385 541 383 685 387 702 378 721 378 736 388 720 395 702 394 580 356 12.253515 85.497482 -1.968140 0.125839 0.002423 0.061262 1.190241 11.533725 437.975006 -31.952267 9.501110 437.927429 34.332748 13.566339 438.022614
483 397 500 389 520 391 536 403 518 407 500 406 647 407 664 396 684 396 701 405 684 413 665 413 852 616 -41.502331 137.007736 5.802294 0.161217 -0.031061 0.048805 -14.666389 19.652822 427.852661 -47.815777 18.123104 426.696014 18.482996 21.182539 429.009308
494 398 510 391 530 393 545 405 528 408 510 407 655 411 672 401 691 401 707 410 690 417 672 416 854 767 -41.727158 166.891266 8.878292 0.156191 -0.017186 0.062406 -11.462460 21.071762 433.710663 -44.597878 19.053909 432.981262 21.672958 23.089613 434.440033
589 388 606 384 624 386 638 396 622 399 604 397 737 407 752 400 770 401 784 409 768 414 752 413 53 747 117.428329 162.768738 1.094286 -0.067935 -0.101202 0.107281 26.718048 20.695475 473.014343 -6.126439 17.034985 469.789429 59.562534 24.355965 476.239258
535 366 553 358 573 360 588 372 570 376 552 375 696 379 712 369 730 370 745 380 729 386 712 385 239 77 79.699631 30.212931 -10.758949 0.075895 -0.008315 0.059570 5.641423 8.195449 443.457733 -27.503374 6.231010 443.107056 38.786221 10.159888 443.808411
494 348 508 342 525 342 538 350 523 353 508 353 626 351 639 345 653 345 666 351 653 356 639 356 11 467 125.454674 107.347694 -4.962303 -0.306827 -0.139071 0.000630 -24.197104 -2.446588 547.628052 -57.083836 -3.168889 543.100220 8.689627 -1.724287 552.155823
415 368 429 360 446 360 460 368 445 372 430 373 548 365 561 356 577 355 590 363 577 368 562 369 546 657 19.354248 145.058853 3.813541 -0.403944 -0.115459 -0.052206 -64.491203 5.799247 546.953430 -97.433403 6.718600 542.888184 -31.549004 4.879894 551.018616
431 338 445 331 461 332 474 341 459 345 444 345 562 345 576 337 593 338 606 347 592 352 576 351 881 22 -47.944397 19.460192 -5.958357 -0.350573 -0.086614 0.035932 -57.049881 -6.287586 549.418762 -90.110298 -7.953309 546.812317 -23.989458 -4.621863 552.025208
443 354 458 347 474 349 488 358 473 362 457 361 575 363 589 355 606 356 619 364 605 369 589 368 692 566 -9.763564 127.079796 3.315889 -0.338353 -0.102938 0.041894 -49.984142 2.680592 546.854797 -82.986053 0.746568 543.741455 -16.982231 4.614614 549.968201
407 369 420 362 436 363 448 371 435 375 420 375 537 372 551 363 568 363 582 370 567 376 552 376 1278 885 -125.851463 190.330719 15.173657 0.065564 -0.075751 0.025235 -69.486603 8.246516 544.710999 -102.585670 7.492479 542.172729 -36.387539 9.000553 547.249268
457 359 472 353 489 354 502 364 487 367 471 366 591 369 604 362 621 362 634 370 620 375 604 374 636 747 1.571927 162.888474 6.465040 -0.310518 -0.104271 0.051324 -42.172981 5.509584 543.647400 -75.155602 3.303792 540.510376 -9.190360 7.715376 546.784424
441 356 455 349 471 351 484 361 470 365 454 364 574 365 588 357 604 357 618 365 603 371 588 371 771 559 -25.470804 125.710709 3.901917 0.161238 -0.079809 0.065908 -49.857277 3.681630 531.976990 -82.884766 1.719515 529.167236 -16.829790 5.643746 534.786743
428 349 441 341 457 342 470 351 456 355 441 355 557 354 571 345 588 345 602 354 587 359 572 359 1164 105 -104.088554 35.944134 -1.670631 -0.247600 -0.012283 0.029997 -59.516594 -1.533745 550.480347 -92.704056 -2.569692 550.199402 -26.329134 -0.497798 550.761292
485 345 499 338 516 340 529 349 514 352 499 351 614 355 628 348 644 348 657 356 643 361 628 360 348 213 58.194130 57.149921 -7.000970 0.087859 0.024096 0.064587 -29.557869 -1.735196 547.456360 -62.683868 -3.910457 548.160706 3.568129 0.440065 546.752014
457 366 472 360 488 361 502 370 487 374 471 373 590 374 604 366 621 366 634 374 620 379 604 379 605 875 7.878716 188.213501 8.771311 -0.333097 -0.076469 0.035320 -42.238029 8.395200 542.929260 -75.326202 6.826614 540.633240 -9.149856 9.963785 545.225342
471 347 486 340 502 341 516 350 501 354 485 353 603 354 616 346 632 347 645 355 631 359 617 359 383 365 51.412537 87.238136 -3.600718 -0.351206 -0.112647 0.026937 -35.894791 -1.637422 549.071167 -68.879410 -3.160991 545.570679 -2.910173 -0.113853 552.571655
411 354 424 345 439 345 453 353 439 359 424 359 540 350 554 340 571 339 585 347 571 353 555 354 1208 58 -112.886162 26.651800 -2.216986 -0.242873 0.008079 -0.039796 -67.983116 -1.953853 548.392822 -101.160690 -0.613339 548.498718 -34.805546 -3.294367 548.286926
502 351 517 346 533 348 547 356 531 359 516 357 634 363 648 358 662 359 674 366 661 370 647 369 226 653 82.941528 144.201523 0.784619 -0.320709 -0.124440 0.072345 -19.919033 2.284684 547.050598 -52.783386 -0.724142 543.384399 12.945320 5.293511 550.716736
453 347 468 339 485 340 498 350 483 354 467 354 587 352 601 343 618 343 632 352 617 358 602 357 723 211 -16.329857 56.831127 -3.586866 -0.306166 -0.068422 0.018753 -43.721668 -2.548050 540.882080 -76.843605 -3.505494 538.741943 -10.599734 -1.590606 543.022217
401 364 413 355 428 354 441 362 428 367 414 368 528 357 541 347 558 346 573 353 559 359 543 360 1386 339 -147.937897 82.298676 5.112720 -0.222316 0.043241 -0.054699 -74.149734 2.046158 548.582153 -107.274200 4.004921 549.804016 -41.025276 0.087396 547.360291
436 346 449 338 466 338 479 347 465 352 449 352 567 348 581 339 598 339 612 348 598 354 582 354 1004 22 -72.387512 19.485451 -4.825247 0.134239 -0.095932 0.031673 -53.104740 -3.667060 536.163330 -86.140511 -4.500515 532.922485 -20.068975 -2.833605 539.404175
474 366 489 360 506 361 519 370 504 373 488 372 608 374 621 366 637 367 650 374 636 379 621 378 240 847 80.381165 182.597290 4.841864 -0.328699 -0.108752 0.032074 -33.465359 8.269168 542.081970 -66.458878 6.637954 538.716492 -0.471842 9.900383 545.447510
475 395 493 388 514 390 531 403 512 406 492 404 646 408 664 397 685 397 703 407 684 414 665 413 676 396 -6.778313 93.433258 -0.273809 0.101537 -0.013041 0.050714 -15.264286 18.792820 408.148438 -48.423626 17.134480 407.630981 17.895052 20.451162 408.665924
456 377 473 368 494 370 510 383 492 388 473 386 623 388 640 376 661 376 678 387 660 394 640 394 1031 119 -77.642189 38.687443 -2.612379 0.067124 -0.014824 0.047542 -24.510929 11.501623 419.799133 -57.674591 9.941354 419.254517 8.652735 13.061892 420.343750
525 397 543 391 563 394 579 405 561 407 542 405 687 412 704 404 724 404 740 412 723 418 704 417 312 572 65.758621 128.189163 -0.063281 0.048331 0.023245 0.056756 2.020754 21.397392 434.144135 -31.121639 19.496084 434.869659 35.163147 23.298700 433.418579
811 405 826 394 844 391 859 397 843 403 827 406 941 391 957 382 977 381 994 390 977 394 959 394 139 774 100.368889 168.129745 2.433260 -0.606170 0.345732 -0.009346 138.531235 21.246193 539.426147 107.233063 24.872377 549.906311 169.829422 17.620007 528.945923
522 382 539 376 559 378 575 390 557 393 538 391 686 399 703 390 723 390 739 400 721 406 703 405 502 284 27.671719 71.232552 -4.144614 0.013624 0.003680 0.074920 0.914285 15.667209 428.460236 -32.197159 13.181067 428.565369 34.025726 18.153351 428.355103
542 364 559 358 579 360 594 372 577 375 558 373 702 380 718 371 738 372 753 380 737 387 718 386 172 2 92.928436 15.356559 -12.894834 0.008795 0.046972 0.061572 8.390548 8.303730 439.251068 -24.714743 6.254453 440.800201 41.495838 10.353007 437.701935
567 378 582 373 598 375 612 382 597 385 582 384 712 384 726 378 742 377 756 382 741 388 726 388 202 84 87.060440 31.590643 -10.958061 0.319183 0.139191 -0.013917 15.469940 12.745148 493.159180 -17.413273 12.467797 497.761017 48.353153 13.022498 488.557312
525 339 539 331 557 331 571 341 556 346 540 346 672 341 687 332 705 331 721 340 705 347 688 347 1046 294 -80.422997 73.323288 1.069351 0.077183 0.012777 0.007590 -2.881336 -6.423569 477.590515 -36.082485 -6.691715 478.004608 30.319813 -6.155423 477.176422
537 297 550 288 567 289 581 298 566 303 551 303 675 297 690 287 708 287 723 295 708 302 691 302 1179 235 -106.920807 61.674412 1.099902 -0.103294 0.082491 0.000557 0.062411 -28.065634 507.995911 -33.029587 -27.942810 510.727966 33.154408 -28.188459 505.263824
551 303 565 296 583 297 597 307 582 311 565 311 696 310 712 301 730 301 745 309 729 316 712 315 973 711 -65.439400 155.833221 8.840618 0.078664 0.044943 0.035748 8.501245 -21.524529 481.427734 -24.648859 -22.768305 482.871063 41.651352 -20.280752 479.984406
569 304 584 297 602 298 616 309 600 313 584 312 715 313 730 303 749 303 763 312 748 319 731 318 614 667 5.852412 147.051834 4.642464 0.110462 0.009085 0.044210 17.120478 -20.519722 480.458069 -16.050554 -22.000877 480.678040 50.291512 -19.038567 480.238098
570 303 585 295 603 296 616 306 601 311 585 310 709 309 723 301 740 301 753 309 739 315 724 315 356 307 56.711796 75.754303 -5.023882 0.110860 0.004280 0.027416 16.721571 -23.207668 513.016968 -16.470472 -24.123911 513.108337 49.913616 -22.291424 512.925598
539 320 552 312 569 312 583 321 568 326 553 326 677 319 690 310 708 309 722 317 708 324 692 324 901 762 -51.072926 165.911407 9.210025 0.079111 0.011849 -0.010631 0.703827 -17.121128 509.683777 -32.496780 -16.784061 510.090729 33.904434 -17.458195 509.276825
517 321 530 314 546 313 559 321 545 326 531 327 654 318 667 310 684 309 700 315 685 322 669 322 1317 726 -133.783493 158.872391 12.313372 -0.044271 0.078978 -0.023752 -10.469064 -17.488070 513.075073 -43.561035 -16.642521 515.676270 22.622908 -18.333616 510.473877
524 315 537 307 553 308 567 316 553 321 538 321 661 315 675 306 692 305 707 313 693 319 676 319 1350 567 -140.523163 127.412827 9.397813 -0.028192 0.080706 -0.003791 -6.831918 -19.434828 511.161560 -39.928417 -19.271351 513.836365 26.264582 -19.598307 508.486755
538 308 551 300 568 301 582 310 567 315 552 315 676 311 690 301 708 301 723 309 708 316 691 316 1043 387 -79.720505 91.727509 2.924855 0.099514 0.014917 0.013903 0.459220 -21.738014 505.629517 -32.738697 -22.223484 506.101044 33.657135 -21.252542 505.157990
588 286 603 279 620 280 633 290 618 294 602 293 723 295 737 287 753 288 766 296 752 301 737 301 177 19 91.954247 18.721910 -12.504542 -0.166269 -0.068461 0.044189 25.134090 -31.840538 531.302246 -7.960805 -33.487888 529.163574 58.228985 -30.193184 533.440857
538 319 551 312 568 312 582 321 567 326 552 325 677 321 691 312 708 312 723 319 708 326 692 326 919 733 -54.683121 160.175964 8.788630 0.113945 -0.003768 0.008581 0.586717 -16.500307 504.400269 -32.616638 -16.777498 504.259216 33.790073 -16.223116 504.541321
597 286 613 279 631 281 644 291 628 294 612 293 736 300 749 293 765 295 778 304 764 308 749 306 255 80 76.523468 30.809921 -10.550806 -0.291865 -0.073074 0.087498 30.176756 -29.599838 522.607971 -2.814054 -32.809097 520.641602 63.167568 -26.390581 524.574341
536 320 549 312 566 313 579 322 565 326 550 326 675 321 689 311 706 311 721 318 706 325 690 325 929 721 -56.684086 157.803207 8.637767 0.129412 -0.009124 -0.001822 -0.431523 -16.580210 503.924713 -33.634899 -16.500299 503.626495 32.771854 -16.660120 504.222900
572 296 587 288 604 289 618 299 602 303 586 303 711 303 725 295 742 295 755 304 741 310 725 309 524 189 23.191177 52.436428 -5.865582 -0.251261 -0.006282 0.048525 17.602411 -26.751650 518.424072 -15.562869 -28.371441 518.419067 50.767693 -25.131861 518.429016
546 318 560 310 577 310 591 320 576 324 560 324 686 321 700 312 718 311 732 319 717 325 701 325 864 684 -43.809288 150.467499 7.289762 0.148036 -0.012903 0.017412 4.903085 -16.817570 501.349335 -28.293945 -17.361927 500.879791 38.100117 -16.273211 501.818878
538 307 552 299 568 300 582 309 567 314 552 314 677 311 691 301 709 301 724 309 709 316 692 316 1082 287 -87.585083 71.945366 1.259251 0.142967 -0.009924 0.023635 0.733411 -21.851473 502.902405 -32.460510 -22.610008 502.518036 33.927334 -21.092939 503.286774
538 305 552 298 568 298 582 308 567 312 552 312 677 309 691 300 709 299 723 308 708 314 692 314 1157 218 -102.568306 58.305569 0.553002 0.137346 -0.000618 0.020833 0.667673 -22.622778 504.025299 -32.529942 -23.310907 503.957397 33.865284 -21.934650 504.093201
545 311 559 303 576 304 590 313 575 318 559 317 684 315 699 306 716 306 731 314 716 321 700 320 975 574 -65.993462 128.721130 6.084952 0.166325 -0.012246 0.027584 4.356679 -19.654688 502.033966 -28.833048 -20.532515 501.553284 37.546406 -18.776859 502.514618
514 306 527 297 543 297 556 305 543 310 528 311 649 301 663 292 681 291 696 299 681 305 665 305 1314 155 -133.840073 45.870014 0.723652 -0.247640 0.092672 -0.024611 -12.134726 -25.740568 518.145203 -45.187794 -24.554157 521.085693 20.918343 -26.926977 515.204651
438 288 452 282 468 282 482 291 467 295 452 294 581 293 596 284 613 284 628 291 613 297 597 297 1386 775 -147.439468 168.583740 13.941212 -0.221947 -0.035065 0.008083 -44.986443 -30.256170 496.682495 -78.169846 -30.650990 495.557617 -11.803036 -29.861351 497.807373
495 256 512 249 531 251 546 262 529 265 511 264 643 269 659 261 677 262 690 272 675 277 659 276 271 450 73.766853 104.036766 -2.911342 0.189641 -0.021851 0.071739 -15.416586 -40.956478 480.690491 -48.528351 -43.253521 479.744873 17.695179 -38.659435 481.636108
496 272 513 266 532 268 547 278 530 281 512 280 647 284 662 276 680 277 694 285 678 291 662 290 268 874 74.847740 187.946381 5.646526 0.200178 -0.041829 0.062155 -14.312948 -33.521484 473.023438 -47.424927 -35.431171 471.439270 18.799030 -31.611799 474.607574
488 253 505 245 524 247 538 258 521 262 504 261 639 264 654 255 672 256 687 266 671 272 654 271 418 215 44.285702 57.560101 -6.315614 0.189278 -0.034542 0.062383 -17.804131 -42.332947 472.014740 -50.924812 -44.282093 470.680206 15.316550 -40.383801 473.349243
499 263 516 256 535 258 550 269 533 273 515 271 649 277 664 268 682 269 696 279 681 284 664 283 322 531 63.724503 120.077263 -0.801361 0.160081 -0.043243 0.073949 -13.103461 -37.392208 476.292267 -46.186771 -39.719601 474.668274 19.979851 -35.064816 477.916260
503 266 520 260 539 262 554 272 537 275 519 274 654 279 669 272 686 273 700 282 685 287 669 286 64 672 115.156624 147.928391 -0.323041 0.175093 -0.043558 0.072877 -11.091868 -35.993660 474.969696 -44.177383 -38.272053 473.321289 21.993647 -33.715267 476.618103
418 267 431 260 447 261 461 270 447 274 431 274 561 272 576 264 594 263 610 270 594 277 577 277 1424 418 -155.399124 97.940697 7.062445 -0.261902 -0.028773 0.010140 -53.830315 -39.577850 491.528564 -87.019768 -40.035038 490.628052 -20.640865 -39.120659 492.429108
430 277 444 270 461 271 475 280 460 284 444 283 576 284 592 275 610 275 626 283 609 288 592 288 1241 783 -118.615265 170.137161 12.767423 -0.332220 -0.048723 0.018946 -46.405853 -33.983566 484.556885 -79.565720 -34.867085 483.072876 -13.245987 -33.100044 486.040894
485 255 502 248 521 250 536 261 519 265 501 263 634 269 649 260 667 261 681 271 666 276 649 275 464 412 35.369579 96.556145 -1.902829 -0.297892 -0.089722 0.061586 -20.080513 -41.764870 485.292999 -53.090347 -44.215740 482.665527 12.929323 -39.313995 487.920471
466 248 482 240 500 241 514 252 498 256 481 255 613 257 629 249 647 249 662 259 646 265 629 264 642 75 -0.388642 29.899889 -7.086902 -0.276388 -0.045751 0.048495 -29.483269 -46.457634 485.542969 -62.614780 -48.254841 484.265228 3.648242 -44.660431 486.820709
420 276 433 269 450 270 463 279 449 283 434 282 564 281 579 273 597 272 613 279 597 285 580 286 1421 650 -154.537720 143.853226 11.732537 -0.125722 -0.020523 0.016605 -52.599594 -35.604389 491.821167 -85.792854 -36.197018 491.176178 -19.406336 -35.011757 492.466156
489 256 506 249 525 251 540 262 523 265 505 264 638 268 653 260 671 261 685 271 669 276 653 275 379 438 52.290890 101.684128 -2.159403 -0.265795 -0.098494 0.055075 -18.383919 -41.925106 487.351349 -51.378773 -44.160187 484.367493 14.610938 -39.690025 490.335236
414 268 428 261 444 261 458 270 444 275 428 274 557 271 573 262 591 262 607 269 591 275 574 275 1385 419 -147.647720 98.130592 6.723415 -0.137245 0.015678 0.009772 -55.391350 -39.822319 491.437286 -88.590508 -40.110096 491.978424 -22.192192 -39.534542 490.896149
430 258 445 250 462 251 476 261 461 266 444 265 576 264 591 255 610 255 625 263 609 270 592 270 1205 224 -112.100220 59.502834 1.116684 -0.204546 -0.012744 0.027384 -46.704430 -43.171871 487.231110 -79.894150 -44.117798 486.903625 -13.514708 -42.225945 487.558594
490 268 507 262 526 264 541 274 524 277 506 276 640 281 655 273 672 274 686 283 671 288 655 287 219 669 84.350891 147.366516 1.044114 -0.214213 -0.100307 0.056956 -17.665442 -36.351360 486.996216 -50.650440 -38.578949 483.899872 15.319555 -34.123775 490.092590
484 270 501 264 519 266 534 276 517 280 500 278 633 283 648 274 666 275 680 284 665 290 648 289 326 716 63.141094 156.689865 2.981522 -0.203657 -0.080297 0.057156 -20.790911 -35.507244 488.119293 -53.835129 -37.659294 485.668182 12.253307 -33.355190 490.570404
434 272 449 264 466 266 481 276 465 280 449 279 581 279 596 270 615 270 630 278 614 285 597 284 1019 565 -74.747627 126.949051 6.308053 0.165313 -0.054702 0.045283 -44.011024 -35.784817 479.626923 -77.132339 -37.130596 477.696381 -10.889709 -34.439037 481.557434
464 252 479 244 497 245 512 256 496 260 479 259 610 261 626 252 644 253 659 262 643 268 626 267 681 126 -8.080597 40.000874 -5.694932 -0.248189 -0.045387 0.044639 -30.786982 -44.932079 487.456451 -63.924877 -46.584156 486.148743 2.350914 -43.280003 488.764130
496 272 513 265 532 267 547 277 530 280 512 279 645 285 661 277 678 278 691 287 676 292 660 291 114 771 105.333572 167.530899 2.142206 0.212116 -0.029861 0.072315 -14.782294 -33.868061 479.568268 -47.885914 -36.144154 478.331604 18.321325 -31.591967 480.804962
479 268 495 261 514 262 528 273 512 277 494 276 627 279 643 270 660 271 675 280 659 286 643 285 327 626 62.839485 138.878937 1.168340 -0.230430 -0.063546 0.052019 -23.356541 -36.927383 488.221619 -56.449944 -38.879372 486.330597 9.736862 -34.975395 490.112671
518 410 531 404 546 405 558 413 545 417 531 416 639 418 652 411 667 411 679 418 666 423 652 422 264 306 74.993309 75.537506 -5.891660 0.005599 0.118875 0.043481 -16.518538 33.190819 578.611572 -49.457703 31.739859 582.544189 16.420628 34.641777 574.678894
777 382 787 373 800 372 810 377 800 384 788 386 875 371 885 363 899 363 911 370 900 375 887 375 224 91 82.696503 32.980473 -10.613649 -0.125705 0.723768 -0.073884 128.732498 12.915076 637.301086 103.923325 16.594606 659.061707 153.541672 9.235545 615.540466
512 406 525 399 541 399 554 408 539 411 525 411 636 411 649 404 665 405 678 413 664 418 649 416 591 236 9.930363 61.751556 -4.296665 -0.316312 -0.027800 0.045723 -18.161407 29.805590 573.962891 -51.319088 28.168541 573.293640 14.996274 31.442636 574.632202
534 400 547 394 562 395 574 402 561 406 547 406 653 407 666 400 681 401 694 408 681 413 666 412 178 39 91.778389 22.680147 -12.090354 0.020996 0.103592 0.042005 -8.151970 27.773706 587.972534 -41.149551 26.345881 591.390259 24.845610 29.201530 584.554871
502 424 515 417 530 418 543 426 529 430 515 429 625 428 638 421 653 422 666 430 653 434 638 434 655 674 -2.287292 148.445557 5.161909 0.001730 -0.017921 0.045014 -24.317093 39.612621 577.117432 -57.482941 38.119030 576.521301 8.848755 41.106209 577.713562
