550 212 569 202 592 202 612 212 591 218 570 218 730 218 750 208 774 209 793 220 773 226 750 224 317 447 108.627357 94.400917 54.713131 -0.330086 -0.004257 0.035653 8.155327 -50.874561 383.647125 -25.028276 -52.059914 383.701965 41.338932 -49.689213 383.592316
520 225 539 216 562 216 583 225 562 231 540 232 695 228 714 219 737 220 755 229 735 235 714 234 876 500 -2.383369 106.509102 51.878025 -0.253529 -0.021624 0.014135 -3.938056 -49.026382 400.839203 -37.131847 -49.581200 400.188110 29.255735 -48.471561 401.490295
494 216 513 207 536 207 556 217 535 223 514 223 668 221 688 211 712 212 731 222 710 229 688 227 1380 323 -102.876747 73.210098 42.649292 -0.229162 -0.009685 0.023449 -13.582520 -51.670486 399.052216 -46.776695 -52.478893 398.822296 19.611654 -50.862076 399.282166
522 213 542 204 565 204 585 214 564 220 542 220 697 218 717 209 740 210 758 221 738 227 717 225 279 391 116.079300 83.271164 53.350491 -0.235132 -0.011099 0.034234 -3.067382 -52.578480 399.430389 -36.250793 -53.747631 399.198334 30.116030 -51.409325 399.662445
513 226 532 218 553 217 573 225 553 231 532 231 687 227 705 220 726 221 744 230 725 235 705 234 984 811 -23.288998 168.008774 60.258099 -0.284834 -0.029869 0.012202 -7.355570 -49.698944 406.766998 -40.543217 -50.238880 405.846008 25.832077 -49.159008 407.687958
522 258 541 250 561 250 580 257 561 263 541 263 689 260 708 253 727 255 744 263 726 267 707 266 248 796 122.970512 162.842407 65.617058 -0.298707 -0.022615 0.019176 -5.716164 -38.664692 421.580658 -38.906490 -39.403229 420.935364 27.474161 -37.926151 422.225983
528 246 547 238 569 239 588 247 568 253 547 253 698 250 717 243 738 244 755 253 736 258 716 257 861 718 0.990786 149.345123 58.467468 -0.294247 -0.035223 0.022928 -2.401635 -41.983753 414.649231 -35.577339 -42.904732 413.607971 30.774069 -41.062775 415.690460
521 243 540 233 563 234 582 245 562 251 540 251 691 248 709 238 732 239 749 250 730 256 709 255 167 262 138.107880 57.559334 50.404480 -0.226212 -0.025171 0.024784 -4.963691 -43.207806 415.175140 -38.147877 -44.117695 414.439301 28.220495 -42.297920 415.911011
519 247 538 238 560 238 579 247 559 253 538 253 687 249 706 241 727 242 744 251 726 257 706 256 788 581 15.253351 122.177078 54.976425 -0.274107 -0.037428 0.012760 -6.320637 -42.793793 419.588470 -39.499657 -43.381348 418.419220 26.858381 -42.206242 420.757721
513 248 532 240 553 240 572 247 553 253 532 253 681 249 699 242 719 243 736 251 718 256 699 255 1188 826 -63.808784 171.573486 59.094582 -0.331392 -0.043775 0.003691 -8.949322 -42.876228 421.864014 -42.122391 -43.235115 420.457520 24.223747 -42.517342 423.270538
512 241 530 233 551 233 570 241 551 246 530 247 678 242 696 235 716 236 733 245 715 250 695 249 61 757 160.068161 154.608017 65.934090 -0.289505 -0.035034 0.010420 -10.144966 -45.720299 424.760376 -43.327755 -46.228607 423.663269 23.037823 -45.211994 425.857513
502 239 521 228 544 228 563 238 543 245 522 246 669 239 688 229 710 230 727 241 709 247 688 246 1004 57 -28.622663 19.755192 37.718502 -0.226851 -0.065849 -0.005214 -12.908905 -46.467857 421.025299 -46.041615 -46.543179 418.839508 20.223803 -46.392532 423.211060
525 221 542 212 562 211 579 217 561 223 543 225 684 217 700 211 719 212 734 221 718 225 701 224 668 416 38.807137 89.359871 51.024876 -0.414200 -0.048521 -0.012180 -7.252652 -56.955471 439.463409 -40.416515 -56.891529 437.816071 25.911209 -57.019413 441.110779
530 194 548 184 569 183 586 191 568 199 548 200 692 192 709 185 729 187 745 197 729 202 709 201 937 33 -15.349059 14.832617 37.534454 -0.274355 -0.034997 0.006360 -4.021402 -66.519127 433.947937 -37.205341 -66.886017 432.829407 29.162539 -66.152229 435.066437
503 253 522 240 546 238 567 247 546 256 524 258 684 240 704 229 729 228 750 239 729 247 706 247 1037 371 -34.615971 81.619171 46.779091 -0.290467 0.023560 -0.055840 -8.183539 -40.494225 383.687836 -41.327812 -38.554356 384.191406 24.960735 -42.434093 383.184265
516 225 533 213 556 211 575 220 556 228 535 230 686 216 706 206 730 207 750 218 730 224 707 223 1301 188 -87.418030 46.417397 39.264935 -0.341839 0.060018 -0.018170 -6.538556 -51.766323 401.861450 -39.678738 -50.837849 403.712372 26.601625 -52.694794 400.010498
528 251 545 241 566 240 584 247 566 254 546 256 695 244 713 237 735 237 754 247 735 252 714 251 1155 390 -58.035286 85.711777 46.412521 -0.345753 0.030935 -0.014848 -3.384389 -42.938969 416.279236 -36.569851 -42.280014 417.201477 29.801073 -43.597923 415.356964
537 252 554 242 576 242 594 250 575 257 555 258 704 250 723 242 744 243 763 253 744 259 723 257 723 502 28.030344 106.441879 53.143974 -0.366266 0.021838 0.008089 0.255572 -41.468323 417.250977 -32.940338 -41.599621 418.008606 33.451481 -41.337025 416.493378
534 238 552 227 573 226 592 234 573 241 553 243 701 233 720 224 742 226 760 236 741 241 720 240 1163 327 -59.738865 73.343597 44.479328 -0.361556 0.016912 -0.003154 -0.715221 -47.574593 415.475586 -33.915173 -47.371716 416.006226 32.484734 -47.777470 414.944916
533 215 552 201 576 200 594 215 574 223 552 224 701 213 720 199 745 199 763 214 744 223 722 222 187 841 135.175888 171.510376 67.433899 -0.102356 0.130600 0.012548 -0.549560 -53.775787 402.985199 -33.469242 -53.969105 407.323029 32.370121 -53.582470 398.647339
