591 180 609 173 629 174 645 185 627 189 608 188 740 189 757 179 776 180 790 189 774 195 756 195 288 749 114.935478 153.717804 63.906452 0.131148 -0.057286 0.041150 19.490389 -76.850571 477.430145 -13.631980 -78.087387 475.445557 52.612759 -75.613747 479.414734
527 175 542 165 562 165 578 174 562 182 544 182 670 172 685 161 705 160 721 168 705 177 687 177 1198 413 -66.540482 90.365395 46.756153 0.120639 -0.443462 -0.074634 -9.487103 -80.104668 463.015656 -39.394650 -76.842758 448.963684 20.420443 -83.366570 477.067657
574 168 592 160 613 162 629 173 610 178 591 177 722 176 739 166 758 167 772 176 756 183 739 183 383 145 94.965157 35.195419 45.228020 0.118966 -0.135646 0.029500 11.772163 -81.398537 473.229523 -21.113607 -82.105469 468.692352 44.657936 -80.691605 477.766693
535 180 552 172 571 172 588 182 570 187 552 187 683 182 699 173 718 172 734 180 717 187 699 188 991 750 -24.790215 156.030991 58.392159 0.148396 -0.362985 -0.025554 -4.934698 -75.519341 458.815582 -35.969311 -73.809639 447.132721 26.099915 -77.229042 470.498444
588 167 606 159 627 161 643 173 625 177 605 176 737 177 753 167 773 167 787 177 771 184 753 183 290 267 113.669540 58.913155 49.582905 0.140645 -0.188265 0.032917 18.092058 -80.324814 466.579041 -14.509152 -80.970024 460.309723 50.693272 -79.679596 472.848358
551 173 569 165 590 166 606 177 588 182 569 181 700 180 717 170 736 170 752 179 735 186 717 186 626 301 46.947811 66.612617 47.942413 0.137507 -0.131333 0.023526 1.951897 -79.067955 469.865021 -30.958265 -79.545433 465.477203 34.862061 -78.590469 474.252808
584 179 600 172 619 173 635 184 618 188 600 187 731 188 747 179 766 179 782 188 766 194 748 193 146 649 142.979065 133.620041 62.057869 -0.044819 -0.014106 0.041269 15.358315 -76.387177 473.038300 -17.814928 -77.767097 472.600891 48.531559 -75.007256 473.475708
536 178 553 169 573 170 590 181 572 186 553 185 684 184 701 174 720 174 736 183 719 190 701 189 1344 506 -95.391716 109.098297 48.365402 0.071908 -0.067622 0.019410 -5.184648 -78.249725 475.026581 -38.307358 -78.812485 472.761841 27.938063 -77.686966 477.291290
566 180 584 173 603 174 619 185 602 188 583 187 714 188 729 179 747 179 761 187 746 193 729 193 264 763 119.730919 156.399384 64.511299 0.150166 -0.162582 0.029750 7.768846 -77.091393 476.817871 -24.984303 -77.667381 471.390259 40.521996 -76.515396 482.245483
512 173 528 163 548 163 564 173 547 181 529 181 656 171 672 159 692 158 709 167 693 176 674 176 1306 130 -88.516319 35.023697 37.503822 0.205833 0.351916 -0.016058 -17.332701 -79.828590 459.409210 -48.505539 -80.496078 470.827087 13.840135 -79.161102 447.991302
551 168 569 160 590 161 606 172 588 177 568 177 700 174 716 163 735 163 750 173 734 180 716 180 93 114 152.549377 28.224554 46.594799 0.127743 -0.131774 0.015124 1.678577 -81.863777 471.734344 -31.234972 -82.084442 467.351532 34.592129 -81.643120 476.117188
537 172 555 163 575 164 592 175 574 180 555 180 686 176 702 165 722 165 737 174 721 182 702 182 626 308 46.960423 67.989540 48.150204 0.100341 -0.072320 0.007858 -4.613283 -81.698639 476.625519 -37.730350 -81.838554 474.217224 28.503784 -81.558723 479.033783
543 173 560 165 581 166 597 176 579 181 560 181 691 179 707 169 727 169 742 177 726 185 708 185 378 396 96.411179 84.552734 52.718182 0.030845 -0.020004 0.026539 -2.430220 -80.969879 477.548218 -35.616699 -81.840569 476.870636 30.756260 -80.099197 478.225800
541 172 559 163 579 164 596 175 578 181 558 180 690 178 706 167 726 167 742 176 725 184 707 183 1090 411 -45.078121 89.646843 47.548492 0.025468 -0.040337 0.019119 -2.801783 -80.905670 474.529968 -35.973522 -81.523193 473.183105 30.369955 -80.288147 475.876862
550 172 567 163 588 164 604 176 586 181 567 180 698 178 715 168 734 168 750 177 733 185 715 184 268 286 118.076469 62.584270 50.320400 0.111937 -0.100754 0.023142 0.969448 -80.221924 472.202698 -32.058281 -80.800484 468.827179 33.997177 -79.643356 475.578186
538 171 556 163 577 163 594 174 575 179 556 179 688 177 705 166 725 166 740 175 724 182 705 182 1159 469 -58.687988 101.263329 48.726028 0.061394 -0.068014 0.015522 -3.566796 -80.743195 470.879211 -36.690865 -81.188583 468.608276 29.557276 -80.297806 473.150177
529 167 548 158 569 159 587 172 568 177 547 176 681 174 698 162 719 162 735 171 718 180 699 180 1060 40 -39.783791 16.579844 36.772243 0.093050 -0.081678 0.015065 -6.575574 -80.477303 461.830872 -39.666008 -80.850204 459.102570 26.514860 -80.104401 464.559204
532 172 550 163 571 164 588 176 569 181 550 180 683 177 699 167 719 167 735 175 718 183 700 183 881 467 -3.436620 100.032967 50.859016 0.098503 -0.093758 0.012183 -5.967967 -79.877174 467.856171 -39.024601 -80.127365 464.732727 27.088669 -79.626984 470.979614
536 171 554 162 576 164 593 176 574 182 553 181 686 179 703 167 724 167 740 177 723 186 704 185 673 59 37.170132 19.152077 40.388191 0.108613 -0.079966 0.026420 -4.234004 -79.173706 466.147461 -37.321247 -79.904259 463.453003 28.853241 -78.443153 468.841949
539 175 557 167 578 168 594 180 576 185 556 184 688 183 705 173 724 173 740 182 723 189 705 189 222 389 127.404953 82.706154 53.740635 0.045629 -0.041765 0.035073 -3.751808 -78.747787 473.811279 -36.907261 -79.879768 472.399109 29.403643 -77.615807 475.223480
451 137 470 129 491 130 509 142 490 146 470 145 622 144 640 133 661 132 678 141 660 148 640 149 1076 449 -42.227032 97.079399 48.786896 -0.140420 -0.004980 0.017641 -32.870850 -85.311653 420.474030 -66.070091 -85.907059 420.350281 0.328396 -84.716248 420.597809
462 141 480 133 500 134 517 144 499 149 480 148 626 145 642 134 662 134 678 142 661 149 643 150 1219 469 -70.613518 101.443970 48.252857 -0.123899 0.032951 0.015406 -31.763937 -86.926956 433.596619 -64.946815 -87.369400 434.719391 1.418939 -86.484520 432.473877
451 128 472 120 496 122 516 136 495 141 472 139 626 139 646 127 669 126 688 135 668 145 646 145 983 338 -23.942446 74.965416 46.225365 0.345587 -0.113990 0.031650 -29.265686 -84.242455 403.999298 -62.240711 -84.623375 400.118317 3.709343 -83.861534 407.880280
446 125 467 115 492 117 511 132 490 137 466 136 622 135 641 121 665 120 684 131 664 141 642 141 1249 90 -77.259132 26.983986 36.765968 0.294539 -0.106220 0.025408 -31.010227 -85.482872 402.666779 -64.018623 -85.797577 399.074280 1.998173 -85.168167 406.259308
447 125 468 115 493 117 512 132 490 138 467 136 622 135 642 122 666 121 684 132 664 142 642 142 502 135 71.294830 33.586658 43.992725 0.320561 -0.144177 0.031979 -30.711485 -85.268707 402.814911 -63.557949 -85.549271 397.957886 2.134981 -84.988136 407.671936
451 130 472 122 495 124 515 137 494 141 471 140 625 138 644 127 667 126 685 135 666 144 645 144 181 672 136.063950 138.249573 62.464592 0.342696 -0.158254 0.025488 -29.868378 -84.420212 405.846008 -62.651672 -84.356789 400.572357 2.914918 -84.483635 411.119629
444 123 465 114 489 115 509 129 488 134 465 133 619 131 639 118 663 117 681 127 662 136 640 137 519 459 68.499680 97.369499 53.476334 0.309569 -0.127839 0.019096 -31.873291 -86.808632 403.115814 -64.803307 -86.779999 398.852905 1.056729 -86.837265 407.378754
440 124 460 115 484 117 504 130 483 135 460 134 616 131 635 119 659 118 678 127 658 137 636 137 746 532 23.512939 112.412209 53.853119 0.325256 -0.130187 0.017492 -33.316624 -86.292366 401.727234 -66.237892 -86.165512 397.399017 -0.395352 -86.419228 406.055450
426 117 447 106 473 108 493 122 471 129 447 128 604 123 624 108 649 107 669 117 648 128 625 129 1043 89 -36.316605 26.167091 38.360832 0.260854 -0.101356 0.003592 -37.260799 -88.312035 397.373077 -70.295952 -87.993668 394.035889 -4.225643 -88.630402 400.710266
424 114 445 104 470 105 491 119 469 126 445 125 603 120 624 105 648 104 668 113 648 125 625 126 1160 136 -59.486713 35.764362 38.833309 0.247274 -0.078174 -0.002142 -37.505116 -88.925774 394.670105 -70.608963 -88.536324 392.112122 -4.401271 -89.315224 397.228119
424 112 444 102 469 103 489 116 468 122 445 122 604 116 624 103 648 102 667 111 647 121 625 122 1410 519 -108.486382 111.854134 48.230808 -0.092182 -0.058542 -0.016501 -38.027828 -90.849205 398.361481 -71.171288 -90.391914 396.396332 -4.884374 -91.306503 400.326630
430 115 450 105 475 106 495 119 474 126 451 125 606 119 626 105 650 104 669 113 649 124 627 125 935 184 -14.679483 44.528694 42.032536 0.264557 -0.088212 -0.006389 -36.941086 -90.676605 402.539093 -70.016869 -90.082245 399.675751 -3.865298 -91.270966 405.402405
421 117 440 109 464 109 484 121 463 127 441 127 596 120 616 108 639 107 658 115 638 124 617 125 1072 625 -41.114899 131.687012 54.042858 0.297629 -0.096370 -0.007446 -41.040348 -90.452858 404.248718 -74.091316 -89.737312 401.137238 -7.989385 -91.168411 407.360229
576 170 593 163 613 165 629 176 611 180 592 179 725 180 740 171 759 171 773 180 757 187 740 187 259 302 119.894127 65.704414 50.866322 0.151770 -0.188545 0.031709 12.560208 -80.196404 473.607971 -20.040720 -80.766129 467.329865 45.161137 -79.626678 479.886078
470 182 487 174 508 175 525 184 507 190 488 190 623 183 641 173 663 171 682 179 663 187 642 188 1261 484 -78.934364 104.520958 48.366901 -0.243829 -0.040709 -0.031059 -31.984140 -76.977478 466.611603 -65.145645 -76.120735 465.148743 1.177369 -77.834221 468.074463
476 182 494 171 517 171 535 182 516 189 495 190 639 174 655 160 676 158 693 166 677 176 657 178 1386 785 -103.236916 164.104782 56.316071 0.137643 -0.297677 -0.102201 -24.257271 -72.810036 428.946716 -55.833611 -68.809227 419.486908 7.319071 -76.810837 438.406525
551 131 571 123 594 126 611 139 591 144 570 142 713 146 730 135 750 136 765 147 748 155 729 154 143 64 142.521347 18.539955 44.716282 0.182778 -0.239812 0.049731 5.353604 -87.914154 434.718628 -26.863071 -88.817810 426.729309 37.570278 -87.010498 442.707916
535 122 554 114 576 116 593 129 574 133 553 132 702 135 719 124 740 124 756 134 738 142 719 142 496 343 72.862137 74.482750 50.214352 -0.097193 -0.010146 0.057975 -0.947866 -91.325165 429.287170 -34.095230 -93.262436 429.044434 32.199497 -89.387886 429.529907
526 107 543 98 564 98 581 107 563 113 544 114 692 106 708 97 728 96 743 105 727 112 708 112 623 586 48.057575 122.663841 56.426064 -0.206151 0.004620 -0.004636 -5.306273 -101.422806 432.227844 -38.510376 -101.254204 432.364380 27.897833 -101.591415 432.091339
481 122 499 114 520 114 539 124 520 130 499 130 647 125 665 115 686 114 703 122 685 130 665 130 807 312 10.992272 69.321274 46.841541 -0.059622 0.008751 0.005670 -22.604956 -93.491554 427.429016 -55.807964 -93.671059 427.725006 10.598053 -93.312050 427.133026
533 119 552 110 574 111 591 123 571 128 551 127 696 126 713 116 733 116 748 127 731 134 713 133 216 238 128.325455 52.985992 49.305637 0.227774 -0.266227 0.019546 -1.991553 -92.786621 425.405701 -34.025391 -92.425941 416.672852 30.042286 -93.147301 434.138550
496 134 515 127 535 127 553 136 535 141 515 141 662 138 680 130 700 129 716 137 699 144 680 143 722 660 28.513773 137.517883 57.841965 -0.080379 -0.004650 0.014791 -16.727747 -88.843185 429.616943 -49.928570 -89.339958 429.482422 16.473078 -88.346413 429.751465
502 124 520 117 541 117 559 126 540 131 520 130 667 129 685 120 705 120 721 128 704 134 685 134 638 187 44.357311 44.224644 44.463783 -0.023379 0.030084 0.028092 -14.581610 -91.721642 425.946106 -47.758301 -92.642410 426.955536 18.595081 -90.800880 424.936646
522 126 541 118 563 119 581 130 561 135 541 134 688 133 705 124 725 124 740 133 723 140 704 140 256 516 120.875969 107.789749 57.242393 0.149997 -0.135991 0.027455 -6.250430 -90.857460 429.054047 -39.136803 -91.425270 424.501709 26.635941 -90.289650 433.606384
498 119 516 110 539 111 557 122 538 128 517 128 666 124 684 113 706 113 722 122 704 130 684 130 885 415 -4.325345 89.816475 49.283894 -0.040939 -0.024986 0.010825 -14.869232 -92.887222 421.778137 -48.061737 -93.263504 420.956146 18.323273 -92.510941 422.600098
491 123 509 114 532 114 550 125 531 132 510 132 658 126 676 115 697 114 714 123 696 132 676 132 898 298 -7.120010 66.841400 45.708324 0.027073 -0.037852 -0.003969 -17.989412 -92.305367 424.243317 -51.170181 -92.156616 422.988708 15.191357 -92.454109 425.497925
483 130 502 122 523 122 541 132 522 137 502 137 650 133 667 123 688 123 704 132 687 138 667 138 1077 623 -42.112297 131.308670 53.944057 -0.079291 -0.030993 0.001148 -21.571024 -90.399033 428.486816 -54.759876 -90.477875 427.460449 11.617829 -90.320190 429.513184
511 127 530 120 551 121 569 130 550 135 530 134 678 131 695 122 714 122 729 130 712 136 694 136 307 818 111.283379 167.347488 65.804825 -0.056252 -0.018001 0.014498 -10.962557 -92.062187 432.057343 -44.158504 -92.560081 431.473511 22.233389 -91.564285 432.641174
467 112 487 107 507 108 525 115 506 118 486 118 629 118 649 112 670 112 690 118 670 123 650 122 1207 797 -67.637451 165.926315 58.083904 -0.560697 -0.055982 0.001035 -28.246063 -97.195839 430.477600 -61.400188 -97.735909 428.724945 4.908064 -96.655769 432.230255
466 110 485 100 508 100 527 112 507 121 486 121 635 114 654 102 677 102 696 112 677 122 655 122 941 46 -16.120672 17.401793 37.888802 0.205556 -0.423279 -0.033146 -23.834305 -90.683746 397.637085 -54.101395 -88.205559 384.208710 6.432784 -93.161926 411.065491
509 128 528 121 550 121 568 132 548 137 527 137 677 136 694 126 714 127 730 136 713 143 694 142 631 723 46.714336 149.636185 60.429707 0.192353 -0.216066 0.018875 -10.361223 -88.043823 420.705688 -42.790501 -87.976639 413.571472 22.068056 -88.111008 427.839905
496 126 516 117 539 118 558 129 538 136 516 135 665 131 683 120 704 119 721 129 703 138 683 138 682 222 35.674980 51.241703 45.155739 0.170458 -0.209133 -0.003190 -14.527864 -88.719299 416.625214 -47.010773 -88.026375 409.773926 17.955044 -89.412224 423.476501
497 129 516 120 539 120 558 132 538 138 516 138 664 134 682 123 703 123 720 133 702 141 682 141 525 193 66.827873 45.064659 45.533024 0.189342 -0.221970 0.003043 -14.749505 -88.012222 419.075073 -47.141937 -87.419014 411.799225 17.642927 -88.605438 426.350922
496 133 515 125 537 125 555 136 536 142 515 141 662 138 680 128 700 128 716 137 699 144 680 144 673 656 38.245750 136.583557 58.109650 0.169063 -0.156788 0.008345 -16.051958 -88.341011 427.521851 -48.849297 -88.177528 422.338440 16.745380 -88.504501 432.705231
494 131 512 123 534 123 552 133 533 139 512 139 661 135 678 125 698 125 714 133 697 141 678 141 329 594 106.507103 123.352333 58.982071 0.200036 -0.261842 -0.005222 -16.293800 -87.448151 418.160034 -48.370148 -86.416107 409.639313 15.782547 -88.480186 426.680725
489 124 508 116 531 116 550 126 530 132 508 132 661 128 679 118 700 118 716 127 698 134 679 134 782 692 16.645893 143.993011 58.318687 0.133944 -0.078870 0.007567 -17.339596 -89.809021 416.553070 -50.440395 -89.884232 413.927948 15.761201 -89.733818 419.178162
485 121 504 112 527 112 546 123 526 129 505 128 658 124 676 113 697 113 714 122 696 130 676 130 545 578 63.546356 120.855392 56.803711 0.057570 -0.021435 0.008068 -18.617708 -90.896706 414.021362 -51.813816 -91.143967 413.302368 14.578399 -90.649452 414.740356
586 201 599 192 615 190 629 197 616 204 601 205 710 190 722 180 739 178 753 185 740 192 724 193 1145 390 -56.047699 85.681671 46.491383 -0.004082 0.008147 -0.092044 11.170774 -86.894508 565.345215 -21.892380 -83.842003 565.609131 44.233929 -89.947014 565.081360
618 138 637 129 659 130 677 141 657 146 637 146 786 141 803 130 823 129 839 138 822 146 803 146 479 670 76.830200 138.753326 60.055145 0.136431 -0.083226 -0.002797 32.409096 -86.255363 423.389740 -0.680836 -85.974785 420.644348 65.499031 -86.535950 426.135162
511 134 530 125 552 126 570 137 551 143 530 142 677 140 696 128 717 128 735 136 716 145 696 145 1311 524 -88.800240 112.539597 49.159962 -0.016622 -0.026843 0.008951 -9.983989 -87.855820 425.381012 -43.175510 -88.160378 424.492310 23.207533 -87.551262 426.269684
562 132 581 124 604 125 622 137 602 142 580 141 728 140 745 129 766 130 782 139 764 147 745 147 95 381 152.632919 80.750183 54.504704 0.170095 -0.162239 0.023896 10.048610 -86.725960 421.696136 -22.711796 -87.056038 416.291840 42.809013 -86.395882 427.100464
563 133 582 124 605 125 623 138 603 143 582 142 728 140 745 129 766 129 782 139 765 147 745 147 3 199 170.590820 44.673321 49.827709 0.162057 -0.156313 0.021023 10.339665 -86.811615 422.835693 -22.453907 -87.084953 417.633148 43.133236 -86.538269 428.038269
552 133 572 124 595 125 613 137 593 143 572 142 722 139 739 128 760 128 776 138 759 146 739 146 562 400 59.846748 85.893501 51.385860 0.141781 -0.122400 0.015287 7.096611 -86.303940 418.866760 -25.856329 -86.521294 414.790497 40.049553 -86.086586 422.943054
549 124 570 113 594 114 613 129 592 135 569 134 721 131 739 117 762 117 779 129 761 138 740 138 572 54 57.235771 17.864491 41.036274 0.158204 -0.138617 0.010248 6.888172 -87.581238 408.972900 -25.997072 -87.556274 404.377289 39.773415 -87.606201 413.568542
528 122 548 111 573 112 592 125 571 132 548 132 700 127 719 113 742 112 760 123 741 133 719 133 826 74 6.787047 22.563244 39.626869 0.156348 -0.135670 -0.002503 -1.013327 -88.245407 405.987732 -33.913540 -87.811974 401.521454 31.886885 -88.678848 410.454041
534 125 554 114 578 115 597 128 576 135 554 135 704 129 722 116 745 115 763 126 744 136 723 136 1045 43 -36.797001 17.124792 36.979588 0.143779 -0.148202 -0.004790 0.692984 -88.168945 410.556335 -32.148094 -87.658524 405.681641 33.534058 -88.679367 415.431061
544 125 563 115 586 116 605 128 585 135 563 134 712 131 730 119 753 118 769 128 751 138 731 138 811 17 9.665733 11.306034 38.053165 0.144165 -0.163086 0.007532 3.812651 -87.939339 411.588440 -28.951389 -87.798668 406.197968 36.576691 -88.080017 416.978943
553 130 572 122 595 123 613 134 593 139 572 139 721 136 738 126 759 126 776 135 758 143 738 143 429 512 86.483475 107.523781 55.759350 0.183973 -0.231561 0.006895 7.197124 -86.006531 412.548218 -25.123148 -85.530029 404.950012 39.517395 -86.483025 420.146393
550 130 569 121 592 122 610 133 590 138 569 138 719 135 737 125 757 126 774 135 756 142 737 142 666 804 39.903717 165.674469 62.558109 0.133656 -0.109177 0.018358 5.931935 -87.922272 420.010742 -27.069899 -88.287117 416.363068 38.933769 -87.557426 423.658417
544 128 563 119 585 120 603 131 584 137 563 136 713 133 730 122 751 122 767 132 750 139 730 139 849 631 3.219144 132.195862 55.979580 0.128271 -0.119840 0.006351 3.497954 -88.528984 418.874908 -29.468367 -88.484230 414.902618 36.464275 -88.573746 422.847229
544 121 563 111 586 112 604 123 584 129 563 129 714 125 732 113 753 113 769 123 751 131 732 131 274 166 116.667709 38.998016 46.710979 0.174525 -0.207482 -0.001982 3.964770 -89.225906 408.336884 -28.529631 -88.563377 401.537262 36.459171 -89.888443 415.136475
549 126 568 117 589 118 608 129 588 134 567 134 718 131 735 121 756 121 772 131 755 138 735 137 778 655 17.374266 136.702972 57.251915 0.134642 -0.139907 0.009293 5.366000 -88.962410 417.343842 -27.513433 -88.957268 412.706757 38.245434 -88.967560 421.980896
555 121 575 111 598 112 616 125 596 131 574 130 724 127 742 115 764 115 780 126 762 134 742 134 626 78 46.546032 22.747929 41.322842 0.169581 -0.210248 0.006397 8.261035 -88.906357 409.720520 -24.213657 -88.527832 402.806000 40.735729 -89.284882 416.635071
552 121 571 111 594 112 613 124 593 131 571 130 720 127 738 115 760 115 776 125 758 134 738 134 739 11 23.965563 9.909053 38.442863 0.168310 -0.223156 0.002352 6.912220 -89.128021 410.180969 -25.471096 -88.585587 402.860718 39.295536 -89.670456 417.501251
563 125 582 116 604 117 622 129 603 134 581 134 731 131 748 121 769 121 785 132 768 139 748 139 293 564 113.608368 117.342873 58.375446 0.148558 -0.135126 0.021174 10.753491 -89.283043 419.263794 -22.141790 -89.649216 414.755371 43.648773 -88.916870 423.772247
568 122 586 115 608 115 626 125 606 130 586 129 736 128 753 119 773 120 788 128 771 134 753 134 524 564 67.695068 118.038330 56.553741 0.131535 -0.165685 0.015517 12.378926 -89.843567 416.022400 -20.367851 -89.994476 410.528259 45.125706 -89.692665 421.516510
572 173 589 164 610 164 627 174 609 180 590 180 730 174 746 164 766 164 782 172 765 180 747 180 781 695 16.850058 144.580109 58.415627 0.191009 0.360308 0.015016 11.022204 -74.623283 435.289337 -20.053303 -76.235016 446.877045 42.097713 -73.011559 423.701630
582 155 600 147 622 149 639 160 620 165 600 164 738 164 755 155 775 155 790 165 773 172 755 171 433 10 84.783981 8.791096 40.826347 0.147753 -0.169339 0.033462 16.803144 -82.441422 449.858521 -15.909117 -83.129379 444.202179 49.515404 -81.753464 455.514893
567 167 584 157 605 157 622 167 604 174 585 175 722 166 738 155 758 155 774 165 757 173 739 173 874 596 -1.812888 125.386536 54.743477 0.206817 0.339134 0.005856 8.585240 -79.056015 444.491638 -22.734514 -80.394638 455.438812 39.904995 -77.717400 433.544464
556 129 572 121 592 121 609 129 592 136 573 136 707 129 724 120 744 120 761 127 744 135 725 135 1079 892 -42.025154 184.227707 61.913330 0.256764 0.314418 0.010078 3.326571 -96.659561 453.556580 -28.257713 -98.307106 463.669830 34.910854 -95.012016 443.443298
558 115 575 104 595 103 612 113 595 121 576 122 713 111 729 101 749 100 765 109 749 118 730 118 1322 436 -91.145142 95.262878 46.461006 0.307568 0.451447 -0.002994 4.405663 -98.104256 429.012390 -25.498669 -100.258217 443.283020 34.309998 -95.950287 414.741760
558 117 576 109 597 109 615 116 597 122 577 123 713 116 730 108 751 108 768 115 751 122 731 121 697 772 33.684536 159.473312 61.363747 0.193296 -0.144562 -0.032215 7.227385 -104.582047 464.105865 -25.615036 -103.061256 459.455902 40.069805 -106.102837 468.755829
567 108 584 98 605 97 623 106 605 114 585 115 728 104 744 94 764 94 780 103 764 111 745 111 810 767 11.215773 158.830002 60.324188 0.310869 0.397088 -0.002663 9.284811 -99.724869 425.014984 -21.357058 -101.646530 437.661804 39.926682 -97.803215 412.368134
566 92 584 82 605 83 623 93 604 100 584 100 730 95 747 85 769 85 786 95 768 103 748 102 367 358 98.529060 77.044914 51.676929 0.096070 -0.005305 0.015698 11.207027 -106.992020 434.843842 -21.993231 -107.503998 434.642975 44.407284 -106.480042 435.044739
554 94 571 83 593 82 611 92 593 100 572 102 719 90 735 79 756 78 772 88 755 97 736 97 775 664 17.986757 138.464264 57.542732 0.329729 0.383625 -0.006328 5.048518 -103.295494 416.470276 -25.763964 -105.149879 428.705933 35.861000 -101.441109 404.234589
537 88 554 77 576 76 594 86 576 95 555 96 703 85 719 74 740 73 757 83 740 92 720 92 1206 483 -68.004433 104.158669 48.770958 0.331014 0.368526 -0.001504 -1.235169 -103.870316 410.559357 -32.230885 -105.806602 422.309937 29.760546 -101.934029 398.808777
556 88 574 78 596 77 614 88 595 95 575 96 722 88 739 78 759 78 775 88 758 96 739 95 648 604 43.121033 126.279755 56.763226 0.162686 -0.221160 -0.032496 8.105750 -107.940117 429.468445 -24.274752 -106.281227 422.305298 40.486252 -109.599007 436.631592
544 78 561 68 583 67 600 78 582 86 562 86 709 80 726 70 747 71 763 82 745 89 726 88 1012 688 -29.075857 143.898651 56.386131 0.330341 0.368290 0.037751 1.178722 -107.389915 415.134583 -29.796822 -110.571388 426.665131 32.154263 -104.208443 403.604004
551 76 569 66 591 65 608 76 589 84 569 84 716 79 733 69 754 69 769 80 752 87 733 87 958 479 -18.719433 102.625221 50.607990 0.329340 0.308026 0.033090 4.251859 -109.713722 421.619232 -27.386497 -112.431152 431.324371 35.890213 -106.996292 411.914093
602 68 622 61 642 62 660 71 640 76 621 75 767 78 782 71 801 73 815 82 799 87 782 86 108 575 150.398575 118.949631 60.160915 -0.021070 -0.081049 0.052682 25.846975 -116.349815 441.429352 -7.202826 -118.124573 438.760925 58.896778 -114.575058 444.097778
551 67 564 58 582 56 597 64 582 72 565 73 698 60 713 51 732 51 748 60 732 67 715 67 1011 238 -29.687866 55.379444 43.036133 0.229932 -0.473737 -0.090126 1.002340 -117.928658 430.198090 -28.432558 -113.310532 415.541382 30.437239 -122.546791 444.854797
533 69 549 58 570 56 586 65 569 74 550 76 692 62 708 51 729 51 746 61 729 69 710 69 1351 115 -97.487495 32.208637 36.703682 0.326348 0.365817 -0.010111 -4.554698 -115.278732 422.772827 -35.580238 -116.898941 434.492493 26.470844 -113.658524 411.053192
