595 273 613 264 634 264 652 274 633 280 613 280 748 276 765 266 785 267 801 276 784 282 765 282 363 177 98.997986 41.429691 46.335636 -0.211401 0.011230 0.022074 21.863720 -36.018894 464.506317 -11.330949 -36.707058 464.953583 55.058388 -35.330727 464.059052
547 262 565 252 586 253 603 263 584 268 564 268 704 265 722 256 742 257 759 268 741 273 722 272 1386 141 -104.397217 37.428276 37.199455 -0.310521 0.049880 0.042256 1.716974 -38.934696 446.458740 -31.417480 -40.059353 448.303375 34.851429 -37.810040 444.614105
579 265 596 255 616 255 632 266 614 271 596 271 733 272 751 262 773 263 792 274 773 280 752 278 605 266 51.058689 59.664803 47.069077 -0.339210 0.057515 0.058492 14.662227 -36.669842 444.030243 -18.431993 -38.252228 446.227570 47.756447 -35.087456 441.832916
580 270 597 263 617 264 633 272 616 276 597 276 731 277 748 270 768 272 784 281 766 285 748 283 563 841 60.442543 172.642380 64.468704 -0.292997 0.027303 0.060408 14.637094 -36.235996 468.084412 -18.495306 -38.079975 469.269073 47.769493 -34.392017 466.899750
584 268 601 261 621 262 638 271 620 275 601 274 735 276 753 269 773 270 789 280 771 284 752 282 483 758 76.193710 156.075211 62.635807 -0.273350 0.033487 0.065413 16.599672 -36.887081 467.883667 -16.516081 -38.879265 469.275696 49.715424 -34.894897 466.491638
586 268 604 260 624 261 641 271 623 275 604 275 738 276 756 269 776 270 792 280 774 285 755 283 719 485 28.794750 103.085892 52.670891 -0.256294 0.029429 0.067703 17.758669 -36.674767 466.426331 -15.356200 -38.771805 467.678345 50.873539 -34.577728 465.174347
586 267 604 260 624 261 641 271 623 275 604 274 737 276 755 268 775 270 791 280 773 284 754 283 490 499 74.335762 105.150299 54.892399 -0.261306 0.034284 0.067972 17.628609 -36.920860 468.028168 -15.480576 -39.002281 469.445618 50.737793 -34.839439 466.610718
582 270 599 263 618 264 635 272 617 276 599 276 731 277 749 270 768 272 784 281 767 285 748 283 494 887 74.239784 181.482971 66.378319 -0.284688 0.024205 0.059613 15.240800 -36.570377 471.562561 -17.895771 -38.408249 472.634705 48.377373 -34.732510 470.490417
582 261 599 252 621 254 638 265 619 270 599 269 733 270 751 261 773 263 789 274 771 279 751 278 128 51 145.479309 15.937660 44.448681 -0.154689 0.046080 0.068278 15.858438 -39.060417 462.863647 -17.234013 -41.197952 464.560822 48.950886 -36.922882 461.166504
584 268 600 259 620 259 635 269 618 274 600 274 737 276 755 267 776 268 794 279 775 283 755 282 793 392 13.919034 85.015335 49.326683 -0.360618 0.042980 0.063762 16.362812 -35.588623 448.838654 -16.744940 -37.403763 450.611115 49.470566 -33.773487 447.066193
585 266 601 256 621 256 637 267 619 272 601 272 737 273 756 264 778 265 796 277 776 281 756 280 312 358 109.460800 76.879326 52.110668 -0.343126 0.057964 0.067973 16.733589 -36.401253 447.652557 -16.340117 -38.284523 449.920380 49.807297 -34.517982 445.384766
582 265 599 255 618 255 634 266 617 271 598 270 736 272 754 263 776 264 794 275 775 280 755 278 1017 214 -30.923660 50.676647 42.276398 -0.341735 0.033712 0.058824 15.883746 -36.816475 446.313385 -17.245518 -38.541111 447.740631 49.013012 -35.091835 444.886108
580 268 597 259 616 259 631 268 614 273 596 273 734 275 753 267 773 268 791 278 772 282 753 280 1406 483 -107.756210 104.760796 47.193722 -0.366928 0.023669 0.054730 15.006841 -35.734108 447.217621 -18.139618 -37.367290 448.315155 48.153301 -34.100925 446.120087
584 269 600 262 618 262 633 270 616 274 599 274 736 277 754 270 774 271 791 280 773 284 754 282 610 860 51.135109 176.521225 64.662048 -0.384425 0.031580 0.061699 15.770903 -35.139492 450.578125 -17.355160 -36.937496 451.989075 48.896965 -33.341488 449.167206
581 269 597 263 616 264 633 271 616 275 598 275 730 277 748 271 767 272 783 280 766 284 747 282 1400 837 -105.925850 174.375473 57.749241 -0.283641 -0.000711 0.056482 14.757500 -36.760342 471.664673 -18.394709 -38.613110 471.905548 47.909706 -34.907570 471.423828
583 267 599 259 618 259 633 269 616 273 599 273 736 275 754 267 775 268 793 279 774 283 755 281 159 444 140.025848 93.335129 55.870090 -0.348122 0.054454 0.067162 15.720039 -35.563362 446.719574 -17.361980 -37.434574 448.873230 48.802059 -33.692150 444.565948
583 268 599 260 618 260 634 269 617 273 599 273 737 276 756 268 776 269 794 279 775 283 756 281 1378 496 -102.167534 107.233635 47.800430 -0.369788 0.017507 0.059925 16.131876 -35.379791 446.730286 -17.008984 -37.217037 447.661682 49.272736 -33.542545 445.798889
581 266 598 260 617 261 634 269 616 273 598 272 732 274 750 268 769 270 785 278 767 282 749 280 22 882 168.044968 179.078430 69.952171 -0.265262 0.029276 0.065698 15.052461 -37.534340 467.680908 -18.067003 -39.560356 468.928345 48.171925 -35.508327 466.433502
579 265 596 256 615 256 631 267 613 271 595 271 734 274 752 265 774 266 792 277 773 281 753 280 865 464 -0.261883 99.394691 50.896141 -0.368365 0.027070 0.060739 14.714053 -36.051796 443.028931 -18.418198 -37.858227 444.274109 47.846302 -34.245361 441.783783
579 266 596 259 616 260 633 268 615 272 596 272 730 274 748 267 768 269 784 278 766 282 748 280 744 837 24.459978 172.400497 62.922569 -0.281453 0.014187 0.061920 14.483112 -37.783657 467.166534 -18.655169 -39.745453 467.918457 47.621391 -35.821857 466.414612
583 124 603 111 630 114 651 132 628 139 604 137 767 134 789 115 817 113 840 127 817 140 791 141 958 271 -19.094189 61.711071 44.433678 0.367997 0.084240 0.006478 20.690292 -77.740334 361.225891 -12.397408 -78.458954 363.917969 53.777992 -77.021713 358.533783
525 119 543 107 567 108 586 123 566 130 544 130 699 122 720 108 746 107 768 119 746 129 722 130 1170 395 -61.007660 86.740456 46.442650 0.128319 0.202455 0.020619 -2.001292 -84.215317 381.562378 -34.521858 -85.322617 388.176483 30.519272 -83.108017 374.948273
576 126 596 115 620 117 641 132 619 138 596 137 759 132 780 117 806 115 828 126 806 136 782 138 680 780 37.077850 160.995758 61.735283 0.471350 0.053474 -0.001061 17.568062 -78.073021 363.243988 -15.590142 -78.449776 364.961884 50.726269 -77.696266 361.526123
576 118 597 106 622 108 643 124 621 130 597 129 760 124 781 107 808 105 830 117 808 128 783 130 879 423 -3.118377 91.372032 49.568684 0.428429 0.057646 -0.003647 18.104425 -81.048195 363.563385 -15.045854 -81.334526 365.444000 51.254704 -80.761856 361.682800
575 118 596 106 621 109 641 125 619 131 596 129 758 126 779 110 805 108 827 120 805 131 780 132 1066 652 -39.873699 136.979919 54.891647 0.429549 0.041824 0.009909 17.500641 -80.883743 364.896240 -15.673974 -81.496300 366.172699 50.675255 -80.271187 363.619781
576 117 597 105 622 107 643 124 621 129 597 128 759 123 780 106 807 104 829 117 807 128 783 129 1206 529 -67.921555 113.206993 50.136429 0.393784 0.055356 -0.001669 18.121010 -81.864250 365.821320 -15.033549 -82.167435 367.622101 51.275570 -81.561066 364.020508
583 110 604 98 630 101 650 118 627 124 604 122 765 120 786 104 813 103 834 116 812 126 788 127 629 259 46.275864 58.360138 46.672020 -0.424810 0.060747 0.052473 19.696363 -80.735664 359.120239 -13.403128 -82.002441 361.439423 52.795853 -79.468887 356.801056
584 114 603 104 627 106 647 121 626 127 604 125 765 124 786 109 811 107 833 118 811 129 787 129 910 663 -8.847493 138.673996 56.448414 0.478020 0.070844 0.015234 19.803535 -82.014954 366.014954 -13.315784 -83.052673 368.158173 52.922859 -80.977242 363.871735
585 110 606 99 631 101 651 117 629 123 606 121 767 120 788 104 814 104 836 116 813 126 790 126 450 397 82.102341 84.966202 52.180061 -0.435041 0.061118 0.055525 20.250261 -80.813026 359.255676 -12.843187 -82.162773 361.613953 53.343708 -79.463272 356.897400
582 109 602 97 628 99 648 116 626 122 602 120 763 119 784 102 810 101 832 114 810 125 786 125 1181 46 -63.822803 18.124346 35.996124 -0.415602 0.047959 0.047133 19.114704 -81.412766 359.811920 -14.016141 -82.605934 361.678223 52.245552 -80.219589 357.945648
589 108 609 96 634 99 653 116 632 122 609 120 769 118 790 102 816 100 839 113 816 124 792 125 773 390 17.890608 84.561714 49.425037 0.417763 0.054922 0.019361 21.855947 -84.556564 368.500214 -11.293391 -85.555878 370.137970 55.005287 -83.557251 366.862457
589 111 608 99 633 101 652 118 631 123 608 122 770 120 791 104 817 103 839 115 817 126 793 127 566 448 59.138195 95.347267 52.779160 0.447436 0.067829 0.019204 21.688194 -83.297852 366.408691 -11.435512 -84.409256 368.444489 54.811901 -82.186447 364.372894
587 106 607 95 632 98 652 115 630 120 607 119 767 118 788 102 814 100 837 112 814 124 790 124 1362 319 -99.306297 72.369095 42.672508 -0.439670 0.037092 0.045671 20.587975 -81.792450 359.050507 -12.560303 -82.993362 360.570099 53.736252 -80.591545 357.530914
593 109 613 98 637 101 656 117 635 122 612 120 774 120 795 105 820 104 842 116 820 126 796 126 244 279 122.834068 61.135098 50.301876 0.413221 0.033234 0.034973 23.021793 -83.858124 367.507812 -10.144929 -85.210915 368.343292 56.188519 -82.505341 366.672333
595 109 615 98 638 100 658 115 637 121 615 120 774 117 795 103 821 101 844 112 821 122 797 123 214 186 128.629272 42.751431 47.777832 -0.380843 0.032212 0.028854 23.903851 -84.554138 371.239319 -9.270291 -85.287750 372.463135 57.077995 -83.820534 370.015503
587 111 607 100 631 103 651 119 629 124 607 123 768 122 789 107 815 106 836 118 814 128 791 129 1407 576 -107.787407 123.057152 49.946465 0.461928 0.069372 0.027434 20.970592 -82.500465 365.332550 -12.143500 -83.900917 367.346313 54.084686 -81.100014 363.318787
591 110 611 100 634 102 654 116 633 122 611 121 770 119 792 105 818 104 840 114 818 124 793 125 1289 473 -84.519432 102.441521 47.819561 0.450890 0.114983 0.014646 22.367498 -84.430878 370.450287 -10.618251 -85.745148 374.024170 55.353249 -83.116615 366.876404
589 113 609 102 633 103 654 118 633 124 610 123 767 119 789 104 816 102 839 113 816 123 791 124 1001 205 -27.759733 48.858150 42.135418 -0.364181 0.022214 0.010614 22.228676 -83.980995 372.400909 -10.966185 -84.192833 373.185730 55.423538 -83.769157 371.616089
593 113 613 103 637 104 657 118 636 124 613 123 773 120 794 107 820 105 843 116 821 126 796 126 424 469 87.399796 99.050514 54.522362 0.416743 0.117827 0.009152 23.468191 -84.411934 373.334045 -9.508338 -85.508965 377.062958 56.444721 -83.314903 369.605164
594 111 614 100 638 103 658 119 636 124 614 122 774 123 795 108 821 106 843 118 821 129 797 129 367 478 98.745262 100.649231 55.239033 0.398691 0.038671 0.040849 23.393772 -83.419708 368.837708 -9.759214 -84.992271 369.820618 56.546761 -81.847145 367.854828
547 213 565 205 587 206 604 218 585 224 565 223 708 224 728 214 752 214 771 224 751 232 729 231 1254 210 -78.036720 50.603355 40.288639 -0.159097 0.014692 0.047857 3.767301 -54.617054 423.546661 -29.396000 -56.160069 424.158386 36.930603 -53.074039 422.934967
494 210 509 200 530 200 547 213 530 219 511 219 653 212 672 200 694 200 713 210 694 218 673 218 1162 564 -59.113102 119.959114 51.522366 -0.139595 0.068795 0.005580 -18.831942 -58.182301 425.351471 -51.957821 -58.207733 427.639496 14.293940 -58.156872 423.063477
554 194 573 186 595 188 614 200 594 205 573 203 715 204 734 194 756 194 773 204 754 212 733 211 383 163 94.997589 38.736069 45.762333 0.032305 -0.064062 0.044094 6.214944 -62.786617 428.883972 -26.889513 -64.214676 426.735687 39.319401 -61.358555 431.032288
559 198 577 191 598 192 616 203 597 208 577 207 721 209 740 200 762 201 780 210 761 217 740 216 191 612 133.968262 126.477516 60.604679 -0.092487 0.020747 0.059448 8.172843 -60.935982 427.870880 -24.966217 -62.874016 428.649536 41.311905 -58.997948 427.092255
557 191 575 182 596 184 614 196 595 201 575 200 717 203 736 193 759 194 777 205 757 212 736 210 220 113 127.305199 28.410202 45.563572 -0.062791 0.046890 0.067492 6.956964 -63.109867 425.958923 -26.135820 -65.298080 427.583405 40.049747 -60.921650 424.334412
557 193 575 186 596 188 614 198 595 202 575 201 716 203 735 195 756 196 772 205 754 211 734 210 81 871 156.298370 177.092331 69.160362 -0.032798 0.002081 0.057466 6.685799 -64.938286 439.887421 -26.464134 -66.843925 439.987762 39.835732 -63.032654 439.787109
558 183 576 175 598 177 616 189 597 194 576 193 716 194 735 184 756 185 773 195 755 202 734 201 299 261 111.869896 57.760036 49.333824 0.008171 -0.020461 0.055085 7.042705 -68.085068 436.734680 -26.104797 -69.910316 436.048218 40.190205 -66.259827 437.421143
551 188 569 181 590 182 608 192 589 197 569 196 709 197 728 188 749 189 766 198 747 205 727 204 598 652 53.145462 135.570953 58.582375 0.021989 -0.018154 0.046649 4.114133 -67.249504 440.259247 -29.049089 -68.791084 439.639709 37.277355 -65.707932 440.878754
556 184 574 177 595 178 612 189 594 193 574 192 714 193 732 185 753 186 770 195 751 201 731 200 170 592 138.106155 122.480240 60.176605 0.013409 0.001827 0.053192 5.849905 -69.027954 441.896301 -27.307890 -70.793701 441.945099 39.007702 -67.262207 441.847504
554 184 572 177 593 179 611 189 592 194 572 193 712 194 730 185 751 186 768 196 750 202 730 201 223 690 127.748505 141.916656 62.667686 -0.002791 0.005666 0.053049 5.260784 -69.056076 443.011780 -27.896786 -70.816444 443.202271 38.418354 -67.295700 442.821289
557 178 575 169 597 171 615 183 595 188 575 187 714 188 732 178 754 179 771 189 753 196 732 195 644 114 43.033234 29.883415 42.249519 0.027882 -0.050211 0.049162 6.452963 -70.647499 437.875763 -26.669905 -72.255135 436.187347 39.575832 -69.039864 439.564209
558 180 576 173 598 174 615 186 596 190 576 189 716 191 734 182 756 183 772 193 754 200 734 198 948 543 -16.616535 115.184082 52.586639 -0.018078 -0.026525 0.053741 7.046162 -70.261879 442.001434 -26.099039 -72.053146 441.137360 40.191364 -68.470612 442.865509
559 180 577 172 599 174 616 185 597 190 577 189 717 191 736 182 757 184 774 194 755 200 735 199 1005 433 -28.143980 93.718399 48.871868 -0.002903 -0.037760 0.057651 7.534233 -69.900917 440.186157 -25.591759 -71.815506 438.936096 40.660225 -67.986328 441.436218
560 184 578 178 599 179 616 189 597 193 578 192 718 195 736 187 756 188 772 197 755 203 735 201 832 831 6.958387 171.485214 62.050480 -0.081839 -0.020738 0.057842 7.627940 -69.489304 446.343445 -25.514240 -71.434753 445.734558 40.770119 -67.543854 446.952301
560 182 578 176 599 177 616 187 598 191 578 190 718 193 736 185 756 187 772 196 754 201 735 200 1237 665 -73.838043 140.051880 53.929008 -0.069749 -0.031876 0.057361 7.653315 -70.254005 446.598907 -25.480057 -72.192650 445.608459 40.786686 -68.315361 447.589355
569 176 587 168 609 170 626 181 607 186 587 185 725 188 743 179 765 180 781 190 763 197 743 195 366 296 98.616112 64.846336 49.844395 0.004557 -0.023821 0.067290 11.206493 -72.461464 446.145172 -21.913759 -74.692108 445.349792 44.326748 -70.230812 446.940552
566 174 585 166 607 168 624 180 605 185 584 184 722 187 741 177 763 178 779 190 761 197 740 195 384 11 94.524963 8.840277 41.242455 0.032607 -0.048608 0.068283 10.279220 -72.249870 443.249146 -22.809036 -74.487839 441.600372 43.367474 -70.011902 444.897949
568 181 586 175 606 177 624 186 605 190 586 189 725 193 743 186 763 188 779 196 761 201 742 200 741 878 25.130125 180.456268 64.163277 -0.080257 -0.026918 0.065590 10.745767 -70.855736 449.888489 -22.375673 -73.065308 449.083710 43.867207 -68.646172 450.693268
570 171 588 163 611 165 628 177 608 182 588 181 726 184 744 175 766 176 783 187 764 194 744 192 658 43 40.122688 15.959676 40.031536 0.003097 -0.042394 0.070794 11.781840 -73.760689 445.008942 -21.309990 -76.106552 443.599213 44.873672 -71.414833 446.418671
568 173 587 165 609 167 626 178 607 183 586 182 725 185 744 176 765 178 782 188 763 194 743 193 1383 294 -103.525276 67.514748 41.764793 -0.006988 -0.058242 0.061493 11.386275 -73.412560 445.351746 -21.699512 -75.458717 443.427307 44.472061 -71.366394 447.276184
599 466 619 456 643 455 663 465 642 472 620 473 779 464 798 454 820 455 839 465 819 471 798 471 202 786 132.095413 160.736893 65.682976 -0.837476 0.060829 0.010367 28.628744 43.337952 429.906952 -4.516481 43.829998 431.833496 61.773968 42.845901 427.980408
521 422 541 411 564 410 584 420 564 426 542 428 699 413 720 401 744 399 767 408 745 416 722 417 700 147 31.962193 36.543198 42.787472 -0.901525 0.067717 -0.036915 -2.242892 22.332729 408.367218 -35.355507 24.344193 409.805420 30.869722 20.321266 406.929047
525 429 546 419 570 420 591 432 569 436 547 436 705 424 726 409 752 406 776 414 753 424 729 426 202 226 131.086456 50.583412 49.059834 0.475655 -0.105563 -0.025997 0.413777 23.372738 371.612701 -32.598667 25.019342 368.446198 33.426224 21.726131 374.779205
529 436 549 426 572 425 592 435 572 441 550 441 708 429 728 417 752 415 775 423 753 431 730 432 382 508 95.817932 106.595474 56.011265 -0.925614 0.072612 -0.027976 0.829495 28.191133 409.810394 -32.281811 30.030033 411.489532 33.940800 26.352236 408.131287
491 472 503 462 519 461 533 468 519 475 504 477 623 461 637 452 655 451 671 458 656 465 639 466 1217 702 -69.796204 147.269669 55.185043 0.012347 -0.008377 -0.065266 -35.458172 54.816139 539.868103 -68.591125 56.983376 539.603577 -2.325216 52.648903 540.132690
492 502 506 489 528 488 547 501 529 508 510 509 644 491 660 476 683 473 702 482 684 493 664 495 735 377 25.420023 81.890175 49.338818 0.150424 0.003443 -0.098607 -22.701565 59.202801 459.620514 -55.745186 62.450806 459.979828 10.342058 55.954792 459.261200
510 448 531 436 556 435 578 446 556 454 532 456 712 441 734 428 760 428 782 438 760 448 735 448 634 33 44.874882 13.920394 39.923962 -0.926418 0.039925 -0.024449 -1.093781 29.742847 369.828217 -34.264740 31.014450 370.621948 32.077179 28.471243 369.034454
515 440 536 426 562 424 584 435 562 446 537 448 717 431 739 419 766 420 789 434 766 442 741 441 402 2 90.931091 7.124145 40.833344 -0.915833 0.058841 -0.003121 0.903724 27.084085 373.576599 -32.247379 28.007404 375.223267 34.054829 26.160765 371.929962
519 444 540 430 566 428 588 438 566 449 541 452 719 435 741 424 768 425 791 439 768 447 743 445 658 306 40.596535 67.692474 47.838478 -0.941227 0.054361 -0.001328 1.958036 28.972141 378.879181 -31.201218 29.798386 380.409210 35.117287 28.145895 377.349182
527 456 548 445 572 444 593 452 572 462 549 464 723 449 745 441 771 442 793 452 771 460 746 459 513 751 70.218338 154.788605 62.191433 -0.961027 0.053821 0.003451 3.755234 34.169827 383.607483 -29.404903 34.866592 385.182098 36.915371 33.473064 382.032898
524 445 544 431 569 430 590 440 568 450 545 452 720 437 741 427 767 428 788 441 766 449 742 447 1411 243 -109.182411 57.567211 40.030087 -0.923039 0.039183 -0.001693 2.383400 29.946075 383.993225 -30.797642 30.553600 385.092804 35.564442 29.338549 382.893646
531 446 552 433 576 432 597 441 576 451 552 453 728 440 750 430 775 432 797 445 775 452 750 450 590 328 54.151779 71.815208 49.027790 -0.948745 0.054002 0.018059 5.180947 30.673519 382.662537 -27.973967 30.948641 384.461304 38.335861 30.398396 380.863739
511 433 531 420 554 418 574 427 554 437 531 439 698 425 720 415 746 416 769 429 746 436 721 434 1382 189 -103.515694 46.857960 38.655842 -0.919347 0.070205 0.012380 -4.051411 26.251257 394.874603 -37.177662 26.893774 397.065094 29.074839 25.608740 392.684082
517 432 536 418 561 416 581 427 560 437 537 440 705 425 727 414 754 415 777 428 754 436 729 435 1052 160 -37.977512 40.160076 40.397434 -0.922561 0.070990 0.011676 -1.478004 26.021015 393.053192 -34.602844 26.698250 395.254547 31.646835 25.343782 390.851807
520 427 539 415 562 413 581 422 561 431 539 433 707 420 729 411 754 413 775 425 753 432 730 430 1426 86 -112.446663 26.730057 35.251377 -0.902320 0.062874 0.016391 -1.071855 24.452215 395.152313 -34.211227 24.858593 397.195953 32.067516 24.045839 393.108673
526 433 547 424 569 424 589 433 568 439 546 440 711 432 733 422 758 423 780 432 757 439 734 438 491 291 73.762245 64.239159 48.710205 -0.917370 0.071779 0.026318 0.926448 27.791662 393.286713 -32.187988 28.054249 395.720795 34.040882 27.529074 390.852600
524 436 544 427 566 427 586 436 565 442 544 442 708 434 730 425 754 425 776 434 754 440 731 440 737 355 24.982868 77.568741 48.669994 -0.930489 0.063445 0.017088 -0.163586 28.801538 395.303741 -33.301769 29.223993 397.363312 32.974598 28.379082 393.244141
532 441 552 430 575 429 595 438 575 447 552 449 722 438 744 430 769 432 791 443 768 450 744 448 297 744 113.137642 152.761398 63.687057 -0.959747 0.073281 0.038266 4.055942 30.532883 393.409668 -29.043913 30.529972 396.047699 37.155796 30.535793 390.771606
524 431 544 417 568 416 588 426 567 436 544 438 715 425 736 415 763 416 785 430 762 437 737 435 1345 1 -96.500336 9.766471 33.367001 -0.890262 0.062605 0.019000 1.451305 25.766647 390.568176 -31.687038 26.081772 392.644379 34.589649 25.451523 388.492004
534 430 554 417 579 416 599 427 577 437 554 438 726 427 748 417 774 419 797 432 774 440 749 438 196 8 131.886230 7.684170 42.636002 -0.910053 0.082698 0.041845 5.364896 26.243719 389.486877 -27.706976 26.204853 392.454956 38.436768 26.282585 386.518829
622 492 640 483 660 481 678 487 660 494 640 497 781 487 798 482 818 484 835 494 818 498 799 495 519 274 68.166367 60.979507 47.984760 -1.008674 0.056552 0.027401 35.759853 59.185562 474.951416 2.615208 59.292007 476.946594 68.904503 59.079117 472.956238
545 424 560 415 580 414 596 423 579 430 560 431 702 426 722 418 744 420 764 431 743 436 722 434 1138 95 -55.187889 27.633318 37.789753 -0.443209 0.186552 0.051541 0.669319 27.428057 421.572784 -31.925629 27.128759 427.900452 33.264267 27.727352 415.245117
544 459 562 451 580 452 597 461 579 463 561 463 687 462 707 454 728 454 747 463 727 466 707 465 1222 560 -71.045837 119.352943 50.930462 -0.915572 0.060934 0.041418 -2.261410 48.120670 492.669952 -35.382259 47.793705 495.007050 30.859438 48.447636 490.332825
562 453 580 446 599 447 616 456 598 458 580 458 713 457 733 449 755 449 775 458 754 462 734 461 937 197 -15.053578 47.091850 42.402660 -0.957912 0.075343 0.050892 7.725698 42.987888 463.446930 -25.352137 42.655563 466.328949 40.803532 43.320213 460.564911
638 470 657 461 678 460 697 467 677 473 657 475 803 470 820 465 839 468 856 477 839 481 820 478 387 691 95.153854 142.607101 61.404037 -0.960347 0.033233 0.048446 43.629768 49.799728 466.185730 10.477972 48.918285 467.841339 76.781570 50.681168 464.530151
629 459 648 451 669 452 688 460 668 465 648 465 790 460 809 452 829 451 848 459 829 465 809 465 547 68 62.229965 20.543062 41.649006 -0.923668 0.087638 0.031869 38.448368 43.864487 456.875214 5.377856 44.202007 459.839478 71.518883 43.526962 453.910980
584 457 603 451 621 451 638 460 620 462 602 462 737 463 757 456 777 457 796 464 776 467 757 466 1029 576 -32.656548 121.919128 52.927437 -0.987980 0.077640 0.065126 17.448832 45.282398 463.915802 -15.599049 44.630497 467.073700 50.496712 45.934303 460.757904
586 453 604 447 622 448 639 456 621 458 603 457 736 460 756 453 776 454 795 462 775 465 756 463 1293 228 -85.755890 54.261417 40.515392 -0.983655 0.078981 0.076474 17.396282 43.803032 463.446960 -15.623724 42.846409 466.812042 50.416290 44.759655 460.081909
587 447 605 440 625 441 641 451 623 454 604 453 741 454 761 445 782 445 801 454 781 458 761 458 624 77 46.941746 22.545204 41.308929 -0.916461 0.097933 0.068785 18.949398 41.043175 463.650391 -14.034083 40.457737 467.432831 51.932880 41.628613 459.867950
585 449 603 441 622 443 639 452 620 455 602 454 737 455 756 447 777 447 796 456 776 460 757 459 941 264 -15.727900 60.282970 44.359955 -0.923529 0.088063 0.065576 17.747509 42.236324 469.839142 -15.271174 41.615185 473.294617 50.766193 42.857464 466.383667
583 446 601 438 621 440 638 450 619 452 600 451 735 453 754 445 776 445 795 454 775 458 755 457 1229 13 -73.422684 11.777669 34.638008 -0.925836 0.078759 0.069146 16.947102 41.052570 467.017273 -16.088165 40.200214 470.258301 49.982368 41.904930 463.776276
589 449 607 442 626 443 643 453 625 455 606 454 741 457 761 450 783 451 802 460 781 463 761 461 382 320 95.479210 69.615372 50.430637 -0.978636 0.087165 0.088702 19.292143 42.132782 460.374908 -13.676064 40.947506 464.150116 52.260349 43.318058 456.599701
590 453 608 446 626 447 642 456 624 458 607 458 733 457 751 449 771 449 789 456 770 460 752 460 541 857 64.844070 175.723389 65.117142 0.557700 -0.025882 0.030035 17.737652 43.296818 469.791901 -15.441735 42.584133 468.705658 50.917038 44.009506 470.878174
592 450 610 443 630 445 647 455 628 456 609 456 746 459 766 452 787 453 806 462 786 465 766 463 484 212 75.011223 48.678574 46.420357 -0.944592 0.088779 0.088642 21.129734 43.250683 464.427612 -11.832954 42.023037 468.237305 54.092422 44.478329 460.617920
589 451 607 444 626 445 643 455 624 457 606 456 740 457 759 449 780 449 799 457 779 461 760 461 725 286 27.243656 63.960133 46.716419 0.578295 -0.017586 0.044753 18.605364 41.124878 447.877899 -14.562127 39.885021 446.908447 51.772858 42.364735 448.847382
591 448 609 441 628 442 645 452 626 455 608 454 744 457 763 448 784 449 803 457 783 461 763 461 1059 124 -39.433689 33.099854 39.273602 -0.916023 0.083842 0.078243 20.457113 42.220509 467.763733 -12.544429 41.163147 471.276550 53.458652 43.277870 464.250946
597 450 616 444 634 446 651 455 633 456 615 455 749 461 769 454 790 455 808 463 788 466 769 465 304 379 111.088707 80.986000 52.797127 0.603839 0.021327 0.060307 21.996964 41.625843 443.046692 -11.141979 39.536861 443.125885 55.135906 43.714825 442.967499
595 445 613 438 632 440 648 450 630 452 612 451 743 454 763 445 784 445 802 454 783 458 763 457 331 56 105.140266 17.532333 42.996208 0.551623 -0.012632 0.055785 20.716946 39.721981 453.046478 -12.434931 38.075912 452.150269 53.868820 41.368050 453.942657
595 453 613 447 631 448 648 457 630 458 612 457 745 462 764 456 785 456 803 464 784 467 764 465 999 617 -26.619913 129.893616 54.381073 -0.988907 0.068693 0.085920 21.352087 44.690380 467.322449 -11.667859 43.323208 470.543243 54.372036 46.057552 464.101624
595 454 613 448 631 450 647 458 629 459 612 459 744 463 763 457 783 458 802 465 782 468 763 466 1012 730 -29.000185 152.160156 57.632866 -0.990211 0.070823 0.085009 21.107857 45.439732 469.478058 -11.909972 44.132568 472.745148 54.125687 46.746891 466.210968
372 375 384 367 399 367 411 373 399 378 385 379 483 373 495 367 509 368 520 376 509 380 495 379 894 0 -6.861883 8.211971 36.893982 -0.384716 -0.283993 -0.042671 -123.914223 10.607240 657.120239 -155.775879 10.190964 647.781006 -92.052559 11.023515 666.459473
377 374 389 367 403 367 415 373 403 377 389 378 483 374 495 368 509 369 520 376 508 380 495 379 579 215 56.134533 49.554691 45.760223 -0.379564 -0.238276 -0.026527 -126.252769 11.024076 676.156555 -158.519211 10.399117 668.343384 -93.986328 11.649035 683.969727
369 376 382 369 397 368 410 374 396 379 382 380 483 375 495 370 509 371 521 378 509 381 495 380 556 505 61.228481 106.529213 54.550018 -0.479366 -0.283210 -0.046022 -122.391815 11.211441 645.634521 -154.264999 10.465377 636.355347 -90.518631 11.957505 654.913696
373 374 385 367 400 367 412 373 399 378 385 379 483 375 495 369 510 370 521 377 509 381 496 380 385 30 94.360443 12.580638 41.798565 -0.477753 -0.251950 -0.032927 -122.421623 10.991953 650.821167 -154.580444 10.082561 642.602722 -90.262810 11.901343 659.039673
372 377 385 369 400 369 412 374 399 380 385 381 484 376 496 371 510 372 522 380 510 383 496 382 234 526 125.266678 109.690544 57.712734 -0.454632 -0.277831 -0.035519 -123.174438 12.051450 655.146667 -155.107422 11.127882 646.091797 -91.241447 12.975017 664.201599
374 376 386 369 401 369 413 374 400 379 387 380 484 376 496 370 510 371 521 379 509 382 496 381 104 641 151.312531 131.919968 62.151615 -0.398342 -0.289879 -0.033155 -124.513695 11.948216 665.252136 -156.333633 11.126466 655.798279 -92.693748 12.769967 674.705994
375 375 387 369 401 368 413 373 401 378 387 379 484 375 495 370 509 371 520 378 509 381 496 380 870 303 -1.545752 67.740616 46.077557 -0.455796 -0.257020 -0.029718 -123.776031 11.477104 660.388672 -155.894653 10.518497 652.019958 -91.657417 12.435710 668.757385
371 376 384 370 399 369 412 374 398 379 384 380 485 376 497 372 511 373 523 380 511 384 497 382 272 653 117.942657 134.786179 61.182949 -0.461788 -0.296917 -0.033813 -121.416435 11.966516 646.728638 -153.175613 10.813917 637.106445 -89.657265 13.119114 656.350830
373 378 385 370 401 369 413 375 400 380 386 382 484 375 496 369 511 370 522 378 510 382 497 381 9 278 169.540604 60.230896 52.125443 -0.370762 -0.305144 -0.051178 -124.182106 12.063337 663.511902 -155.828186 11.855298 653.459900 -92.536026 12.271377 673.563843
372 376 385 368 400 367 412 373 399 379 385 380 484 374 495 368 510 369 522 377 510 381 496 380 550 106 61.702156 28.026794 42.753345 -0.398028 -0.295198 -0.043047 -123.578285 11.064916 657.749756 -155.335785 10.525216 648.068359 -91.820786 11.604615 667.431152
372 376 385 368 399 367 412 373 399 379 385 380 484 374 495 368 509 369 521 377 509 380 496 379 889 224 -5.464506 52.258312 43.582668 -0.359394 -0.327162 -0.049141 -124.592194 11.052475 662.415649 -156.015732 10.706481 651.691772 -93.168663 11.398468 673.139526
374 377 386 370 401 369 413 375 400 380 386 381 485 376 497 371 511 372 522 380 510 383 497 382 170 812 138.502533 165.754822 66.707123 -0.451390 -0.281351 -0.036311 -122.446892 12.160125 655.363342 -154.346954 11.250501 646.191711 -90.546844 13.069748 664.534973
377 376 389 370 403 369 415 375 402 380 389 380 486 377 497 372 511 373 522 380 510 383 497 382 846 755 4.038833 156.577957 59.684074 -0.396128 -0.280455 -0.024211 -125.443184 12.517550 675.159546 -157.358093 11.481739 666.053223 -93.528275 13.553361 684.265869
373 376 385 368 400 367 413 373 400 379 386 380 483 374 495 368 509 369 521 377 509 381 496 380 969 150 -21.498543 37.943165 40.755146 -0.352991 -0.318614 -0.045200 -125.447617 11.289689 667.961060 -156.965561 10.902110 657.519409 -93.929672 11.677268 678.402771
374 379 386 371 401 370 414 376 401 381 387 382 484 376 496 371 510 372 521 379 509 383 496 382 628 538 46.977299 113.237167 54.961792 -0.425136 -0.266940 -0.045121 -124.692467 12.803230 666.047424 -156.705994 12.394247 657.242493 -92.678947 13.212214 674.852417
373 378 386 370 401 369 413 375 400 380 386 382 484 376 496 370 511 371 523 379 510 382 497 381 260 404 119.879143 85.771095 53.886223 -0.408596 -0.276690 -0.046248 -123.663277 12.204503 661.070007 -155.588074 11.839190 651.946777 -91.738487 12.569815 670.193298
375 378 387 371 402 370 414 376 401 381 387 381 485 377 496 372 510 373 521 380 510 383 497 382 426 739 87.488739 152.166245 62.521320 -0.427028 -0.266576 -0.031905 -123.424202 12.703379 660.833374 -155.457458 11.868203 652.130920 -91.390938 13.538554 669.535767
374 378 386 372 400 371 412 375 400 380 386 381 483 376 495 372 508 373 520 379 508 382 495 381 1209 725 -68.164696 151.769745 55.930870 -0.466051 -0.259113 -0.045499 -124.506569 12.563165 661.694275 -156.589493 12.045350 653.151611 -92.423637 13.080980 670.236938
367 325 378 318 391 317 402 323 391 327 378 328 469 324 480 318 493 319 504 326 493 329 481 328 605 866 52.139713 177.686386 64.879585 -0.343835 -0.192419 -0.028920 -142.928314 -22.081491 717.473572 -175.512665 -22.230211 711.086243 -110.343948 -21.932774 723.860840
383 296 393 290 404 290 413 296 403 298 393 298 474 298 484 292 496 292 505 299 495 301 484 301 680 615 36.780567 128.539825 56.837395 -0.514398 -0.144613 -0.020603 -150.075958 -44.104939 782.922729 -182.934875 -44.658836 778.174683 -117.217033 -43.551041 787.670837
593 212 605 205 619 205 631 210 618 215 605 216 706 211 718 206 732 207 744 214 732 218 718 217 294 652 113.568161 134.655716 60.979771 -0.302520 0.007128 0.014277 11.773673 -86.114952 631.583313 -21.426945 -86.546288 631.887573 44.974293 -85.683617 631.279114
590 194 602 187 616 186 629 192 616 198 602 199 704 193 716 187 731 188 743 196 731 200 717 199 1136 263 -54.487682 60.673340 42.792469 -0.240109 0.006089 0.009773 10.429459 -95.094551 620.658447 -22.773165 -95.391800 620.897461 43.632080 -94.797302 620.419434
590 188 602 181 617 180 629 186 616 191 602 192 705 187 717 181 732 182 744 190 732 194 718 193 1071 514 -41.116127 109.850014 50.755798 -0.259161 0.000065 0.012419 10.695390 -98.046959 616.982361 -22.506876 -98.454453 617.037659 43.897655 -97.639465 616.927124
592 191 604 184 619 183 631 189 618 194 604 195 707 190 719 185 734 186 746 193 733 197 719 196 505 589 71.516525 122.898697 57.445686 -0.258464 0.006958 0.017113 11.875813 -97.050980 622.593140 -21.323364 -97.583199 622.894592 45.074993 -96.518753 622.291626
594 194 606 187 621 186 633 193 620 198 606 199 709 194 721 188 736 189 748 197 736 201 722 199 91 347 153.366699 74.050247 53.526985 -0.242056 0.019388 0.022244 13.037827 -95.200188 622.574585 -20.152601 -95.853973 623.300964 46.228256 -94.546402 621.848206
590 189 603 181 618 181 630 187 617 193 603 194 705 188 718 182 733 183 745 191 733 195 718 194 1354 13 -98.267548 12.153998 33.652237 -0.222038 -0.006871 0.009724 11.321891 -97.854118 620.365479 -21.880579 -98.199577 620.174927 44.524361 -97.508652 620.556030
590 189 602 182 617 181 629 187 616 192 603 193 705 188 717 182 731 183 744 191 731 194 717 193 1315 601 -89.456551 127.697739 51.414097 -0.245330 -0.006275 0.008785 10.842965 -98.958031 625.037292 -22.359922 -99.272247 624.866577 44.045853 -98.643814 625.207947
592 189 604 182 619 181 631 187 618 192 604 193 707 188 719 183 734 184 746 191 734 195 720 194 2 485 171.304871 100.927269 58.325272 -0.266506 0.015785 0.019396 11.999721 -98.341011 622.497986 -21.194773 -98.907959 623.101196 45.194214 -97.774055 621.894775
593 198 605 190 619 189 631 195 619 200 605 201 707 196 719 190 733 191 745 199 733 203 719 201 377 663 97.090996 137.069321 60.651745 -0.265030 0.010528 0.013275 12.055476 -94.415726 627.548279 -21.144598 -94.805313 627.951843 45.255550 -94.026138 627.144714
592 188 604 181 619 180 631 186 618 192 604 193 707 187 719 182 734 183 746 190 733 194 720 193 374 525 97.438637 109.915329 56.578983 -0.237943 0.007737 0.014853 11.937458 -99.096733 624.239929 -21.262720 -99.554840 624.552856 45.137638 -98.638626 623.927063
591 194 603 187 617 186 629 191 617 196 603 197 705 192 717 187 731 188 743 195 731 198 717 197 1066 754 -39.689922 157.043594 57.919434 -0.239892 0.001636 0.007037 10.926789 -97.317978 630.451111 -22.277163 -97.542938 630.532776 44.130741 -97.093025 630.369446
591 193 603 185 618 184 631 190 618 196 604 197 706 191 718 185 733 186 745 194 733 198 718 197 1329 137 -93.075165 36.469860 37.530231 -0.209690 -0.006654 0.008209 11.560374 -97.096786 626.168274 -21.642591 -97.390450 625.977417 44.763340 -96.803131 626.359131
591 186 604 179 619 178 631 184 618 190 604 191 707 185 719 179 734 180 747 189 734 192 720 191 379 38 95.567406 14.136195 42.083355 -0.221417 0.012993 0.017539 11.881662 -99.462410 619.751465 -21.315273 -99.992416 620.243530 45.078598 -98.932404 619.259399
591 189 603 182 617 181 629 186 617 191 603 192 704 187 716 182 731 183 743 190 730 193 717 192 1346 680 -95.475739 143.330582 53.514679 -0.234896 -0.006313 0.005514 10.807081 -99.970230 630.092651 -22.396570 -100.176147 629.906372 44.010735 -99.764320 630.278931
591 191 604 184 618 183 630 189 617 194 604 195 705 189 718 184 732 185 744 193 732 196 718 195 589 500 54.660431 105.645050 54.141354 -0.236979 0.007232 0.010734 11.338757 -98.335197 628.739136 -21.863289 -98.659950 629.019043 44.540802 -98.010437 628.459229
591 191 603 183 618 182 630 188 617 193 603 194 705 188 717 183 732 184 744 192 732 195 718 194 857 481 1.358817 102.714554 51.463860 -0.232023 0.002156 0.008883 11.258392 -98.915230 629.165222 -21.945040 -99.199265 629.270203 44.461826 -98.631195 629.060242
592 189 604 183 618 182 630 187 617 192 604 193 705 187 717 183 731 184 743 191 731 194 718 193 587 820 55.634495 168.583878 63.656067 -0.235378 0.004807 0.009861 11.322373 -100.158264 632.826233 -21.880451 -100.463966 633.022705 44.525196 -99.852562 632.629700
593 197 605 190 619 189 631 194 619 199 605 200 706 195 718 190 732 191 744 198 732 201 719 200 397 686 93.157257 141.653702 61.176758 -0.239280 0.006424 0.011629 12.048578 -96.200180 635.657227 -21.153318 -96.557228 635.914490 45.250477 -95.843124 635.400024
591 186 604 178 619 178 631 184 618 190 604 191 707 185 719 179 734 180 747 188 734 192 720 191 213 18 128.525345 9.702377 42.798779 -0.186505 0.019559 0.018821 12.011494 -100.225975 623.942200 -21.181124 -100.786835 624.645935 45.204109 -99.665115 623.238525
590 188 602 181 617 180 629 185 616 191 602 192 704 186 716 180 731 181 743 189 731 193 717 191 1130 506 -52.857315 108.454018 50.053043 -0.218341 0.003696 0.005232 10.637074 -100.512100 629.693359 -22.567060 -100.671104 629.833984 43.841209 -100.353096 629.552734
499 318 514 309 533 305 551 309 535 318 517 321 662 295 677 287 694 284 710 289 696 297 679 299 481 847 76.751579 173.575714 65.293472 -0.244813 -0.154052 -0.159497 -16.882143 -22.043167 429.726898 -49.277992 -17.463362 424.061737 15.513703 -26.622974 435.392059
465 300 480 290 499 286 516 289 501 299 483 303 623 273 637 265 654 263 670 267 656 275 639 277 361 210 99.454964 47.914860 47.330986 -0.330583 -0.163428 -0.200787 -32.853611 -31.316498 445.370453 -64.961914 -25.727470 439.015991 -0.745303 -36.905525 451.724915
471 326 487 318 506 315 523 318 507 326 489 329 631 307 647 300 664 298 681 302 665 309 648 310 437 716 85.260948 147.675201 61.751835 -0.383866 -0.088840 -0.136461 -29.343021 -18.150858 440.106873 -62.113976 -14.307881 436.384552 3.427933 -21.993834 443.829193
436 338 452 326 472 322 492 327 475 336 455 340 599 311 616 299 636 295 656 301 639 310 619 313 937 284 -14.896831 64.204979 44.985184 -0.400640 -0.083552 -0.189946 -40.438576 -15.231520 423.204163 -72.940521 -9.682599 419.280853 -7.936625 -20.780441 427.127472
451 337 467 328 485 324 504 327 487 334 469 338 613 311 629 302 648 299 666 303 650 310 631 312 86 228 154.146088 50.627583 50.034000 -0.330155 -0.062908 -0.172181 -35.852692 -15.244057 428.578247 -68.506195 -10.002469 425.606049 -3.199185 -20.485643 431.550415
447 339 463 328 483 325 502 329 485 338 466 342 610 313 626 303 645 299 664 304 647 313 628 316 865 355 -0.458269 77.954102 47.660564 -0.322018 -0.088145 -0.178292 -37.072933 -14.537450 428.888702 -69.628799 -9.223273 425.089386 -4.517069 -19.851625 432.688019
454 335 470 325 489 321 508 325 491 334 472 337 615 309 631 300 650 297 668 301 652 309 633 312 326 337 106.640343 72.790726 51.376896 -0.355179 -0.063537 -0.173598 -35.039852 -16.070513 430.917664 -67.684845 -10.828693 427.853790 -2.394858 -21.312334 433.981537
450 340 466 331 484 327 502 329 486 337 468 341 611 314 627 306 645 303 663 307 647 314 629 316 606 828 51.872490 170.214706 63.743702 -0.401747 -0.076377 -0.176675 -37.061337 -14.090439 433.733368 -69.661171 -8.917142 430.121277 -4.461498 -19.263735 437.345459
448 335 464 325 483 321 501 325 485 334 467 338 611 310 627 300 646 297 663 301 648 310 629 312 605 423 51.341557 90.547119 51.729492 -0.354412 -0.090209 -0.177393 -36.991390 -16.066662 430.629761 -69.547653 -10.860738 426.686707 -4.435129 -21.272585 434.572815
449 335 465 325 484 321 503 325 486 334 467 337 609 309 626 299 645 296 663 300 647 309 628 311 531 450 66.098358 95.635300 53.114544 -0.374078 -0.077525 -0.183093 -37.190430 -16.231468 432.064026 -69.748657 -10.806446 428.445923 -4.632203 -21.656488 435.682159
445 339 461 329 480 325 498 328 482 337 463 341 606 311 621 302 640 298 658 302 642 311 624 313 834 591 6.128459 124.282600 54.910503 -0.374788 -0.086975 -0.191392 -39.109348 -15.241815 434.164764 -71.591629 -9.613369 430.192139 -6.627068 -20.870260 438.137360
444 335 460 327 478 323 496 325 480 333 462 337 606 308 622 300 640 297 658 300 642 308 624 310 706 667 31.706526 138.846634 58.175930 -0.409607 -0.093045 -0.190119 -39.149323 -16.262857 431.658569 -71.623390 -10.792914 427.407196 -6.675254 -21.732800 435.909943
434 337 450 325 470 320 489 326 472 336 453 340 594 309 609 297 629 293 647 300 632 309 613 312 1286 291 -84.251068 66.632614 42.440701 -0.241490 -0.134135 -0.196499 -43.924812 -16.443863 440.132996 -76.198830 -10.576077 434.983582 -11.650793 -22.311649 445.282410
569 386 592 375 618 376 641 389 617 396 592 395 774 392 796 379 822 377 843 387 821 398 797 398 523 313 67.441597 68.662956 49.110897 -0.555662 0.056477 0.027160 18.460135 10.150511 343.334991 -14.681158 9.802520 345.358185 51.601425 10.498503 341.311798
610 429 630 421 653 421 672 428 652 435 630 436 789 431 809 424 831 425 849 434 830 440 809 438 497 898 73.663330 183.655731 66.681190 -0.753803 0.078470 0.048498 31.885956 28.677063 418.620209 -1.184237 28.152822 421.560791 64.956154 29.201303 415.679626
518 180 541 174 567 178 589 194 565 193 541 190 723 207 747 197 773 199 794 211 770 215 746 213 709 729 31.221956 151.051239 59.992691 0.188080 -0.010544 0.107481 2.551312 -51.338215 341.407410 -30.460619 -54.846409 340.725739 35.563244 -47.830025 342.089111
715 332 737 324 761 326 781 338 759 342 736 340 892 353 911 346 933 349 950 362 930 365 910 362 127 385 146.279846 81.633331 54.371082 -0.322241 0.028446 0.140002 71.343811 -4.322758 411.171570 38.474354 -8.725215 412.837952 104.213264 0.079700 409.505157
712 130 736 118 764 120 786 134 761 141 735 140 919 146 942 136 968 140 988 156 965 161 941 157 190 55 133.163467 16.911131 44.078472 -0.321510 0.040501 0.116248 65.739883 -70.367577 348.821228 32.784191 -73.937721 350.754089 98.695580 -66.797440 346.888397
374 297 390 283 411 278 431 282 414 294 394 300 548 259 567 248 590 246 612 254 593 263 570 265 1384 116 -104.044739 32.504688 36.473122 -0.253857 0.102437 -0.164686 -58.481274 -31.142414 394.628937 -91.066879 -25.338509 397.284576 -25.895662 -36.946320 391.973297
465 385 481 377 499 375 516 382 500 388 482 389 603 376 616 367 633 366 647 373 633 379 618 379 183 618 135.569138 127.633644 60.845871 -0.370419 -0.135155 -0.087753 -44.069462 10.563970 519.528748 -76.848984 12.579234 514.629578 -11.289943 8.548704 524.427856
600 516 614 509 630 510 643 517 629 520 614 520 715 518 728 510 742 510 755 516 743 520 729 520 55 215 160.284195 47.977119 49.892574 0.238956 0.056034 -0.021248 16.975510 90.180038 603.305176 -16.169981 90.657280 605.230896 50.120998 89.702805 601.379456
460 436 476 427 495 426 512 434 495 440 477 441 604 427 619 417 637 415 653 422 637 429 620 431 551 796 62.746574 163.754623 63.227547 -0.091884 -0.088008 -0.069884 -42.611965 33.880898 498.072021 -75.607475 36.059204 495.053558 -9.616460 31.702589 501.090485
431 414 445 404 463 402 479 407 464 414 447 417 569 399 584 391 602 390 618 397 603 403 586 403 1036 77 -34.946915 23.785585 38.059826 -0.497520 -0.100546 -0.112612 -58.842461 22.461514 507.188965 -91.677338 25.222610 503.089355 -26.007586 19.700417 511.288605
427 457 442 449 460 448 477 454 461 459 444 461 572 449 589 441 608 441 625 447 608 453 590 453 1157 306 -58.584148 69.194778 43.903278 -0.345425 -0.093787 -0.060817 -55.342018 43.028744 481.964355 -88.341660 44.472107 478.573181 -22.342377 41.585381 485.355560
416 467 431 458 450 456 468 464 451 470 433 472 561 458 578 448 598 447 616 454 599 461 580 462 1288 846 -83.648636 175.808594 58.899651 -0.363921 -0.113347 -0.078544 -60.142708 47.060905 484.683258 -93.035759 48.927368 480.545258 -27.249653 45.194447 488.821228
498 432 514 424 533 424 549 432 533 437 514 438 645 432 662 424 681 423 698 430 681 437 663 437 214 51 128.386047 16.196575 43.770470 -0.410604 -0.054880 -0.013675 -22.411722 33.019722 472.377045 -55.564186 33.092133 470.514618 10.740739 32.947311 474.239471
492 444 508 436 528 436 545 443 527 449 509 450 638 443 653 435 671 435 686 443 670 449 653 448 643 805 44.476971 165.801926 62.769176 -0.386008 -0.112192 -0.013921 -26.880089 39.940514 492.552277 -59.875553 39.681026 488.838593 6.115376 40.199997 496.265991
483 445 500 437 519 436 536 443 519 449 500 450 629 441 644 433 662 433 677 441 662 446 645 446 711 874 31.085686 179.579132 64.281128 -0.454329 -0.104816 -0.033469 -30.871979 39.413021 491.899231 -63.879429 39.707989 488.296326 2.135470 39.118053 495.502106
484 447 500 438 520 437 537 445 520 451 501 452 631 444 646 435 665 435 680 443 664 449 647 449 756 644 21.727142 134.473007 57.098885 -0.389468 -0.102717 -0.024507 -29.936769 40.291939 489.207672 -62.958942 40.428555 485.732483 3.085404 40.155319 492.682861
481 448 498 439 518 438 535 446 518 453 499 453 629 444 645 435 663 435 679 444 663 450 645 450 1128 490 -52.488625 105.300758 49.593868 -0.376902 -0.116849 -0.030372 -30.522497 40.383255 486.140686 -63.488453 40.643944 482.173615 2.443457 40.122566 490.107727
483 443 499 434 518 433 535 442 518 447 500 448 629 439 644 431 662 431 677 439 662 445 645 445 127 566 146.605942 117.236511 59.743919 -0.412112 -0.094059 -0.029040 -30.954308 38.630440 490.200958 -64.000626 38.932125 486.974609 2.092013 38.328754 493.427307
477 447 493 438 512 437 529 445 512 451 494 452 624 442 639 433 657 433 672 441 657 447 640 447 1432 851 -112.260910 177.225647 57.912460 -0.454536 -0.119040 -0.045320 -33.154644 39.802990 488.072571 -66.095062 40.370785 483.929352 -0.214232 39.235195 492.215820
507 337 526 327 547 327 565 337 546 343 526 344 665 340 683 330 704 330 722 340 704 347 684 346 465 44 78.484955 15.575326 41.583252 -0.322736 -0.077367 0.004552 -13.753162 -7.742971 444.251740 -46.859165 -8.302108 441.753845 19.352842 -7.183836 446.749634
504 358 523 348 544 348 563 359 543 364 523 364 669 361 688 351 710 350 729 360 710 366 689 366 640 49 43.711159 17.085701 40.351593 -0.396826 -0.064773 0.002232 -12.644443 0.830048 425.416534 -45.780453 0.336905 423.337769 20.491568 1.323191 427.495331
537 327 556 319 577 320 595 331 576 336 555 335 700 335 718 326 739 326 756 335 738 342 718 341 146 193 142.157486 43.923626 48.521881 -0.325281 -0.062674 0.028413 -0.430509 -10.145597 428.877533 -33.557426 -11.407107 426.986603 32.696407 -8.884089 430.768433
483 365 502 355 525 355 544 367 524 372 503 372 652 366 671 354 693 353 711 362 692 370 671 370 1002 439 -27.536894 94.889580 49.073631 0.133455 -0.021586 -0.010488 -19.795799 2.867888 416.617401 -52.991066 3.262813 415.926025 13.399467 2.472963 417.308777
484 357 504 345 527 345 547 359 527 365 505 365 652 357 671 343 694 341 713 352 694 361 672 362 1347 33 -96.840202 16.066977 34.301125 0.038581 -0.031101 -0.024992 -19.219378 -0.577945 419.009399 -52.397770 0.271409 417.993256 13.959013 -1.427300 420.025574
490 363 509 354 531 354 550 364 531 369 510 370 657 363 675 352 696 351 714 359 696 366 676 367 1179 786 -62.092022 163.678284 57.978191 -0.424511 -0.072188 -0.029278 -18.208225 2.018724 429.787354 -51.313847 2.460055 427.260925 14.897395 1.577394 432.313751
490 360 509 350 531 350 550 360 530 365 510 365 656 359 674 348 695 347 712 356 694 363 674 363 1061 795 -38.622261 165.093353 59.175915 -0.436525 -0.074757 -0.030103 -18.682379 0.493634 432.534485 -51.781120 0.927736 429.918304 14.416364 0.059531 435.150665
478 356 497 344 520 344 540 357 520 363 498 364 645 354 664 340 687 338 705 349 686 358 665 359 1326 96 -92.552757 28.396021 36.336838 0.018195 -0.036411 -0.036088 -22.060778 -1.525420 421.330597 -55.221966 -0.316713 420.133057 11.100413 -2.734127 422.528137
486 364 504 354 526 354 546 365 526 370 505 370 652 362 670 351 692 350 710 359 691 366 671 366 950 741 -16.657316 154.137222 58.448334 -0.418477 -0.064048 -0.036835 -20.080091 2.001482 429.668396 -53.195629 2.749785 427.353027 13.035446 1.253178 431.983734
490 356 509 346 530 346 549 356 530 362 509 362 658 354 676 343 698 342 717 350 698 358 677 359 741 482 24.416649 102.562019 52.408340 -0.409746 -0.052096 -0.034482 -17.624908 -1.323167 422.498840 -50.765846 -0.560050 420.586884 15.516028 -2.086284 424.410797
492 355 511 345 533 345 552 355 532 361 512 361 660 353 678 341 701 340 720 349 701 357 680 357 322 338 107.437180 72.975380 51.438122 -0.400956 -0.034958 -0.033511 -16.759760 -1.790195 422.112366 -49.926167 -0.937049 420.762817 16.406647 -2.643342 423.461914
486 356 504 347 526 346 545 356 526 362 505 363 653 353 671 342 693 341 712 348 693 356 673 357 1250 328 -77.029083 73.802223 43.822918 -0.407124 -0.067666 -0.047758 -19.344883 -1.515940 422.778381 -52.437439 -0.426206 420.277435 13.747675 -2.605673 425.279327
488 360 507 350 530 350 549 360 529 366 508 366 655 358 673 346 695 345 713 353 694 361 674 361 923 617 -11.514237 129.664810 54.980423 -0.399488 -0.066339 -0.041684 -18.824059 0.121278 429.382660 -51.928360 1.033509 426.967560 14.280242 -0.790954 431.797760
491 358 510 349 531 349 550 358 531 363 511 364 658 356 676 345 697 344 716 351 697 359 677 360 1003 647 -27.360897 135.806747 55.240055 -0.440597 -0.060425 -0.041817 -17.615852 -0.636938 424.977753 -50.732494 0.271163 422.736572 15.500792 -1.545040 427.218933
485 362 504 351 527 350 546 361 526 367 505 368 653 358 671 346 692 344 710 354 692 361 672 362 960 426 -19.212442 92.206001 49.018955 -0.387594 -0.065300 -0.046160 -19.855984 0.472000 428.431122 -52.956009 1.550282 426.025848 13.244039 -0.606282 430.836426
488 354 507 344 529 343 549 354 529 361 508 361 656 351 674 339 697 337 717 346 698 355 676 356 943 73 -16.469543 22.718786 38.674503 0.001610 -0.008124 -0.038648 -17.976786 -2.547386 416.460083 -51.155708 -1.264208 416.191437 15.202136 -3.830563 416.728760
491 362 509 353 530 352 549 361 530 367 510 367 658 359 676 348 697 347 716 355 697 362 677 362 780 865 17.355106 178.016541 63.469822 -0.461681 -0.055544 -0.043638 -17.707695 0.691878 424.498535 -50.831165 1.670698 422.392059 15.415777 -0.286942 426.604980
488 359 506 349 527 349 546 358 528 364 507 364 654 355 673 344 694 343 713 350 694 357 674 358 1384 569 -103.228561 121.610985 49.920059 -0.437890 -0.072924 -0.053072 -18.871565 -0.847578 424.537628 -51.943562 0.335146 421.816650 14.200432 -2.030302 427.258636
491 355 509 346 530 345 550 355 530 360 510 361 658 352 676 341 698 339 717 347 698 354 677 355 861 412 0.439464 89.154114 49.384109 -0.430980 -0.055007 -0.048619 -17.575083 -2.108395 422.271820 -50.691833 -0.932297 420.160583 15.541666 -3.284494 424.383057
495 357 513 348 534 347 553 356 534 362 514 363 661 353 680 342 701 341 721 349 702 356 681 357 138 564 144.416000 116.876221 59.597805 -0.462539 -0.030797 -0.041867 -16.134031 -1.290012 421.673737 -49.294800 -0.181740 420.371918 17.026737 -2.398283 422.975555
