503 70 520 61 540 64 554 79 536 83 518 80 648 88 665 77 686 79 701 92 684 98 665 96 1369 233 -100.852554 55.473740 40.064465 -0.148817 0.012394 0.106402 -20.713144 -120.335938 468.822327 -53.727978 -123.818680 469.493713 12.301692 -116.853195 468.150940
483 72 500 63 521 64 537 78 519 82 500 81 632 84 649 72 668 73 683 85 667 91 649 90 1379 383 -102.569885 85.009247 44.438232 0.010556 -0.047243 0.050736 -28.558992 -122.543350 472.827423 -61.684048 -124.218369 471.251129 4.566062 -120.868332 474.403717
548 90 566 84 586 86 601 98 583 102 565 100 695 105 710 96 727 98 740 106 725 113 709 112 392 631 94.051956 130.820007 59.583557 0.198434 -0.448819 0.020388 0.117360 -111.195587 462.939972 -29.803013 -110.396515 448.563171 30.037733 -111.994659 477.316772
509 71 528 62 549 64 565 77 546 82 526 80 662 85 679 74 699 75 714 87 697 93 679 92 668 343 38.675610 75.000572 48.857929 0.156634 -0.119582 0.055002 -15.308787 -120.706955 466.089172 -48.226967 -122.210693 462.003601 17.609392 -119.203217 470.174744
543 59 561 54 579 57 594 67 577 70 559 67 691 77 706 71 723 74 736 83 721 87 705 85 313 873 110.189919 178.184204 67.390137 0.079715 -0.058147 0.111631 -3.356463 -127.899994 480.166718 -36.298737 -131.516174 478.095612 29.585810 -124.283813 482.237823
521 61 539 54 560 56 575 69 557 72 537 70 671 77 688 68 707 70 722 81 705 86 687 85 429 247 86.006020 55.397579 47.893044 0.135482 -0.082544 0.085126 -11.458014 -124.015121 466.602173 -44.430027 -126.641304 463.685120 21.513998 -121.388931 469.519196
504 62 522 53 543 56 559 69 540 73 521 72 655 77 672 67 692 68 707 80 690 86 672 85 1120 32 -51.723736 15.186860 36.061600 0.065953 -0.045792 0.078365 -18.362722 -123.427467 464.396973 -51.430908 -125.974014 462.793945 14.705464 -120.880920 466.000000
508 63 525 55 545 56 561 68 543 73 524 72 656 74 671 65 689 66 702 76 687 82 670 81 1269 439 -80.605515 95.693420 46.968025 0.192320 -0.374263 0.010266 -17.193916 -123.098938 460.235046 -48.105595 -122.252365 448.139130 13.717761 -123.945511 472.330963
491 60 510 51 532 51 548 63 529 70 509 70 646 68 662 58 681 59 694 69 679 77 661 76 1247 262 -76.551720 60.810818 41.887421 0.161681 -0.419739 -0.025855 -21.133444 -120.623520 443.610474 -51.451469 -118.685974 430.208130 9.184583 -122.561066 457.012817
491 60 509 52 530 53 546 65 528 70 508 69 646 71 662 61 681 62 695 72 679 79 661 78 1297 495 -86.069870 106.793068 48.409527 0.156653 -0.203216 0.031260 -22.608551 -122.733719 454.436005 -55.115410 -123.234596 447.682281 9.898312 -122.232841 461.189728
505 62 524 51 546 52 563 65 544 72 523 72 659 69 674 57 693 58 706 69 691 77 674 77 908 105 -9.455328 28.907898 39.900414 0.159400 -0.545205 -0.058549 -15.070486 -118.543907 436.768463 -43.417534 -115.299675 419.783783 13.276563 -121.788132 453.753143
493 63 511 55 532 57 548 69 529 73 510 71 646 76 663 67 683 69 698 79 681 84 663 83 1289 624 -84.247375 132.143631 52.301876 0.255519 -0.116956 0.061281 -22.471201 -124.241844 466.389465 -55.388554 -125.755997 462.301086 10.446152 -122.727692 470.477844
509 60 528 51 550 52 566 64 547 71 526 71 662 70 677 59 696 61 708 71 693 80 676 79 182 513 135.578720 106.976860 57.736919 0.159421 -0.569012 -0.045825 -13.805295 -118.088280 435.730988 -41.756348 -115.191742 418.041748 14.145757 -120.984818 453.420197
502 60 520 54 539 55 554 66 537 70 518 68 654 75 670 67 687 68 700 77 685 83 669 81 723 740 28.459150 153.257111 60.208813 0.115045 -0.046158 0.083764 -20.198076 -126.257614 470.978333 -53.251312 -128.940598 469.291687 12.855159 -123.574615 472.664978
498 66 516 59 536 61 552 72 533 75 515 74 649 78 665 70 683 71 698 81 682 86 664 85 28 693 166.511902 141.919693 64.294540 0.267847 -0.249353 0.042817 -21.227283 -124.493706 471.766113 -53.381340 -124.787125 463.484222 10.926773 -124.200287 480.048035
482 58 501 51 522 53 538 66 519 69 499 67 638 74 655 64 675 66 690 76 673 82 654 81 1216 407 -70.128952 89.239372 46.436096 0.214062 -0.096645 0.073630 -26.355503 -124.151909 460.174927 -59.316475 -126.230446 456.737793 6.605466 -122.073380 463.612030
490 66 508 59 528 62 544 73 526 76 507 75 642 81 659 72 677 74 692 84 676 89 658 87 300 755 112.561180 154.934158 63.989925 0.211724 -0.105241 0.074870 -24.741627 -123.554359 470.504242 -57.670910 -125.646935 466.783600 8.187655 -121.461777 474.224884
483 55 502 47 523 50 539 64 520 68 500 66 639 73 656 63 677 65 692 76 674 83 656 81 1430 360 -112.748032 80.638626 43.353302 0.167904 -0.003282 0.102630 -25.848301 -123.074448 454.896240 -58.878628 -126.451180 454.502808 7.182027 -119.697723 455.289673
602 43 619 36 637 38 652 48 635 51 618 50 736 56 752 48 770 50 784 60 768 63 752 61 145 490 142.891357 102.341301 57.345970 -0.220100 0.001954 0.096062 21.918541 -148.921677 522.431091 -11.133737 -152.073730 522.844727 54.970818 -145.769623 522.017517
537 157 552 149 571 150 586 161 569 165 552 164 669 165 685 155 703 156 719 165 702 171 685 170 853 608 2.382669 127.683746 55.265297 -0.354440 -0.015636 0.040374 -10.242567 -95.750061 523.553772 -43.416588 -97.153397 523.280579 22.931454 -94.346725 523.826965
526 183 542 176 560 177 575 185 559 188 542 187 663 187 677 180 693 180 707 188 693 192 677 191 497 813 73.510185 166.936005 64.158028 -0.415603 -0.031348 0.020895 -14.842128 -83.097885 516.943604 -48.023716 -83.984932 516.074707 18.339460 -82.210838 517.812439
507 171 523 163 542 164 557 175 540 179 523 178 642 179 659 170 678 170 693 180 677 185 659 184 890 407 -5.333552 88.257904 49.006989 -0.396109 -0.044662 0.032432 -23.351551 -87.603088 515.640503 -56.506454 -88.941338 514.407166 9.803352 -86.264839 516.873840
520 173 534 167 550 168 563 176 549 179 533 178 642 181 657 174 673 175 687 182 672 186 657 185 1097 123 -46.988327 33.017555 38.944244 -0.412966 -0.048471 0.040083 -23.640461 -93.366791 555.573181 -56.780544 -94.986893 554.280945 9.499621 -91.746696 556.865417
512 164 526 156 544 157 559 167 543 171 526 170 644 171 659 163 678 163 693 172 677 177 660 176 613 828 50.481178 170.235779 63.688499 -0.369563 -0.052611 0.024367 -22.785875 -92.355339 522.286194 -55.935524 -93.464767 520.727478 10.363772 -91.245911 523.844910
508 164 522 158 538 158 552 166 538 169 522 168 638 170 653 164 670 164 684 172 669 175 653 174 923 514 -11.699813 109.404442 51.922951 -0.424840 -0.044606 0.027909 -26.244951 -94.533813 532.219666 -59.404495 -95.742332 530.977234 6.914595 -93.325294 533.462097
490 171 505 165 523 166 537 176 521 178 505 177 624 180 639 173 657 174 672 182 656 186 639 185 1360 762 -98.110619 159.502350 55.838375 -0.449936 -0.045853 0.042731 -32.707504 -86.979736 515.642273 -65.848206 -88.686981 514.485291 0.433203 -85.272491 516.799255
499 135 520 128 543 129 563 139 541 143 520 143 678 139 698 130 720 131 739 140 720 146 698 145 1354 650 -97.119858 137.453583 52.561062 -0.459304 -0.016011 0.006015 -10.452744 -79.873108 390.150726 -43.652786 -80.185822 389.682648 22.747297 -79.560394 390.618805
457 141 472 134 489 135 503 144 488 148 471 147 585 149 599 142 616 143 629 152 615 156 599 155 242 2 122.732513 6.642443 42.095131 -0.396659 -0.090252 0.028817 -53.493832 -107.664223 545.935059 -86.551682 -109.180931 543.207825 -20.435986 -106.147522 548.662292
499 153 514 146 531 148 544 157 529 160 513 159 626 164 641 157 658 158 672 167 657 171 641 169 813 534 10.199698 113.007324 53.384113 -0.404806 -0.060603 0.057522 -32.112614 -100.386810 543.952820 -65.203156 -102.644432 542.378418 0.977928 -98.129189 545.527222
457 143 476 138 495 140 512 150 493 152 474 150 606 159 622 153 640 156 655 165 639 168 621 166 1351 206 -97.323540 50.108578 39.404942 -0.448336 -0.094969 0.075014 -41.180012 -92.244209 485.107605 -74.146004 -95.340736 482.614716 -8.214020 -89.147675 487.600494
491 154 505 146 522 148 535 158 520 161 504 161 617 163 633 155 651 156 665 165 650 170 633 169 740 455 24.566763 97.248039 51.614754 -0.319176 -0.026031 0.056745 -36.397320 -100.937363 545.553711 -69.537994 -102.925255 545.002563 -3.256648 -98.949463 546.104858
491 155 505 148 521 149 534 159 520 163 504 162 618 163 633 155 651 156 665 165 649 170 633 169 169 570 138.265289 118.149773 59.531437 -0.287698 -0.007877 0.052539 -36.422562 -100.265099 544.191956 -69.580849 -102.022232 544.183289 -3.264276 -98.507973 544.200623
483 156 497 150 514 151 527 160 513 164 497 163 609 167 625 160 642 161 657 170 641 174 625 172 614 752 50.145489 155.289383 61.424614 -0.319886 -0.038833 0.064930 -40.440414 -99.257500 546.112183 -73.551048 -101.579247 545.187561 -7.329776 -96.935760 547.036804
475 156 491 151 508 152 522 161 506 164 490 162 609 167 623 161 640 162 654 170 639 174 623 173 397 627 93.050957 130.048248 59.425388 -0.393432 -0.043033 0.063742 -41.011051 -94.862434 523.277710 -74.118973 -97.200089 522.297546 -7.903131 -92.524788 524.257812
460 159 476 155 492 156 506 164 491 166 475 165 595 169 609 164 624 165 638 172 624 175 609 174 862 877 1.078499 180.623856 63.179367 -0.399788 -0.053092 0.054024 -47.924786 -93.019707 519.894348 -81.035652 -95.112022 518.533325 -14.813918 -90.927399 521.255371
460 157 476 151 493 153 508 162 491 164 475 163 597 168 611 162 627 163 642 171 627 175 611 173 1201 429 -67.107925 93.521675 47.207443 -0.385060 -0.061370 0.059238 -46.577003 -92.634850 513.369141 -79.662582 -94.938522 511.757599 -13.491421 -90.331177 514.980652
461 155 478 150 495 152 509 161 493 163 476 162 597 167 612 161 628 162 642 170 627 174 612 173 1183 482 -63.434776 103.892723 48.922653 -0.372105 -0.058739 0.061811 -46.487274 -93.941254 517.147156 -79.572830 -96.302696 515.621033 -13.401718 -91.579811 518.673340
472 158 486 153 502 154 516 162 501 165 486 165 598 168 614 162 631 163 646 171 630 175 613 173 254 864 121.900482 176.236252 67.588264 -0.304091 -0.030853 0.059613 -46.368725 -98.718567 547.788635 -79.499336 -100.820663 547.079224 -13.238111 -96.616470 548.498108
507 289 527 280 552 282 572 295 550 300 527 299 693 298 714 288 739 289 759 300 737 307 714 306 939 339 -15.195254 75.029648 46.602039 -0.081631 0.021471 0.047014 -5.850859 -22.014580 378.434601 -39.011356 -23.544165 379.210114 27.309639 -20.484995 377.659088
515 284 535 274 559 275 580 289 558 295 535 294 696 295 718 283 744 285 765 297 743 305 718 303 1359 116 -99.075768 32.429424 36.670277 -0.046200 0.087074 0.055247 -3.617188 -23.224384 377.275696 -36.645638 -24.988216 380.203186 29.411261 -21.460550 374.348236
529 295 548 288 570 290 590 301 570 305 548 304 706 309 728 301 752 303 773 313 750 318 727 317 1406 762 -107.253532 159.640839 55.475609 -0.052253 0.054877 0.070503 0.197936 -19.128551 387.669647 -32.874474 -21.417839 389.549713 33.270344 -16.839262 385.789612
532 293 552 286 576 288 597 301 575 305 552 303 713 309 736 300 761 301 782 312 759 319 735 317 1321 340 -91.119347 76.376411 43.619209 -0.016505 0.080793 0.074092 2.359061 -18.865450 379.402863 -30.646444 -21.298502 382.100342 35.364567 -16.432396 376.705353
538 296 557 290 580 292 600 303 580 307 558 305 717 312 740 304 764 306 784 316 762 322 738 320 813 688 10.477161 143.299530 57.955479 -0.042365 0.064512 0.084870 3.843350 -18.193705 385.959900 -29.172989 -20.960297 388.156921 36.859688 -15.427112 383.762848
539 292 560 285 584 287 604 301 583 305 560 303 721 310 744 300 770 302 790 314 767 320 743 318 755 290 21.288097 64.837257 46.598572 -0.028026 0.104520 0.087752 4.956920 -18.639124 376.887177 -27.939175 -21.494951 380.387268 37.853016 -15.783295 373.387054
544 299 563 294 585 296 604 305 584 308 564 306 723 315 745 309 768 312 788 320 766 323 744 321 457 837 81.503777 171.536438 65.185898 -0.077131 0.059067 0.088578 5.703022 -17.372311 388.555206 -27.313875 -20.229515 390.624176 38.719917 -14.515106 386.486267
545 299 564 294 586 296 606 306 586 309 565 307 724 317 746 311 769 313 789 322 767 326 744 323 897 782 -6.049224 162.042465 60.083355 -0.040975 0.034284 0.090244 6.244054 -16.923904 388.940277 -26.806177 -19.891649 390.137909 39.294285 -13.956161 387.742645
544 290 566 282 591 285 612 301 589 305 565 302 726 311 749 300 776 302 797 315 773 322 748 320 856 26 0.737799 13.211837 37.965443 -0.020284 0.083804 0.095772 7.205692 -18.446638 375.613586 -25.730612 -21.589745 378.420776 40.141994 -15.303532 372.806366
552 298 572 293 595 295 615 307 594 310 572 307 734 318 756 311 780 314 800 324 778 329 755 326 49 695 162.341568 142.376328 64.188301 -0.004480 0.042869 0.107950 9.231475 -16.347420 382.455444 -23.749607 -19.920633 383.883698 42.212559 -12.774206 381.027161
550 301 570 295 593 298 613 309 592 312 570 310 729 320 752 313 775 316 795 326 773 330 750 328 912 748 -9.091866 155.399750 58.955799 -0.038977 0.026472 0.099166 8.380759 -15.722911 387.394348 -24.649330 -18.991962 388.335663 41.410851 -12.453859 386.453003
552 297 573 289 598 292 619 307 596 310 573 307 733 318 757 308 782 311 802 323 779 329 755 326 813 324 9.821340 71.699768 47.150436 -0.018217 0.024706 0.102358 9.921900 -16.436037 380.409363 -23.099007 -19.820902 381.259094 42.942806 -13.051172 379.559631
552 301 572 295 596 298 616 310 595 313 572 311 731 322 754 314 778 317 797 327 775 332 752 329 1429 691 -111.952904 145.744186 53.186649 -0.068841 -0.003725 0.099188 9.396917 -15.279087 386.869751 -23.644526 -18.568863 386.859619 42.438358 -11.989311 386.879913
558 295 580 287 605 290 625 306 603 309 579 306 740 317 764 307 790 310 810 323 787 329 762 326 487 17 74.063614 10.330588 40.608284 -0.026389 0.001612 0.110331 12.223344 -16.393225 376.162445 -20.779545 -20.048180 376.264130 45.226231 -12.738269 376.060760
564 297 585 290 610 294 630 309 608 311 584 309 747 321 770 311 796 314 815 327 792 332 768 329 42 147 162.745544 34.562199 47.976570 -0.016575 -0.004243 0.119115 14.098551 -15.250266 375.483093 -18.870686 -19.197098 375.375275 47.067787 -11.303436 375.590912
561 299 582 291 608 294 628 310 606 312 582 310 744 321 768 312 793 315 813 327 790 333 766 330 420 249 87.798454 55.763889 48.023388 -0.002955 -0.003647 0.113091 13.400492 -15.079597 376.154816 -19.591990 -18.826933 376.039520 46.392971 -11.332262 376.270111
560 307 579 297 603 300 621 314 601 318 579 316 742 327 764 316 789 318 809 331 787 336 763 334 1281 427 -83.012245 93.369118 46.517181 -0.301459 -0.015636 0.093289 12.345027 -13.210649 376.189392 -20.712471 -16.334627 376.141815 45.402523 -10.086670 376.236969
564 310 585 304 608 307 628 320 607 322 584 319 745 332 768 324 791 327 811 338 788 342 766 339 674 768 38.248783 158.617264 61.426392 -0.009032 0.002658 0.112199 13.889029 -11.840815 385.087860 -19.106888 -15.558083 385.192719 46.884945 -8.123546 384.982971
562 301 584 293 609 297 630 312 607 315 583 312 745 323 768 313 794 316 814 328 791 334 767 332 707 157 30.588896 38.531300 43.029110 0.002392 -0.060347 0.104825 13.986977 -14.277537 375.242981 -18.975239 -17.747362 373.239929 46.949192 -10.807713 377.246063
561 314 581 309 604 312 624 324 603 325 581 323 741 336 763 329 786 332 805 341 783 345 761 343 1069 849 -40.115040 175.739380 60.715775 -0.024210 -0.001944 0.105150 12.423227 -10.440891 387.518616 -20.598137 -13.926379 387.496399 45.444592 -6.955403 387.540833
