566 170 578 162 593 162 607 170 594 174 579 175 682 166 696 157 713 156 728 162 714 168 698 169 324 301 74.537773 66.339714 18.868435 -0.392208 0.072555 -0.027388 8.770337 -101.357346 582.726257 -24.335945 -100.005775 584.895813 41.876621 -102.708908 580.556763
566 180 578 171 593 170 607 177 593 182 579 183 682 172 696 164 713 163 728 170 713 175 697 175 908 850 -41.459667 174.533691 35.139694 -0.425488 0.078292 -0.042682 8.564276 -96.885986 581.838318 -24.510592 -94.968536 584.060059 41.639141 -98.803436 579.616577
566 174 578 164 595 163 609 171 595 176 580 178 684 166 698 156 715 155 731 163 716 169 700 170 886 106 -37.250931 27.514820 17.998642 -0.380334 0.080884 -0.041183 9.413391 -98.997284 574.366577 -23.656382 -97.160118 576.727661 42.483162 -100.834450 572.005493
581 177 594 171 610 172 623 181 609 184 594 183 699 184 713 176 730 176 745 184 730 189 714 188 38 161 131.373428 38.819695 13.844464 -0.215391 0.069010 0.055788 17.919168 -95.113319 592.574219 -15.155498 -96.703369 595.043579 50.993835 -93.523270 590.104797
575 176 588 169 604 168 617 176 604 181 589 181 694 174 708 166 725 165 740 172 725 177 709 178 399 662 59.705513 137.642426 27.595980 -0.343069 0.074275 -0.006423 14.702248 -96.427010 578.665100 -18.411232 -95.799355 581.044800 47.815727 -97.054665 576.285339
574 175 587 167 603 166 617 175 603 179 588 180 693 173 708 163 725 163 740 170 725 176 709 176 643 165 11.079119 39.299324 17.796270 -0.310401 0.076599 -0.009468 14.479683 -97.286377 578.471436 -18.627068 -96.585938 580.923401 47.586433 -97.986809 576.019470
580 179 593 170 609 169 623 178 609 183 594 184 699 175 713 166 731 165 746 173 731 179 715 179 70 438 125.072372 93.544327 20.378202 -0.360654 0.083646 -0.011960 17.525604 -94.826851 574.610107 -15.562023 -93.943604 577.253662 50.613232 -95.710098 571.966553
574 182 586 174 602 174 616 182 602 186 587 187 692 180 706 170 723 169 738 176 723 182 707 183 1353 429 -130.034988 91.106522 28.359161 -0.392028 0.056216 -0.019848 13.684545 -93.558823 578.970093 -19.462030 -92.555809 580.660706 46.831120 -94.561836 577.279480
575 185 588 177 603 177 617 185 603 189 589 190 693 183 707 173 724 172 739 179 724 185 708 186 732 670 -6.504774 139.052307 29.903601 -0.402234 0.068403 -0.016504 14.384849 -92.305511 581.737000 -18.738897 -91.322113 583.836975 47.508595 -93.288910 579.636963
578 183 590 175 606 175 619 183 606 187 591 187 696 181 710 172 727 171 742 178 727 184 711 184 16 246 135.766724 55.628799 15.646367 -0.370912 0.079130 -0.004090 15.776494 -93.032936 580.077637 -17.325329 -92.418900 582.617737 48.878315 -93.646965 577.537598
575 188 588 179 604 177 618 185 604 190 588 191 693 181 708 172 726 172 741 180 726 185 709 185 400 630 59.499554 131.318039 26.871149 -0.388780 0.087916 -0.022606 14.536444 -90.539642 571.688904 -18.533369 -89.248840 574.387207 47.606258 -91.830452 568.990540
578 185 590 177 606 177 619 185 606 189 591 190 696 183 709 174 726 173 741 180 726 185 711 186 127 375 113.724747 81.064903 19.302338 -0.378940 0.079707 -0.009299 15.743861 -92.377945 582.540894 -17.355370 -91.581596 585.064087 48.843090 -93.174294 580.017700
575 191 588 183 604 181 617 188 603 193 588 195 693 185 707 176 724 176 740 183 725 188 709 188 554 790 28.914577 162.858307 31.509855 -0.397520 0.086545 -0.025824 14.301090 -89.227394 575.630493 -18.770163 -87.830139 578.257202 47.372345 -90.624657 573.003784
574 189 587 180 604 179 617 186 603 191 588 193 693 183 707 174 725 173 741 181 725 186 709 186 851 483 -30.207773 102.035995 26.389902 -0.382605 0.078503 -0.027025 14.227887 -89.997253 572.815002 -18.863939 -88.630318 575.186096 47.319714 -91.364189 570.443848
572 186 584 178 600 178 614 187 600 191 585 191 690 184 703 174 721 173 736 180 721 186 705 187 1390 71 -137.471573 20.339119 20.414822 0.490899 0.017441 -0.037416 12.398084 -89.776405 569.896057 -20.779003 -88.722946 570.750854 45.575172 -90.829865 569.041260
577 194 590 185 606 184 619 191 605 196 590 197 695 188 709 180 726 179 742 186 727 191 711 191 27 855 133.715103 175.974457 29.632429 -0.397104 0.087566 -0.019935 15.420070 -87.878578 576.605103 -17.652681 -86.665398 579.303406 48.492821 -89.091759 573.906799
573 190 586 181 603 180 617 188 602 193 587 194 692 184 706 175 724 174 740 182 725 188 708 188 893 141 -38.634983 34.427963 18.843071 -0.356711 0.075644 -0.027609 13.845828 -89.259811 573.427368 -19.252525 -87.920334 575.721802 46.944180 -90.599289 571.132874
578 192 590 185 606 185 619 193 606 197 591 197 695 191 709 182 726 182 740 188 726 193 710 194 243 898 90.776314 184.361191 31.993256 0.534401 -0.005320 -0.023190 15.401596 -86.700073 572.910522 -17.794041 -85.920158 572.943054 48.597233 -87.479980 572.877991
576 196 590 187 606 186 619 193 605 198 590 199 695 190 709 181 727 181 742 188 727 193 711 193 355 626 68.446236 130.550674 26.492609 -0.395325 0.089516 -0.019504 15.423895 -86.309662 574.341675 -17.643467 -85.100174 577.106873 48.491257 -87.519150 571.576477
577 197 590 189 606 188 620 194 606 199 591 200 695 191 709 183 726 182 742 189 727 194 711 194 484 880 42.853065 180.680176 33.119732 -0.403813 0.085743 -0.023979 15.625558 -86.362122 578.363037 -17.449516 -85.021713 580.971191 48.700630 -87.702522 575.754944
582 183 597 174 616 174 631 184 615 189 598 189 711 183 727 173 746 172 761 180 745 187 728 187 472 500 45.154488 105.590286 24.360022 0.489725 0.029113 -0.015904 20.831902 -84.051712 528.008118 -12.355004 -83.776573 529.063171 54.018810 -84.326859 526.953064
582 191 596 182 615 182 630 193 614 197 597 197 709 193 724 182 743 181 759 189 743 196 725 197 869 434 -33.797714 92.343307 25.385088 0.472514 0.039806 -0.012043 20.248579 -80.577202 534.541382 -12.928053 -80.498596 535.906860 53.425213 -80.655800 533.175903
574 191 588 183 606 183 621 194 605 198 589 198 699 194 714 183 733 183 749 191 733 197 716 198 1345 531 -128.421600 111.267990 30.638851 0.464627 0.050389 -0.006392 15.704545 -80.841789 539.440247 -17.458208 -81.018875 541.101562 48.867298 -80.664703 537.778931
596 172 612 163 630 162 646 172 630 178 612 178 726 168 741 157 759 156 774 164 759 172 742 172 17 39 135.521805 14.720697 10.922722 -0.294458 0.046483 -0.031598 28.980974 -93.784294 545.845215 -4.171781 -92.525185 547.212341 62.133732 -95.043404 544.478088
587 176 602 166 621 166 637 177 620 182 603 183 717 175 732 164 752 163 767 171 751 179 734 180 294 57 80.448502 18.135555 13.101520 0.466736 0.027836 -0.026948 23.563665 -87.486534 525.797058 -9.616680 -86.835861 526.892944 56.744011 -88.137215 524.701172
583 172 598 162 617 162 632 172 616 178 599 178 712 170 727 159 746 157 761 166 746 173 728 174 697 181 0.345589 42.433517 18.506441 0.471176 0.032039 -0.037252 21.376696 -90.792831 530.641541 -11.788780 -89.847610 531.952026 54.542171 -91.738052 529.330994
586 200 601 192 620 193 635 202 619 206 602 206 714 202 729 191 748 190 763 197 747 204 730 205 757 636 -11.483219 132.320343 29.286209 0.487498 0.037961 -0.018928 22.748217 -76.154045 535.553406 -10.427316 -75.851486 536.914368 55.923748 -76.456612 534.192505
559 174 573 166 591 166 605 176 590 181 574 181 685 177 701 167 720 166 735 175 719 182 702 181 1206 281 -100.839180 61.934113 24.039324 -0.308713 0.044525 0.017730 8.497826 -90.749840 547.420532 -24.669163 -91.102684 548.965149 41.664814 -90.397003 545.875854
560 189 574 181 591 182 606 191 591 195 575 195 686 191 701 181 719 181 735 188 719 194 702 195 1099 722 -79.465652 149.140045 33.433586 0.491663 0.013077 -0.003024 8.537158 -81.621841 536.362793 -24.664724 -81.630043 536.803894 41.739040 -81.613640 535.921692
563 178 577 169 595 169 610 180 595 185 578 185 688 180 703 169 723 169 738 177 722 185 705 185 1343 225 -128.092041 50.796932 23.633879 0.466492 0.007600 0.002483 10.244311 -87.737656 539.524414 -22.959459 -87.874954 539.748840 43.448082 -87.600349 539.299988
572 182 586 172 605 173 620 183 605 188 587 188 698 182 714 171 733 169 749 178 733 186 715 186 786 427 -17.295963 91.002609 24.695526 0.478234 0.013075 -0.019307 15.266796 -85.695061 534.450806 -17.929161 -85.180023 535.018982 48.462753 -86.210091 533.882629
590 173 605 165 623 164 639 172 623 177 606 178 720 169 734 160 752 159 767 167 752 173 735 173 47 172 129.586365 40.988903 14.153246 -0.323287 0.051955 -0.021403 25.539715 -93.518707 547.334412 -7.613147 -92.544357 548.914917 58.692577 -94.493057 545.753906
591 174 607 165 625 163 641 171 625 176 607 178 721 167 735 158 754 157 769 166 754 171 737 171 0 381 138.978134 82.315880 18.629072 -0.349385 0.049438 -0.031630 26.252563 -93.407944 544.230408 -6.895657 -92.095711 545.656311 59.400784 -94.720177 542.804504
581 174 596 165 614 165 630 173 614 178 597 179 710 170 724 160 742 158 757 166 742 172 726 173 794 187 -18.940073 43.569408 19.262486 -0.314124 0.042565 -0.036502 20.679569 -93.619659 548.923218 -12.473484 -92.207970 550.123962 53.832623 -95.031349 547.722412
579 178 593 169 611 168 626 177 611 182 594 183 706 173 720 163 738 162 753 170 738 176 722 176 939 563 -47.687447 117.800476 28.779444 -0.368339 0.045438 -0.036649 18.990894 -92.088333 551.489502 -14.157994 -90.624748 552.741943 52.139782 -93.551918 550.237000
580 183 594 175 612 174 627 182 612 186 595 187 707 178 721 169 738 168 753 174 738 180 722 181 1012 593 -62.195724 123.691605 29.930756 0.510291 0.032931 -0.052737 18.964685 -88.092644 542.134583 -14.177349 -86.690536 543.617554 52.106720 -89.494751 540.651611
588 171 602 164 618 165 632 173 617 176 602 176 708 174 721 166 738 165 751 173 737 178 722 177 498 685 40.025963 142.136856 28.753241 -0.103682 -0.025300 0.002000 21.990255 -96.891777 575.562927 -11.203874 -97.001587 574.727905 55.184387 -96.781967 576.398010
583 186 598 178 615 178 630 185 615 189 599 190 710 182 724 173 742 172 756 179 742 184 725 185 190 650 101.259361 135.378357 25.988180 -0.380984 0.056354 -0.026307 21.105989 -88.185150 555.038513 -12.035401 -86.981125 556.699280 54.247383 -89.389168 553.377747
576 181 591 171 610 170 626 180 610 185 592 186 704 177 719 165 738 164 753 172 738 179 720 180 1331 172 -125.717827 40.329174 22.346239 -0.321356 0.041884 -0.036369 18.216822 -90.326797 549.952454 -14.937358 -88.918983 551.126343 51.371002 -91.734604 548.778503
578 187 592 179 609 178 624 186 609 190 593 191 704 182 718 173 736 172 751 178 736 184 720 185 1143 758 -88.206383 156.231796 34.536957 -0.379851 0.043027 -0.036407 18.157263 -88.167252 555.866455 -14.995453 -86.719833 557.033447 51.309978 -89.614670 554.699402
567 218 581 208 599 208 614 217 599 223 582 223 701 214 716 203 736 202 753 210 736 217 718 218 1068 370 -73.380135 79.593307 25.192451 -0.477725 0.080371 -0.017189 14.026429 -66.196648 515.218628 -19.068415 -65.022911 517.650391 47.121273 -67.370392 512.786926
570 213 584 203 602 203 617 212 602 218 585 219 703 209 718 198 738 197 755 206 738 213 720 213 949 199 -49.756832 45.861221 20.525719 -0.456009 0.080987 -0.014293 15.313931 -68.918655 518.227600 -17.780592 -67.858627 520.715271 48.408455 -69.978683 515.739929
567 219 581 209 598 208 614 218 599 223 582 224 699 213 715 202 734 201 751 210 734 216 717 217 1180 504 -95.619827 106.016998 28.969053 -0.487814 0.084400 -0.026615 13.655332 -66.529411 518.892944 -19.422098 -65.011780 521.370911 46.732761 -68.047043 516.415039
568 219 582 211 599 210 614 219 599 224 583 224 701 216 716 205 735 204 751 212 735 219 718 219 553 647 29.081577 134.598984 28.235872 -0.495806 0.085380 -0.012021 14.043759 -65.888657 519.380859 -19.040209 -64.818031 522.000854 47.127728 -66.959282 516.760864
570 214 584 204 602 203 618 213 602 219 585 219 704 210 719 198 739 197 756 206 740 213 721 214 415 107 56.400597 27.954443 15.016119 -0.466761 0.087682 -0.013038 15.592342 -68.033203 514.180603 -17.484444 -66.949593 516.884644 48.669128 -69.116821 511.476624
570 217 584 208 601 207 616 217 601 222 585 222 703 213 718 203 737 202 754 210 738 216 720 217 485 511 42.572083 107.757446 24.694326 -0.492669 0.083775 -0.013402 15.210688 -66.935104 518.274353 -17.877092 -65.837303 520.834290 48.298466 -68.032898 515.714417
570 220 583 210 601 209 615 218 601 223 585 224 702 214 717 203 735 202 752 210 736 216 719 217 1269 737 -113.264275 152.017014 34.861084 -0.507375 0.081001 -0.028375 14.722290 -66.646019 521.615234 -18.362900 -65.077454 523.953918 47.807480 -68.214584 519.276489
571 216 585 205 603 205 618 215 603 220 586 221 705 211 720 200 739 199 756 208 740 215 722 215 62 255 126.622307 57.383755 16.145538 -0.477589 0.092754 -0.013133 15.935408 -67.541641 516.633484 -17.126562 -66.401527 519.491150 48.997375 -68.681755 513.775879
569 216 583 206 601 206 615 215 600 220 584 221 702 212 717 201 737 200 753 208 737 215 719 216 364 313 66.587044 68.690613 19.397873 -0.477102 0.086719 -0.013341 14.761724 -67.460854 517.487305 -18.317766 -66.361496 520.151611 47.841213 -68.560204 514.823059
566 218 580 208 597 207 613 217 598 222 581 223 699 213 714 202 733 201 750 209 734 216 716 216 1170 418 -93.650620 89.026711 26.940115 -0.483215 0.079889 -0.023017 13.211551 -67.009842 518.149902 -19.880787 -65.647659 520.516602 46.303886 -68.372025 515.783203
569 220 582 211 599 210 614 219 599 224 583 225 700 214 715 204 734 203 750 211 734 217 717 218 653 777 9.227015 160.238358 31.844503 -0.505897 0.086981 -0.021515 13.995442 -66.566086 523.393921 -19.078983 -65.168083 525.979980 47.069870 -67.964081 520.807922
570 218 584 209 601 209 615 218 601 223 585 223 702 214 718 204 736 203 753 211 737 217 719 218 202 657 98.874901 136.755539 26.224703 -0.502305 0.087465 -0.010877 14.841503 -66.546440 519.821838 -18.237106 -65.486977 522.513062 47.920113 -67.605896 517.130615
569 219 583 211 600 210 614 219 600 223 584 224 701 216 716 206 735 205 751 213 735 219 718 219 148 773 109.637817 159.707352 28.530781 -0.502457 0.086121 -0.009262 14.345719 -66.301453 522.997620 -18.737209 -65.304062 525.659302 47.428646 -67.298851 520.335876
564 215 578 205 596 205 611 214 596 220 579 220 697 211 712 199 732 198 749 207 732 214 715 214 868 133 -33.665886 32.859840 18.500748 -0.461741 0.085120 -0.018587 12.436580 -68.034561 517.434387 -20.644508 -66.799240 520.018005 45.517670 -69.269890 514.850769
563 217 576 207 594 207 609 216 594 222 578 222 695 212 711 201 730 200 747 208 731 215 713 216 924 358 -44.750561 77.295837 23.999407 -0.475173 0.084006 -0.021024 11.580593 -67.211647 518.205933 -21.502119 -65.890450 520.725464 44.663307 -68.532852 515.686340
567 222 580 212 596 212 611 220 597 225 581 226 698 216 712 206 731 205 747 212 731 218 714 219 565 883 26.748095 181.231430 33.705128 -0.510539 0.086220 -0.022969 12.689528 -65.956963 523.703125 -20.386038 -64.513367 526.249207 45.765091 -67.400551 521.157043
565 217 578 208 596 207 611 217 596 222 580 222 697 213 713 202 732 201 748 209 732 216 714 217 469 393 45.727173 84.446365 21.895889 -0.479897 0.088292 -0.014906 12.397943 -67.059059 518.962341 -20.676380 -65.893913 521.662598 45.472263 -68.224197 516.262146
562 220 575 210 592 209 607 218 593 223 576 224 693 214 708 203 727 202 744 210 728 216 710 217 1398 532 -138.959625 111.438385 30.999887 -0.489926 0.078805 -0.032405 10.640213 -66.515167 519.977478 -22.446526 -64.855072 522.229431 43.726952 -68.175255 517.725464
567 219 580 210 597 210 612 219 597 223 581 224 699 215 714 205 733 204 749 212 733 218 716 218 87 660 121.741600 137.407501 25.559458 -0.501577 0.092442 -0.011968 13.059650 -66.135849 519.886536 -20.004009 -65.002235 522.727173 46.123310 -67.269470 517.045959
561 216 574 206 592 205 607 215 592 220 576 221 693 211 708 200 728 198 745 207 728 214 710 215 1308 49 -121.172005 16.033585 19.388884 -0.449807 0.078491 -0.026168 10.507368 -67.940826 518.937500 -22.585760 -66.525902 521.261841 43.600498 -69.355751 516.613159
537 256 550 248 566 246 580 253 567 258 552 260 659 245 673 235 690 233 705 239 691 245 675 247 838 492 -27.620914 103.821266 26.512604 -0.461890 0.050831 -0.093065 -5.219823 -54.478214 564.221619 -38.241413 -51.119839 565.146545 27.801767 -57.836586 563.296692
544 232 556 223 573 221 587 229 573 235 558 236 665 223 679 212 696 210 712 218 697 224 681 225 796 8 -19.377592 8.194184 15.185031 -0.405221 0.059407 -0.073714 -1.773152 -67.135513 566.701477 -34.831295 -64.363937 568.128845 31.284988 -69.907082 565.274109
575 234 588 225 604 224 618 233 604 237 589 238 697 229 711 219 728 219 743 226 728 232 712 233 619 562 15.939542 117.767273 26.714727 -0.443053 0.068192 -0.026285 15.211443 -64.175217 565.659851 -17.906176 -62.838242 567.658752 48.329063 -65.512184 563.661011
524 254 536 245 552 244 567 251 553 256 538 258 647 243 661 232 679 230 695 236 680 243 663 245 1054 626 -70.539452 130.191528 30.952814 -0.429813 0.067267 -0.091563 -11.684356 -54.550652 552.771423 -44.678360 -51.137321 554.289429 21.309650 -57.963982 551.253357
526 251 539 242 555 241 570 249 556 254 541 255 650 242 664 231 682 229 698 235 683 243 666 244 995 304 -58.879868 66.587814 23.218527 0.434794 -0.071960 -0.073152 -9.966037 -54.410908 541.850342 -42.998920 -51.551014 540.058899 23.066849 -57.270802 543.641724
531 255 543 246 559 245 574 253 560 258 545 260 654 245 667 235 685 233 701 239 686 246 670 248 405 492 58.474655 104.043747 23.749702 -0.438159 0.074427 -0.078149 -8.284163 -53.633915 554.973083 -41.298874 -50.593868 556.802490 24.730547 -56.673962 553.143738
529 258 541 250 557 249 571 256 558 261 543 263 651 249 665 238 682 236 698 242 684 249 667 251 1081 371 -75.964767 79.784248 25.298252 0.446989 -0.066703 -0.080384 -9.245522 -51.007908 544.686096 -42.272346 -47.945137 543.134338 23.781301 -54.070679 546.237854
529 257 542 247 558 246 573 255 559 260 544 261 653 248 666 237 685 235 701 241 686 249 669 251 858 152 -31.673307 36.619781 18.871096 0.429163 -0.055118 -0.076031 -8.418393 -51.374260 541.999329 -41.479134 -48.543655 540.760498 24.642349 -54.204861 543.238098
533 264 545 255 561 254 575 261 562 266 547 268 655 254 669 244 686 242 702 247 687 254 671 256 490 808 41.644028 166.448364 31.512789 -0.466422 0.064973 -0.082521 -7.416349 -49.526951 558.545227 -40.441479 -46.396423 559.994446 25.608780 -52.657475 557.096008
530 264 543 255 559 253 574 261 560 267 545 268 653 254 666 243 684 240 700 246 685 254 669 256 1082 512 -76.132210 107.648323 28.526535 0.450731 -0.050446 -0.088388 -8.386492 -48.600281 546.397034 -41.422386 -45.397865 545.430664 24.649403 -51.802692 547.363342
532 266 545 257 561 256 575 264 562 269 547 270 656 256 669 246 687 244 703 250 688 257 672 258 399 722 59.718868 149.499710 28.967001 -0.473379 0.064108 -0.082150 -7.317090 -48.114758 556.147156 -40.345127 -44.998489 557.560364 25.710949 -51.231026 554.733948
530 264 542 256 558 254 573 262 559 268 544 269 652 255 665 245 683 242 699 248 684 256 668 258 1273 498 -114.112816 104.783485 29.425369 0.446426 -0.039317 -0.082916 -8.939338 -47.982559 547.902100 -42.006748 -45.037270 547.245300 24.128071 -50.927849 548.558899
535 263 547 254 564 253 579 261 565 266 549 267 658 254 671 243 689 241 705 248 690 255 674 257 807 470 -21.461926 99.489525 25.812090 0.455169 -0.043790 -0.075172 -5.826250 -48.378826 545.267151 -38.907642 -45.646103 544.422607 27.255142 -51.111549 546.111694
536 265 549 256 565 255 580 263 566 268 550 269 659 257 673 246 691 244 706 250 692 257 675 259 253 648 88.732307 134.950745 26.344473 0.475947 -0.053432 -0.070971 -5.121380 -47.129868 544.143921 -38.197708 -44.450241 542.988159 27.954947 -49.809490 545.299683
536 262 548 254 565 253 580 261 566 266 550 267 659 255 673 244 691 242 707 248 692 256 675 257 325 336 74.346725 73.255943 19.674578 0.456123 -0.051429 -0.069394 -5.039701 -48.114845 543.718445 -38.122864 -45.510010 542.587585 28.043461 -50.719681 544.849304
533 262 545 253 562 252 577 260 563 266 547 267 656 254 670 242 688 240 704 247 689 254 672 256 1312 112 -121.953316 28.481665 20.853981 0.430936 -0.039365 -0.078858 -6.660962 -48.758667 544.879761 -39.738873 -45.946686 544.169556 26.416946 -51.570644 545.589966
533 264 545 255 562 254 577 262 563 267 547 269 656 255 670 245 687 242 703 249 689 256 672 258 1078 351 -75.372711 75.833366 24.822104 0.443268 -0.042104 -0.077553 -6.775018 -47.875404 546.030396 -39.852730 -45.082417 545.240540 26.302694 -50.668388 546.820251
534 268 547 258 564 257 578 266 564 271 549 272 656 258 670 247 688 245 704 252 689 259 673 261 826 417 -25.251591 89.005844 24.722256 0.452181 -0.045896 -0.083957 -6.258558 -46.438347 548.978943 -39.314060 -43.410305 548.127808 26.796944 -49.466389 549.830078
537 266 550 257 567 256 582 265 568 270 552 271 660 258 674 247 692 245 708 251 693 259 677 261 61 415 126.856766 89.003662 19.795216 0.463252 -0.058319 -0.071571 -4.272125 -46.512733 545.039978 -37.338039 -43.783371 543.715027 28.793791 -49.242096 546.364929
536 266 549 257 566 256 581 265 567 270 551 271 659 258 673 247 691 244 707 251 693 259 676 261 403 241 58.816448 54.441849 18.001499 -0.446157 0.063363 -0.074096 -4.972520 -47.789440 559.121338 -38.022247 -44.952473 560.613525 28.077209 -50.626411 557.629089
533 211 549 201 569 200 587 210 570 215 551 216 683 205 699 194 720 193 738 201 720 208 701 209 1200 677 -99.558014 140.195190 33.049786 -0.472256 0.029891 -0.042222 2.323447 -63.498638 466.616425 -30.837765 -61.918827 467.247192 35.484657 -65.078445 465.985657
552 202 569 191 589 190 606 201 589 206 570 207 702 198 718 187 739 186 756 196 739 203 720 203 530 469 33.615154 99.434235 24.021748 -0.325178 0.043131 -0.016347 10.919244 -68.293770 475.520386 -22.250565 -67.529915 476.839478 44.089050 -69.057625 474.201294
595 264 613 257 633 258 651 267 633 271 613 271 747 267 764 257 784 257 800 263 782 271 764 271 35 691 132.087921 143.560471 25.936016 0.326431 -0.041070 0.000305 30.358883 -36.866100 462.554718 -2.818175 -36.655464 461.213806 63.535942 -37.076736 463.895630
553 248 571 239 593 240 611 252 592 256 572 255 706 252 724 240 746 239 764 248 745 256 725 256 761 415 -12.327759 88.643997 24.261801 0.553951 0.018023 -0.002301 11.868347 -41.796062 439.385834 -21.331123 -41.885056 439.974731 45.067818 -41.707069 438.796967
553 244 570 234 592 235 610 247 591 252 571 251 704 247 722 234 744 233 762 243 744 251 723 251 702 403 -0.599164 86.302856 23.611128 0.573470 0.020200 -0.008668 11.530366 -44.197968 443.287964 -21.666643 -44.112797 444.002777 44.727375 -44.283134 442.573151
559 230 577 219 599 219 617 231 598 237 578 237 712 228 729 214 751 213 768 222 750 231 730 232 450 161 49.453392 38.608006 16.473368 0.538423 0.016811 -0.042053 14.393148 -51.635052 444.220856 -18.778433 -50.452293 445.119141 47.564728 -52.817806 443.322540
551 241 568 232 589 231 606 241 589 246 569 247 701 238 718 227 739 225 756 233 738 240 719 241 1237 712 -106.907120 147.092926 34.085636 0.567818 0.022909 -0.044546 10.134689 -47.846413 450.424500 -23.029581 -46.656269 451.553375 43.298962 -49.036556 449.295654
555 232 573 221 595 221 613 234 594 240 574 240 706 231 724 218 746 216 764 227 746 235 726 236 21 166 134.754730 39.816536 13.850242 0.523082 -0.002956 -0.027986 12.678175 -50.454967 446.198395 -20.513788 -49.542522 446.342194 45.870136 -51.367413 446.054565
552 245 569 236 589 236 607 245 589 249 570 250 701 241 718 231 738 229 755 236 738 243 719 244 756 860 -11.234517 176.587997 34.398312 0.565073 0.003969 -0.043398 10.250807 -46.645557 453.052277 -22.923311 -45.316696 453.573456 43.424927 -47.974419 452.531067
590 229 607 220 628 221 645 230 627 235 608 235 739 229 755 219 774 219 790 227 773 233 755 233 221 695 95.105492 144.255386 27.214252 -0.522849 0.048110 0.009991 27.453341 -54.446667 474.232788 -5.712301 -54.355274 475.842590 60.618980 -54.538055 472.622955
572 227 590 217 611 217 628 228 610 232 591 233 722 227 738 216 759 215 775 224 758 231 739 231 938 237 -47.561188 53.376480 21.323845 -0.508191 0.026590 -0.003815 19.879538 -55.231495 469.929047 -13.313552 -54.890682 470.742828 53.072628 -55.572308 469.115265
571 229 588 219 609 219 627 230 608 235 589 235 721 228 738 217 758 216 774 225 757 232 739 233 436 302 52.268471 66.479790 19.605938 -0.513041 0.037074 -0.003803 19.288815 -54.250565 468.543976 -13.893442 -53.820915 469.689758 52.471073 -54.680214 467.398193
569 230 586 221 607 221 625 232 606 236 587 236 718 230 735 219 755 219 772 228 755 234 736 235 526 537 34.425632 112.874527 25.550049 -0.539281 0.036752 0.001716 18.365808 -53.691502 471.052704 -14.817073 -53.424629 472.229492 51.548691 -53.958378 469.875946
570 232 588 223 609 223 627 234 608 238 589 238 720 233 737 221 757 220 774 230 756 236 738 237 464 468 46.738045 99.270523 23.577763 0.543243 0.031708 -0.020435 18.616739 -51.246902 456.467621 -14.565025 -50.880379 457.649017 51.798504 -51.613426 455.286224
570 229 588 219 610 219 628 231 609 236 589 236 720 230 737 218 758 217 775 227 758 234 738 234 509 185 37.727467 43.320599 17.398247 0.529731 0.038499 -0.021147 18.801256 -52.215286 454.340820 -14.372272 -51.876404 455.741455 51.974785 -52.554169 452.940186
574 235 592 227 612 227 629 237 611 241 592 241 723 236 739 226 758 225 774 233 758 239 739 239 644 586 10.974009 122.497337 27.422657 -0.556640 0.047661 0.007813 20.252554 -51.566940 473.114349 -12.914528 -51.383953 474.686218 53.419636 -51.749931 471.542480
566 235 583 226 604 226 622 236 603 241 584 241 714 235 731 223 752 222 768 231 751 238 732 239 1109 687 -81.461800 142.218155 32.697632 0.545122 0.042928 -0.030133 16.342234 -50.238358 457.186981 -16.818041 -49.665977 458.808167 49.502506 -50.810734 455.565765
564 230 582 219 604 219 622 231 603 237 583 237 715 230 732 217 754 216 770 226 753 234 733 235 774 88 -14.985413 24.015184 16.872683 0.518606 0.037695 -0.026146 16.469316 -52.018528 452.830109 -16.701338 -51.506336 454.246033 49.639973 -52.530720 451.414154
561 229 579 218 601 218 619 231 600 236 580 236 711 229 729 216 750 215 768 225 750 233 730 234 1120 27 -83.795914 11.782514 17.686579 0.516286 0.041606 -0.029178 14.957933 -52.164200 451.371124 -18.204958 -51.586926 452.936035 48.120823 -52.741478 449.806183
566 232 583 223 604 223 622 234 603 238 584 239 714 232 731 220 752 220 768 229 751 236 732 236 587 299 22.243713 65.809341 20.500893 0.526393 0.033127 -0.027025 16.399004 -51.612965 458.470276 -16.776163 -51.039597 459.750549 49.574173 -52.186333 457.190002
639 180 653 171 672 169 688 177 672 182 655 184 773 170 788 160 807 159 823 166 807 173 790 174 964 530 -52.665668 111.266129 28.184902 -0.436380 0.102113 -0.039236 49.794624 -86.964203 518.152466 16.785156 -84.977486 521.150391 82.804092 -88.950920 515.154541
697 160 712 152 730 151 746 158 730 164 713 165 826 155 838 146 854 145 867 152 854 158 839 158 202 232 98.780289 52.766537 16.513296 -0.363537 0.011019 -0.042521 81.505730 -101.940750 554.258972 48.332596 -100.494438 554.362915 114.678871 -103.387070 554.155029
682 171 698 163 715 163 730 170 715 175 698 175 815 169 829 162 846 162 860 168 845 173 830 173 406 814 58.347504 167.677261 31.113901 -0.444147 0.085455 0.024013 72.407333 -91.557907 534.776428 39.331112 -91.708832 537.691956 105.483551 -91.406975 531.860840
671 179 685 170 703 169 719 176 703 181 687 182 803 170 817 162 834 160 848 167 834 173 818 173 952 850 -50.208408 174.511078 35.420452 -0.451564 0.090447 -0.032447 66.385582 -89.959747 534.579285 33.331364 -88.254097 537.238037 99.439796 -91.665405 531.920532
650 173 664 163 682 161 698 169 682 175 666 177 781 163 795 154 814 153 829 160 814 167 797 167 957 301 -51.324806 66.014473 22.907503 -0.362466 0.095776 -0.036407 56.144028 -93.797752 537.499634 23.111464 -92.047684 540.388733 89.176590 -95.547821 534.610596
670 178 685 170 702 169 717 176 702 181 685 182 801 172 815 164 832 163 846 170 831 175 816 176 380 808 63.515881 166.504883 30.810898 -0.445749 0.093987 -0.006770 65.977608 -89.979019 538.149780 32.917679 -89.078308 541.114502 99.037529 -90.879723 535.184998
701 168 717 161 735 160 751 167 735 172 718 172 838 165 853 158 871 158 887 165 871 170 854 170 94 486 120.311012 103.017815 21.628160 -0.276737 0.081181 0.009680 83.276581 -92.530418 529.834351 50.181973 -92.477005 532.536865 116.371193 -92.583832 527.131836
708 171 723 163 741 163 757 170 741 175 724 175 844 169 859 161 877 161 892 168 877 173 860 173 546 673 30.479210 139.740738 28.785316 -0.397864 0.101852 0.023107 85.045471 -89.715797 522.788879 52.019211 -89.798241 526.226746 118.071732 -89.633347 519.351013
671 193 686 184 704 183 720 190 704 195 687 196 805 184 819 175 836 174 851 180 836 186 820 187 518 772 36.068630 159.319626 30.868839 -0.521889 0.121139 -0.021965 65.405975 -80.532112 520.481628 32.446835 -78.812515 524.128235 98.365112 -82.251709 516.835022
681 172 696 164 715 164 730 173 714 177 697 177 817 174 832 165 850 165 864 173 849 179 832 178 1179 397 -95.444809 84.872047 26.517685 -0.388767 0.087895 0.042524 70.616882 -87.083557 517.553589 37.568245 -87.898308 520.665405 103.665520 -86.268806 514.441772
663 184 678 175 697 174 713 183 697 188 679 189 798 178 813 168 831 167 847 174 832 181 814 182 814 471 -22.853550 99.683556 25.879606 -0.424791 0.094619 -0.021892 62.132626 -84.080086 519.858215 29.081945 -82.719147 522.749573 95.183304 -85.441017 516.966858
666 183 681 174 700 173 717 182 700 187 683 188 802 178 817 168 835 167 851 174 835 181 818 181 639 309 11.906517 67.758835 21.061201 -0.409487 0.093861 -0.016117 63.884544 -84.313232 519.641663 30.828104 -83.164917 522.559326 96.940979 -85.461548 516.723999
661 188 677 179 695 178 711 186 695 192 678 193 797 182 812 172 830 171 846 178 830 184 813 185 1275 578 -114.492676 120.592155 31.266161 -0.431537 0.090211 -0.024976 61.385738 -82.188393 519.356934 28.324045 -80.749886 522.079956 94.447433 -83.626907 516.633972
662 189 677 180 695 179 712 187 696 192 678 193 797 182 812 173 830 172 845 178 830 185 813 186 1104 613 -80.484093 127.596756 30.974800 -0.432115 0.095232 -0.023899 61.702007 -82.150162 521.416687 28.654644 -80.710213 524.307739 94.749374 -83.590103 518.525696
662 190 677 181 696 180 712 188 696 193 679 194 797 183 812 174 830 173 845 179 830 186 813 187 589 545 21.900808 114.423126 26.134846 -0.424092 0.101011 -0.020482 61.891129 -81.924652 522.716919 28.859900 -80.565933 525.823608 94.922363 -83.283371 519.610291
661 188 676 178 695 178 711 187 695 192 677 193 796 182 811 171 830 170 845 177 830 184 812 185 1031 265 -66.046616 58.862087 22.557072 -0.417668 0.092888 -0.024050 61.129307 -82.194016 519.059753 28.075018 -80.785339 521.886292 94.183594 -83.602699 516.233215
660 187 675 179 694 178 711 187 694 192 677 193 795 183 811 172 829 171 845 178 829 185 812 186 906 233 -41.199356 52.602436 21.028255 0.547157 0.135763 -0.072809 59.434875 -80.317757 507.805603 26.613588 -79.228683 512.718506 92.256165 -81.406830 502.892700
658 189 674 179 693 178 709 187 693 193 675 194 793 183 808 171 827 170 843 178 827 185 810 186 1024 116 -64.687935 29.420126 19.107702 -0.430390 0.094902 -0.023879 59.964821 -81.857773 519.559753 26.916439 -80.423187 522.441772 93.013199 -83.292358 516.677734
662 193 678 183 697 182 713 191 697 196 679 198 802 187 818 176 838 175 855 183 838 190 820 190 213 438 96.638962 93.470848 21.290661 -0.473352 0.134325 0.001814 61.040329 -76.701744 499.840424 28.129131 -75.725060 504.136810 93.951523 -77.678421 495.544037
660 196 675 186 694 185 710 194 694 200 677 201 799 189 815 179 834 177 851 186 835 192 816 193 770 546 -14.088111 114.527748 27.312628 -0.496173 0.131849 -0.004978 59.830330 -75.444267 501.380615 26.908251 -74.223671 505.528687 92.752411 -76.664871 497.232544
662 196 677 186 695 185 712 194 695 199 678 200 800 189 816 178 835 177 852 185 835 191 817 192 1150 583 -89.637184 121.644485 30.582808 -0.497042 0.124572 -0.009367 60.579288 -75.971558 503.066528 27.627951 -74.668297 506.948578 93.530632 -77.274818 499.184479
663 192 678 181 698 181 715 191 698 196 680 197 802 186 819 175 839 173 856 182 839 190 820 190 105 236 118.068176 53.606857 15.985758 -0.460457 0.140040 0.003185 61.538776 -77.122368 500.473694 28.653482 -76.174034 504.970123 94.424065 -78.070702 495.977264
658 198 673 189 691 188 708 196 692 201 674 203 796 191 811 181 830 179 847 186 831 193 813 194 924 671 -44.680878 139.151276 31.151571 -0.483098 0.125816 -0.014620 58.876884 -75.430168 505.657013 25.932941 -73.976326 509.548340 91.820831 -76.884010 501.765656
659 201 674 191 692 189 708 198 692 204 675 205 797 192 812 181 831 180 848 189 832 195 814 195 752 655 -10.484815 136.077713 29.688461 -0.505111 0.132965 -0.015481 59.136406 -74.174362 504.058685 26.222387 -72.593468 508.148651 92.050423 -75.755249 499.968689
657 194 673 182 693 181 710 192 693 198 674 200 797 187 813 174 833 172 851 183 834 190 815 191 625 61 14.634997 18.755970 15.304977 -0.451676 0.130527 -0.013176 58.766998 -76.195023 498.254089 25.842697 -74.812569 502.333160 91.691299 -77.577477 494.175018
659 192 674 182 694 181 711 191 694 197 676 198 797 186 813 174 833 173 850 181 834 189 815 190 930 116 -45.997444 29.468424 18.507902 0.530601 0.122779 -0.074038 58.197514 -75.950684 491.803772 25.325478 -74.668839 496.314392 91.069550 -77.232529 487.293121
659 195 674 185 693 184 710 193 693 199 675 200 797 189 813 177 832 175 850 184 833 191 814 192 857 202 -31.463341 46.501354 20.007233 -0.452192 0.127233 -0.012304 59.518898 -76.677223 504.460541 26.580406 -75.345779 508.440826 92.457390 -78.008667 500.480255
660 196 675 185 695 184 711 193 695 199 677 200 799 187 815 176 835 175 852 184 835 190 817 191 254 357 88.468689 77.442467 19.701397 -0.486496 0.140210 -0.009451 60.102757 -76.255821 501.588959 27.218864 -74.846756 505.973480 92.986649 -77.664886 497.204468
657 190 673 180 692 179 709 188 692 194 674 195 796 183 811 172 831 170 848 178 832 185 813 187 1383 221 -136.046341 49.985897 23.797710 -0.457310 0.116540 -0.020734 58.842297 -78.934677 503.383118 25.865812 -77.403023 506.955963 91.818779 -80.466324 499.810272
659 190 674 179 694 178 710 188 694 193 676 195 797 182 813 171 832 169 850 178 833 185 815 186 1207 156 -101.065842 37.230949 21.189409 -0.452070 0.122403 -0.020157 59.918304 -79.679314 506.129395 26.964338 -78.132248 509.897980 92.872269 -81.226379 502.360779
662 191 677 181 696 180 712 189 696 194 678 195 799 184 814 173 834 171 851 179 834 186 816 187 1028 263 -65.450554 58.468388 22.492229 -0.458488 0.126414 -0.014595 60.912979 -79.284439 507.983795 27.971985 -77.873650 511.915741 93.853973 -80.695221 504.051880
660 190 675 179 695 178 712 188 695 194 677 195 797 183 813 170 833 168 851 177 834 185 815 186 1111 82 -81.994156 22.656303 18.885921 -0.439980 0.127643 -0.018533 60.170147 -79.572372 505.745331 27.236731 -78.062149 509.703735 93.103561 -81.082603 501.786926
662 196 676 186 694 185 711 193 695 198 678 200 799 188 814 178 833 176 849 183 833 190 816 190 1425 852 -144.256943 174.663300 38.484287 -0.496174 0.125290 -0.017712 60.604126 -77.270348 508.275360 27.659380 -75.697838 512.113403 93.548874 -78.842857 504.437317
664 194 679 184 698 183 714 192 698 197 680 199 801 187 817 176 836 175 853 183 836 190 819 190 87 485 121.702637 102.823784 21.560644 -0.473276 0.139758 -0.005692 62.059803 -77.711739 508.489197 29.173273 -76.454269 512.899902 94.946335 -78.969208 504.078461
663 197 678 187 696 186 712 194 696 200 679 201 800 189 815 178 834 177 850 185 834 191 817 192 261 638 87.139404 132.970428 26.167015 -0.491162 0.144375 -0.008716 61.511913 -76.853027 510.140991 28.646900 -75.424294 514.658691 94.376923 -78.281754 505.623322
657 195 673 183 693 181 710 190 693 197 674 199 795 184 812 173 832 172 850 182 833 188 814 188 832 281 -26.474878 62.126274 21.652891 -0.446755 0.135844 -0.019142 58.978649 -77.417953 501.982452 26.080650 -75.815857 506.191315 91.876648 -79.020050 497.773590
656 193 673 181 693 179 710 188 692 195 674 197 795 183 811 171 832 170 851 180 833 187 814 187 953 108 -50.572430 27.875637 18.471859 -0.436907 0.134981 -0.021099 58.592220 -77.925964 500.116699 25.691917 -76.287460 504.293427 91.492523 -79.564468 495.939972
659 199 674 189 692 188 708 196 692 201 675 203 795 189 810 179 829 178 846 186 830 192 812 192 836 655 -27.186956 136.034546 30.224451 -0.495640 0.136080 -0.021975 59.417324 -76.378761 510.657013 26.521069 -74.585564 514.801941 92.313576 -78.171967 506.512085
506 110 522 101 543 100 560 109 543 115 524 116 657 106 675 95 697 94 717 102 698 110 677 110 881 199 -36.236050 45.896160 20.091822 -0.330463 0.060084 -0.019807 -8.788966 -105.678658 457.533264 -41.927956 -104.706757 459.383240 24.350023 -106.650558 455.683258
526 130 545 119 568 118 588 129 568 135 546 136 693 123 713 110 736 109 756 118 736 127 714 128 173 386 104.580788 83.215103 19.847210 -0.429657 0.057597 -0.031332 4.250989 -89.236015 417.830292 -28.883566 -87.823654 419.463135 37.385544 -90.648369 416.197479
528 138 547 128 570 127 590 138 570 144 549 145 695 134 715 121 739 120 758 129 738 137 716 138 220 365 95.230865 79.040909 19.667252 0.600257 -0.031224 -0.036230 5.147460 -82.861855 405.211761 -28.020508 -81.428345 404.586792 38.315426 -84.295364 405.836761
504 141 522 129 546 128 566 140 546 147 524 148 671 135 690 121 715 119 736 129 715 139 693 140 1149 276 -89.506699 60.975292 23.561365 0.589445 -0.028535 -0.047011 -4.090812 -81.784348 403.243103 -37.246864 -80.041771 402.796783 29.065241 -83.526932 403.689423
501 152 519 141 542 141 562 151 542 158 521 159 666 147 686 134 710 132 731 140 710 149 688 150 1291 638 -117.660683 132.441208 32.739277 0.586903 -0.033293 -0.044069 -5.816967 -77.899628 404.605560 -38.972584 -76.204491 403.980103 27.338650 -79.594765 405.230988
500 146 518 134 542 133 563 146 542 153 520 154 667 141 686 126 712 124 733 134 712 144 689 146 1235 233 -106.616081 52.433395 23.127550 0.562247 -0.033712 -0.043715 -5.558573 -79.503723 401.524994 -38.714123 -77.821754 400.861511 27.596975 -81.185692 402.188446
500 150 518 138 542 137 563 150 543 156 521 158 669 144 688 129 713 127 735 138 714 147 691 148 535 169 32.554192 40.145302 17.198542 -0.419347 0.047768 -0.041138 -5.275010 -80.014526 411.486420 -38.414825 -78.361519 412.743286 27.864807 -81.667534 410.229523
499 154 517 142 541 141 562 153 541 160 519 161 667 147 686 132 712 130 733 140 712 150 689 151 754 332 -10.954391 72.245033 22.320555 0.582656 -0.051447 -0.047964 -5.613157 -76.409142 399.184845 -38.738163 -74.422836 398.023773 27.511850 -78.395447 400.345917
502 161 520 150 542 149 562 159 543 165 522 167 669 153 688 140 711 139 732 147 712 155 690 157 669 802 6.051219 165.170670 32.517857 -0.476221 0.045352 -0.046975 -5.490746 -77.102310 416.250549 -38.626129 -75.250175 417.334808 27.644636 -78.954453 415.166290
499 152 518 139 542 139 563 152 542 159 520 160 668 147 688 132 714 130 736 141 714 151 691 152 601 123 19.420841 31.020815 16.568560 0.550725 -0.044038 -0.038726 -5.094086 -76.168930 396.793945 -38.243248 -74.555313 395.750427 28.055077 -77.782547 397.837463
503 167 520 156 542 155 562 165 543 170 522 172 669 158 688 146 712 144 732 152 712 160 690 161 673 817 5.259218 168.132935 32.886135 -0.490942 0.048544 -0.047146 -5.384773 -74.923943 415.909790 -38.515102 -73.034134 417.080048 27.745556 -76.813744 414.739532
504 166 521 154 544 153 564 164 544 171 523 172 670 158 690 145 714 143 734 153 714 161 692 162 397 812 60.136574 167.286636 31.010773 -0.495004 0.050958 -0.040590 -4.797678 -74.784019 414.758362 -37.933479 -73.081383 416.054260 28.338123 -76.486656 413.462433
503 165 521 154 544 153 564 165 544 171 523 172 670 160 690 146 714 144 735 153 714 163 692 164 350 454 69.402122 96.562401 22.530441 0.587160 -0.050458 -0.039291 -4.513604 -72.050850 400.362640 -37.652470 -70.343010 399.154938 28.625259 -73.758690 401.570343
499 162 517 149 542 149 563 162 542 169 519 170 668 157 688 142 714 140 736 150 715 160 691 162 677 196 4.325629 45.408112 18.721581 0.566578 -0.036061 -0.040758 -5.100828 -72.136459 394.763123 -38.257786 -70.524857 394.002472 28.056129 -73.748062 395.523773
499 160 518 147 542 146 563 160 543 167 520 168 669 155 689 139 715 137 737 148 715 159 692 160 570 43 25.566917 15.227047 14.542726 0.551579 -0.035090 -0.041574 -4.855480 -72.880783 394.814728 -38.012402 -71.256737 394.079407 28.301439 -74.504837 395.550049
502 162 520 151 543 150 563 162 543 168 522 169 670 157 689 143 714 142 735 151 714 160 692 161 409 220 57.618763 50.288723 17.559925 0.555066 -0.046691 -0.039021 -4.785524 -72.889885 399.601654 -37.930443 -71.241280 398.480957 28.359396 -74.538498 400.722351
495 166 513 153 537 152 558 165 537 172 515 173 663 160 683 144 708 142 730 152 709 162 685 164 842 160 -28.490166 38.208973 18.951805 0.559986 -0.042558 -0.048990 -7.089797 -71.527893 397.209991 -40.226524 -69.600677 396.314056 26.046930 -73.455109 398.105927
501 176 518 166 540 165 559 174 541 180 520 181 666 168 685 156 708 154 729 161 709 169 687 171 628 872 14.219039 179.025223 33.855766 -0.498374 0.043643 -0.051311 -6.472203 -71.538734 417.513306 -39.603256 -69.552322 418.486481 26.658852 -73.525139 416.540131
530 144 549 130 573 128 594 139 574 147 552 149 700 127 718 112 741 109 761 119 742 129 721 131 186 44 101.919792 15.621970 12.115335 -0.424089 0.055954 -0.092301 6.382984 -85.476631 413.074921 -26.631474 -82.120964 414.234558 39.397442 -88.832298 411.915283
499 133 517 120 540 119 560 132 540 139 519 140 665 128 684 114 709 113 730 124 710 133 687 133 1052 4 -70.280251 7.272165 16.727123 -0.404511 0.039783 -0.025172 -6.553706 -87.007584 415.048737 -39.722229 -85.931152 416.166779 26.614817 -88.084007 413.930695
551 212 565 202 582 200 597 206 583 212 567 214 677 195 691 185 708 183 724 189 710 195 693 197 603 658 19.142273 136.747131 28.806269 -0.522772 0.067355 -0.116675 3.868262 -77.260666 543.912537 -29.042471 -73.001427 545.053711 36.778996 -81.519897 542.771362
559 216 572 207 589 205 605 211 590 217 574 219 685 201 699 191 716 189 731 195 717 201 701 203 395 842 60.540924 173.216309 31.683521 -0.524933 0.068500 -0.108083 7.634370 -74.706711 545.351257 -25.305140 -70.707306 546.597473 40.573879 -78.706116 544.105042
556 214 569 204 586 202 602 208 587 214 571 217 681 197 695 187 712 184 728 190 714 197 697 199 192 550 100.839432 115.615211 23.715906 -0.503917 0.075371 -0.117832 6.051244 -76.627647 547.408203 -26.836079 -72.274658 548.834839 38.938568 -80.980629 545.981628
550 216 563 205 580 203 596 209 581 216 565 218 675 198 689 187 706 184 722 190 708 197 691 199 1323 631 -124.024963 131.041412 32.783508 -0.503028 0.061803 -0.133059 2.960145 -75.888321 544.697998 -29.895416 -71.165115 545.571472 35.815708 -80.611534 543.824524
565 209 578 199 595 197 611 204 596 210 580 212 690 194 704 184 721 182 737 189 722 195 706 196 243 464 90.679695 98.593590 22.076197 -0.514162 0.074285 -0.096425 10.710330 -78.248619 545.674255 -22.254169 -74.574242 547.223511 43.674831 -81.922997 544.124939
568 196 582 187 599 186 614 193 599 198 583 200 693 186 707 176 725 175 741 181 726 187 709 189 699 331 -0.018687 72.075668 21.946758 -0.483103 0.068438 -0.064840 12.442882 -83.614113 546.213257 -20.617325 -81.009064 547.885376 45.503086 -86.219162 544.541077
561 199 574 189 592 187 608 194 593 200 577 202 685 186 699 175 717 173 733 180 718 187 702 188 1048 167 -69.448624 39.486477 20.426210 -0.474679 0.067333 -0.090810 8.778958 -83.587570 549.305786 -24.217850 -80.170296 550.752319 41.775768 -87.004852 547.859253
564 209 577 199 593 197 608 203 594 208 578 211 688 193 701 184 718 182 733 188 719 194 703 195 473 801 45.022663 165.073761 31.244362 -0.526778 0.079200 -0.094248 9.441145 -79.657890 552.645264 -23.518129 -76.002876 554.344299 42.400421 -83.312904 550.946228
560 209 573 199 590 196 605 203 590 209 575 211 684 194 698 183 715 181 731 188 716 194 700 196 1185 654 -96.580605 135.657608 32.428513 -0.519025 0.068321 -0.103182 7.755286 -79.080238 549.158569 -25.201250 -75.239487 550.452759 40.711823 -82.920990 547.864319
558 210 571 199 588 197 603 204 589 210 573 212 682 194 696 183 713 181 729 188 714 194 698 196 841 570 -28.200056 119.234177 28.314075 -0.517726 0.073243 -0.105933 6.836667 -79.009018 550.261047 -26.099241 -75.041267 551.690186 39.772575 -82.976776 548.831909
558 207 571 198 589 196 604 202 590 208 574 210 682 193 696 182 714 180 729 186 715 193 698 195 664 387 6.953006 83.160439 23.003050 -0.484649 0.072474 -0.103499 7.047892 -80.189468 552.156372 -25.897366 -76.323624 553.648010 39.993149 -84.055321 550.664795
558 211 571 200 588 198 603 205 588 211 573 213 682 195 695 184 713 182 729 189 714 195 698 197 826 531 -25.226212 111.534660 27.327198 -0.518352 0.074176 -0.108228 6.655526 -78.223793 548.981018 -26.270216 -74.175629 550.418884 39.581268 -82.271957 547.543091
557 210 570 201 587 199 602 205 588 210 572 213 681 195 694 185 712 183 727 188 713 195 697 197 891 608 -38.133347 126.718094 29.501431 -0.498778 0.070968 -0.108585 6.147376 -79.040337 552.607971 -26.784195 -75.017502 553.982056 39.078945 -83.063171 551.233887
556 209 569 199 586 197 602 204 587 209 571 212 680 194 694 183 711 181 727 187 712 194 696 195 749 378 -9.949976 81.338181 23.339767 -0.477738 0.072557 -0.107988 5.739399 -79.685242 552.383301 -27.190096 -75.680397 553.856140 38.668896 -83.690079 550.910461
553 209 566 198 584 195 599 203 585 209 569 212 678 193 691 181 709 179 725 186 711 193 694 195 903 221 -40.605522 50.232525 20.734909 -0.483509 0.071217 -0.112036 4.577709 -79.245682 547.693604 -28.340584 -75.119659 549.079773 37.495998 -83.371712 546.307373
556 203 569 194 586 193 601 199 587 204 571 206 680 191 694 182 711 180 726 185 712 191 696 193 372 568 65.053131 119.079910 25.275763 -0.437901 0.051864 -0.091873 5.766745 -82.427933 557.519470 -27.256378 -79.108688 558.527283 38.789867 -85.747169 556.511719
556 204 569 196 585 194 600 199 586 205 571 207 679 190 692 181 708 179 723 184 709 190 694 192 97 674 119.756363 140.169052 25.943171 -0.471749 0.068469 -0.100130 5.039915 -83.226639 562.359924 -27.925402 -79.506020 563.775757 38.005230 -86.947258 560.944092
555 205 568 195 585 193 600 199 586 205 570 207 678 189 692 178 709 176 725 182 710 188 694 190 339 323 71.560143 70.679672 19.466854 -0.489975 0.078372 -0.114374 4.932414 -82.651657 555.868713 -27.960077 -78.392014 557.449524 37.824905 -86.911301 554.287842
555 201 568 192 584 190 600 196 586 202 570 204 677 186 691 176 708 173 724 179 709 186 693 188 669 134 5.902507 33.159710 17.253811 -0.467621 0.070066 -0.111897 4.666398 -84.835342 559.556458 -28.254679 -80.730949 560.940735 37.587475 -88.939728 558.172180
556 203 569 193 585 191 600 197 586 203 571 205 679 187 692 177 709 175 724 181 710 187 694 188 275 511 84.327438 107.865341 23.354351 -0.514217 0.080690 -0.107539 5.132283 -83.828583 557.733398 -27.779430 -79.750717 559.391663 38.043995 -87.906441 556.075195
460 187 476 175 498 174 516 185 498 191 479 193 615 179 633 166 656 164 676 174 657 182 636 183 1030 355 -65.827744 76.648514 24.607224 -0.422981 0.006274 -0.066967 -26.614294 -71.325211 444.678680 -59.745140 -69.125549 444.417572 6.516552 -73.524872 444.939819
460 191 475 180 496 178 514 189 497 196 477 197 611 183 629 170 651 168 671 177 652 186 631 187 1284 293 -116.345642 64.265488 24.811234 -0.398508 0.015031 -0.068942 -28.512638 -70.939819 453.095734 -61.635914 -68.614510 453.131378 4.610635 -73.265137 453.060089
477 195 493 184 515 183 533 193 515 200 495 201 630 188 648 175 670 173 690 182 671 190 650 192 1138 385 -87.295242 82.521652 25.981865 -0.436641 0.002031 -0.068219 -20.445393 -68.767944 450.901703 -53.574123 -66.561287 450.480438 12.683337 -70.974609 451.322998
624 207 644 198 667 198 686 209 666 214 645 214 784 208 801 196 822 196 838 205 821 212 802 212 739 572 -7.918437 119.681831 27.708931 -0.476952 0.070593 0.017891 43.927723 -60.648796 447.072388 10.809266 -60.671833 449.465485 77.046181 -60.625763 444.679291
582 216 600 207 622 207 640 216 621 221 601 222 739 215 757 204 778 204 795 213 777 219 758 219 566 807 26.532341 166.211700 31.974882 -0.423727 0.049944 0.002078 25.520592 -58.336067 453.589996 -7.643362 -58.056938 455.212921 58.684544 -58.615196 451.967072
559 220 577 209 599 208 617 218 599 225 578 226 715 213 732 201 754 199 773 208 754 217 734 218 1035 614 -66.764259 127.829834 30.557373 0.326083 0.000158 -0.050334 15.563001 -59.024994 457.153076 -17.600128 -57.384659 457.428284 48.726131 -60.665333 456.877899
542 220 559 210 580 209 598 218 580 224 560 225 698 213 715 202 737 200 755 208 737 216 717 217 1009 696 -61.576290 144.048126 32.265202 -0.458653 0.026466 -0.050633 7.742295 -57.580463 447.997620 -25.409283 -55.760452 448.466705 40.893871 -59.400475 447.528503
543 199 561 187 584 184 603 192 584 199 563 202 701 185 720 174 743 173 765 182 745 189 723 189 595 129 20.615187 32.209625 16.667377 -0.456142 0.054303 -0.060844 9.435700 -66.370010 434.846893 -23.660654 -64.017288 436.133606 42.532055 -68.722733 433.560211
558 226 576 216 598 213 618 221 598 228 578 230 717 214 736 204 758 203 779 211 759 218 738 218 359 531 67.629745 111.774605 24.347347 -0.396947 0.071937 -0.049428 15.752590 -55.309597 440.555847 -17.327477 -53.245564 442.557983 48.832657 -57.373634 438.553711
546 213 564 202 586 202 604 213 585 219 565 219 703 211 721 199 743 198 761 208 743 215 722 216 797 167 -19.541031 39.615440 18.824621 -0.326469 0.030949 -0.015911 10.180355 -60.031536 453.347229 -23.004532 -59.346394 454.271057 43.365242 -60.716679 452.423401
565 230 583 220 605 219 624 229 605 235 584 236 722 223 740 211 761 209 778 217 761 225 741 227 527 556 34.231030 116.628815 25.990587 0.500702 0.005135 -0.064849 17.680195 -51.947842 435.792114 -15.455840 -49.926659 436.483185 50.816231 -53.969025 435.101044
547 231 565 220 588 219 607 230 588 236 567 237 704 225 722 211 745 209 763 218 745 227 724 228 937 420 -47.321613 89.541672 25.499081 0.493158 0.002781 -0.061591 10.509040 -50.977997 431.344879 -22.633953 -49.038338 431.927460 43.652031 -52.917656 430.762299
558 226 577 216 600 215 619 227 599 232 578 233 716 222 734 209 756 208 774 217 756 226 735 227 68 329 125.445778 72.004639 17.874750 0.482522 -0.009932 -0.043073 15.252476 -52.394875 433.530212 -17.920527 -50.941929 433.551544 48.425480 -53.847820 433.508881
548 234 566 223 589 223 608 234 589 240 568 241 706 228 723 215 745 213 763 222 745 231 725 232 477 377 44.132931 81.280312 21.581329 0.507139 -0.006209 -0.056650 11.017757 -49.921886 436.166199 -22.134295 -48.070263 436.435577 44.169811 -51.773506 435.896851
538 235 557 224 580 223 600 233 580 239 558 241 697 228 716 215 739 214 758 223 739 231 718 232 387 351 62.022297 76.188400 20.412945 -0.505146 0.055449 -0.034899 7.662536 -50.299747 439.752502 -25.472538 -48.735340 441.228668 40.797611 -51.864159 438.276337
527 231 545 220 568 219 588 232 568 238 547 239 685 226 703 212 726 210 745 219 726 229 705 230 1120 89 -83.782112 24.035028 19.103302 0.480491 -0.012954 -0.054477 2.434533 -50.185410 429.559540 -30.719229 -48.344887 429.572144 35.588295 -52.025936 429.546906
535 231 553 220 577 219 596 230 576 237 555 238 693 227 711 213 734 212 754 221 735 230 713 231 1017 313 -63.252235 68.355103 23.564558 0.499349 -0.011114 -0.042308 5.894695 -50.034264 428.198822 -27.279009 -48.597298 428.188538 39.068398 -51.471233 428.209137
546 228 564 218 587 218 606 231 587 236 565 237 704 226 722 212 745 210 763 218 745 228 724 230 412 124 57.000885 31.315546 15.385433 0.508365 -0.036629 -0.043321 10.289243 -50.613415 428.521942 -22.863293 -48.934383 427.715790 43.441776 -52.292446 429.328125
530 232 547 221 570 220 589 231 570 238 549 239 687 226 705 212 727 210 746 218 728 228 707 229 1193 58 -98.303970 17.871264 18.860741 0.388664 0.007310 -0.063090 3.331764 -51.054596 436.526215 -29.806940 -49.060001 437.164581 36.470467 -53.049191 435.887848
475 258 492 248 513 248 530 259 512 264 492 264 627 259 645 247 667 247 685 257 667 264 646 264 330 73 73.294006 21.278997 13.696836 -0.495086 0.004481 -0.004238 -22.119635 -39.602543 455.440979 -55.323830 -39.431400 455.549652 11.084558 -39.773682 455.332306
478 261 494 251 515 251 533 262 515 266 495 267 628 261 646 250 668 250 686 260 668 266 647 266 351 432 69.198387 92.214218 22.034115 -0.522844 0.001988 -0.005217 -21.426500 -38.798630 458.699371 -54.630806 -38.616329 458.718170 11.777808 -38.980934 458.680573
481 257 498 248 519 248 536 259 518 263 499 263 633 258 651 248 672 248 690 258 671 264 652 263 90 146 121.030663 35.828659 13.833512 -0.493722 0.013705 0.003610 -19.772228 -39.985188 457.885132 -52.973774 -39.990181 458.350891 13.429318 -39.980194 457.419342
477 266 495 256 516 255 533 263 514 269 495 270 628 262 646 253 668 254 687 264 668 269 648 268 788 822 -17.605698 169.061951 33.734184 -0.544716 -0.004217 -0.013880 -21.288521 -37.126423 455.984955 -54.489925 -36.725224 455.729279 11.912884 -37.527622 456.240601
479 267 497 256 517 255 534 264 516 269 496 271 629 263 647 254 668 255 687 265 668 269 648 268 511 895 37.487858 183.630630 33.634769 -0.550803 0.003167 -0.008777 -20.952000 -37.106895 458.551758 -54.155403 -36.801727 458.573425 12.251404 -37.412064 458.530060
477 262 495 251 518 250 535 260 516 267 495 268 631 259 649 249 672 250 692 261 672 267 651 266 77 503 123.694992 106.386108 21.908142 -0.527028 0.013616 -0.004068 -19.961481 -37.994350 449.455994 -53.163017 -37.749027 449.852661 13.240056 -38.239670 449.059326
475 260 492 249 513 249 530 260 512 266 493 266 626 259 644 248 666 248 684 258 665 264 645 264 803 273 -20.710443 60.560207 21.285044 -0.508431 -0.005757 -0.014685 -22.503878 -39.450600 459.092041 -55.704647 -39.031300 458.787720 10.696894 -39.869900 459.396362
475 264 494 253 515 252 532 261 514 267 494 268 628 260 646 251 669 252 688 262 669 267 648 266 544 408 30.817884 87.372147 22.717207 -0.507223 0.000929 -0.011532 -21.280682 -37.843826 453.023285 -54.483318 -37.469460 452.957794 11.921957 -38.218193 453.088806
472 261 490 249 512 248 530 258 511 265 490 266 625 258 644 247 666 248 686 259 666 265 645 264 1118 238 -83.351273 53.481613 22.495245 -0.495981 -0.011766 -0.015867 -22.410809 -38.947796 451.482117 -55.609276 -38.537220 450.979279 10.787659 -39.358372 451.984955
478 256 495 247 517 247 534 258 516 263 496 263 631 258 649 247 671 247 689 257 670 264 650 264 210 73 97.154205 21.340654 12.931135 -0.468072 0.009295 0.003178 -20.572840 -40.142948 457.485565 -53.776081 -40.173725 457.807312 12.630400 -40.112167 457.163849
476 268 494 258 514 257 532 265 513 271 494 272 626 264 645 256 666 256 685 266 666 271 646 270 974 833 -54.586563 171.140213 35.172371 -0.537520 -0.009364 -0.017615 -21.989307 -36.452713 458.186432 -55.187672 -35.977184 457.736847 11.209057 -36.928242 458.636047
472 266 490 255 511 254 529 263 510 269 490 270 624 262 643 253 665 253 684 264 665 269 644 268 1207 603 -100.966331 125.567627 31.403522 -0.516246 -0.017021 -0.020763 -22.878130 -37.205177 455.298676 -56.071239 -36.688713 454.584290 10.314980 -37.721645 456.013062
476 266 494 256 514 255 532 264 513 269 494 271 626 262 644 254 666 254 684 264 666 269 645 268 766 313 -13.344642 68.484062 21.962969 -0.513635 -0.002352 -0.015794 -22.148857 -37.277103 458.521210 -55.349529 -36.795067 458.314758 11.051815 -37.759140 458.727661
480 259 496 249 517 249 534 260 516 265 497 265 631 259 648 248 670 248 688 258 670 264 650 264 97 65 119.620789 19.817743 12.027298 -0.473287 0.014302 -0.001526 -20.719721 -39.846630 460.876282 -53.921162 -39.687534 461.321869 12.481722 -40.005722 460.430725
474 269 492 259 513 257 530 265 512 271 492 273 624 264 642 256 664 256 683 266 664 271 644 270 1112 826 -82.027359 169.685959 35.892975 -0.532998 -0.011566 -0.020239 -22.861855 -36.442047 459.204041 -56.057858 -35.901390 458.663086 10.334148 -36.982708 459.745026
471 264 487 254 507 254 525 264 507 269 488 269 620 263 638 253 659 253 677 262 659 268 639 268 1167 481 -93.040092 101.478394 28.360544 -0.505005 -0.013250 -0.017926 -25.243752 -38.257092 465.148926 -58.440491 -37.795647 464.580353 7.952987 -38.718540 465.717499
471 263 488 256 508 256 525 264 508 269 489 269 620 265 638 256 659 255 677 263 659 269 639 269 1331 675 -125.605850 139.732635 33.839973 -0.485394 -0.018818 -0.009417 -25.248940 -38.285049 467.571320 -58.446545 -38.133205 466.896362 7.948666 -38.436897 468.246277
478 264 493 255 513 254 529 263 512 268 494 269 625 262 642 253 663 253 680 261 662 267 643 266 490 690 41.617756 143.129074 28.816446 -0.514454 0.005983 -0.013766 -23.433905 -38.929325 470.184875 -56.635059 -38.442165 470.259888 9.767250 -39.416481 470.109863
470 261 487 251 508 251 525 262 507 267 488 268 620 261 638 249 660 249 679 259 660 266 640 266 1376 263 -134.645142 58.289581 24.712759 -0.487376 -0.018078 -0.022872 -24.888123 -39.181107 462.977570 -58.079102 -38.594856 462.219452 8.302858 -39.767361 463.735718
470 257 487 247 508 248 526 258 507 263 488 263 620 258 639 247 661 246 679 256 660 263 640 263 1214 139 -102.461472 33.867790 20.845619 -0.462031 -0.016669 -0.013470 -24.837452 -40.872761 463.159515 -58.034775 -40.566868 462.524017 8.359870 -41.178654 463.794983
485 293 502 282 524 282 543 293 524 299 504 299 643 288 661 275 684 273 703 282 684 291 663 292 504 36 38.688469 13.877610 13.961637 0.443200 -0.069353 -0.036320 -14.882635 -24.671757 428.157928 -47.987396 -23.004305 426.194794 18.222128 -26.339211 430.121063
488 299 505 289 526 288 544 298 526 303 506 304 644 292 662 280 683 279 702 287 684 295 664 296 502 503 39.190105 106.167740 24.619997 0.463859 -0.064678 -0.042663 -14.686725 -22.892376 432.923279 -47.793690 -21.038406 431.176483 18.420240 -24.746346 434.670074
485 298 502 288 523 287 541 298 523 303 503 304 640 293 658 280 679 278 698 287 680 295 660 296 1236 443 -106.768166 93.933334 27.932508 0.451111 -0.045870 -0.045106 -16.252117 -23.066353 435.721161 -49.389400 -21.282259 434.582214 16.885166 -24.850445 436.860077
514 298 527 291 542 291 556 297 542 301 527 301 645 294 659 287 675 286 689 292 675 297 660 297 866 806 -33.118393 165.859940 33.866283 -0.296412 0.069600 -0.018061 -14.601779 -26.443432 517.382629 -47.721413 -25.513100 519.569824 18.517857 -27.373764 515.195435
485 296 502 285 523 285 541 296 523 301 503 302 638 292 656 279 677 278 696 287 678 295 658 296 1305 73 -120.570152 20.778034 19.918150 0.414264 -0.031326 -0.039072 -16.872679 -23.819000 440.487335 -50.036453 -22.346588 439.741943 16.291098 -25.291414 441.232758
471 245 488 237 508 236 527 245 509 250 490 250 623 241 641 231 663 230 682 237 663 244 643 245 1108 535 -81.296799 112.180252 29.217995 0.535080 -0.091584 -0.019181 -22.780285 -45.333076 440.991333 -55.843273 -43.933239 438.263916 10.282704 -46.732914 443.718750
457 258 473 247 494 247 512 257 494 263 474 264 612 253 629 241 651 240 671 248 652 256 631 257 1320 254 -123.512383 56.539764 24.149780 -0.535200 -0.014000 -0.056446 -28.874754 -40.897812 449.329102 -62.024757 -39.234173 448.396820 4.275249 -42.561451 450.261383
459 266 474 257 494 256 511 265 494 270 476 271 610 260 627 250 648 249 666 256 648 263 629 264 1275 768 -114.450378 158.140182 35.607731 -0.547660 -0.010021 -0.056061 -30.071335 -38.524109 460.371155 -63.223648 -36.844086 459.557983 3.080979 -40.204136 461.184326
465 263 481 254 501 254 519 263 501 269 482 269 618 260 636 248 658 247 677 256 658 263 638 264 281 456 83.122185 96.993095 22.135864 -0.542773 0.009543 -0.039879 -26.026697 -38.320271 451.305511 -59.204277 -36.976631 451.256378 7.150884 -39.663910 451.354645
468 264 484 254 505 254 522 264 505 269 486 270 622 260 639 249 661 248 680 257 661 263 641 264 184 404 102.397606 86.766632 20.328705 -0.539531 0.010384 -0.037935 -24.738729 -38.205078 452.936859 -57.918480 -36.915218 452.933472 8.441022 -39.494938 452.940216
461 263 477 253 498 253 516 263 498 269 479 269 616 259 634 247 656 245 675 254 657 262 636 263 1099 191 -79.583870 44.203182 21.300041 0.491198 -0.092640 -0.023698 -26.116220 -37.264854 435.063141 -59.172367 -35.770550 432.303070 6.939926 -38.759155 437.823181
468 272 483 262 502 261 518 271 502 275 484 276 618 265 635 255 655 254 673 262 655 268 636 269 685 766 2.861844 158.048080 31.797337 -0.567927 0.005751 -0.054549 -26.825161 -36.025589 461.026611 -59.981365 -34.258217 460.706848 6.331041 -37.792961 461.346375
462 266 479 256 499 255 517 266 500 271 480 272 617 262 635 250 657 249 677 258 657 265 637 266 722 348 -4.588109 75.423416 22.481974 -0.550532 -0.001008 -0.044895 -26.478691 -37.076374 448.783508 -59.650867 -35.669285 448.351715 6.693484 -38.483459 449.215332
466 262 482 252 503 252 521 263 503 268 483 269 621 259 639 247 661 246 680 255 662 263 641 264 275 46 84.223923 15.971483 12.728930 -0.519378 0.013516 -0.035477 -24.910580 -38.295074 448.182709 -58.091999 -37.055656 448.312408 8.270841 -39.534492 448.053009
470 273 485 263 504 263 520 272 504 277 486 278 620 267 637 256 657 255 675 263 658 269 639 270 73 790 124.554230 163.105453 28.440674 -0.566037 0.018892 -0.049660 -25.765440 -35.387356 460.380920 -58.924633 -33.652988 460.520721 7.393753 -37.121723 460.241119
459 269 477 258 498 256 516 266 498 272 477 274 615 261 634 250 657 249 677 258 657 265 636 265 1132 279 -86.125832 61.576889 23.521442 -0.545467 -0.010434 -0.062657 -26.738840 -36.359734 443.676849 -59.878334 -34.474358 442.794220 6.400652 -38.245113 444.559448
461 272 477 263 497 262 514 271 497 276 478 277 614 266 632 256 653 254 672 262 654 269 634 270 1319 606 -123.235184 126.102943 32.186729 -0.556801 -0.015798 -0.061520 -27.927881 -35.202579 452.528259 -61.067451 -33.407349 451.476746 5.211689 -36.997810 453.579742
463 274 479 265 498 264 515 273 498 278 480 279 616 268 633 258 653 256 672 264 654 270 635 271 1244 729 -108.295174 150.448883 34.518761 -0.566435 -0.014764 -0.061777 -27.692839 -34.791164 456.837097 -60.832466 -32.984283 455.807587 5.446788 -36.598045 457.866638
458 269 474 258 496 257 514 267 496 274 476 275 613 263 632 250 654 249 675 259 655 267 634 267 1315 100 -122.552498 26.108669 20.598919 -0.529490 -0.019141 -0.062131 -27.630770 -36.020073 445.092682 -60.767059 -34.217808 443.953461 5.505518 -37.822338 446.231903
462 270 478 260 499 260 517 270 499 276 480 276 617 266 635 255 657 254 676 262 658 270 637 270 762 306 -12.550860 67.102776 21.777493 0.489373 -0.094397 -0.017699 -25.563656 -34.222996 434.498627 -58.618473 -32.908173 431.633331 7.491162 -35.537815 437.363892
553 265 570 255 590 255 606 265 588 270 570 270 699 266 715 256 735 256 751 266 734 271 716 271 226 495 94.066795 104.728577 22.676083 -0.550889 0.022687 0.017314 10.164836 -38.494965 481.130402 -23.026794 -38.838886 482.000458 43.356468 -38.151043 480.260345
544 262 562 252 583 252 600 263 581 268 562 268 692 263 708 252 729 252 746 262 728 268 709 268 724 59 -5.050117 18.309860 15.890980 -0.525353 0.007830 0.001506 6.990552 -39.846962 478.822540 -26.213230 -39.827953 479.083557 40.194332 -39.865971 478.561493
526 270 543 263 562 263 579 272 562 276 543 276 671 272 688 263 708 262 726 269 708 275 689 276 1208 628 -101.159599 130.507645 31.981163 0.525688 -0.016812 0.000323 -1.977140 -34.769405 462.749725 -35.177368 -34.636276 462.214111 31.223085 -34.902534 463.285309
523 272 540 262 560 262 576 273 559 277 540 277 669 272 686 260 707 260 724 270 707 276 688 276 913 208 -42.596767 47.658310 20.501663 -0.587227 0.014584 -0.008380 -3.025120 -35.084000 471.217987 -36.225368 -34.683331 471.595490 30.175129 -35.484669 470.840485
540 274 557 268 576 269 592 277 575 280 557 280 684 277 701 269 720 268 736 275 719 281 701 281 130 746 113.210838 154.380829 27.798965 0.476754 -0.028101 0.008453 3.724004 -33.135281 471.130035 -29.466782 -33.187180 470.166412 36.914791 -33.083385 472.093689
531 277 548 268 567 268 584 278 566 282 548 282 676 277 692 267 712 267 729 276 712 281 693 281 699 580 0.036746 121.283348 27.636499 -0.564738 0.019422 -0.001224 -0.059787 -33.304283 480.314209 -33.258476 -33.088451 480.914154 33.138905 -33.520115 479.714264
533 275 550 266 570 266 586 277 569 281 550 281 679 276 696 266 716 265 733 274 715 280 696 280 369 254 65.579735 57.028397 18.081604 -0.539560 0.029699 0.005042 1.115680 -33.757988 478.101532 -32.074432 -33.657753 479.084473 34.305790 -33.858219 477.118622
535 287 551 278 570 279 586 288 569 292 551 292 678 289 695 279 714 279 731 288 714 293 696 293 637 718 12.395240 148.586929 30.394239 -0.581343 0.027193 0.013167 1.051657 -28.263720 482.287140 -32.138424 -28.421511 483.263489 34.241737 -28.105928 481.310822
527 291 542 282 561 283 576 293 560 297 543 296 669 293 686 284 705 284 722 292 705 298 687 297 1206 767 -100.730988 157.978012 35.144604 -0.577307 0.016163 0.010247 -3.058463 -26.302851 483.835205 -36.257362 -26.473822 484.438049 30.140438 -26.131880 483.232361
522 284 538 274 559 275 575 287 558 292 539 291 667 289 685 277 706 277 724 286 706 294 686 293 992 87 -58.331673 23.705553 18.240854 0.448892 -0.021286 0.019323 -3.565124 -27.723505 461.957458 -36.756447 -28.187712 461.132629 29.626198 -27.259296 462.782257
531 288 547 280 566 281 582 290 566 294 548 294 676 291 693 281 712 281 729 290 712 295 693 295 352 210 68.950134 48.341797 16.967714 -0.555965 0.039883 0.020148 -0.284801 -27.232552 479.868652 -33.457317 -27.508720 481.306549 32.887714 -26.956383 478.430756
532 293 547 285 566 286 581 295 565 299 548 298 674 296 691 286 710 286 727 295 710 300 691 299 53 666 128.503326 138.610687 25.479612 -0.565910 0.043097 0.021135 -0.814893 -25.382441 485.321106 -33.982471 -25.652943 486.869720 32.352684 -25.111938 483.772461
532 293 548 285 567 285 583 295 566 299 548 299 676 296 693 286 712 286 729 295 712 300 693 300 256 504 88.103745 106.491753 23.073162 -0.551366 0.037857 0.022664 -0.149787 -25.300421 483.152466 -33.323093 -25.677376 484.548584 33.023521 -24.923466 481.756317
529 297 544 289 562 289 578 298 562 302 545 302 669 298 685 289 704 289 721 297 704 302 686 302 1263 555 -112.111778 116.053032 30.664032 -0.541799 0.025764 0.008740 -2.850157 -24.311649 492.190643 -36.042980 -24.361710 493.081482 30.342667 -24.261591 491.299805
528 291 544 281 564 282 580 293 563 297 544 297 672 294 689 283 710 282 727 292 709 298 690 298 495 65 40.484444 19.613249 14.566871 -0.551645 0.034465 0.017550 -1.647946 -26.038538 478.345917 -34.828548 -26.284348 479.589569 31.532660 -25.792728 477.102264
530 296 546 287 564 288 580 297 564 302 546 301 675 298 691 289 710 289 727 298 710 303 692 303 172 815 104.875122 167.995102 29.643637 -0.580167 0.037908 0.024501 -1.075449 -24.354584 490.076904 -34.247379 -24.768057 491.495178 32.096481 -23.941111 488.658600
523 294 539 285 559 285 576 297 558 301 540 300 667 297 684 286 705 286 723 295 705 302 686 302 1134 160 -86.549995 38.058941 20.815010 0.441310 -0.018153 0.011268 -3.552746 -23.863428 466.406311 -36.750103 -24.094685 465.741730 29.644611 -23.632174 467.070862
528 297 544 289 563 289 579 299 562 303 544 303 672 300 689 289 709 289 726 298 708 304 690 304 455 347 48.500622 75.362976 20.755440 -0.568564 0.032089 0.014536 -1.890917 -23.391037 482.370636 -35.075676 -23.553225 483.513000 31.293842 -23.228849 481.228271
522 293 538 282 559 283 576 296 558 300 539 300 666 296 683 283 704 283 722 294 704 301 684 300 1269 74 -113.411873 20.994154 19.711290 0.435993 -0.028379 0.009613 -3.896077 -24.504797 467.378418 -37.086220 -24.611753 466.397339 29.294067 -24.397842 468.359497
527 299 543 292 561 292 577 301 561 304 543 304 670 301 686 293 706 293 722 301 705 306 687 305 564 873 26.944704 179.255722 33.470245 -0.585407 0.028970 0.015808 -2.899072 -22.659441 486.925598 -36.086315 -22.881191 487.982666 30.288170 -22.437691 485.868561
515 230 530 225 548 228 562 237 546 239 530 237 648 248 664 242 683 244 698 252 681 255 664 253 1409 201 -141.220505 46.020111 23.506605 0.511852 0.047892 0.116713 -11.809595 -52.022610 506.363068 -44.756237 -56.118656 506.911621 21.137045 -47.926563 505.814514
539 236 557 230 575 231 592 238 574 241 557 240 677 241 693 235 711 236 727 243 711 246 694 245 671 195 5.518417 45.213573 18.660446 -0.856208 -0.029682 0.022276 1.937884 -51.894871 495.929413 -31.245430 -52.944000 495.357880 35.121197 -50.845741 496.500946
534 208 551 202 569 204 585 212 568 211 551 210 664 217 680 210 697 211 714 218 697 219 681 218 1316 782 -122.599503 160.885818 36.189251 -0.705707 -0.045527 0.038051 -2.777635 -66.337997 513.378601 -35.926399 -68.009964 512.417603 30.371130 -64.666031 514.339600
528 243 545 238 562 239 578 245 561 247 544 246 663 250 679 246 696 247 712 254 696 255 679 254 1159 603 -91.422249 125.592285 31.097242 -0.848391 -0.049716 0.042364 -4.619503 -48.974804 506.690765 -37.757656 -50.876804 505.793671 28.518650 -47.072807 507.587891
527 238 544 233 560 234 577 241 560 242 543 241 659 244 675 238 692 239 708 245 692 246 675 246 1110 158 -81.778397 37.676029 20.616169 -0.914003 -0.038254 0.016997 -5.970612 -52.283497 510.286041 -39.148308 -53.313488 509.426178 27.207083 -51.253506 511.145874
523 241 540 236 558 236 574 242 557 243 540 244 658 245 674 241 691 242 707 248 691 249 674 248 396 26 60.160427 11.956889 13.044003 -0.857703 -0.038176 0.017142 -6.934881 -51.071167 507.680481 -40.112362 -52.083981 506.792450 26.242599 -50.058353 508.568481
519 244 537 238 555 238 572 245 554 247 536 247 656 248 673 244 691 245 708 252 691 253 673 252 664 78 6.884215 22.095491 15.942286 -0.819150 -0.035572 0.030099 -7.657747 -48.492691 497.839935 -40.828487 -49.840942 497.173798 25.512995 -47.144444 498.506073
521 242 539 237 556 237 572 244 555 246 538 245 657 248 674 243 691 245 708 251 691 253 674 252 522 97 35.123020 25.923254 15.470365 -0.877637 -0.042481 0.035128 -7.291417 -49.267876 501.881165 -40.448952 -50.869789 501.125183 25.866116 -47.665962 502.637115
548 245 562 242 575 243 587 249 573 248 561 247 656 254 669 250 683 251 696 256 683 256 670 255 57 553 127.682831 116.277443 22.923044 -0.872879 -0.025686 0.069112 -4.743093 -55.347870 590.672119 -37.863277 -57.709328 590.863281 28.377090 -52.986412 590.480896
519 216 536 211 553 211 569 217 552 217 536 217 651 219 667 214 684 214 700 220 684 220 668 220 849 54 -29.905609 17.257528 16.574333 -0.683154 -0.034655 0.006550 -9.657154 -63.367847 507.396759 -42.842110 -63.946751 506.405151 23.527800 -62.788944 508.388397
517 252 534 247 551 247 566 252 550 254 533 254 652 256 669 253 685 254 701 260 685 261 669 259 1429 629 -145.101913 130.591705 33.414177 -0.889715 -0.048459 0.020558 -10.049087 -45.539379 507.450531 -43.210861 -46.804802 506.330292 23.112690 -44.273960 508.570770
521 246 538 241 554 242 570 247 553 248 537 248 654 251 670 246 686 247 703 253 686 254 670 253 40 218 130.988449 50.083076 15.159697 -0.880595 -0.037939 0.022276 -8.819177 -48.701157 509.526062 -41.993881 -49.868313 508.728394 24.355530 -47.534004 510.323700
551 208 568 203 585 205 601 214 583 213 567 211 677 222 693 216 710 218 726 226 710 226 693 224 413 447 56.873959 95.146683 22.772482 -0.651513 -0.059748 0.081953 4.435637 -66.430855 528.306396 -28.604498 -69.582359 527.317932 37.475773 -63.279350 529.294800
540 242 557 239 573 240 589 246 572 245 556 244 671 253 687 251 703 252 718 258 702 257 687 255 174 149 104.329185 36.378361 14.438053 -0.891200 -0.052634 0.071241 -0.154688 -49.376995 520.227234 -33.237724 -52.166832 519.689514 32.928349 -46.587162 520.765015
527 246 545 239 563 239 580 246 562 249 544 250 664 252 681 248 700 251 716 260 699 261 681 258 795 71 -19.164732 20.644835 16.618223 -0.928735 -0.043126 0.062346 -4.026790 -47.326118 505.508209 -37.142899 -49.727695 505.168396 29.089317 -44.924545 505.848053
562 253 575 250 588 251 599 257 586 257 574 256 668 263 682 260 695 262 708 267 694 267 681 266 472 630 45.183430 131.281052 27.330568 -0.847470 -0.007576 0.106296 2.368537 -51.867889 610.711060 -30.658924 -55.083904 611.895813 35.395996 -48.651875 609.526245
206 472 213 467 221 467 228 471 221 474 213 475 266 470 272 465 280 465 286 470 280 473 273 473 1438 766 -146.860931 157.661194 36.602104 -0.005663 0.280745 -0.063448 -374.163666 119.522911 1027.969360 -406.002533 121.626923 1037.157227 -342.324768 117.418900 1018.781372
531 237 548 231 568 232 584 241 566 245 547 244 670 249 688 242 707 244 724 253 706 257 688 255 1139 164 -87.543282 38.846855 20.938314 -0.527191 -0.030375 0.075846 -1.235942 -49.109848 493.480133 -34.332531 -51.770157 493.166962 31.860649 -46.449539 493.793304
539 335 555 328 573 329 588 338 572 341 555 341 675 338 690 330 708 329 723 336 708 342 691 342 164 311 106.353607 68.398132 18.076004 0.483441 -0.031597 0.015826 0.689686 -5.883951 496.788910 -32.494797 -6.140437 495.655792 33.874168 -5.627466 497.922058
529 349 543 343 560 343 574 352 559 354 544 354 660 352 675 344 692 344 707 351 692 355 676 355 420 793 55.559139 163.520020 30.723375 0.538299 -0.026789 0.018304 -5.941316 0.789425 503.562164 -39.129070 0.444365 502.555481 27.246439 1.134485 504.568878
522 346 537 338 555 339 571 350 554 353 537 353 656 350 672 340 692 339 708 348 691 354 673 354 1285 148 -116.576759 35.609901 21.504311 0.511589 -0.009459 0.010262 -7.501490 -0.334950 490.380707 -40.703140 -0.582397 489.994873 25.700159 -0.087504 490.766541
521 354 536 347 553 348 568 357 553 360 536 359 654 357 670 348 688 347 704 355 688 360 671 360 1309 627 -121.242165 130.258118 32.602776 0.531074 -0.015832 0.009380 -8.643583 3.123152 495.571014 -41.842907 2.962483 494.988953 24.555738 3.283822 496.153107
521 355 536 347 553 348 568 357 553 360 536 360 654 358 670 348 688 348 704 355 688 360 671 361 1179 722 -95.372459 149.098938 33.944054 0.525422 -0.017459 0.011028 -8.605114 3.285730 496.046570 -41.803009 3.085020 495.399200 24.592781 3.486439 496.693939
523 353 539 344 558 345 573 354 556 358 539 358 659 354 676 345 695 345 712 354 695 359 677 358 220 306 95.217728 67.381256 18.319078 -0.715621 0.008469 0.005145 -6.283062 2.305437 497.051300 -39.486313 2.245203 497.367706 26.920189 2.365671 496.734924
523 357 538 350 555 350 570 360 554 363 538 362 656 360 671 351 689 350 705 358 689 363 672 363 812 734 -22.397329 151.658951 31.876492 0.520393 -0.020289 0.012012 -7.891242 4.468749 498.463562 -41.087032 4.259057 497.718475 25.304548 4.678442 499.208649
526 357 540 349 558 350 573 360 557 363 541 362 659 361 675 351 693 351 709 358 693 364 675 364 172 658 104.840172 136.968582 26.056128 0.517520 -0.034048 0.021509 -6.370692 4.644059 495.708618 -39.549179 4.247521 494.447449 26.807793 5.040596 496.969757
526 350 541 341 560 342 575 354 559 357 541 356 660 354 676 343 696 343 712 352 695 357 677 358 701 23 -0.484925 11.207314 14.921607 0.558123 -0.018112 0.017842 -5.528193 1.364898 486.911621 -38.722549 0.966299 486.179962 27.666164 1.763497 487.643280
534 356 549 349 565 350 579 359 564 360 549 360 666 360 681 352 698 352 713 360 698 363 682 363 320 826 75.449989 170.092896 30.839354 0.598436 -0.019342 0.032884 -3.266422 4.375041 496.258240 -36.447784 3.533895 495.336731 29.914942 5.216186 497.179749
529 358 544 352 561 352 575 361 560 364 544 363 663 362 678 354 695 353 710 360 695 365 678 365 1294 813 -118.218231 167.023376 36.757233 0.575080 -0.007037 0.014371 -5.021830 5.240084 495.109589 -38.222507 4.854141 494.755157 28.178848 5.626027 495.464020
529 359 543 352 560 353 575 362 559 364 544 364 662 363 677 354 695 354 710 361 694 365 678 366 965 736 -52.818645 151.975586 32.898460 0.563993 -0.007578 0.013910 -5.372942 5.603336 494.193115 -38.573700 5.234670 493.827789 27.827814 5.972003 494.558441
527 353 542 345 561 346 577 357 560 360 543 359 663 358 679 347 698 347 714 356 697 362 680 362 791 152 -18.351360 36.654205 18.443581 0.528073 -0.013664 0.021953 -4.660454 3.050604 486.485291 -37.854424 2.472191 485.864410 28.533514 3.629017 487.106201
531 359 545 352 562 353 577 362 562 364 546 364 664 362 679 354 697 353 712 360 696 365 680 365 736 825 -7.265608 169.681534 33.470932 0.543868 -0.011736 0.012837 -4.432601 5.479375 496.760223 -37.632515 5.177244 496.276398 28.767313 5.781506 497.244019
526 354 541 346 560 347 575 358 559 361 542 361 661 358 677 347 696 346 712 355 696 361 678 362 1146 79 -88.954048 22.045458 19.040699 0.513278 -0.008192 0.009243 -5.364810 3.355388 489.490387 -38.567146 3.130081 489.153107 27.837526 3.580695 489.827667
527 358 541 351 558 352 573 361 558 363 542 363 660 361 675 352 692 351 708 359 692 363 676 364 1411 617 -141.525558 128.229507 33.025120 0.537203 -0.002027 0.004347 -6.357879 5.016541 498.190430 -39.562317 4.896697 498.088470 26.846561 5.136385 498.292389
532 355 547 348 565 349 579 359 564 362 547 361 667 361 683 351 701 351 716 359 700 364 683 364 9 435 137.200638 92.982803 19.920420 0.530930 -0.027193 0.030978 -2.975353 4.269813 490.600525 -36.152618 3.523203 489.472992 30.201910 5.016423 491.728058
571 345 586 339 603 340 617 349 602 351 586 350 702 351 717 342 734 343 748 350 733 354 717 354 3 887 138.494278 182.310669 30.210501 0.509763 0.014671 0.023766 14.350651 -0.298266 509.153351 -18.841490 -1.175075 509.422821 47.542793 0.578544 508.883911
546 344 562 336 581 337 596 348 579 351 562 351 682 349 698 339 717 338 732 347 716 353 699 353 228 140 93.590096 34.572025 14.576965 0.499586 -0.003436 0.019122 4.302312 -1.038850 491.297089 -28.896364 -1.619771 491.032379 37.500988 -0.457930 491.561829
540 342 555 334 574 335 589 346 573 349 556 349 675 347 690 337 709 336 725 345 709 351 691 351 1121 64 -83.986511 19.093985 18.538424 0.485000 0.008441 0.014105 1.025620 -1.968814 495.388336 -32.174793 -2.485638 495.546387 34.226036 -1.451990 495.230286
504 265 521 256 541 257 558 268 540 272 521 272 647 268 663 257 683 257 699 266 682 273 664 273 43 331 130.417099 72.412727 17.760931 0.486723 -0.048989 0.011193 -12.663699 -37.706947 476.965485 -45.827419 -37.675915 475.314301 20.500019 -37.737980 478.616638
497 270 514 260 535 260 551 272 533 276 515 276 641 272 657 260 677 260 693 270 676 276 658 276 315 9 76.262283 8.638947 12.138700 -0.533788 -0.025279 -0.009708 -16.080614 -36.545002 488.650635 -49.273540 -36.456516 487.766632 17.112310 -36.633492 489.534637
490 274 507 266 527 266 544 277 526 282 507 282 633 277 649 266 669 265 686 273 669 281 650 281 1108 41 -81.406776 14.555376 17.929914 0.453456 -0.033920 0.000137 -19.101297 -33.768185 478.631409 -52.287334 -33.521584 477.542542 14.084741 -34.014786 479.720306
495 276 511 267 532 268 548 279 531 283 512 283 638 280 654 269 674 269 690 278 673 285 655 285 391 21 61.153488 10.971352 12.897847 0.469125 -0.050998 0.019430 -16.982992 -32.434273 477.641785 -50.139271 -32.665848 475.862122 16.173286 -32.202698 479.421448
484 285 500 275 520 276 537 287 519 291 501 291 626 286 642 275 662 275 679 284 662 290 643 290 857 447 -31.408798 94.918549 25.605574 0.498663 -0.056669 0.008219 -22.198044 -29.241665 477.764038 -55.349552 -29.043854 475.893768 10.953465 -29.439476 479.634338
473 304 488 296 507 296 523 307 507 311 489 311 613 306 630 296 649 295 666 303 649 310 631 310 595 494 20.696444 104.341362 25.007761 0.469742 -0.084324 0.015961 -28.197975 -20.368183 482.629120 -61.282814 -20.233036 479.812195 4.886861 -20.503328 485.446014
483 281 500 272 520 272 536 283 519 288 500 288 625 283 642 272 662 271 679 280 662 287 643 287 624 260 14.878134 58.083103 19.845819 0.479695 -0.060892 0.006975 -22.419386 -30.896254 478.313110 -55.563038 -30.643366 476.314606 10.724266 -31.149143 480.311584
484 288 499 279 519 279 535 290 518 294 500 294 624 289 640 278 660 277 677 286 660 293 642 293 790 262 -18.128036 58.393051 20.950739 0.466180 -0.060975 0.002389 -23.075321 -28.185389 483.376251 -56.219444 -27.798523 481.407227 10.068801 -28.572254 485.345306
485 293 501 283 520 284 537 294 520 299 502 299 625 293 641 282 661 281 677 290 661 297 642 297 1019 133 -63.689980 32.782257 19.464254 0.464719 -0.050035 -0.004822 -22.634598 -26.243353 484.572693 -55.798218 -25.709923 483.007660 10.529023 -26.776783 486.137756
487 296 503 287 523 287 539 298 522 302 504 302 628 297 644 286 663 285 680 294 663 300 645 301 478 221 43.899368 50.450890 18.023054 0.474154 -0.062352 -0.000234 -21.509722 -24.564775 483.839844 -54.651207 -24.075745 481.849304 11.631765 -25.053806 485.830414
485 297 501 288 520 289 537 299 520 303 501 303 625 298 642 287 661 286 678 294 661 301 643 302 655 171 8.694434 40.478886 18.009943 0.455792 -0.063988 0.000185 -22.654482 -24.264778 484.567993 -55.792507 -23.794973 482.516113 10.483544 -24.734583 486.619843
489 301 505 293 524 294 540 304 523 307 506 307 628 303 645 293 664 292 680 299 663 306 645 306 267 675 85.954628 140.279327 27.050764 0.472095 -0.070672 0.007633 -21.236614 -22.186575 487.660278 -54.359119 -21.887033 485.343079 11.885892 -22.486116 489.977509
486 302 502 294 521 294 537 304 521 308 503 308 625 303 642 293 661 292 677 299 661 307 643 307 954 420 -50.701809 89.532936 25.607553 0.460053 -0.057555 0.001032 -22.593344 -21.956659 487.581848 -55.744122 -21.557941 485.730743 10.557433 -22.355375 489.432953
486 306 502 298 521 298 537 308 520 312 502 312 625 307 641 297 660 295 676 303 660 309 642 310 907 584 -41.320049 121.966965 29.055115 0.471028 -0.058203 -0.001736 -22.940321 -20.365934 489.469727 -56.089893 -19.863747 487.622192 10.209249 -20.868124 491.317261
491 314 505 307 521 307 536 315 521 318 506 318 619 312 633 304 650 303 665 309 650 314 634 314 1216 276 -102.828644 60.940868 23.988880 -0.563068 -0.023598 -0.040519 -26.789148 -18.640600 534.431213 -59.958420 -17.580418 533.319824 6.380123 -19.700783 535.542542
492 318 506 312 522 312 537 318 522 321 507 321 621 317 636 310 652 309 666 314 652 319 636 319 650 800 9.828640 164.785187 32.350918 -0.577815 -0.023324 -0.028193 -26.227200 -16.598112 537.860718 -59.410397 -15.930974 536.865784 6.955999 -17.265249 538.855591
482 310 497 302 516 302 533 312 516 316 498 316 620 311 636 300 656 299 672 307 655 314 637 314 1103 366 -80.340248 78.784836 25.324379 0.457413 -0.057312 -0.005713 -25.111162 -18.515070 491.804260 -58.261868 -17.904423 490.010529 8.039544 -19.125715 493.597992
483 312 498 303 517 303 534 314 517 318 499 318 622 312 637 301 657 299 673 308 657 315 639 316 903 166 -40.617767 39.363358 19.478138 0.443972 -0.062373 -0.007571 -24.519039 -17.749386 491.227692 -57.659405 -17.054226 489.280212 8.621324 -18.444546 493.175171
484 317 499 309 518 309 534 319 517 322 500 322 621 317 637 307 656 306 672 313 655 320 638 320 540 891 31.720753 182.825241 33.728413 0.473339 -0.069882 -0.001850 -24.809795 -15.633475 496.424835 -57.935009 -15.035581 494.206207 8.315418 -16.231369 498.643463
541 70 557 60 577 61 593 72 576 77 558 77 682 72 698 60 718 60 735 70 718 76 699 76 743 213 -8.793698 48.733761 19.531172 -0.398072 0.015627 0.000873 3.722083 -129.485245 489.837311 -29.478716 -129.411575 490.348267 36.922882 -129.558929 489.326324
544 91 559 83 579 83 595 94 578 98 560 98 684 94 700 83 720 82 737 91 720 98 701 98 196 591 100.053215 123.715630 24.678293 0.688218 -0.018292 -0.000060 4.639628 -117.489403 480.611053 -28.559845 -117.286674 480.051178 37.839100 -117.692123 481.170929
547 211 561 202 579 202 593 213 578 217 562 217 673 214 688 205 707 205 722 215 706 220 689 219 563 135 26.979242 33.411793 16.600294 -0.506342 0.021996 0.027073 1.896367 -70.010002 539.442017 -31.288675 -70.689896 540.364197 35.081409 -69.330109 538.519897
551 219 564 211 581 211 595 220 580 224 565 224 674 220 689 212 706 212 720 220 705 224 689 224 552 718 29.296217 148.630600 29.851868 -0.544118 0.018850 0.007880 2.658060 -67.878662 550.115417 -30.539993 -67.961464 550.780273 35.856113 -67.795860 549.450500
558 222 571 215 587 216 600 224 586 226 572 225 678 225 692 217 708 217 722 224 707 227 693 227 525 663 34.652519 137.775314 28.422815 -0.660525 0.007798 0.017286 4.955975 -65.729042 548.898621 -28.243082 -66.179718 549.321899 38.155029 -65.278366 548.475403
538 226 551 219 567 220 581 228 567 231 552 230 660 229 674 221 691 221 706 228 691 232 675 232 1391 586 -137.555756 122.113525 32.189140 0.658438 -0.008087 0.017387 -4.508296 -62.400780 536.837463 -37.707222 -62.852013 536.404663 28.690630 -61.949547 537.270325
539 231 552 224 568 225 582 233 567 236 553 236 660 234 674 226 691 225 706 233 691 237 675 237 561 750 27.513826 154.949860 30.640507 0.618815 -0.024077 0.016751 -4.466789 -60.824600 545.154602 -37.657772 -61.106354 544.238647 28.724192 -60.542843 546.070557
536 234 551 225 568 224 582 232 566 237 551 238 660 232 675 223 693 223 709 232 693 236 676 236 612 699 17.361885 144.844971 29.800560 -0.559967 0.020532 -0.005731 -4.373646 -60.666508 544.026672 -37.571110 -60.300060 544.621399 28.823818 -61.032955 543.431946
540 234 555 225 571 225 585 233 570 237 555 238 664 233 679 225 697 225 712 234 696 238 680 237 1105 894 -80.620377 183.127808 37.402134 -0.555762 0.017334 0.002448 -2.460485 -60.261471 545.695129 -35.660339 -60.182762 546.263489 30.739370 -60.340179 545.126770
542 231 555 223 572 224 586 234 571 237 556 236 665 235 680 226 697 226 712 233 697 239 680 238 735 398 -7.161833 85.297798 23.707443 0.566782 -0.021784 0.021798 -1.978785 -60.119335 540.773621 -35.168251 -60.605350 539.888855 31.210680 -59.633320 541.658386
540 227 554 220 571 221 585 230 570 234 554 233 664 232 679 223 697 222 712 230 696 236 680 236 846 30 -29.314447 12.516161 16.006781 0.545348 -0.016950 0.022749 -2.501261 -61.501957 537.477539 -35.693043 -62.070641 536.741394 30.690519 -60.933273 538.213745
546 234 561 226 578 225 592 234 577 238 561 238 671 235 686 227 704 227 719 236 704 240 687 239 912 684 -42.291965 141.726517 31.372057 -0.545660 0.013676 0.015051 1.119882 -59.614807 545.189575 -32.078232 -59.969250 545.754456 34.317997 -59.260368 544.624695
550 230 564 223 581 224 595 234 580 237 565 236 674 236 689 227 707 227 722 235 706 241 690 240 262 293 86.863762 64.790596 18.290020 0.552907 -0.018074 0.037420 2.827749 -59.653591 539.566956 -30.349119 -60.671722 538.662292 36.004620 -58.635460 540.471558
547 235 561 228 577 229 591 238 576 241 561 240 670 239 684 231 701 231 716 238 701 243 685 243 1007 771 -61.161922 158.870743 33.966217 0.562709 -0.008110 0.022627 0.455988 -58.394424 546.709412 -32.739483 -59.032875 546.248291 33.651459 -57.755974 547.170593
548 234 561 226 578 227 591 237 577 240 562 239 670 239 685 230 703 230 717 238 702 243 686 243 11 213 136.753540 49.109871 14.860400 0.538468 -0.035435 0.036204 0.895915 -58.559387 544.903015 -32.267319 -59.394646 543.467102 34.059147 -57.724133 546.338989
543 239 557 232 573 233 586 242 572 245 557 245 666 243 680 234 697 234 712 242 697 247 681 247 1110 644 -81.670204 133.719940 31.721447 0.554268 -0.010587 0.016123 -1.647055 -56.351189 546.311157 -34.845848 -56.764561 545.832764 31.551739 -55.937813 546.789551
542 239 555 231 572 232 585 242 571 245 556 244 664 242 679 234 696 233 711 241 696 246 680 246 100 461 119.112442 98.074196 21.095186 0.548530 -0.038645 0.024546 -2.207721 -56.541546 545.478027 -35.378605 -56.972919 544.040710 30.963163 -56.110168 546.915344
541 238 554 231 571 232 585 241 570 245 555 244 664 242 679 233 696 233 711 240 696 246 679 246 329 167 73.513763 39.855904 15.838389 0.534174 -0.033183 0.022732 -2.541744 -56.691200 544.815674 -35.720333 -57.123104 543.568970 30.636845 -56.259293 546.062439
538 239 551 231 568 232 581 242 567 245 552 245 661 242 675 233 692 233 707 241 692 246 676 246 1126 110 -84.970444 28.181992 19.621445 0.530928 -0.019618 0.015475 -4.348263 -56.536083 545.392395 -37.542953 -56.857174 544.638000 28.846426 -56.214989 546.146790
540 243 553 236 570 237 583 246 569 249 554 249 662 247 677 238 694 238 708 246 693 251 677 251 31 567 132.855652 119.057495 23.077047 0.537171 -0.042611 0.026209 -3.396006 -54.231926 547.382935 -36.560268 -54.689705 545.807556 29.768255 -53.774151 548.958252
