502 270 513 263 528 262 541 269 528 272 515 273 616 264 629 256 645 255 660 260 646 265 631 266 1295 846 -118.409714 173.544357 37.517677 -0.431662 0.012796 -0.063676 -28.500153 -47.170616 591.423340 -61.636036 -45.032536 591.385742 4.635731 -49.308693 591.460999
558 324 570 317 584 316 597 323 584 327 570 328 672 320 686 313 702 312 716 318 702 323 687 323 1340 702 -127.389351 145.063782 34.514359 -0.523575 0.063247 -0.021936 3.104876 -15.794330 594.899414 -30.027248 -14.562180 596.717041 36.237000 -17.026480 593.081726
587 323 598 318 611 318 623 323 611 326 599 326 699 320 711 315 725 314 737 318 725 322 712 323 291 326 81.104897 71.297195 19.229126 -0.519222 0.057196 -0.018216 18.214199 -16.063341 603.781799 -14.932142 -15.003716 605.442200 51.360538 -17.122965 602.121399
556 334 567 327 582 327 594 333 582 337 568 338 669 329 682 322 697 321 711 326 698 331 683 332 1164 785 -92.375908 161.556778 35.287914 -0.501955 0.055355 -0.041256 1.338850 -10.501448 601.443359 -31.788511 -8.737889 602.867188 34.466209 -12.265006 600.019470
566 324 579 317 594 317 607 325 594 329 579 329 684 323 698 314 714 313 729 320 715 326 699 327 119 202 115.276917 46.880547 15.298177 -0.497610 0.085760 -0.001955 9.105298 -14.531016 581.272766 -23.979918 -13.775252 583.985107 42.190514 -15.286779 578.560364
560 327 572 319 588 319 602 327 588 331 573 332 678 324 691 315 708 314 723 321 709 327 693 328 580 130 23.597935 32.414955 16.594515 -0.505016 0.076342 -0.018559 5.727655 -13.542634 581.199829 -27.376890 -12.326591 583.473572 38.832203 -14.758677 578.926086
560 334 572 327 586 327 599 333 586 336 573 337 674 330 687 323 702 322 716 328 702 332 688 332 645 877 10.839956 180.004593 34.078495 -0.512892 0.055443 -0.027870 4.000872 -10.435636 599.910156 -29.141420 -9.089149 601.438232 37.143166 -11.782121 598.382080
561 331 573 323 589 323 602 331 589 335 574 335 676 328 689 320 705 319 720 326 706 331 690 332 40 425 131.034531 90.990662 19.889723 -0.480180 0.068533 -0.017306 5.341710 -11.611373 596.032471 -27.781769 -10.523321 598.084534 38.465187 -12.699425 593.980469
558 334 570 326 585 326 599 334 585 338 571 338 675 330 688 322 705 321 720 327 705 333 690 334 858 472 -31.602068 99.858566 26.183214 -0.521892 0.064552 -0.026627 4.195937 -10.017304 583.905029 -28.929775 -8.626937 585.725342 37.321651 -11.407672 582.084717
558 337 570 330 584 330 596 336 584 340 571 340 671 334 684 326 699 326 712 331 699 336 685 336 1181 779 -95.757439 160.362320 35.259285 -0.488495 0.051101 -0.025971 2.492518 -8.455782 606.881287 -30.658834 -7.221609 608.304077 35.643867 -9.689955 605.458496
559 337 571 331 585 331 597 337 585 341 572 341 672 334 685 327 701 326 714 332 701 337 686 337 567 794 26.330612 163.642105 31.684208 -0.497118 0.058267 -0.023142 3.278927 -7.994135 603.252930 -29.861984 -6.786539 604.920654 36.419838 -9.201732 601.585144
560 336 571 329 586 329 598 336 586 340 572 340 670 333 683 325 698 324 712 330 699 336 684 336 286 505 82.138916 106.673965 23.287437 -0.449209 0.046591 -0.029674 2.821145 -8.850662 611.936157 -30.333868 -7.557045 613.213318 35.976158 -10.144279 610.658936
554 340 566 333 581 332 594 339 581 343 567 344 668 335 681 327 697 326 712 332 698 337 683 338 1131 740 -85.824371 152.680771 34.049080 -0.515829 0.051747 -0.040179 1.051009 -7.215911 596.277283 -32.084137 -5.507806 597.582764 34.186153 -8.924016 594.971863
556 342 567 335 581 335 593 341 581 345 568 345 668 338 680 331 695 330 709 335 696 340 681 340 685 842 2.878764 173.067291 33.533966 -0.489540 0.053308 -0.033031 0.609370 -5.913204 607.945251 -32.531464 -4.435880 609.381287 33.750206 -7.390527 606.509216
557 338 569 330 585 330 598 338 584 342 570 343 673 335 687 326 703 325 718 332 704 338 688 338 484 443 42.755779 94.319717 23.134121 -0.505053 0.073478 -0.021388 3.463823 -7.700751 588.044128 -29.645855 -6.418211 590.203735 36.573502 -8.983293 585.884521
552 341 564 333 579 333 592 341 579 346 565 346 667 338 681 329 698 328 712 334 698 340 682 341 933 433 -46.523376 92.112801 25.770611 -0.500438 0.063560 -0.029806 0.367047 -5.960159 589.423096 -32.757671 -4.495099 591.202454 33.491768 -7.425218 587.643738
551 341 563 333 578 333 591 341 578 345 564 346 666 337 679 328 696 327 711 334 697 340 681 341 1177 337 -95.060501 73.015800 25.133900 -0.481714 0.061195 -0.033991 -0.164805 -6.202815 593.320007 -33.289856 -4.638364 595.006104 32.960247 -7.767265 591.633850
555 337 568 329 583 329 597 337 583 342 569 342 672 335 686 325 703 324 718 332 703 338 688 338 154 97 108.294312 26.112335 13.122217 -0.469763 0.079557 -0.016248 2.971549 -7.919003 584.869995 -30.125856 -6.790867 587.288452 36.068954 -9.047139 582.451599
553 337 566 329 581 329 595 338 581 342 567 342 671 335 685 325 702 325 717 332 702 338 686 338 322 105 74.891808 27.606985 14.377001 -0.478959 0.074116 -0.019567 2.015757 -7.669874 581.941162 -31.093395 -6.467424 584.154236 35.124908 -8.872324 579.728088
551 344 563 337 578 337 591 344 578 348 564 348 666 340 679 332 695 331 709 336 695 342 680 343 1294 793 -118.222679 163.070953 36.300224 -0.507298 0.052823 -0.039592 -0.581272 -4.677197 596.056641 -33.715298 -2.983873 597.408875 32.552753 -6.370521 594.704407
519 347 532 339 548 340 560 350 547 354 532 353 636 352 649 342 666 342 680 351 666 356 650 356 71 203 124.821220 47.102829 15.014747 0.358332 -0.072030 0.045710 -17.235960 0.307872 574.928650 -50.321308 -0.752146 572.321777 15.849384 1.367891 577.535583
516 351 528 344 542 344 553 352 540 355 528 355 612 353 623 345 636 345 647 352 636 356 624 356 1037 244 -67.244301 54.708961 22.115499 -0.559716 -0.068857 -0.007039 -33.543488 2.185404 728.927490 -66.670845 1.783849 726.696716 -0.416129 2.586959 731.158325
518 356 529 348 544 349 554 359 542 363 529 362 617 360 628 350 642 350 653 358 642 364 629 364 5 884 138.095932 181.716782 30.154711 -0.106585 -0.014378 0.013835 -29.227201 6.151772 683.865967 -62.425411 5.667866 683.413940 3.971008 6.635677 684.317993
514 353 526 346 542 347 554 356 541 359 527 359 628 357 642 349 659 349 673 356 658 362 643 361 513 390 36.977764 83.830894 22.108095 0.340179 -0.058046 0.036827 -21.218464 3.667659 585.321472 -54.345608 2.793776 583.226624 11.908678 4.541541 587.416321
514 353 526 345 540 346 551 355 539 358 526 358 611 356 622 347 636 346 647 355 636 360 623 360 508 35 37.892906 13.677934 13.964311 0.313362 -0.026367 0.015754 -33.269573 3.839868 704.713196 -66.458855 3.461397 703.770813 -0.080295 4.218339 705.655640
516 359 528 352 541 353 553 361 541 364 528 364 621 362 633 354 648 354 661 360 648 365 634 365 303 783 78.820610 161.603928 29.748314 0.188500 -0.004946 0.013590 -25.798700 6.807661 635.280945 -59.000053 6.374535 635.075317 7.402650 7.240786 635.486572
517 360 528 353 541 354 553 362 541 365 528 365 619 362 631 354 645 354 658 360 645 365 632 365 383 612 62.875740 127.769592 26.351368 -0.364942 -0.046208 -0.006250 -27.069355 7.547811 649.612244 -60.238476 7.473850 648.074890 6.099766 7.621771 651.149658
513 359 524 352 538 353 549 361 537 365 524 365 614 361 625 353 640 352 652 358 640 364 627 365 736 353 -7.370686 76.404327 22.685558 -0.232410 -0.056147 -0.013789 -30.101282 7.116133 657.553589 -63.250866 7.354023 655.654114 3.048301 6.878243 659.453125
511 360 523 353 538 354 551 362 538 366 524 365 625 363 639 354 655 354 670 361 655 366 640 366 1171 582 -93.812943 121.436073 30.693954 0.339215 -0.043631 0.020460 -22.934797 6.801128 583.861755 -56.101433 6.378292 582.327087 10.231836 7.223964 585.396423
510 361 522 354 537 355 549 363 536 367 523 366 623 364 636 356 652 355 666 362 652 367 637 367 915 627 -42.901157 130.460571 30.088728 0.309591 -0.038325 0.022161 -24.614140 7.613014 595.234131 -57.786678 7.084471 593.869202 8.558397 8.141557 596.599060
514 362 526 356 539 357 551 364 539 367 526 367 623 365 635 357 650 357 663 363 650 368 636 368 388 676 61.895813 140.414780 27.845695 0.236448 -0.025370 0.016549 -25.228191 8.435155 619.188782 -58.417843 7.989942 618.289673 7.961462 8.880368 620.087830
508 360 520 353 536 354 548 363 535 366 521 366 622 363 636 355 652 354 666 361 652 367 637 367 1212 389 -102.008148 83.274117 26.545448 0.304211 -0.035416 0.019734 -24.824924 7.267930 589.541260 -58.002663 6.800393 588.284729 8.352812 7.735466 590.797729
509 361 521 354 536 355 549 363 536 367 522 366 624 364 637 355 654 355 668 362 654 367 638 367 1250 415 -109.558090 88.392746 27.382030 0.313334 -0.035552 0.018571 -24.030985 7.468597 586.641541 -57.209309 7.045562 585.384766 9.147339 7.891633 587.898315
514 365 525 357 540 358 551 368 539 372 526 371 613 368 625 359 639 358 651 366 639 372 626 372 63 856 126.557274 176.153580 29.884989 -0.054001 0.035430 0.001607 -31.047215 11.743000 677.157349 -64.231148 11.721444 678.334473 2.136722 11.764555 675.980286
509 364 521 358 535 359 547 366 534 369 521 369 621 367 633 359 649 359 662 365 649 370 634 370 1243 784 -108.084099 161.318558 35.769150 0.287006 -0.024299 0.014511 -26.322226 9.400905 602.943481 -59.513832 9.040717 602.079163 6.869382 9.761093 603.807861
507 361 519 354 534 355 547 364 534 367 520 367 622 364 636 356 652 356 666 363 652 368 637 368 1370 273 -133.449905 60.268879 24.902979 0.307083 -0.029899 0.020041 -25.018702 7.765999 584.489502 -58.202175 7.262310 583.411072 8.164772 8.269689 585.567932
511 365 522 358 537 359 549 367 536 371 523 370 618 368 631 360 646 360 659 366 646 372 632 372 79 492 123.294876 104.211243 21.669550 0.215750 -0.001418 0.016329 -27.477692 10.430061 622.623779 -60.678062 9.897129 622.518799 5.722678 10.962993 622.728760
510 366 521 360 534 360 546 369 534 372 521 372 611 369 622 360 637 359 649 366 637 372 624 372 358 610 67.846169 127.387192 26.146147 -0.281660 -0.058123 -0.013280 -32.172432 11.790526 659.776306 -65.318634 11.955485 657.811218 0.973773 11.625566 661.741394
515 369 525 362 537 361 547 367 536 371 525 372 605 366 614 359 627 360 637 366 627 370 615 369 993 638 -58.407841 132.594315 30.837788 -0.418651 -0.057984 -0.031123 -41.115726 13.517142 791.343689 -74.249702 14.122888 789.262329 -7.981744 12.911397 793.425049
513 365 524 358 536 357 546 362 535 366 524 367 605 362 615 357 627 358 637 364 627 367 616 366 1365 166 -132.479553 39.125977 22.426085 -0.364270 -0.123858 -0.024194 -40.980167 10.685198 784.521118 -73.923828 10.728976 780.364990 -8.036508 10.641419 788.677185
489 181 504 172 523 172 540 182 523 187 505 187 626 178 642 167 662 165 679 173 663 181 644 182 1154 200 -90.517792 45.953514 21.856642 0.517125 -0.075944 -0.030045 -21.660442 -79.816521 489.416412 -54.757019 -78.226570 487.260437 11.436135 -81.406471 491.572388
489 186 504 177 523 177 539 187 523 192 505 192 625 182 640 171 660 169 677 177 660 184 642 186 488 652 42.006966 135.620483 27.935369 0.525287 -0.092731 -0.035161 -22.477341 -78.687012 495.442993 -55.522717 -76.784683 492.807861 10.568034 -80.589340 498.078125
486 188 501 178 520 179 536 189 520 194 502 194 623 185 638 172 658 171 676 179 659 187 641 188 58 275 127.422104 61.338234 16.577023 0.511171 -0.104143 -0.034583 -23.232006 -76.622482 489.410675 -56.241413 -74.661903 486.394897 9.777399 -78.583061 492.426453
483 194 497 185 516 185 532 195 516 200 499 200 619 191 634 179 654 176 671 184 654 192 636 193 974 580 -54.642887 121.142052 29.391230 0.507901 -0.080412 -0.039886 -25.400833 -74.786148 494.001495 -58.474819 -72.856529 491.777191 7.673156 -76.715767 496.225800
481 199 496 190 514 190 529 200 514 204 497 204 616 195 631 184 650 182 667 189 651 196 633 198 1241 784 -107.686424 161.319595 35.756390 0.506049 -0.072233 -0.041374 -26.967257 -73.231209 498.862946 -60.059525 -71.323158 496.908264 6.125013 -75.139267 500.817596
479 195 494 186 513 186 529 196 513 201 495 201 617 192 633 180 653 178 670 185 653 193 635 195 1179 102 -95.510483 26.573790 19.776825 0.489090 -0.065490 -0.040907 -26.268032 -73.308800 488.449188 -59.375862 -71.484322 486.687775 6.839799 -75.133270 490.210571
481 207 495 199 512 199 528 208 513 212 496 212 614 203 628 192 647 190 664 196 648 203 631 205 913 822 -42.460075 168.997726 34.531788 0.483607 -0.070185 -0.048967 -28.220066 -70.537308 505.258331 -61.305714 -68.423683 503.405731 4.865582 -72.650940 507.110901
479 209 492 201 510 201 525 210 510 215 494 215 612 205 627 195 646 193 663 199 647 206 629 208 1341 769 -127.573273 158.303894 36.051716 0.478376 -0.065539 -0.047793 -28.970570 -68.771965 502.175598 -62.068272 -66.736160 500.455994 4.127135 -70.807762 503.895233
482 211 496 203 514 203 529 212 514 216 498 217 616 207 631 196 650 194 667 200 651 208 633 209 446 887 50.410355 182.083054 33.037212 0.497345 -0.086047 -0.043859 -26.869572 -67.811028 500.004486 -59.922806 -65.720779 497.622467 6.183663 -69.901283 502.386536
480 206 494 197 513 198 529 208 513 212 496 213 618 203 633 191 653 189 671 195 654 204 635 206 362 1 66.915253 7.033828 12.255796 0.474461 -0.093032 -0.041275 -25.921993 -67.979874 486.728363 -58.958176 -65.943932 484.077850 7.114189 -70.015808 489.378876
480 217 494 209 512 209 528 218 512 223 496 223 615 213 630 201 650 199 667 205 651 213 633 215 667 723 6.431302 149.559631 30.699915 0.502885 -0.069289 -0.052987 -27.125149 -64.132393 494.076111 -60.206360 -61.882332 492.306824 5.956062 -66.382462 495.845367
484 221 496 213 512 213 525 221 512 226 497 226 598 217 609 206 625 204 639 211 626 218 612 219 702 892 -0.490301 182.939621 34.784958 0.081547 0.148893 -0.059510 -38.686569 -73.391441 585.154053 -71.465675 -71.627098 590.151794 -5.907462 -75.155792 580.156372
484 217 495 209 510 208 522 213 509 218 496 219 590 208 601 202 615 201 628 207 616 211 603 211 1326 61 -124.748360 18.395790 19.777945 -0.201401 -0.029940 -0.080789 -47.167683 -87.603508 664.787537 -80.249741 -85.042030 663.532227 -14.085625 -90.164993 666.042786
496 223 506 216 517 215 527 221 517 225 506 226 589 217 598 210 609 209 619 214 610 218 599 219 272 816 84.991844 168.141342 30.304569 -0.052145 -0.045563 -0.081642 -51.725880 -93.409622 750.299133 -84.785706 -90.743294 748.718445 -18.666058 -96.075951 751.879761
486 219 497 212 512 212 523 220 511 225 498 225 590 218 600 207 615 206 627 213 616 220 602 221 401 56 59.172932 17.882956 13.761418 0.103447 -0.585532 -0.072978 -39.580803 -72.204147 576.937439 -67.175919 -68.947357 558.758789 -11.985688 -75.460938 595.116028
493 226 504 219 516 217 526 221 516 226 504 228 597 215 609 209 622 208 634 213 623 216 610 217 1366 861 -132.523666 176.472198 38.313469 -0.354745 0.091378 -0.081358 -42.601559 -82.229897 660.288208 -75.560753 -79.059486 662.778076 -9.642365 -85.400314 657.798279
483 227 494 219 508 217 521 222 508 227 495 229 588 217 599 210 613 209 626 215 614 220 601 220 1166 738 -92.784042 152.267548 34.226707 -0.284755 -0.022309 -0.091348 -48.756832 -82.815392 672.926575 -81.815941 -79.932144 671.768188 -15.697722 -85.698647 674.084900
489 229 499 222 510 221 521 227 510 231 500 232 584 222 593 215 605 214 615 219 605 224 594 224 713 789 -2.700416 162.578995 32.501560 -0.162909 -0.027538 -0.093035 -55.008659 -87.989105 738.473633 -88.057648 -84.992630 737.313843 -21.959673 -90.985588 739.633423
588 264 600 257 616 258 628 266 615 270 601 270 701 267 715 259 731 259 745 266 731 271 715 271 860 78 -32.087452 21.994785 17.192930 -0.466863 0.073094 0.032994 20.499224 -48.109444 604.216614 -12.600796 -48.608440 606.804932 53.599243 -47.610447 601.628296
617 350 630 343 645 344 658 352 644 355 630 355 730 351 743 342 759 342 772 349 759 354 744 354 82 351 122.666985 76.345116 18.466791 -0.585604 0.094289 0.016783 37.385078 0.847887 608.148254 4.328127 1.212871 611.257019 70.442032 0.482903 605.039490
605 360 617 354 631 354 644 361 631 365 617 365 716 360 729 352 744 351 758 357 744 362 730 363 782 756 -16.427380 156.022034 32.187775 0.413647 0.018983 -0.024686 29.117210 6.019469 601.264282 -4.071733 6.687361 602.043762 62.306152 5.351578 600.484741
602 361 614 355 628 355 641 362 628 365 615 365 711 361 723 353 738 353 751 359 738 364 724 364 1391 509 -137.572906 106.896690 30.429663 0.346425 0.034878 -0.020139 27.352966 6.960356 620.798096 -5.825190 7.417025 622.047485 60.531120 6.503686 619.548645
602 363 613 356 626 356 637 364 626 367 613 367 699 363 709 354 723 354 734 360 723 365 711 366 826 245 -25.289883 55.014996 20.791994 -0.061869 -0.005334 -0.020301 25.726654 9.187844 703.298889 -7.470848 9.855964 703.101013 58.924156 8.519724 703.496704
603 363 614 356 628 356 638 364 627 368 614 368 699 363 710 355 724 354 735 361 723 366 711 367 271 240 85.062447 54.312054 17.136377 -0.023330 0.134263 -0.019767 25.877592 9.621160 703.666199 -7.021931 10.327368 708.102661 58.777115 8.914951 699.229736
601 367 612 361 625 361 636 368 625 371 613 372 701 367 712 359 726 358 737 363 726 368 713 369 793 738 -18.618572 152.459198 31.846657 0.167067 0.053919 -0.034805 25.143692 11.082555 674.244019 -7.992924 12.082916 676.121094 58.280308 10.082194 672.366882
601 368 612 361 626 361 636 369 625 373 613 373 697 368 708 359 722 358 733 365 722 370 709 371 243 466 90.680145 98.988831 22.121897 -0.099033 0.031887 -0.026110 25.033129 12.700548 706.926392 -8.143512 13.618249 707.940308 58.209770 11.782847 705.912537
597 368 608 361 621 361 632 369 621 372 609 372 695 367 706 359 719 358 731 364 720 369 707 370 1330 379 -125.472908 81.237274 27.069883 -0.237958 0.010554 -0.029353 22.590015 11.957684 694.846802 -10.598722 12.964514 695.078491 55.778751 10.950852 694.615112
598 367 610 360 624 361 637 368 624 372 611 371 708 367 720 359 736 358 749 364 736 369 722 370 684 459 2.992334 97.378891 24.775892 0.364423 0.015739 -0.019954 25.049200 10.186803 611.485291 -8.145008 10.740573 612.115723 58.243408 9.633033 610.854797
594 364 607 358 622 359 635 366 622 369 607 369 710 364 722 357 737 356 751 362 737 367 723 367 345 63 70.309250 19.295078 13.564045 0.388003 -0.003399 -0.016650 23.914686 8.422060 588.691101 -9.285392 8.982764 588.686951 57.114765 7.861356 588.695251
595 366 607 360 621 360 634 368 621 371 607 371 706 366 718 358 734 357 748 363 734 368 720 369 976 226 -55.119366 51.183121 21.314962 0.366202 0.015798 -0.024324 23.406389 9.624840 604.756836 -9.784614 10.319497 605.415894 56.597393 8.930183 604.097717
599 369 610 364 623 364 635 371 623 374 610 374 706 369 718 362 733 361 745 367 733 371 719 372 581 798 23.547812 164.425400 31.864941 0.352560 0.026982 -0.023291 24.573561 11.884962 623.452637 -8.610379 12.485958 624.464905 57.757500 11.283965 622.440430
594 366 605 359 620 359 633 368 620 371 606 371 705 366 717 357 733 356 747 362 734 368 719 369 1169 75 -93.528145 21.243155 19.096058 0.362024 0.019039 -0.025028 22.806757 9.507071 603.040283 -10.381819 10.206774 603.807434 55.995331 8.807368 602.273132
596 366 608 359 623 359 635 368 622 371 609 371 706 366 719 357 735 356 749 363 735 368 721 369 467 176 46.076534 41.563587 16.924599 0.370502 0.002034 -0.019858 24.021618 9.532063 604.227417 -9.176655 10.164035 604.414124 57.219891 8.900091 604.040649
600 369 610 362 623 362 634 370 623 373 611 373 693 368 703 360 715 359 726 366 715 370 704 371 667 437 6.367632 93.039963 24.164711 0.368157 0.043482 -0.042708 23.187971 13.602860 734.969055 -9.955884 14.725578 736.637573 56.331825 12.480143 733.300476
591 370 603 364 618 364 630 371 617 374 604 374 703 369 716 362 730 361 743 366 730 370 716 371 1217 209 -103.042397 47.699734 22.464287 0.370880 0.017183 -0.031568 21.215109 11.345550 603.978210 -11.968504 12.265088 604.727844 54.398724 10.426012 603.228638
597 371 608 365 621 365 633 372 621 375 609 375 700 370 712 363 726 361 739 367 726 372 713 372 363 353 66.794785 76.595978 20.305506 0.272205 0.033906 -0.032214 22.893215 12.844614 645.525146 -10.275513 13.748455 646.781372 56.061943 11.940773 644.268860
599 374 609 367 622 368 633 376 622 379 610 379 693 374 703 366 717 365 728 371 717 377 705 377 159 644 107.421913 134.208557 25.653273 -0.081560 0.042327 -0.026298 22.814417 17.179203 718.378235 -10.349201 18.108353 719.745972 55.978035 16.250053 717.010498
473 233 487 225 505 227 519 238 504 241 487 240 604 241 620 231 638 231 654 240 638 246 620 246 57 561 127.684608 117.858414 23.105846 0.497818 -0.110702 0.061050 -32.868484 -54.316910 510.873749 -65.813736 -55.361088 506.863831 0.076771 -53.272732 514.883667
455 240 469 231 487 233 501 244 486 248 470 247 585 247 601 237 621 237 637 247 620 253 602 252 853 489 -30.604109 103.220695 26.539764 0.481322 -0.108890 0.060769 -41.843601 -51.428295 513.791504 -74.795525 -52.511627 509.847321 -8.891677 -50.344967 517.735718
459 244 472 237 489 238 503 249 488 252 472 251 587 252 603 243 621 243 636 251 620 256 603 256 578 846 24.155003 173.912766 32.942616 0.484394 -0.106969 0.063463 -41.626640 -49.941513 520.466003 -74.579926 -51.119549 516.560486 -8.673359 -48.763474 524.371460
458 242 471 233 487 235 500 246 486 249 471 249 572 248 585 238 602 238 616 247 602 253 586 253 495 372 40.552788 80.282959 21.581934 -0.234041 -0.080887 0.011552 -52.126518 -57.613396 584.988037 -85.221054 -58.305748 582.374268 -19.031979 -56.921047 587.601746
458 241 472 234 490 236 504 247 489 251 472 249 589 251 606 241 625 241 641 251 624 257 606 256 264 485 86.508835 102.732841 22.690052 0.470390 -0.114423 0.074784 -39.665436 -49.320728 508.586517 -72.566185 -50.829914 504.364838 -6.764688 -47.811543 512.808228
458 248 472 241 489 243 502 253 488 256 472 255 586 257 601 247 619 247 634 256 618 261 602 261 627 809 14.403849 166.575607 32.409813 0.446732 -0.108594 0.064234 -42.723145 -48.205925 527.085266 -75.668381 -49.471954 523.139648 -9.777904 -46.939896 531.030884
462 250 475 241 491 241 503 250 489 255 475 255 568 251 580 243 596 244 608 253 596 258 581 257 361 654 67.259460 136.080994 27.170704 -0.429068 -0.073031 -0.002641 -61.164619 -63.360382 676.305359 -94.282158 -63.787498 673.937744 -28.047083 -62.933266 678.673035
454 243 468 235 487 236 502 248 486 252 469 250 587 252 604 241 624 242 640 251 623 257 605 257 420 44 55.392395 15.501740 13.608450 0.450149 -0.109920 0.066601 -40.411034 -48.385239 502.991241 -73.346581 -49.710209 498.984497 -7.475491 -47.060268 506.997986
453 249 467 243 484 244 498 254 483 257 467 256 583 258 599 249 618 249 633 257 617 262 600 262 676 787 4.656034 162.202759 32.219769 0.474727 -0.103310 0.066287 -43.303696 -46.613724 514.950317 -76.263336 -47.929573 511.143677 -10.344059 -45.297874 518.756958
460 250 474 243 491 245 504 255 490 258 474 257 588 259 603 249 621 250 637 258 621 264 604 263 56 811 127.939102 167.264221 28.812057 0.452856 -0.124078 0.072259 -41.399475 -46.993530 524.941833 -74.268394 -48.388168 520.441956 -8.530557 -45.598888 529.441711
458 252 471 246 486 247 499 256 486 259 471 258 583 260 597 251 615 251 630 259 614 264 598 264 970 752 -53.809258 155.134949 33.295971 0.408614 -0.092203 0.058284 -45.016056 -47.563789 537.513794 -78.026253 -48.825695 534.153137 -12.005860 -46.301880 540.874451
458 252 471 245 486 245 498 253 485 257 471 257 565 255 577 246 592 247 605 255 592 259 578 259 1005 426 -60.841057 90.692459 26.070080 -0.443651 -0.094443 -0.016634 -62.448978 -60.444019 663.822205 -95.503716 -60.594246 660.672424 -29.394238 -60.293793 666.972046
465 254 476 246 490 246 501 253 489 258 476 258 567 254 578 247 593 248 605 256 593 260 579 259 788 415 -17.696304 88.630127 24.434084 -0.378526 -0.032212 -0.001119 -62.830391 -62.048656 686.078735 -96.018158 -62.212399 685.027771 -29.642616 -61.884914 687.129761
473 254 483 248 495 247 504 254 494 257 483 257 564 254 574 249 585 249 595 256 585 259 574 258 165 324 106.157661 70.966698 18.379440 -0.101177 0.005552 0.005569 -68.583458 -67.316498 747.297119 -101.787247 -67.491791 747.490479 -35.379669 -67.141205 747.103699
416 238 426 231 439 230 449 237 438 242 426 242 511 239 522 233 535 233 546 241 535 245 522 244 1436 804 -146.454803 165.171829 37.457657 -0.241029 -0.027299 0.015563 -108.794144 -80.107178 762.057495 -141.982651 -80.727585 761.221924 -75.605644 -79.486771 762.893127
431 239 444 231 460 232 472 242 459 246 444 245 542 243 554 233 571 233 584 241 571 247 556 247 1143 204 -88.329720 46.749649 21.877853 0.025692 0.023829 0.004422 -70.561546 -61.828823 602.565552 -103.756615 -61.985802 603.354675 -37.366486 -61.671844 601.776367
439 243 450 234 465 234 476 242 463 247 450 248 539 242 549 234 564 234 575 243 564 247 551 247 292 345 80.910286 75.051491 19.669664 -0.277934 -0.128146 -0.038620 -84.676079 -73.513367 721.687805 -117.585846 -72.837883 717.323059 -51.766315 -74.188843 726.052490
446 247 457 240 469 239 479 245 468 249 457 250 540 246 549 240 561 241 572 248 562 251 550 250 554 300 28.805490 66.023918 20.313175 -0.203811 -0.180503 -0.032079 -88.293648 -75.042732 766.286987 -120.943939 -74.597794 760.260376 -55.643364 -75.487671 772.313660
433 244 447 236 465 237 480 248 464 251 448 250 563 250 579 241 599 241 615 250 598 255 580 255 448 681 49.966824 141.372055 28.342796 -0.482681 -0.044096 0.017890 -54.216408 -51.126614 529.128845 -87.384354 -52.044109 527.862000 -21.048460 -50.209114 530.395752
434 251 447 243 461 242 473 249 460 254 447 255 539 250 551 243 565 243 577 252 565 256 552 255 1330 871 -125.363380 178.466904 38.312263 -0.429173 -0.134017 -0.039360 -82.603104 -65.676384 697.327393 -115.489471 -65.352165 692.751221 -49.716736 -66.000595 701.903564
468 292 480 286 495 288 507 297 494 300 480 298 580 302 594 294 610 295 624 303 609 307 594 306 462 733 47.194710 151.641174 29.620348 0.437881 -0.109187 0.097034 -48.513630 -28.771643 595.203491 -81.370430 -31.100647 591.012390 -15.656823 -26.442638 599.394653
464 294 476 287 489 288 500 298 488 301 475 300 562 301 573 292 587 292 599 300 587 305 574 305 973 155 -54.538670 37.153557 19.673443 -0.165931 -0.094868 0.030513 -64.734581 -33.060467 685.944702 -97.775032 -34.327858 682.898071 -31.694128 -31.793074 688.991333
468 296 479 289 492 290 502 298 491 300 479 300 559 300 570 293 583 293 594 301 582 304 571 303 428 631 53.932392 131.501266 27.072662 -0.501234 -0.085741 0.012174 -72.899918 -37.010292 767.490356 -105.982880 -38.095589 764.863647 -39.816952 -35.924995 770.117004
460 293 472 287 487 288 499 298 486 301 472 300 571 302 584 294 601 294 614 302 600 307 585 306 1171 24 -93.937172 11.163446 17.943451 0.348805 -0.086930 0.076152 -54.665241 -29.177662 607.578369 -87.650795 -31.151981 604.320374 -21.679684 -27.203342 610.836365
463 298 475 292 489 294 500 302 488 304 475 303 571 306 585 299 600 299 613 306 600 310 585 310 960 744 -51.822689 153.559128 33.049358 0.376906 -0.097884 0.077267 -54.859879 -27.306444 616.645874 -87.809875 -29.200701 613.003174 -21.909882 -25.412188 620.288574
464 304 474 296 487 296 497 303 486 307 474 308 554 304 565 298 577 298 588 306 577 310 565 309 662 839 7.451302 172.486252 33.318653 -0.468188 -0.085422 -0.006348 -79.056992 -33.797405 790.591064 -112.142273 -34.246044 787.812073 -45.971710 -33.348766 793.369995
462 302 473 295 485 295 495 301 484 305 473 306 553 302 563 296 576 297 586 304 576 307 564 307 1197 265 -99.053230 58.776798 23.616291 -0.453137 -0.092363 -0.011333 -79.701248 -35.042843 786.754211 -112.764847 -35.362370 783.711792 -46.637657 -34.723312 789.796631
463 304 474 297 486 296 496 303 485 307 474 308 554 304 564 297 576 298 587 306 576 309 564 308 653 786 9.229018 162.016953 32.050156 -0.467535 -0.088860 -0.010132 -79.921707 -34.076000 794.016541 -112.996208 -34.428963 791.098938 -46.847206 -33.723034 796.934143
469 304 478 297 489 297 498 303 488 306 478 307 552 303 561 297 571 298 580 305 571 308 561 307 0 579 139.022217 121.444878 23.153446 -0.245617 -0.126747 -0.014359 -86.390076 -37.315430 858.859558 -119.326469 -37.358276 854.646301 -53.453678 -37.272583 863.072815
461 302 472 296 486 297 498 306 485 309 472 308 569 309 582 301 597 301 611 308 597 313 582 313 1292 882 -117.805199 180.660263 38.321148 0.375084 -0.101204 0.065083 -56.618347 -25.224936 617.990479 -89.585884 -26.708424 614.316162 -23.650810 -23.741449 621.664734
461 304 472 298 486 299 497 307 485 310 472 309 567 310 579 303 594 303 607 310 594 314 580 314 344 798 70.671715 164.547180 30.352684 0.324250 -0.081266 0.060037 -59.142418 -25.301842 635.173645 -92.179367 -26.823967 632.206665 -26.105469 -23.779716 638.140564
459 303 471 297 485 298 497 306 484 309 471 308 569 309 582 301 598 301 611 308 597 313 583 312 1018 646 -63.376938 134.162445 31.180111 0.371364 -0.110039 0.063587 -56.240582 -24.896847 610.859314 -89.180664 -26.284645 606.911560 -23.300505 -23.509050 614.807068
456 305 467 299 480 300 490 308 479 311 467 310 556 310 567 302 581 301 593 308 581 312 568 313 1375 442 -134.406464 93.664291 28.796595 -0.294770 -0.117865 -0.005034 -68.053329 -26.468531 671.602844 -101.029015 -26.876167 667.730164 -35.077644 -26.060896 675.475525
471 282 483 274 499 274 512 283 498 287 484 287 587 282 600 272 616 272 630 279 616 285 601 285 253 81 88.606079 22.899529 13.388314 -0.510158 -0.016669 -0.022795 -45.668564 -38.416672 593.869202 -78.860420 -37.830425 593.150574 -12.476706 -39.002922 594.587830
468 286 481 278 496 279 509 288 496 292 481 292 583 289 597 280 614 280 627 288 613 293 598 293 729 109 -6.033161 28.188351 17.065403 -0.507842 -0.024870 0.001605 -47.234501 -34.972183 595.183105 -80.429222 -35.228432 594.405701 -14.039778 -34.715935 595.960571
556 341 567 334 581 335 591 344 580 348 567 347 652 345 662 335 676 335 687 342 676 348 663 349 101 522 118.927185 110.128578 22.495440 -0.173598 0.014920 0.008885 -5.813115 -4.019020 711.349915 -39.012936 -4.269651 711.868347 27.386705 -3.768388 710.831482
557 345 568 340 581 341 592 347 580 350 568 350 660 348 671 341 685 341 697 347 685 351 672 351 403 841 58.950020 173.014572 31.711718 0.306526 -0.011954 0.014946 -2.414277 -1.460525 652.090759 -35.613056 -1.888681 651.624573 30.784502 -1.032370 652.556946
555 347 565 341 578 341 589 348 578 351 566 351 658 348 669 341 683 341 695 347 683 351 670 351 1242 657 -107.913536 136.221191 32.860771 0.281147 -0.002891 0.004458 -3.896153 -1.059005 651.401855 -37.100502 -1.191669 651.286438 29.308195 -0.926341 651.517273
553 349 564 343 577 343 588 350 576 353 564 353 656 350 667 343 680 342 692 348 680 353 668 353 1421 679 -143.500107 140.476883 34.505650 0.258346 0.003981 -0.001013 -5.110864 0.069852 658.149719 -38.315399 0.086132 658.284729 28.093670 0.053571 658.014648
555 351 566 345 579 346 590 352 578 355 566 355 659 352 671 346 684 345 696 351 684 355 671 355 842 882 -28.329432 180.891479 35.449772 0.306337 -0.009528 0.005861 -3.231186 1.411886 644.782898 -36.433937 1.268371 644.441895 29.971565 1.555400 645.123901
552 349 563 342 577 343 589 351 577 354 564 354 660 351 673 342 688 342 702 348 688 354 674 354 1219 428 -103.391312 90.977745 27.481279 0.353167 -0.020478 0.004957 -2.655901 0.291734 614.711731 -35.853420 0.249361 614.017090 30.541618 0.334108 615.406433
554 348 566 341 581 342 593 351 580 354 566 354 663 351 676 342 692 342 706 349 692 355 677 355 5 221 137.948334 50.693920 15.004918 0.358359 -0.041776 0.018946 -0.669900 0.370106 609.984741 -33.840157 0.000469 608.516052 32.500355 0.739743 611.453430
551 352 563 346 576 346 588 354 576 357 563 356 658 353 670 346 685 345 698 351 685 356 671 357 1193 467 -98.212921 98.698334 28.206541 0.327545 -0.011815 0.004215 -3.887408 2.021626 626.898743 -37.089634 1.947819 626.490662 29.314816 2.095433 627.306763
552 354 563 347 577 348 587 357 576 360 563 360 648 357 659 348 673 347 684 354 672 360 660 360 141 608 110.992928 127.103447 24.715803 -0.265174 -0.012549 -0.005415 -8.328875 4.361094 703.686646 -41.530605 4.483877 703.251160 24.872856 4.238309 704.122131
548 353 558 346 572 346 582 355 571 358 559 358 643 354 653 345 666 344 677 351 666 357 654 357 997 161 -59.309372 38.326954 19.963686 -0.052136 0.094021 -0.019908 -11.939975 3.031785 704.775818 -44.991596 3.772824 707.874329 21.111647 2.290745 701.677307
546 353 557 345 570 346 581 354 569 358 557 358 642 353 652 344 666 343 677 350 666 356 653 356 1049 164 -69.648125 38.893097 20.364040 -0.137659 -0.018695 -0.022583 -12.545874 2.592276 702.238525 -45.736439 3.297010 701.568298 20.644693 1.887543 702.908752
551 356 561 350 573 351 584 358 573 361 561 361 649 358 660 351 673 350 685 356 673 360 661 361 183 706 102.663673 146.448746 27.223135 0.184424 0.036601 -0.006750 -8.607413 4.923622 677.593933 -41.789295 5.034709 678.822754 24.574471 4.812535 676.365112
547 356 558 349 571 349 581 358 570 362 558 361 641 357 651 349 665 348 676 354 665 360 653 360 737 483 -7.540580 102.094566 25.662487 -0.063957 -0.144648 -0.011405 -12.575171 5.371282 710.192627 -45.431183 5.595143 705.397644 20.280844 5.147421 714.987610
547 356 558 351 571 351 582 358 570 361 558 361 651 357 663 350 677 349 689 355 677 359 664 360 1407 600 -140.734009 124.872002 32.611137 0.282425 0.003236 -0.009511 -7.997058 4.516108 642.696533 -41.200207 4.812661 642.846863 25.206091 4.219555 642.546204
548 357 558 350 572 351 582 360 571 363 559 363 639 360 649 351 663 350 673 357 663 363 651 364 167 270 105.747971 60.294125 17.158281 -0.011430 0.310259 -0.007419 -13.762753 6.734552 707.521973 -45.381302 7.035357 717.657837 17.855797 6.433748 697.386047
548 360 559 353 572 353 582 362 571 365 559 365 643 361 653 352 667 351 678 358 667 364 655 364 129 734 113.406998 152.009888 27.518379 -0.248916 -0.010094 -0.015848 -11.629553 7.650505 710.928528 -44.828533 8.129792 710.531677 21.569429 7.171218 711.325439
547 358 558 351 571 352 581 360 570 364 558 363 642 359 652 350 666 349 677 356 666 362 654 362 583 122 22.999649 30.832443 16.430855 -0.201946 -0.025777 -0.020747 -12.110209 6.470138 706.679932 -45.296906 7.068117 705.760681 21.076490 5.872159 707.599243
546 359 557 352 570 352 580 361 569 364 557 364 640 360 650 351 663 350 674 356 663 362 651 363 923 401 -44.542152 85.794060 24.975592 -0.028465 0.176816 -0.024482 -13.827415 6.980818 707.331665 -46.504662 7.872653 713.159302 18.849833 6.088983 701.503967
546 360 557 353 570 353 580 362 569 365 557 365 640 361 650 352 664 351 675 357 664 363 652 364 728 458 -5.756630 97.158661 25.033800 -0.040050 0.129220 -0.024454 -13.566016 7.547657 708.823975 -46.484127 8.442868 713.084961 19.352097 6.652445 704.562988
546 360 556 353 570 353 580 361 569 365 557 365 641 360 651 352 664 351 676 357 665 363 652 364 658 101 8.082346 26.643862 16.429560 -0.112690 0.010894 -0.022964 -13.185085 7.414409 709.405273 -46.379185 8.195591 709.723267 20.009014 6.633226 709.087280
480 358 493 353 508 356 518 366 505 368 491 366 589 376 602 370 617 371 629 380 616 384 601 382 323 78 74.686958 22.270699 13.766421 0.215832 -0.055710 0.160761 -45.222424 12.557861 620.125305 -77.949654 7.485127 617.726257 -12.495198 17.630596 622.524414
617 361 629 354 643 354 655 362 643 366 629 366 723 361 736 353 751 352 764 359 751 365 737 365 1416 112 -142.632156 28.428228 21.517588 -0.405008 0.104929 0.003523 37.156883 7.291192 649.623840 4.132417 7.872908 653.030579 70.181351 6.709477 646.217102
626 367 637 360 650 360 661 368 650 372 637 372 721 368 732 360 746 359 757 366 746 371 733 371 246 505 90.092323 106.694511 23.032204 -0.217714 0.049641 -0.007007 41.703480 12.452147 708.449280 8.540220 12.861553 710.058716 74.866737 12.042743 706.839844
623 364 634 357 649 357 661 365 648 369 635 369 730 364 742 355 758 355 771 362 758 367 744 368 433 27 52.803753 12.135499 13.302945 0.261604 0.007073 -0.008927 39.805374 8.794485 629.462769 6.602702 9.056985 629.733459 73.008049 8.531986 629.192017
624 366 636 359 650 360 662 368 649 371 636 371 730 367 742 358 758 358 770 365 758 370 743 370 292 426 80.928322 91.058807 21.520544 -0.455285 0.120434 0.011423 41.274521 10.720636 648.819702 8.308222 11.248856 652.757141 74.240822 10.192417 644.882202
622 371 632 364 645 364 655 372 645 376 633 376 713 370 723 362 736 361 747 367 737 373 725 373 762 685 -12.466486 142.001205 30.437780 -0.051349 0.224727 -0.038176 37.640915 15.068690 725.159363 5.294837 16.515537 732.521240 69.986992 13.621842 717.797485
622 370 632 363 645 364 655 372 644 376 632 376 712 371 721 362 734 361 744 368 734 374 723 374 997 466 -59.241474 98.601418 26.933046 -0.014025 0.407362 -0.034223 36.206779 15.058216 721.994324 5.738007 16.256689 735.138794 66.675552 13.859742 708.849854
623 371 633 365 646 365 657 373 646 376 634 376 716 371 726 362 739 361 750 367 739 372 727 373 852 239 -30.460930 53.815910 20.820793 -0.221484 0.007604 -0.037092 39.174839 14.984316 723.154358 5.993728 16.233446 723.268921 72.355949 13.735187 723.039856
620 373 630 366 643 366 653 374 642 377 630 377 709 372 718 364 731 363 741 369 731 375 720 375 1292 867 -117.808540 177.695953 37.978390 -0.031868 0.293554 -0.038293 35.666737 16.758009 742.972107 3.906248 18.164988 752.556030 67.427223 15.351031 733.388184
622 373 633 367 646 367 656 375 645 379 633 379 716 375 727 366 740 365 752 371 741 377 728 377 3 639 138.439072 133.300613 24.543610 0.073513 0.084928 -0.024478 38.639362 16.740196 714.099731 5.564101 17.447651 716.943359 71.714622 16.032742 711.256104
619 374 629 367 642 367 652 375 641 379 630 379 708 373 717 365 730 364 740 370 730 376 719 376 1194 444 -98.416870 94.152534 27.687365 -0.013808 0.390772 -0.048395 34.346611 17.330317 731.787842 3.682791 18.984426 744.419312 65.010429 15.676207 719.156372
619 375 629 369 641 369 651 376 641 380 629 380 709 375 718 366 731 365 741 372 731 377 719 378 1278 637 -115.076050 132.250259 32.633476 -0.021523 0.310932 -0.043123 34.655029 18.351873 733.809692 3.072730 19.870451 743.949280 66.237328 16.833296 723.670044
623 380 633 374 645 375 655 381 645 384 634 384 717 379 727 372 740 371 751 376 740 380 729 381 60 619 127.101013 129.318893 24.450310 0.133544 0.077662 -0.039213 38.592594 20.306974 712.959717 5.513180 21.431715 715.614319 71.672012 19.182234 710.305115
618 378 628 371 641 371 652 379 641 383 629 383 709 377 719 368 732 367 743 373 732 379 720 380 393 295 60.816818 65.118530 19.171610 -0.112903 0.012870 -0.041174 35.767162 20.185863 740.249512 2.593208 21.573818 740.598755 68.941116 18.797909 739.900330
626 377 634 371 644 371 652 377 643 381 634 381 702 376 709 370 719 369 727 375 719 379 710 379 271 576 85.137253 120.712776 24.814100 -0.211662 -0.036764 -0.025210 41.722282 24.537025 929.236206 8.550332 25.238932 927.936707 74.894234 23.835121 930.535706
616 378 625 371 638 371 648 379 638 383 626 383 704 377 713 368 726 367 736 373 726 379 715 380 682 432 3.383993 92.044151 24.146172 -0.020835 0.427604 -0.052451 31.405050 19.660389 727.885193 1.234103 21.494156 741.629700 61.576000 17.826624 714.140747
617 379 627 372 640 372 650 380 639 384 628 384 708 377 718 369 731 367 742 373 732 379 720 380 460 668 47.577911 138.796814 28.122313 -0.210138 0.030822 -0.046958 34.853432 20.152945 734.856445 1.700793 21.807014 735.708679 68.006065 18.498875 734.004272
616 379 626 372 639 372 648 380 638 385 626 385 702 379 711 369 724 368 733 375 724 381 712 382 464 365 46.715115 78.915535 21.224174 -0.048799 -0.384939 -0.028195 32.361469 20.990894 736.176086 1.598928 21.595711 723.691711 63.124008 20.386078 748.660461
616 380 626 372 640 373 650 381 639 385 627 385 708 379 718 370 731 368 742 375 732 381 719 382 217 479 95.852745 101.571266 22.253050 -0.069228 0.065167 -0.044766 34.788952 21.130011 737.410522 1.687820 22.688559 739.518982 67.890083 19.571463 735.302063
504 237 524 226 548 229 566 244 545 249 523 247 673 251 694 239 718 240 737 253 716 261 693 259 616 125 16.438761 31.408350 16.709974 -0.318292 0.039785 0.084011 -4.209227 -41.077724 415.074402 -37.271893 -43.608143 416.811279 28.853439 -38.547306 413.337524
495 251 514 241 537 243 555 259 535 263 514 261 660 263 680 249 704 250 723 262 703 270 681 270 486 305 42.327385 67.046959 19.993530 0.428758 -0.054666 0.057320 -8.372890 -35.298916 407.851166 -41.475182 -36.759472 405.691376 24.729403 -33.838360 410.010986
500 261 520 252 544 254 562 268 541 273 519 271 667 274 687 261 711 262 729 274 709 282 687 281 119 785 115.406700 162.093704 28.619940 0.310674 -0.070721 0.065417 -6.004092 -31.408855 412.427826 -39.056175 -33.181351 409.786285 27.047991 -29.636360 415.069366
507 254 526 243 550 245 568 261 547 266 525 264 674 266 693 252 717 252 736 265 716 273 694 273 109 79 117.237885 22.578276 12.423773 0.370174 -0.049988 0.058365 -3.446140 -34.172897 406.687622 -36.554073 -35.761501 404.712616 29.661793 -32.584297 408.662659
475 260 492 250 512 249 527 259 510 265 491 266 611 262 627 254 646 256 662 267 646 271 628 269 1083 191 -76.402504 44.211403 21.197948 -0.474317 -0.115018 -0.001574 -31.169109 -44.685577 535.714294 -64.158569 -45.523254 532.032837 1.820356 -43.847900 539.395752
476 262 492 253 514 255 531 269 513 273 493 272 635 274 654 262 677 262 696 273 676 281 655 280 952 545 -50.276310 114.236618 28.451088 0.391546 -0.053445 0.063267 -18.305840 -31.975822 420.582672 -51.398285 -33.678158 418.449219 14.786609 -30.273489 422.716125
483 266 500 257 522 259 539 274 520 278 501 276 644 279 664 266 687 267 707 279 686 286 665 286 187 867 101.904175 178.263702 30.927567 0.449661 -0.068149 0.074436 -14.446983 -29.600418 414.051758 -47.485672 -31.485653 411.322205 18.591705 -27.715185 416.781342
483 268 499 258 520 261 537 275 519 278 500 277 644 280 662 268 685 268 704 280 684 287 663 286 575 781 24.737038 161.068924 31.438200 0.434049 -0.053484 0.069546 -15.169082 -29.413389 416.560608 -48.248177 -31.268736 414.349121 17.910013 -27.558043 418.772095
482 262 499 250 521 252 536 269 518 275 499 273 623 273 639 257 662 256 680 270 662 280 641 280 382 71 62.954136 20.857037 13.982939 -0.170865 -0.057587 0.024876 -22.361115 -36.443684 473.888824 -55.500774 -37.428036 472.057556 10.778548 -35.459332 475.720093
476 271 492 265 511 267 527 277 510 280 492 278 632 282 648 274 667 275 683 283 666 287 649 287 978 855 -55.377007 175.485825 35.700603 0.357744 -0.017366 0.055110 -21.122656 -29.844522 437.752319 -54.272644 -31.532635 436.864441 12.027330 -28.156412 438.640167
488 265 504 257 521 256 536 263 520 269 503 270 620 267 634 261 652 263 666 273 651 277 635 274 772 254 -14.550787 56.821331 20.653082 -0.257315 -0.102780 0.020922 -27.677032 -43.580570 553.772278 -60.700367 -44.702652 550.492065 5.346302 -42.458485 557.052551
472 265 492 256 515 259 533 273 512 276 491 274 641 278 660 266 684 267 702 279 682 285 661 284 544 473 30.832355 100.217522 24.202480 0.399048 -0.106242 0.080088 -16.467770 -29.282410 405.572876 -49.383003 -31.170429 401.625427 16.447464 -27.394390 409.520355
482 269 499 260 520 262 536 277 518 281 499 279 638 283 657 270 680 271 699 283 679 290 658 289 168 662 105.636406 137.761124 26.122005 0.393096 -0.045320 0.073348 -16.873358 -29.224106 427.384033 -49.956409 -31.302591 425.447205 16.209694 -27.145622 429.320862
482 275 498 266 517 265 533 273 516 279 498 280 620 278 635 271 654 273 669 284 653 287 636 285 499 830 39.859409 170.791412 32.072926 -0.524141 -0.116572 0.010444 -27.160875 -36.259071 527.961243 -60.143681 -37.579704 524.362610 5.821930 -34.938442 531.559875
482 282 497 273 515 272 529 281 513 287 497 288 612 284 626 276 644 278 658 288 644 293 627 291 1301 799 -119.613190 164.253082 36.481995 -0.502105 -0.070425 0.009725 -31.606474 -34.605232 555.034119 -64.729156 -35.489079 552.873962 1.516210 -33.721382 557.194275
483 283 499 271 518 270 532 281 516 288 498 289 612 282 628 272 647 273 663 286 647 291 629 290 385 615 62.478737 128.361435 26.432680 -0.497671 -0.009176 0.013366 -30.266449 -34.925526 550.245544 -63.466988 -35.425488 550.061462 2.934090 -34.425560 550.429626
468 277 485 269 506 272 522 284 504 287 485 285 627 289 645 278 665 279 683 288 664 294 645 294 607 645 18.344040 134.175995 28.534737 0.365136 -0.033741 0.057115 -22.403755 -26.402386 425.984344 -55.536343 -28.053436 424.547241 10.728832 -24.751335 427.421448
464 279 483 270 505 273 522 287 503 290 483 288 630 291 650 279 673 280 692 291 671 297 650 297 770 735 -14.046035 151.878159 31.631346 0.448696 -0.056865 0.065753 -20.441893 -24.337456 406.906647 -53.523407 -26.029268 404.602142 12.639623 -22.645645 409.211151
481 281 496 271 515 272 529 286 513 290 496 289 620 289 635 276 655 275 671 286 654 293 637 294 464 235 46.686172 53.224781 18.253628 -0.270641 -0.073738 0.010195 -24.877422 -29.046125 479.207733 -57.990841 -29.709379 476.836823 8.235995 -28.382870 481.578674
469 280 486 272 507 274 524 287 505 290 486 288 630 291 648 281 669 281 687 291 669 297 649 296 957 504 -51.279613 106.131577 27.546127 0.377365 -0.030709 0.055515 -21.120686 -25.090868 421.320648 -54.259487 -26.699516 419.982086 12.018115 -23.482220 422.659241
435 258 449 251 464 252 476 263 462 266 448 264 547 268 560 259 575 259 588 267 574 272 560 272 563 208 26.995495 47.838142 18.268370 -0.220795 -0.124564 0.039057 -69.347282 -49.856251 613.725403 -102.270714 -51.593079 609.776917 -36.423851 -48.119419 617.673950
429 261 442 254 458 256 470 266 456 269 442 267 545 271 558 262 574 262 587 271 573 276 558 275 721 459 -4.364563 97.359879 25.011984 0.285282 -0.111450 0.076332 -69.160545 -46.479240 592.401245 -102.064911 -48.448463 588.403137 -36.256184 -44.510021 596.399292
431 256 445 249 463 252 476 264 461 266 445 264 556 270 572 260 590 261 605 270 589 276 572 275 365 227 66.369064 51.694679 17.439121 0.424219 -0.136802 0.106437 -58.226555 -43.439426 540.547607 -90.941238 -45.904469 535.425842 -25.511869 -40.974384 545.669373
428 262 441 256 458 258 471 268 456 271 441 269 552 274 566 265 584 266 598 275 583 280 567 279 1089 338 -77.562790 73.258636 24.595238 0.435763 -0.124143 0.098788 -61.605583 -41.450161 547.817200 -94.399940 -43.731934 543.139221 -28.811230 -39.168388 552.495117
429 265 442 258 457 260 469 270 455 273 442 271 537 274 549 266 565 266 577 274 564 279 550 278 780 537 -16.078465 112.744019 27.170782 -0.225802 -0.129437 0.033403 -76.718216 -47.173256 633.081848 -109.628044 -48.752186 628.957581 -43.808380 -45.594326 637.206116
427 267 439 260 453 262 464 272 452 274 438 273 533 276 544 267 559 267 570 275 558 279 545 279 1247 369 -108.971825 79.303711 26.311771 -0.120311 -0.133292 0.032892 -80.707108 -46.967243 643.818176 -113.599854 -48.318871 639.482239 -47.814358 -45.615616 648.154053
428 263 442 256 460 259 473 271 458 273 442 271 553 276 569 266 587 267 602 276 586 282 569 281 72 246 124.631958 55.600025 16.003693 0.434525 -0.142675 0.103961 -59.729172 -40.059265 540.691772 -92.426003 -42.375534 535.389709 -27.032339 -37.742996 545.993774
426 266 440 260 456 262 469 273 455 275 440 274 548 279 563 270 580 271 594 279 579 284 563 283 866 567 -33.171600 118.628471 28.405045 0.427483 -0.131574 0.102250 -64.092056 -39.833374 557.130066 -96.843910 -42.193134 552.199768 -31.340206 -37.473614 562.060303
433 270 444 264 457 265 467 274 456 276 444 275 531 278 541 270 554 270 564 277 554 281 542 281 239 38 91.380203 14.409011 12.316417 -0.009829 -0.369361 0.040756 -83.348267 -46.916451 668.112000 -114.286758 -48.298359 656.134583 -52.409775 -45.534538 680.089478
427 264 441 258 457 260 470 272 456 274 440 272 550 278 565 269 583 270 598 278 582 284 565 283 488 374 41.945076 80.681793 21.582968 0.425983 -0.129832 0.109011 -62.246170 -39.865295 549.224548 -94.982132 -42.457256 544.305420 -29.510206 -37.273331 554.143738
429 270 441 264 456 265 467 273 454 276 441 275 530 277 542 270 556 271 568 279 556 282 543 281 759 759 -11.853507 156.626724 32.109566 -0.557919 -0.144683 0.012741 -88.120979 -49.582664 701.351929 -120.985153 -51.286148 696.924316 -55.256809 -47.879181 705.779602
430 270 442 264 455 264 466 270 454 274 441 274 529 274 541 268 554 270 565 278 553 281 541 279 701 416 -0.397434 88.872444 23.901802 -0.481047 -0.139008 0.013004 -91.583206 -52.405170 724.227295 -124.471107 -53.906311 719.903931 -58.695301 -50.904030 728.550720
426 266 439 260 456 262 469 273 454 275 439 273 546 279 561 270 579 271 593 279 578 284 561 284 519 309 35.766720 67.820488 20.295500 0.396040 -0.123659 0.103931 -65.074020 -40.144455 561.055969 -97.852188 -42.690441 556.400940 -32.295853 -37.598465 565.710999
427 267 441 261 458 264 471 275 456 277 440 275 550 281 565 273 583 273 597 282 582 287 565 287 624 467 14.924217 98.990692 24.575846 0.433713 -0.128137 0.114065 -62.442665 -38.173862 550.894409 -95.167664 -40.919453 545.985657 -29.717667 -35.428272 555.803162
425 266 439 260 456 262 469 273 454 275 439 273 547 279 562 270 580 271 594 280 579 284 562 284 995 139 -58.916599 33.980316 19.448215 0.394904 -0.114366 0.103128 -64.388664 -39.770107 556.572021 -97.205605 -42.354156 552.221130 -31.571714 -37.186062 560.922913
428 267 441 262 458 264 470 274 456 276 441 274 548 280 563 272 580 273 594 281 579 286 563 285 712 625 -2.538092 130.169632 28.747717 0.420927 -0.122531 0.108328 -64.063461 -39.248383 560.675903 -96.831680 -41.882549 555.999878 -31.295248 -36.614212 565.351868
427 269 440 264 456 266 469 276 455 277 440 276 548 282 562 274 579 275 593 283 578 287 562 286 1188 569 -97.196037 118.858269 30.505375 0.409603 -0.115017 0.103407 -65.032433 -38.660320 563.046997 -97.846390 -41.215534 558.656677 -32.218475 -36.105103 567.437317
428 268 442 262 459 264 472 276 458 278 442 276 552 282 567 273 585 273 600 282 584 288 568 287 394 633 60.693230 131.913986 26.901415 0.438144 -0.124627 0.107997 -60.755833 -37.571598 545.218689 -93.517326 -40.137920 540.458618 -27.994339 -35.005272 549.978760
427 266 441 260 458 263 471 274 456 276 441 274 550 280 566 272 584 272 598 281 583 286 566 285 826 424 -25.250032 90.389191 24.882210 0.429136 -0.128935 0.112561 -61.875443 -38.562428 548.564941 -94.602493 -41.266029 543.646545 -29.148392 -35.858826 553.483276
428 271 441 266 457 268 470 278 456 280 441 278 549 284 564 276 581 277 594 285 579 289 564 288 1150 669 -89.618042 138.639908 32.547939 0.422446 -0.116628 0.105962 -63.958065 -37.264061 560.449219 -96.757576 -39.860291 555.975830 -31.158554 -34.667828 564.922607
479 259 493 252 511 253 525 263 510 266 494 266 609 261 624 251 641 251 656 258 641 264 625 265 123 471 114.541458 100.038589 21.470449 0.490767 -0.094294 0.009401 -30.938721 -44.077503 518.249084 -63.997524 -43.624393 515.171814 2.120085 -44.530609 521.326355
461 260 474 252 491 253 505 263 491 266 475 266 589 262 603 252 621 251 636 259 621 265 605 266 1202 113 -100.081238 28.735806 20.174938 0.450837 -0.093634 0.012743 -41.448479 -44.571243 527.781860 -74.507645 -44.291019 524.687866 -8.389317 -44.851471 530.875916
461 264 475 257 491 258 506 267 491 271 476 270 589 266 603 256 621 255 636 262 621 268 605 269 962 557 -52.261990 116.602928 28.789101 0.471619 -0.091800 0.003627 -41.216175 -42.517452 526.315979 -74.283531 -41.928219 523.355835 -8.148819 -43.106689 529.276123
461 263 475 256 493 257 507 267 492 271 476 270 591 266 606 255 624 254 640 262 624 269 607 270 532 331 33.186764 72.161476 20.881159 0.481176 -0.102821 0.011301 -39.538097 -41.820377 516.974121 -72.568825 -41.375698 513.607666 -6.507372 -42.265057 520.340576
458 267 471 261 487 261 501 270 487 274 472 273 584 269 597 259 614 258 629 264 614 271 599 272 1197 466 -99.008484 98.498657 28.209215 0.434237 -0.074501 -0.003854 -44.740097 -41.850742 536.535950 -77.853996 -41.198387 534.168762 -11.626195 -42.503098 538.903137
458 270 470 263 486 264 500 273 486 276 471 276 583 271 597 261 614 260 629 266 614 272 598 273 832 730 -26.374920 150.858200 31.912706 0.450775 -0.092395 -0.006193 -44.818764 -40.722137 535.299500 -77.883705 -39.844322 532.384216 -11.753825 -41.599953 538.214783
458 269 471 262 487 263 501 272 487 276 472 275 584 271 598 261 615 259 630 266 616 273 600 274 604 384 18.882441 82.598404 22.551649 0.448336 -0.100234 0.003603 -44.085461 -40.581654 532.325928 -77.126175 -39.964069 529.087158 -11.044745 -41.199242 535.564636
454 270 467 264 482 265 495 273 482 276 468 276 575 271 587 262 603 261 617 267 603 273 589 274 1044 511 -68.576698 107.470222 28.261213 0.330940 -0.099922 -0.011396 -51.601707 -43.007366 569.672791 -84.640266 -42.092888 566.482605 -18.563150 -43.921841 572.862915
455 271 468 265 484 265 497 274 484 277 469 277 581 272 595 263 612 262 627 268 612 274 597 275 1136 582 -86.853722 121.454056 30.470627 0.452012 -0.084716 -0.003513 -45.820145 -39.790905 534.195312 -78.907692 -39.053707 531.506348 -12.732601 -40.528103 536.884277
456 273 469 266 485 266 497 276 484 280 469 279 568 274 580 264 596 262 608 269 596 276 581 277 604 884 18.993752 181.409012 33.976833 0.069450 -0.070943 -0.027127 -57.654518 -44.863110 617.341125 -90.763641 -43.882233 615.020874 -24.545397 -45.843987 619.661377
453 272 466 265 482 266 496 274 482 278 467 277 577 273 590 263 607 262 621 268 607 275 592 275 870 331 -34.019478 71.987808 23.037882 0.393405 -0.109604 -0.003258 -49.108150 -40.837967 551.819214 -82.116104 -40.026791 548.301147 -16.100203 -41.649147 555.337280
452 276 464 269 479 270 492 278 479 281 465 281 573 276 586 267 602 266 616 271 602 277 587 278 684 478 2.996564 101.133698 25.210051 0.378902 -0.097367 -0.011304 -51.705482 -39.585415 558.803406 -84.752800 -38.614838 555.722473 -18.658159 -40.555992 561.884338
452 276 464 269 479 270 492 278 479 282 465 281 575 276 588 266 605 265 619 271 605 277 590 278 955 712 -50.835636 147.237808 32.286243 0.424276 -0.089855 -0.012610 -49.614273 -38.512573 544.032410 -82.684532 -37.483799 541.229004 -16.544016 -39.541348 546.835876
456 280 467 273 480 272 491 276 480 281 468 282 554 274 565 268 577 269 588 274 578 278 566 277 503 373 38.962330 80.476471 21.655830 -0.382251 -0.116004 -0.077349 -74.585564 -50.660000 726.795288 -107.472061 -48.888008 722.564697 -41.699074 -52.431995 731.025940
449 278 461 270 476 271 488 279 476 283 462 283 561 276 573 266 587 264 600 270 588 277 574 278 838 153 -27.696384 36.827679 18.766329 -0.093073 -0.046375 -0.056881 -61.794376 -42.971329 613.362061 -94.909874 -41.158607 611.738037 -28.678883 -44.784050 614.986145
449 279 462 272 477 273 491 282 478 285 463 285 575 279 588 269 605 268 620 273 606 280 590 281 907 885 -41.253040 181.450943 35.933075 0.459777 -0.091900 -0.014282 -49.130230 -36.276684 534.018188 -82.194054 -35.130920 531.184387 -16.066406 -37.422443 536.851929
450 281 462 274 477 274 489 283 476 287 463 287 560 280 572 270 586 268 599 274 587 281 573 282 486 746 42.425564 154.197906 30.070543 -0.125537 -0.059617 -0.057548 -62.959866 -41.391785 624.003784 -96.050903 -39.612144 621.911987 -29.868828 -43.171425 626.095581
457 281 468 274 481 274 492 282 480 285 468 285 555 279 565 271 577 269 588 275 578 280 566 281 113 97 116.446548 26.133402 12.860603 -0.314488 -0.085960 -0.061132 -71.081299 -46.220982 694.478577 -104.103081 -44.672844 691.360107 -38.059521 -47.769123 697.597107
449 281 461 273 476 274 490 283 476 287 462 286 568 281 581 271 597 269 612 275 598 282 583 283 208 818 97.717735 168.569473 29.941896 0.395521 -0.059670 -0.025621 -53.667053 -37.084911 557.783630 -86.802788 -35.870159 556.020935 -20.531317 -38.299667 559.546326
442 283 455 276 471 276 484 284 471 288 456 288 567 281 580 272 597 270 611 275 597 282 582 283 1263 816 -112.053673 167.632172 36.627979 0.450765 -0.094572 -0.025293 -53.742264 -35.427235 541.169312 -86.790771 -33.921547 538.325195 -20.693760 -36.932926 544.013367
517 304 530 297 547 299 560 309 546 311 531 310 641 312 655 302 673 302 688 310 672 315 656 315 576 285 24.427782 63.048294 20.110800 0.552135 -0.020040 0.043688 -14.599656 -20.736879 530.169434 -47.767086 -21.935356 529.147217 18.567774 -19.538403 531.191650
513 303 527 297 543 298 556 308 542 310 527 309 636 311 650 303 667 302 681 309 666 314 651 314 1315 243 -122.520660 54.368500 23.866522 0.544874 -0.006063 0.043519 -17.350359 -21.399778 537.800049 -50.523911 -22.720407 537.224609 15.823192 -20.079147 538.375488
515 308 528 302 543 304 556 312 542 314 528 313 635 315 649 307 665 307 679 313 664 317 649 317 1308 890 -120.984779 182.233017 38.606041 0.567006 -0.013194 0.040685 -17.718985 -19.635014 545.655701 -50.894238 -20.793430 544.868042 15.456266 -18.476597 546.443359
522 307 533 303 546 302 557 306 546 309 533 310 625 308 636 304 649 306 661 311 649 313 637 311 921 499 -44.122665 105.161972 27.202166 -0.549987 -0.033310 0.014804 -25.397507 -26.708166 681.585205 -58.580811 -27.471760 680.666077 7.785800 -25.944572 682.504272
517 308 530 303 544 304 557 313 544 314 530 313 637 315 651 308 667 308 680 314 666 318 651 318 424 807 54.766914 166.284653 31.068804 0.569443 -0.021396 0.047522 -16.806494 -19.191702 545.378357 -49.967426 -20.488237 544.268799 16.354439 -17.895164 546.487915
517 300 531 294 545 295 558 302 544 304 530 303 624 305 638 298 652 299 666 305 652 308 638 307 231 76 92.979340 21.922728 13.133684 -0.640659 -0.041642 0.021329 -23.678860 -28.134987 638.970764 -56.848560 -29.223408 637.900330 9.490844 -27.046568 640.041138
517 306 530 301 545 302 558 311 544 313 530 311 637 314 651 307 667 306 681 313 667 317 652 317 220 673 95.299431 139.908234 26.705164 0.589955 -0.019853 0.052242 -16.472572 -19.736259 542.194641 -49.627029 -21.182339 541.076477 16.681885 -18.290180 543.312866
518 309 530 305 543 305 555 309 543 312 530 312 627 311 640 308 653 309 666 314 653 316 640 315 1227 845 -104.889160 173.381683 37.060928 -0.671983 -0.027590 0.021425 -23.759411 -23.533291 642.785828 -56.944717 -24.488607 642.167419 9.425896 -22.577974 643.404236
517 309 530 304 543 303 555 308 543 311 530 311 628 310 641 306 655 308 668 313 654 315 641 314 913 612 -42.506828 127.497276 29.733212 -0.661329 -0.021488 0.023387 -23.244690 -23.893948 637.391418 -56.433361 -24.842430 636.976440 9.943979 -22.945467 637.806396
515 306 529 300 543 301 555 309 542 310 528 310 620 311 633 303 648 303 661 310 648 313 634 313 650 328 9.723561 71.507988 21.565546 0.565435 -0.020876 0.029201 -25.669315 -24.586195 637.118896 -58.853302 -25.313969 636.195312 7.514671 -23.858421 638.042419
514 308 527 303 541 304 553 310 540 311 527 311 621 312 633 306 647 307 660 312 647 314 634 314 1240 391 -107.575081 83.654976 26.769814 -0.663627 -0.056516 0.007845 -26.683167 -23.832235 648.854126 -59.835899 -24.673876 647.196533 6.469566 -22.990595 650.511719
514 306 527 300 543 302 556 312 542 314 527 312 636 314 651 306 668 306 682 313 667 318 651 318 186 451 102.010399 96.053802 21.415434 0.556708 -0.025505 0.047456 -16.886593 -19.455257 534.994873 -50.044460 -20.720490 533.764160 16.271275 -18.190025 536.225647
515 306 528 300 544 302 557 312 543 314 528 312 637 315 651 306 668 306 682 313 668 318 652 318 191 397 101.004204 85.379684 20.213419 0.549597 -0.025620 0.050635 -16.576075 -19.497465 538.656799 -49.728771 -20.866661 537.398315 16.576620 -18.128269 539.915222
512 305 525 299 539 300 551 308 538 309 525 309 616 309 629 302 643 302 656 309 643 312 630 312 1067 168 -73.226265 39.674335 20.570297 0.537729 -0.015559 0.027628 -28.450243 -25.620275 644.946960 -61.638763 -26.358355 644.214233 4.738278 -24.882198 645.679749
517 308 529 303 542 303 554 308 542 311 529 311 624 309 636 305 650 306 663 312 650 314 637 313 0 897 139.093002 184.288422 30.419863 -0.620696 -0.020220 0.017145 -25.536203 -24.837927 653.564575 -58.729717 -25.573065 653.106628 7.657312 -24.102789 654.022583
514 307 527 300 542 301 554 310 540 311 527 311 617 312 630 304 644 303 657 311 644 314 630 314 248 304 89.649902 66.971626 18.452042 0.550690 -0.026800 0.036473 -27.802956 -24.641090 650.965393 -60.974613 -25.552639 649.795044 5.368703 -23.729544 652.135803
512 307 525 301 540 303 553 312 539 313 525 312 632 314 646 306 662 306 676 312 662 317 647 317 904 491 -40.744251 103.589737 26.910889 0.518549 -0.015246 0.039025 -19.381512 -20.013584 548.285583 -52.557831 -21.123426 547.473450 13.794809 -18.903744 549.097778
514 309 526 303 540 304 551 312 539 313 526 313 620 314 632 306 646 306 658 313 646 316 633 316 1040 594 -67.762886 123.874840 30.132271 0.529652 -0.014956 0.028889 -26.761814 -22.591133 631.339783 -59.949467 -23.377548 630.618042 6.425838 -21.804716 632.061523
510 306 523 299 537 300 549 308 536 310 523 310 623 311 636 303 651 303 664 310 650 314 637 314 1233 172 -106.231995 40.379528 21.720917 0.530192 -0.019802 0.037667 -24.872766 -23.097797 596.440491 -58.048218 -24.120138 595.489685 8.302683 -22.075459 597.391235
514 307 527 301 542 303 556 312 542 314 527 313 635 315 650 306 666 306 680 313 666 318 650 318 189 572 101.440834 119.964424 24.199471 0.531654 -0.024951 0.044764 -17.476393 -19.384481 540.254517 -50.638630 -20.586134 539.079041 15.685843 -18.182829 541.429993
572 268 586 261 601 263 612 274 599 276 585 275 678 279 690 270 706 270 717 279 704 284 691 284 204 301 98.397980 66.401367 18.102734 -0.192079 -0.037538 0.073049 9.247605 -45.498589 640.527405 -23.845627 -48.025845 639.522095 42.340836 -42.971333 641.532654
617 284 633 278 651 280 666 291 649 293 632 292 753 296 768 287 786 287 801 296 785 301 768 301 430 460 53.496655 97.707024 23.178011 0.409438 0.074074 0.049728 37.988144 -27.611101 502.672333 4.913558 -29.710600 504.727478 71.062729 -25.511604 500.617188
576 283 591 276 608 277 622 288 607 291 590 290 706 290 721 280 739 280 753 288 738 294 721 294 92 296 120.666389 65.470810 17.273829 0.465479 0.005610 0.030454 17.050417 -30.864540 519.030823 -16.138763 -31.882048 518.979309 50.239597 -29.847033 519.082336
569 284 583 278 600 279 614 290 599 292 583 291 698 292 712 283 730 282 745 290 729 296 713 296 475 356 44.525925 77.131294 21.088711 0.440996 0.013377 0.031062 13.172997 -30.167925 523.329468 -20.013134 -31.262384 523.535522 46.359127 -29.073465 523.123352
569 286 583 278 601 280 615 291 600 294 583 293 699 293 713 283 731 283 746 291 731 297 714 297 139 295 111.320915 65.249039 17.550877 0.448538 0.002380 0.030869 13.479555 -29.366964 520.666382 -19.709610 -30.375200 520.516785 46.668720 -28.358727 520.816040
566 277 580 270 597 272 611 282 596 285 580 284 694 285 709 276 727 276 741 284 726 290 709 289 671 360 5.555150 77.821075 22.430756 0.421413 0.001736 0.042558 11.634104 -33.928020 526.366028 -21.541039 -35.311226 526.128601 44.809246 -32.544815 526.603394
560 286 573 280 589 282 602 290 588 293 573 292 683 293 697 285 714 285 727 291 713 296 698 296 1247 739 -108.889458 152.423553 34.766407 0.419292 0.008007 0.031929 6.695177 -30.822453 544.071899 -26.491909 -31.906588 544.110962 39.882263 -29.738317 544.032776
548 287 561 281 577 282 591 291 577 294 562 293 673 292 687 283 704 283 719 290 704 296 688 296 791 464 -18.281902 98.312019 25.572895 0.432057 -0.008538 0.019849 1.308606 -30.437786 538.398315 -31.888577 -31.016203 537.983398 34.505787 -29.859369 538.813232
549 290 561 283 575 282 586 287 574 292 561 293 653 287 664 282 678 283 689 290 678 293 665 292 1316 490 -122.664505 103.180428 29.516943 -0.505819 -0.030857 -0.016633 -7.108247 -39.878490 687.920776 -40.293091 -39.603180 686.802795 26.076599 -40.153805 689.038757
546 289 559 282 576 283 590 293 575 296 560 295 672 295 686 286 704 285 719 293 704 299 687 299 1026 450 -65.011253 95.424583 26.752485 0.435298 -0.006121 0.025311 0.746843 -28.915819 532.576355 -32.446888 -29.686331 532.199402 33.940575 -28.145308 532.953247
548 289 561 280 577 282 590 293 576 296 561 296 663 294 677 283 694 282 708 291 694 298 678 298 287 252 81.883759 56.675285 17.512676 0.219082 0.037092 0.011010 -1.713340 -32.053886 577.720093 -34.893402 -32.550835 578.901733 31.466721 -31.556940 576.538513
545 285 559 277 576 278 590 289 575 293 559 292 671 291 686 281 705 281 720 289 704 295 687 295 724 29 -5.056796 12.381224 15.205469 0.402658 -0.014185 0.030925 0.810386 -30.800354 530.874268 -32.375469 -31.705944 530.212097 33.996243 -29.894764 531.536499
521 262 532 253 547 252 558 262 547 267 533 268 624 257 635 247 650 245 663 253 651 260 637 261 884 49 -36.865948 16.251438 16.683411 0.092684 -0.243267 -0.064975 -23.327286 -55.349674 642.218933 -55.485794 -52.845905 634.337280 8.831223 -57.853443 650.100647
525 270 536 264 550 263 563 270 551 274 537 274 639 266 651 258 667 257 681 262 668 268 653 269 371 755 65.293594 156.035583 29.542400 -0.395379 0.049846 -0.041941 -16.166328 -46.873985 596.904968 -49.301624 -45.195457 598.244446 16.968967 -48.552513 595.565430
516 272 527 264 541 263 552 271 541 276 528 277 619 267 629 257 643 256 654 262 643 269 631 270 579 899 23.967966 184.386169 34.160069 0.107229 -0.331104 -0.066114 -27.396624 -50.163799 650.958801 -58.728455 -47.430805 640.309509 3.935207 -52.896793 661.608032
515 279 527 271 541 271 553 280 540 285 527 285 617 278 627 268 642 266 653 274 642 281 629 282 935 22 -47.012547 10.889462 16.391872 0.059067 0.343012 -0.028663 -28.633095 -43.284065 639.712585 -59.890789 -42.684502 650.899963 2.624599 -43.883629 628.525269
516 284 527 277 541 276 553 285 541 289 528 289 619 282 630 273 645 271 657 277 645 284 632 285 1159 795 -91.379509 163.535553 35.484512 0.037493 0.126196 -0.045139 -27.488493 -41.450817 648.798462 -60.395557 -40.035244 653.003296 5.418571 -42.866394 644.593567
473 321 483 315 496 316 506 324 495 327 483 327 566 324 576 316 590 316 601 322 590 327 578 327 250 499 89.295647 105.506729 22.920626 -0.255250 -0.053442 -0.006757 -64.888382 -18.105688 724.845154 -98.045288 -18.109060 723.062256 -31.731468 -18.102316 726.628113
464 320 474 314 487 314 498 321 487 325 475 324 562 321 573 313 587 313 599 319 587 324 575 324 986 49 -57.147121 16.199030 17.334255 -0.326913 -0.020345 -0.015986 -66.098877 -19.195436 696.065125 -99.292679 -18.783525 695.315613 -32.905083 -19.607347 696.814636
466 323 476 317 489 317 499 325 488 328 477 328 560 325 571 318 584 317 596 323 584 328 572 328 275 314 84.283585 68.933968 18.852829 -0.297397 -0.047255 -0.009980 -68.758820 -17.251278 719.524048 -101.925201 -17.156458 717.929688 -35.592445 -17.346098 721.118408
463 324 473 317 487 318 498 325 486 329 474 329 565 325 578 317 593 316 606 323 593 328 579 328 1326 564 -124.636383 117.799255 31.271679 -0.475805 -0.028095 -0.017466 -61.549320 -15.690702 662.671753 -94.736305 -15.350242 661.638489 -28.362333 -16.031164 663.705017
463 323 473 317 487 317 498 325 486 329 474 328 566 325 578 317 593 317 606 323 593 328 579 328 939 363 -47.731972 78.276237 24.209372 -0.465781 -0.019484 -0.011257 -61.500275 -15.786407 662.494934 -94.696831 -15.573979 661.785645 -28.303717 -15.998836 663.204163
466 324 476 319 488 319 498 326 487 329 476 329 560 327 571 320 584 320 595 326 584 330 572 330 264 33 86.408211 13.408060 12.361686 0.123056 -0.028694 0.015918 -68.930817 -16.078304 716.229370 -102.117775 -16.546885 715.246643 -35.743851 -15.609723 717.212036
463 328 472 322 485 322 494 329 484 333 473 333 554 328 564 321 577 320 588 325 578 330 566 331 739 727 -7.883930 150.313110 31.250738 -0.173729 -0.053448 -0.031069 -74.140556 -15.004503 738.518311 -107.282097 -14.132439 736.664307 -40.999020 -15.876568 740.372375
461 329 470 324 482 324 493 331 482 334 471 334 556 331 567 324 580 323 592 328 580 333 568 333 1275 853 -114.431458 174.937988 37.550011 0.207630 -0.050509 0.001204 -70.980339 -13.202202 706.557556 -104.142937 -13.068439 704.889038 -37.817749 -13.335963 708.226074
465 330 474 325 486 325 496 332 486 335 475 335 555 331 565 324 578 323 589 328 578 333 566 334 320 593 75.398117 124.047157 25.515219 -0.168256 -0.028690 -0.024010 -74.252190 -13.148676 747.059631 -107.433823 -12.435327 746.044800 -41.070553 -13.862026 748.074463
460 330 469 324 482 324 492 331 481 335 470 335 552 331 562 323 575 322 586 327 575 333 563 333 1323 666 -124.017174 137.958160 33.583275 -0.050428 -0.018146 -0.023604 -75.537025 -13.481460 734.046265 -108.727127 -12.713314 733.424316 -42.346928 -14.249605 734.668213
461 325 472 320 485 320 497 328 485 331 473 330 564 328 576 321 591 321 604 326 591 331 578 331 996 381 -59.061562 81.804131 24.984385 0.312007 -0.107573 0.032146 -61.851219 -13.874012 655.781555 -94.848663 -14.369798 652.109680 -28.853775 -13.378226 659.453369
467 328 476 323 487 324 496 330 486 332 476 332 548 330 557 324 568 323 577 328 567 332 558 332 117 665 115.777657 138.380188 25.865135 0.103835 -0.088076 0.004155 -87.798355 -16.179995 846.622803 -120.874290 -16.165930 843.700134 -54.722420 -16.194059 849.545471
459 331 469 326 481 326 492 333 481 335 470 335 558 332 569 325 583 324 595 329 583 334 570 334 1436 688 -146.480637 142.247772 34.807014 0.276673 -0.073798 0.000466 -67.901047 -11.790336 680.448853 -101.016052 -11.468922 678.029602 -34.786037 -12.111749 682.868042
462 329 471 323 484 323 493 331 483 334 472 334 550 331 559 322 572 322 582 328 572 333 560 334 923 16 -44.627861 9.709901 16.178200 0.008623 -0.423447 -0.008118 -76.766304 -13.423103 744.191101 -107.037369 -13.101810 730.548523 -46.495247 -13.744396 757.833679
457 329 467 324 480 324 490 331 479 334 468 334 554 330 565 323 579 322 591 327 579 332 567 333 857 204 -31.462896 46.896599 20.052935 0.166697 -0.051886 -0.005036 -71.332817 -13.154501 695.954468 -104.492622 -12.844882 694.254211 -38.173004 -13.464119 697.654663
460 333 470 327 482 327 493 334 482 337 471 337 555 333 566 326 580 325 592 331 580 335 568 336 551 815 29.516647 167.800369 32.061974 0.207725 -0.054244 -0.004404 -71.003212 -11.233786 705.615601 -104.159042 -10.902312 703.843384 -37.847382 -11.565259 707.387817
457 333 467 327 479 327 489 334 478 337 467 337 548 333 559 326 571 324 583 329 572 334 560 335 1192 677 -97.967331 140.199295 32.998737 -0.031102 0.012587 -0.031057 -77.982384 -11.772878 734.946228 -111.168556 -10.735500 735.348022 -44.796215 -12.810256 734.544495
457 334 467 327 479 328 489 335 479 338 467 338 546 334 556 326 568 325 578 331 568 336 557 336 828 676 -25.591602 140.188705 30.653263 0.003261 -0.357174 -0.020967 -80.249992 -10.994801 750.330444 -111.352066 -10.294210 738.723145 -49.147926 -11.695392 761.937805
502 339 514 333 528 335 539 343 527 345 514 344 609 346 621 339 635 339 647 346 634 350 621 349 862 647 -32.358448 134.440216 30.207550 0.359528 -0.038927 0.060581 -33.995644 -3.613302 634.259460 -67.115326 -5.350349 632.638062 -0.875962 -1.876256 635.880859
508 332 519 326 532 328 542 337 530 339 518 338 601 341 612 334 625 334 635 341 624 346 612 345 117 527 115.746933 111.108459 22.711784 -0.269269 -0.095634 0.058503 -40.730625 -7.713147 725.764771 -73.728249 -10.052805 722.893799 -7.733004 -5.373487 728.635803
508 333 519 327 532 329 542 338 531 340 519 339 602 343 613 336 626 336 636 343 625 347 613 347 36 588 131.866150 123.204971 23.588808 0.087444 -0.033871 0.076839 -40.062691 -6.955699 722.311584 -73.150574 -9.451761 721.078247 -6.974804 -4.459638 723.544922
501 329 513 324 527 326 538 335 526 337 513 336 607 340 619 333 634 333 646 341 633 345 619 344 1008 27 -61.526390 11.840060 16.971926 0.366078 -0.039554 0.087839 -34.992054 -7.955210 639.423462 -68.044624 -10.565187 637.613708 -1.939484 -5.345233 641.233215
505 332 516 326 529 328 539 337 527 339 515 338 600 342 611 335 624 335 635 342 623 346 611 346 215 313 96.213463 68.767174 18.447128 0.181439 -0.025254 0.082435 -40.963520 -7.484220 707.947571 -74.045334 -10.127270 706.867188 -7.881703 -4.841170 709.028015
500 335 511 330 523 331 533 339 522 341 510 340 597 343 608 337 620 338 630 344 619 347 608 347 887 536 -37.354034 112.491425 27.830681 0.205847 -0.031097 0.074706 -43.783634 -6.032476 703.503906 -76.880180 -8.387053 702.225464 -10.687093 -3.677898 704.782349
500 336 511 332 523 333 532 340 521 342 510 341 593 344 603 338 615 338 624 344 614 348 603 347 1052 514 -70.166718 108.058975 28.380812 -0.245855 -0.095404 0.052685 -47.812653 -5.307675 738.149841 -80.821457 -7.423127 735.233704 -14.803853 -3.192225 741.065918
498 333 510 328 523 330 534 338 522 340 509 339 603 343 615 337 629 337 641 344 628 348 615 347 964 63 -52.769634 18.977032 17.513783 0.359720 -0.044670 0.088072 -37.631660 -5.997590 644.147095 -70.676430 -8.590961 642.178101 -4.586886 -3.404219 646.116089
498 334 510 328 524 330 535 339 522 341 510 339 603 344 615 337 630 338 642 345 629 349 616 348 794 485 -18.873732 102.460526 26.071894 0.379736 -0.050471 0.092659 -37.345978 -5.456411 642.672180 -70.368340 -8.140013 640.462708 -4.323621 -2.772810 644.881653
498 336 509 332 522 333 533 341 521 343 509 341 601 345 614 339 627 340 639 346 626 350 614 349 988 565 -57.429920 118.170540 29.137806 0.370835 -0.046765 0.082772 -38.825623 -4.379424 649.844910 -71.882202 -6.776789 647.826355 -5.769041 -1.982059 651.863464
496 334 508 329 522 330 533 339 521 341 508 340 601 344 613 337 628 337 639 344 627 348 613 348 1042 230 -68.241592 51.939693 21.827497 0.355658 -0.043865 0.083281 -38.808037 -5.519914 645.835571 -71.867409 -7.967189 643.925476 -5.748668 -3.072639 647.745728
495 333 506 328 521 329 532 339 519 341 506 340 600 343 613 336 628 336 640 344 627 348 613 347 1310 111 -121.555870 28.285072 20.818369 0.361988 -0.039490 0.082449 -38.840679 -5.740095 638.493530 -71.908348 -8.180051 636.722778 -5.773012 -3.300139 640.264343
499 335 510 330 524 331 534 340 522 342 510 341 603 344 615 338 629 338 641 345 628 349 615 348 431 464 53.298710 98.496994 23.275793 0.363662 -0.057186 0.087914 -37.712528 -5.023445 646.512878 -70.736900 -7.532249 644.134583 -4.688156 -2.514640 648.891235
499 334 510 328 524 330 535 340 523 342 510 340 603 345 615 338 630 338 642 346 629 350 615 349 33 697 132.486923 144.747223 26.060356 0.376629 -0.059930 0.099660 -37.380436 -4.948964 645.048157 -70.363617 -7.803225 642.494202 -4.397258 -2.094702 647.602173
495 334 507 329 520 331 531 339 519 341 506 340 598 344 611 338 625 338 637 345 624 349 611 348 1401 673 -139.524750 139.301437 34.240932 0.364913 -0.044371 0.085418 -40.494251 -5.266961 651.620239 -73.547058 -7.770761 649.670227 -7.441442 -2.763161 653.570190
497 337 508 332 521 334 531 341 520 343 508 342 599 346 611 340 625 340 637 346 624 350 612 349 1197 798 -98.934570 164.108902 35.795536 0.368561 -0.047228 0.081503 -40.153065 -4.060995 654.630493 -73.212326 -6.416954 652.607117 -7.093797 -1.705037 656.653870
496 337 507 333 520 334 530 342 519 343 507 342 598 346 610 340 624 340 635 346 623 350 610 349 1382 819 -135.714371 168.163895 37.455849 0.363373 -0.037829 0.076702 -41.126312 -3.952635 657.899963 -74.211098 -6.215183 656.215454 -8.041529 -1.690086 659.584473
496 336 507 331 521 333 532 341 520 343 507 342 600 346 613 339 627 339 639 346 626 350 613 350 810 629 -22.023035 130.909760 29.464441 0.386262 -0.056038 0.085544 -39.026714 -4.124596 644.116760 -72.060196 -6.535479 641.763794 -5.993234 -1.713712 646.469666
497 334 509 328 524 330 535 339 522 342 509 340 602 345 615 337 630 338 643 345 629 350 615 349 11 286 136.769791 63.536217 16.528477 0.381506 -0.062410 0.098705 -37.087421 -5.082139 636.126831 -70.068802 -7.883260 633.492126 -4.106039 -2.281018 638.761536
496 334 507 328 521 330 532 339 520 341 507 340 600 344 613 337 628 337 640 345 627 349 613 348 635 236 12.685606 53.334541 19.367599 0.376585 -0.061261 0.093388 -38.854977 -5.416706 642.923035 -71.855339 -8.060407 640.364319 -5.854619 -2.773006 645.481689
466 238 486 226 511 228 530 245 508 250 486 249 633 248 653 233 678 232 697 246 676 255 654 255 167 168 105.725266 40.136761 14.827544 0.437917 -0.067852 0.043080 -18.546885 -40.477089 402.734436 -51.646210 -41.375549 400.247009 14.552439 -39.578625 405.221832
455 241 474 230 498 232 517 247 496 251 474 250 624 250 644 237 668 237 686 248 666 256 645 256 1084 203 -76.598671 46.582344 21.478533 0.445548 -0.059462 0.040596 -22.594072 -39.418896 400.992706 -55.714275 -40.289135 398.789429 10.526131 -38.548653 403.195984
465 251 483 242 504 244 521 257 502 260 483 259 625 259 643 248 664 247 681 257 663 264 643 264 89 765 121.367302 158.156693 27.971508 0.418045 -0.073098 0.040039 -22.870733 -37.769154 421.933289 -55.961956 -38.559048 419.305206 10.220490 -36.979263 424.561340
463 252 481 244 503 245 520 258 501 262 481 260 627 261 645 249 667 249 684 259 666 266 646 266 210 890 97.336090 182.797180 31.599886 0.452822 -0.076646 0.042108 -22.084517 -36.363808 412.735565 -55.164593 -37.146889 409.968811 10.995563 -35.580723 415.502289
441 252 461 241 485 243 504 258 483 263 461 262 609 261 628 246 653 245 672 257 652 266 630 266 1119 411 -83.511589 87.669571 26.454739 0.462547 -0.062870 0.033815 -28.085289 -35.543606 402.368774 -61.207027 -36.151833 400.101593 5.036450 -34.935379 404.635956
452 254 472 244 495 246 513 260 493 264 472 262 618 262 638 250 661 249 679 260 660 268 638 268 87 534 121.713547 112.507225 22.680311 0.450656 -0.085090 0.043975 -24.735464 -35.125626 406.656403 -57.790642 -35.909225 403.606659 8.319713 -34.342022 409.706146
449 240 469 231 493 233 512 248 491 251 469 249 620 251 640 238 664 239 683 250 662 257 640 257 369 78 65.540550 22.247065 14.059940 0.372348 -0.072132 0.048730 -24.271837 -38.767269 398.053802 -57.352367 -39.905697 395.419006 8.808692 -37.628838 400.688599
443 246 463 235 488 237 507 252 486 256 463 255 615 255 635 241 659 241 679 253 658 260 636 260 895 62 -39.050240 18.814863 17.050653 0.404393 -0.063726 0.035436 -26.002048 -37.131729 396.302887 -59.119827 -37.853683 394.011353 7.115729 -36.409775 398.594421
443 246 462 235 487 237 505 253 484 258 462 256 611 257 630 243 655 242 673 255 653 263 631 263 1378 116 -135.075546 29.238239 21.366518 0.415713 -0.047196 0.042811 -27.584064 -37.264393 403.596008 -60.722454 -38.323410 401.783508 5.554327 -36.205372 405.408478
445 255 465 248 485 247 504 255 484 258 464 258 606 258 626 252 647 253 666 261 646 263 626 262 1156 371 -90.877396 79.745712 25.776815 -0.678567 -0.068124 -0.005035 -32.590458 -40.526516 458.462677 -65.720757 -41.110172 456.317413 0.539843 -39.942863 460.607971
462 263 477 257 494 255 508 259 493 265 477 266 601 261 617 258 634 259 649 266 634 268 617 267 1436 758 -146.465042 156.081253 36.406540 -0.550510 -0.031152 -0.001905 -37.195324 -43.219864 520.613281 -70.384369 -43.437355 519.613525 -4.006278 -43.002373 521.612976
446 265 464 255 485 257 503 270 484 273 464 273 609 271 627 259 649 259 668 269 649 276 628 276 881 749 -36.113605 154.587814 32.659523 0.458747 -0.058479 0.028844 -29.144157 -32.122169 415.612915 -62.279636 -32.608532 413.524109 3.991321 -31.635803 417.701721
443 263 461 253 483 254 502 269 482 273 462 272 607 270 625 257 648 256 667 267 648 275 627 275 972 618 -54.236759 128.652679 30.246782 0.455266 -0.051283 0.027544 -29.604870 -32.382427 412.454437 -62.754406 -32.884392 410.606201 3.544665 -31.880468 414.302673
442 250 459 241 479 239 495 247 478 253 459 254 595 248 612 240 632 242 649 251 632 254 613 253 940 66 -47.996925 19.582226 17.429193 -0.488368 -0.068837 -0.031297 -38.958775 -46.314754 482.994446 -72.070572 -45.864197 480.552002 -5.846977 -46.765316 485.436890
446 268 463 258 484 259 502 271 483 275 464 275 609 272 627 260 648 260 666 270 647 277 628 277 259 722 87.555771 149.571640 28.073685 0.464918 -0.072163 0.027137 -29.782064 -31.779045 420.818085 -62.890007 -32.100353 418.304016 3.325878 -31.457737 423.332153
438 257 456 247 480 249 498 263 478 267 457 266 604 266 624 253 647 253 666 264 646 271 625 271 1012 352 -62.249378 76.064896 24.423819 0.408203 -0.059992 0.037617 -30.403650 -33.750908 406.977142 -63.526402 -34.563747 404.790314 2.719102 -32.938072 409.163971
444 257 462 251 481 251 498 258 479 260 462 260 586 262 603 256 622 256 639 264 622 266 604 265 593 490 21.093224 103.551903 24.903599 -0.531366 -0.134856 -0.016766 -42.441986 -42.963936 505.920898 -75.347809 -43.594879 501.519928 -9.536164 -42.332996 510.321869
441 268 458 259 479 260 497 272 479 276 459 275 601 273 620 262 642 261 660 271 641 277 621 277 764 603 -12.882411 125.795242 28.576813 0.425553 -0.047050 0.019575 -32.113831 -31.528749 420.770355 -65.276184 -31.831657 419.119263 1.048523 -31.225842 422.421417
440 275 456 267 476 268 493 278 475 281 457 281 600 278 617 268 638 267 655 275 637 281 618 281 1380 853 -135.309143 174.884033 38.219997 0.438233 -0.052741 0.009998 -33.606644 -29.526182 424.245087 -66.764389 -29.469933 422.478607 -0.448900 -29.582432 426.011597
439 266 458 256 479 255 497 263 478 270 458 272 598 265 616 257 638 259 658 270 638 274 617 272 724 650 -4.918546 135.103989 29.395546 -0.655616 -0.048985 -0.010649 -36.983547 -37.550285 470.952911 -70.148125 -37.735867 469.329285 -3.818973 -37.364704 472.576569
440 259 454 253 470 255 483 266 469 268 453 266 564 272 579 264 596 265 610 274 594 279 578 277 212 570 96.867180 119.557365 24.300529 0.488426 -0.114447 0.113890 -55.085316 -42.311428 545.664368 -87.866783 -45.020741 541.126221 -22.303848 -39.602116 550.202515
442 248 457 241 474 243 488 256 472 258 456 256 567 264 583 255 601 256 616 267 600 272 582 270 64 22 126.172768 11.336988 10.834165 0.449888 -0.109699 0.131577 -52.235546 -46.450081 537.624817 -84.962479 -49.848598 533.157410 -19.508617 -43.051563 542.092224
444 255 458 249 474 251 486 261 472 263 457 261 566 269 581 262 598 263 612 272 597 275 581 274 281 623 83.159363 129.995834 25.951876 0.481810 -0.112647 0.128231 -53.966774 -44.698917 549.508301 -86.698357 -47.892151 544.925049 -21.235193 -41.505680 554.091614
444 256 457 250 473 252 486 263 471 264 457 263 566 270 580 263 597 264 611 273 596 277 580 275 421 741 55.348728 153.243210 29.541536 0.489048 -0.112030 0.128068 -54.312809 -44.116455 550.426941 -87.047592 -47.291965 545.854248 -21.578026 -40.940945 554.999634
443 253 457 245 473 248 484 260 470 262 456 261 556 267 570 258 586 258 599 268 585 274 570 272 223 274 94.614098 61.055836 17.607010 0.261730 -0.084106 0.108354 -62.344746 -49.739834 596.069580 -95.239464 -52.922775 592.849915 -29.450033 -46.556896 599.289307
440 256 454 251 469 253 481 263 467 265 453 263 561 271 576 264 592 265 606 274 591 277 576 276 965 774 -52.810184 159.485184 33.766773 0.477979 -0.108377 0.128663 -57.026035 -44.026253 554.735229 -89.770973 -47.276196 550.289246 -24.281096 -40.776310 559.181152
438 255 452 249 468 251 480 261 466 263 451 261 558 269 573 263 589 264 603 272 588 276 572 274 920 498 -43.924053 104.964859 27.172935 0.445827 -0.104141 0.128232 -59.223537 -45.612865 563.340942 -91.983757 -48.955769 559.080383 -26.463314 -42.269962 567.601501
433 255 446 249 461 252 473 262 460 263 446 262 553 269 568 262 584 263 598 271 583 275 568 274 1426 590 -144.514099 122.886024 32.503872 0.464822 -0.113725 0.125745 -61.643448 -45.288929 559.368958 -94.380684 -48.436108 554.794189 -28.906216 -42.141754 563.943726
438 256 450 249 464 252 475 261 463 263 449 262 544 268 557 260 572 260 584 269 571 273 557 272 322 512 74.982414 108.038811 23.677099 -0.309066 -0.116847 0.061640 -71.646294 -51.245182 628.139404 -104.564064 -53.847546 624.645447 -38.728516 -48.642818 631.633301
438 257 451 250 466 252 477 264 464 266 450 264 546 270 559 262 575 262 587 271 573 276 559 275 187 646 101.854973 134.589417 25.877636 0.250079 -0.083644 0.103423 -70.057396 -49.773518 620.972900 -102.970428 -52.816940 617.805969 -37.144360 -46.730095 624.139832
434 255 447 250 462 252 474 261 461 262 447 261 551 268 565 262 580 263 593 270 579 274 565 272 1172 343 -94.064987 74.204094 25.239098 -0.422383 -0.122103 0.061461 -65.672638 -48.016373 589.337585 -98.572273 -50.833084 585.839050 -32.773003 -45.199661 592.836121
422 248 434 243 447 244 457 253 445 256 433 254 524 259 536 252 550 253 561 260 549 265 536 264 1212 573 -101.967186 119.636421 30.749916 0.020257 0.088018 0.086450 -87.659981 -58.679066 658.342712 -120.612427 -61.571716 661.228699 -54.707542 -55.786411 655.456726
426 235 438 232 451 233 461 240 449 240 437 238 527 247 540 243 553 244 564 251 552 251 540 250 95 173 120.042496 41.161861 14.482376 -0.330253 -0.094549 0.084656 -88.766556 -69.384346 687.591370 -121.706741 -72.650070 684.976318 -55.826363 -66.118622 690.206360
435 248 445 244 456 245 465 250 455 252 445 252 519 254 528 250 538 251 546 257 537 259 528 258 84 537 122.310722 113.101631 22.729721 -0.121220 -0.193364 0.046967 -113.917030 -79.402695 861.338318 -146.467438 -81.335564 855.069763 -81.366631 -77.469833 867.606873
422 250 435 244 448 246 459 253 447 255 434 254 520 258 533 253 547 254 559 261 546 263 533 262 1263 810 -112.055008 166.446442 36.490875 -0.515156 -0.121211 0.041390 -95.251717 -63.715744 713.967285 -128.190491 -66.039032 710.474670 -62.312931 -61.392456 717.459900
423 252 434 246 447 248 458 257 446 259 434 258 525 263 537 256 551 256 562 264 550 268 537 267 690 598 1.830268 124.845154 27.990379 -0.165473 -0.085316 0.066456 -86.650734 -56.498466 658.225525 -119.662010 -58.924416 655.593018 -53.639458 -54.072521 660.858093
490 329 500 323 513 323 523 329 513 333 501 333 590 329 602 323 615 323 627 329 615 333 602 333 1127 319 -85.122757 69.484306 24.403551 -0.364603 0.000836 -0.001605 -47.302605 -13.073749 682.739502 -80.507362 -13.016629 682.757019 -14.097846 -13.130868 682.721924
506 329 517 323 531 323 542 331 530 334 517 334 610 334 622 327 636 328 648 335 636 339 622 338 38 825 131.521240 170.040176 29.017107 -0.434448 -0.007017 0.040375 -34.155212 -10.793668 664.260315 -67.332588 -12.141967 664.321228 -0.977842 -9.445369 664.199341
504 322 516 316 530 317 542 326 529 329 516 328 610 329 623 321 638 322 650 329 637 334 623 333 237 62 91.783211 19.152948 12.852064 -0.388603 -0.001695 0.046195 -33.642197 -14.145240 654.012939 -66.811981 -15.651085 654.252319 -0.472412 -12.639394 653.773560
500 328 511 322 524 323 535 330 523 333 511 332 602 332 614 326 629 326 641 333 628 337 615 336 1230 589 -105.542656 122.789108 31.230377 -0.381099 -0.016179 0.030158 -39.058987 -11.949715 672.808533 -72.244591 -13.027969 672.472839 -5.873382 -10.871459 673.144287
498 327 509 321 523 321 535 329 523 332 510 332 602 331 614 324 629 325 642 332 629 336 615 335 1033 143 -66.471443 34.751274 19.782089 -0.382878 -0.008814 0.030247 -39.026051 -12.385292 666.409363 -72.214584 -13.420443 666.313782 -5.837514 -11.350142 666.505005
500 326 511 321 525 321 536 329 524 332 512 332 604 332 616 325 631 325 643 332 630 337 617 336 355 452 68.407501 96.164589 22.516645 0.286252 -0.095056 0.061842 -37.244610 -11.978563 656.281067 -70.237595 -13.551546 652.882812 -4.251624 -10.405581 659.679382
496 330 507 325 520 325 530 332 519 335 507 335 597 334 608 328 622 328 634 334 622 338 609 337 1439 818 -147.048203 167.936981 37.796707 -0.390901 -0.024654 0.018967 -43.163021 -10.786471 684.548523 -76.351974 -11.558210 683.872253 -9.974066 -10.014732 685.224792
496 329 508 323 521 324 532 331 520 334 508 334 600 334 612 327 627 327 639 334 626 338 612 338 466 510 46.349724 107.569580 24.550240 -0.433676 -0.003414 0.034508 -40.544754 -11.035699 668.139404 -73.729919 -12.169922 668.274109 -7.359591 -9.901476 668.004639
491 327 502 321 516 322 527 330 515 333 503 332 594 331 606 324 620 324 633 331 620 336 606 335 1422 39 -143.841431 13.998798 19.887796 -0.338065 -0.019352 0.021244 -44.700222 -12.522017 677.656616 -77.891457 -13.321527 677.144409 -11.508986 -11.722507 678.168823
496 326 507 320 521 320 532 328 520 331 507 331 600 331 612 324 627 324 640 332 627 336 613 335 321 145 75.099548 35.512348 15.284635 -0.405157 -0.002580 0.039319 -40.212109 -12.754673 664.301758 -73.391495 -14.041610 664.479309 -7.032719 -11.467736 664.124207
496 325 507 319 521 320 533 328 520 331 507 330 600 331 613 324 628 324 641 331 627 336 613 335 13 162 136.344528 39.030159 13.707793 -0.403843 -0.001243 0.043355 -39.911251 -12.969971 662.514343 -73.085258 -14.378521 662.760925 -6.737245 -11.561420 662.267761
499 331 509 325 522 326 533 333 522 336 510 335 597 335 609 329 622 329 634 335 622 339 609 339 198 693 99.678253 143.871964 27.021793 -0.371862 -0.014567 0.031139 -43.033302 -10.370955 696.818970 -76.218719 -11.469954 696.536499 -9.847882 -9.271958 697.101501
496 329 507 323 520 324 531 331 520 334 507 334 599 334 611 327 626 327 638 334 625 338 611 338 474 481 44.752590 101.834457 23.938625 -0.426766 -0.001072 0.035529 -41.277790 -11.066825 670.653687 -74.461945 -12.218300 670.867065 -8.093633 -9.915350 670.440308
496 334 506 328 518 329 527 335 517 338 506 338 587 336 597 330 609 329 620 335 609 340 598 340 644 572 10.970892 119.730644 27.102751 -0.057955 0.068381 0.007402 -51.296471 -9.609223 736.329956 -84.422798 -9.788927 738.604614 -18.170147 -9.429520 734.055359
489 336 499 331 511 331 520 337 510 340 499 340 582 338 592 332 605 332 616 337 605 341 593 341 1111 512 -81.898430 107.633423 28.711580 -0.071417 0.055065 0.003722 -54.371529 -8.258598 724.171326 -87.525803 -8.316784 726.001709 -21.217253 -8.200412 722.340942
490 337 500 332 511 332 521 338 511 341 500 341 584 339 594 333 607 333 618 338 607 342 595 342 1335 773 -126.379372 159.097458 36.104832 -0.141821 -0.010383 0.005773 -53.539547 -7.511383 726.962524 -86.742020 -7.726848 726.632446 -20.337074 -7.295918 727.292542
491 335 501 330 513 330 523 337 513 339 501 339 587 338 598 332 611 332 622 337 611 341 599 341 668 597 6.204416 124.658836 27.827150 -0.262111 -0.025065 0.008275 -50.441128 -8.369762 709.769348 -83.634445 -8.749817 708.982483 -17.247816 -7.989708 710.556213
489 334 500 329 513 329 524 336 512 339 500 338 589 337 601 331 615 331 627 337 615 341 602 341 798 586 -19.646587 122.418213 28.405306 -0.350665 -0.016030 0.017699 -47.920433 -8.566241 687.632202 -81.115875 -9.234276 687.212769 -14.724991 -7.898208 688.051575
492 327 503 322 517 323 528 330 516 333 503 333 595 333 607 326 622 326 635 333 622 338 608 337 633 323 13.102644 70.528610 21.342821 -0.378552 -0.002052 0.037702 -43.631889 -11.664852 670.853943 -76.813316 -12.899503 671.021545 -10.450460 -10.430202 670.686340
489 328 500 323 514 323 525 331 513 334 500 333 591 333 604 327 619 327 632 333 619 338 605 337 1062 214 -72.221855 48.767479 21.589510 -0.368780 -0.009714 0.033365 -45.649105 -11.369366 673.226379 -78.834099 -12.510881 673.113098 -12.464114 -10.227850 673.339661
439 46 451 37 467 37 480 48 466 53 452 53 550 46 561 34 578 33 590 42 578 49 563 50 706 133 -1.454612 32.943077 17.467052 0.337798 -0.458543 -0.067984 -62.941891 -167.474182 582.163147 -92.675858 -162.836639 568.129517 -33.207928 -172.111740 596.196838
453 43 463 37 475 38 485 46 474 47 463 47 546 47 556 40 567 39 577 45 567 48 556 49 657 83 8.277174 23.087194 16.011873 0.745649 -0.173381 0.029822 -79.239365 -210.321976 729.287170 -111.954979 -209.174713 723.725525 -46.523754 -211.469223 734.848877
443 51 455 44 470 45 481 55 468 59 455 58 550 54 561 43 575 42 586 49 575 57 562 58 983 688 -56.408360 142.480515 31.916496 0.344781 -0.567870 -0.062343 -63.789101 -166.784012 593.360901 -91.773590 -161.732391 576.217102 -35.804615 -171.835617 610.504700
454 50 464 43 476 43 486 49 476 53 465 54 547 49 556 43 568 43 578 50 568 54 557 54 59 733 127.325226 151.848236 27.048872 -0.002623 -0.096217 -0.031409 -84.669868 -223.552536 786.568542 -117.704750 -222.515594 783.377747 -51.634987 -224.589478 789.759338
451 47 461 40 474 41 484 50 473 53 462 52 549 49 558 39 570 38 580 45 571 50 559 51 976 193 -55.126713 44.661621 20.560900 -0.082337 -0.028738 -0.033454 -77.319580 -204.784637 715.792480 -110.492119 -203.714661 714.793945 -44.147034 -205.854599 716.791016
428 61 442 53 458 54 472 62 458 66 443 66 557 61 572 53 590 52 605 59 590 64 573 65 592 863 21.375097 177.265121 33.420403 -0.290094 -0.026638 -0.031569 -57.765953 -146.210556 534.377380 -90.942642 -145.304626 533.354492 -24.589264 -147.116501 535.400269
434 56 446 47 462 48 474 58 461 61 447 61 545 58 557 49 573 48 585 57 572 62 558 62 1014 845 -62.537296 173.491119 35.701809 0.647589 -0.170283 0.014461 -70.921143 -172.591736 622.744019 -103.658928 -171.273438 617.353394 -38.183353 -173.910049 628.134644
427 50 439 42 455 43 467 53 454 57 440 56 540 53 552 43 568 42 580 49 568 56 553 56 823 236 -24.695381 53.237946 20.567198 0.154480 0.140702 0.016293 -71.445572 -167.353973 592.970825 -104.318512 -168.250565 597.567017 -38.572628 -166.457382 588.374573
428 54 440 45 456 46 468 56 455 61 440 60 539 56 551 46 567 45 580 53 567 60 553 60 780 747 -16.031713 154.244476 31.969358 0.158102 0.138034 0.014091 -72.663757 -168.148590 602.989380 -105.550117 -168.974030 607.502197 -39.777393 -167.323151 598.476562
433 55 444 48 457 48 468 57 456 60 444 60 536 56 547 47 560 47 572 54 560 59 548 60 94 232 120.254471 52.822025 15.824167 0.300625 -0.554145 -0.062356 -71.997498 -166.959991 600.476685 -100.209923 -162.350693 583.583740 -43.785065 -171.569275 617.369690
424 54 436 46 452 46 465 56 451 60 437 60 539 56 551 46 567 45 580 54 567 59 553 60 1286 57 -116.795853 17.625858 19.431309 0.178882 0.076972 0.006522 -72.744469 -166.434967 596.729614 -105.850525 -166.878052 599.250000 -39.638412 -165.991882 594.209229
426 57 439 49 454 49 467 59 453 63 439 63 541 59 553 49 569 48 581 56 569 62 554 62 1354 846 -130.140991 173.514053 37.894146 0.123728 0.030083 -0.004404 -72.152199 -166.369598 601.600037 -105.341690 -166.285477 602.605225 -38.962715 -166.453720 600.594788
