581 339 598 327 620 327 636 341 618 346 598 346 729 342 746 328 768 327 786 340 768 347 748 347 357 76 93.916908 19.199152 16.852468 -0.198514 -0.010178 -0.000168 12.673697 -8.069009 425.716644 -20.529402 -8.096915 425.380341 45.876797 -8.041102 426.052948
579 348 596 338 616 338 633 349 615 354 596 354 726 349 743 339 764 338 781 348 763 354 744 354 865 768 -6.451224 155.763000 18.985466 -0.180165 -0.018532 -0.002930 11.634808 -4.853624 438.445801 -21.564177 -4.812150 437.825073 44.833794 -4.895098 439.066528
589 348 606 337 627 338 644 350 626 355 607 355 739 351 756 339 777 338 795 349 777 356 757 356 71 600 150.333557 122.666725 18.910240 -0.287551 0.001845 0.004087 16.417294 -4.295500 425.982697 -16.787188 -4.420606 426.062469 49.621777 -4.170395 425.902893
585 346 602 334 624 334 641 348 623 353 603 353 735 348 752 334 774 333 792 345 774 353 754 353 403 176 84.824783 38.936180 17.178795 -0.217115 -0.021196 -0.006026 14.959200 -5.355812 420.757019 -18.237583 -5.233391 420.037170 48.155983 -5.478234 421.476868
564 349 581 338 602 338 620 351 601 356 582 356 711 351 729 338 751 338 769 349 751 356 731 356 1300 360 -92.298012 75.182121 17.243114 -0.115962 -0.027913 -0.006903 5.438920 -3.842673 426.551483 -27.752184 -3.667695 425.613556 38.630024 -4.017651 427.489410
560 354 576 345 597 345 613 357 596 361 577 361 706 358 723 347 745 346 762 356 744 363 725 362 1242 766 -80.886337 155.335617 18.729530 -0.144491 0.024297 0.006239 2.858366 -1.327963 434.105835 -30.336020 -1.476216 434.924683 36.052750 -1.179709 433.287018
555 351 572 340 593 340 610 353 592 358 572 358 702 353 719 341 741 340 760 351 741 358 721 358 1557 418 -143.046082 86.609703 17.280384 -0.100525 0.062200 -0.006851 1.124580 -3.002894 426.193298 -32.015297 -2.672251 428.242401 34.264458 -3.333537 424.144226
589 359 607 350 628 351 645 364 627 369 607 368 740 366 757 354 779 353 796 363 778 371 758 371 77 876 149.121780 177.151382 19.890730 -0.259162 0.002400 0.017544 16.628317 1.597142 420.219269 -16.571320 1.031387 420.373138 49.827953 2.162896 420.065430
597 358 614 347 637 348 654 361 635 366 615 366 749 359 766 346 787 344 805 354 787 363 768 364 171 495 130.599762 101.930031 18.469727 -0.361682 -0.033547 -0.020507 20.004087 -0.490386 411.779297 -13.175342 -0.023619 410.568024 53.183517 -0.957154 412.990570
593 362 611 352 632 352 650 364 632 369 612 369 746 363 763 350 784 349 802 358 785 366 765 367 476 785 70.351707 159.152588 19.302826 -0.432795 -0.022478 -0.023872 18.597626 1.053858 411.234100 -14.589615 1.662881 410.342072 51.784866 0.444835 412.126129
587 364 605 353 627 354 645 366 626 371 606 371 740 364 757 351 778 349 795 358 778 367 759 368 774 647 11.527816 131.884262 18.613935 -0.398468 -0.054788 -0.033585 16.169338 1.595354 411.854980 -16.967838 2.322949 409.865540 49.306515 0.867758 413.844391
591 367 609 357 630 357 647 369 629 373 610 374 743 367 760 355 780 353 797 362 780 369 761 370 555 931 54.739506 187.967636 19.771448 -0.422290 -0.034005 -0.027299 17.447807 2.895329 415.286682 -15.725905 3.539937 414.002625 50.621521 2.250721 416.570740
587 364 605 353 627 353 645 366 626 372 606 372 741 364 757 350 779 348 796 358 779 367 759 368 703 494 25.561178 101.686653 18.115065 -0.361482 -0.057252 -0.035035 16.181129 1.637684 408.711212 -16.949726 2.435236 406.644836 49.311985 0.840133 410.777618
589 370 606 360 627 360 645 371 627 376 607 376 742 369 758 357 779 355 796 364 779 372 760 373 588 1004 48.216770 202.375717 20.010050 -0.419619 -0.038049 -0.031362 16.587952 3.845759 412.868927 -16.577093 4.595269 411.427521 49.752995 3.096249 414.310364
600 353 619 341 641 342 660 355 640 360 619 361 755 355 772 341 794 340 812 351 794 359 774 359 297 68 105.764160 17.625055 16.863531 -0.237182 -0.090104 -0.015140 22.062771 -2.346302 404.489136 -11.004189 -2.201873 401.470032 55.129730 -2.490731 407.508209
541 352 557 341 576 342 592 355 575 360 557 359 680 359 698 347 720 347 739 359 720 365 699 364 1353 352 -102.761604 73.598267 17.179604 -0.069557 0.340700 0.031323 -7.642866 -1.226963 415.311554 -38.923901 -1.856558 426.431793 23.638170 -0.597368 404.191284
541 350 557 339 577 340 592 353 575 357 557 357 680 356 698 344 720 344 739 356 720 362 700 361 1440 30 -119.907326 10.024714 15.973663 -0.055222 0.378864 0.024426 -7.575616 -2.233093 409.163361 -38.416653 -2.681301 421.459229 23.265423 -1.784885 396.867462
554 352 571 340 592 341 610 355 591 360 571 360 702 356 720 343 743 342 762 354 743 361 722 361 1224 157 -77.272522 35.114452 16.569202 -0.047970 0.224537 0.002362 0.668470 -1.986507 410.764801 -31.702877 -1.886219 418.157043 33.039818 -2.086796 403.372528
553 354 570 342 592 343 609 357 591 362 571 362 702 358 720 345 743 344 762 356 743 364 722 364 1138 212 -60.297993 45.979435 16.822134 -0.054031 0.215288 0.006136 0.560394 -1.156037 411.999878 -31.877449 -1.165765 419.095337 32.998238 -1.146309 404.904388
564 355 581 345 604 346 621 360 602 365 582 364 715 363 734 350 757 350 776 361 756 369 735 368 515 482 62.681293 99.333977 18.196333 -0.065993 0.136645 0.027200 5.904481 0.246838 413.809692 -26.978691 -0.503330 418.358734 38.787655 0.997005 409.260651
543 396 556 387 572 388 584 398 570 402 556 402 657 400 670 390 687 390 700 400 686 405 671 404 1533 33 -138.269638 10.608910 15.922988 -0.103349 0.158077 0.014059 -18.670439 21.606091 546.830994 -51.458355 21.412477 552.072571 14.117476 21.799702 541.589355
567 404 582 396 599 396 612 407 597 411 581 410 685 410 699 401 715 402 728 412 714 417 699 416 579 243 50.068558 52.147446 17.301620 -0.134902 -0.205186 0.048293 -2.867947 26.697016 539.454041 -35.338902 24.652987 532.819336 29.603008 28.741045 546.088684
562 410 575 403 591 404 604 413 590 416 575 416 679 417 692 410 707 411 720 420 706 423 692 422 1136 1029 -59.983433 207.263611 19.737566 -0.257095 -0.100031 0.052017 -7.086991 31.174629 554.843811 -40.082138 29.045839 551.786316 25.908155 33.303417 557.901245
544 404 558 395 575 396 588 406 573 410 558 410 661 409 675 400 692 400 705 410 691 415 676 414 1458 90 -123.467163 21.867762 16.175795 -0.152603 -0.213533 0.036168 -15.551847 26.147078 536.127808 -47.982479 24.422291 529.211243 16.878786 27.871864 543.044373
556 402 570 393 587 395 600 405 585 409 570 408 673 410 687 401 704 402 717 412 702 417 687 416 37 360 157.070145 75.291252 18.076637 -0.169542 -0.063904 0.063094 -9.725821 26.564241 544.327026 -42.797153 24.302708 542.395203 23.345510 28.825775 546.258911
545 413 559 405 575 406 588 416 574 419 558 419 662 419 676 411 693 411 706 420 692 425 677 424 1059 844 -44.762276 170.749405 19.128515 -0.188633 -0.098077 0.039456 -15.639689 31.933649 543.737732 -48.659676 30.327734 540.629517 17.380299 33.539562 546.845947
548 405 562 397 579 398 592 408 577 412 562 411 667 412 681 402 698 403 712 412 697 417 681 416 767 0 12.973512 4.160563 16.310806 -0.193799 -0.035148 0.036267 -13.033549 27.071367 531.075012 -46.196156 25.762463 530.031982 20.129059 28.380270 532.117981
550 410 563 402 579 403 592 413 578 417 563 416 668 417 682 408 699 409 713 418 698 423 683 422 168 749 131.167114 152.072433 19.377686 -0.277664 -0.022299 0.042408 -12.587924 29.914202 535.582642 -45.754875 28.422497 535.046143 20.579027 31.405905 536.119080
546 409 560 401 577 401 590 412 575 416 560 415 663 416 677 406 694 407 708 417 693 422 678 421 822 352 2.079643 73.644142 17.530039 -0.136027 -0.185315 0.049134 -14.581040 29.544954 537.450134 -47.178421 27.511868 531.463745 18.016340 31.578039 543.436523
544 412 558 404 575 405 589 415 574 419 558 418 662 419 676 409 693 410 707 419 692 424 677 423 1140 543 -60.725418 111.321983 18.001440 -0.167033 -0.130068 0.041307 -15.313293 31.182913 538.968445 -48.210098 29.462614 534.797058 17.583513 32.903210 543.139832
541 410 555 402 572 403 585 413 570 417 555 416 659 416 673 407 690 408 703 417 689 422 673 421 828 544 0.876120 111.546356 18.210913 -0.159475 -0.118814 0.040324 -17.328089 30.048443 540.765015 -50.272427 28.405153 536.953247 15.616249 31.691730 544.576782
540 407 554 398 571 399 585 410 570 414 554 413 658 413 672 403 689 403 703 413 688 418 673 417 1073 76 -47.450947 19.137287 16.379942 -0.131535 -0.231050 0.039844 -17.209539 27.678474 530.367249 -49.507172 25.869810 522.873840 15.088093 29.487141 537.860657
558 410 572 403 588 404 601 413 587 416 571 416 677 418 690 410 707 411 719 420 706 424 691 423 467 1004 72.107147 202.386169 20.089903 -0.344566 -0.081616 0.052087 -8.208602 30.586893 541.685059 -41.259434 28.432095 539.327271 24.842228 32.741692 544.042786
540 402 554 393 572 394 585 405 570 409 554 408 659 407 673 398 690 398 703 408 689 413 674 412 847 70 -2.828661 17.972353 16.507690 -0.159076 -0.165560 0.030787 -17.038361 25.061979 533.484924 -49.774464 23.613518 528.117554 15.697743 26.510441 538.852356
551 408 565 401 582 402 595 412 580 415 565 415 669 417 683 409 699 410 712 419 698 423 683 422 615 910 42.895100 183.816833 19.656946 -0.173132 -0.091446 0.059642 -12.257787 30.212589 546.445251 -45.265396 27.984043 543.600769 20.749823 32.441135 549.289673
549 409 563 401 580 403 593 413 578 416 562 415 667 417 681 409 698 410 710 419 696 423 681 422 79 879 148.726593 177.743439 19.900110 -0.168892 -0.059601 0.060847 -13.381448 30.338060 544.710327 -46.466175 28.163057 542.913147 19.703279 32.513065 546.507446
549 408 564 400 581 401 594 411 579 415 563 414 668 416 682 407 699 408 712 418 698 422 682 421 346 486 96.048454 100.138222 18.322134 -0.149506 -0.113192 0.061735 -12.473500 29.438679 538.875732 -45.403214 27.122015 535.294312 20.456215 31.755342 542.457153
537 410 550 402 567 403 580 412 566 416 550 416 654 415 668 406 684 406 698 415 684 420 668 419 1605 580 -152.539185 118.585983 17.826534 -0.193904 -0.130731 0.022794 -20.092773 29.569084 542.571167 -53.006557 28.400217 538.343140 12.821010 30.737951 546.799194
544 404 558 395 576 396 589 407 574 411 558 410 663 410 676 400 694 401 707 411 693 416 677 415 980 34 -29.084793 10.854100 16.291510 -0.134980 -0.210064 0.042161 -14.866907 26.253899 531.390503 -47.313660 24.400623 524.583618 17.579845 28.107174 538.197327
536 411 550 402 567 402 580 412 565 416 550 416 656 414 670 405 687 405 702 414 687 419 671 419 1133 401 -59.329369 83.290367 17.499567 -0.251332 -0.068108 0.011030 -18.796772 28.491430 525.402954 -51.922997 27.846722 523.212708 14.329454 29.136137 527.593201
630 493 643 484 660 484 674 494 659 499 643 498 751 497 764 488 782 488 795 497 781 502 765 502 1050 640 -42.965252 130.478531 18.406820 -0.314289 0.069083 0.031713 31.454786 73.304672 531.771057 -1.654929 72.627258 534.189209 64.564499 73.982094 529.352905
632 499 646 491 662 492 676 501 661 505 646 505 754 503 767 495 784 495 797 503 783 508 768 508 738 995 18.601484 200.586060 19.878954 -0.378524 0.066385 0.031023 32.889400 76.899323 533.027710 -0.227367 76.306595 535.370361 66.006172 77.492050 530.685059
619 487 632 478 649 478 663 488 648 493 633 493 739 490 753 480 771 480 785 490 770 495 754 495 1377 130 -107.478363 29.771162 16.371925 -0.261824 0.136056 0.012866 25.102194 69.114342 524.844238 -7.794789 69.280434 529.352051 57.999176 68.948242 520.336365
622 492 636 483 652 484 665 493 651 497 636 497 742 495 756 486 772 487 786 496 772 501 756 500 1512 741 -134.192993 150.377029 18.462172 -0.349277 0.063283 0.024909 27.214531 73.404099 537.249573 -5.914300 72.957443 539.449707 60.343361 73.850746 535.049377
619 490 632 481 649 481 663 491 648 496 633 496 739 493 753 483 771 483 785 493 770 498 754 498 1296 193 -91.491829 42.214993 16.650091 -0.274819 0.095749 0.015577 25.241627 70.838287 526.682800 -7.808052 70.762131 529.887878 58.291306 70.914444 523.477661
625 489 639 480 656 480 669 491 655 495 639 495 746 494 760 484 778 484 792 494 777 500 761 499 516 23 62.528976 8.722681 16.558493 -0.262068 0.155701 0.028970 28.362610 70.453873 521.674561 -4.429022 70.179054 526.889282 61.154243 70.728699 516.459900
625 490 639 481 657 481 670 492 655 496 639 496 747 495 761 485 779 486 793 496 778 501 762 500 352 61 94.905586 16.238434 16.802265 -0.269677 0.152041 0.033345 28.639290 70.891243 520.727173 -4.166513 70.477074 525.842590 61.445091 71.305412 515.611755
627 498 641 490 658 490 671 500 656 504 641 504 748 503 762 495 780 495 793 504 779 509 763 508 700 887 26.114864 179.269058 19.518814 -0.360169 0.082079 0.043829 30.021551 76.427040 530.070068 -3.041170 75.490196 532.992126 63.084274 77.363876 527.148010
636 498 650 491 667 492 680 502 665 506 649 505 758 507 772 498 789 499 803 508 788 513 773 512 280 746 109.054008 151.470535 19.293070 -0.288173 0.104707 0.059290 34.412586 76.652687 522.237793 1.446211 75.212715 525.939697 67.378967 78.092651 518.535889
633 499 648 491 665 492 678 503 663 506 647 506 756 507 770 498 788 499 802 508 787 513 771 513 470 584 71.556114 119.473686 18.589849 -0.278830 0.085251 0.057953 33.293743 76.585800 519.482300 0.264057 75.081451 522.537842 66.323433 78.090157 516.426758
635 498 649 490 667 491 680 502 665 506 649 505 758 507 772 497 790 498 804 508 789 513 773 512 577 454 50.442696 93.801140 18.055546 -0.264853 0.070588 0.059024 34.212017 76.060463 517.387085 1.146851 74.434525 519.958191 67.277184 77.686401 514.815979
629 502 643 494 660 495 673 505 659 509 643 508 752 509 766 500 783 501 797 510 782 515 766 514 1551 751 -141.894180 152.347763 18.472101 -0.281350 0.018070 0.047210 31.242970 77.968254 520.749207 -1.919707 76.505745 521.560120 64.405647 79.430763 519.938293
639 502 654 494 671 496 684 507 669 510 653 509 762 512 777 503 794 504 807 514 793 519 777 517 210 766 122.872917 155.424774 19.410603 -0.264787 0.081590 0.073735 36.435223 78.731705 519.114563 3.429826 76.672966 522.108765 69.440620 80.790436 516.120422
629 497 643 488 661 489 675 501 659 505 643 504 753 504 767 494 785 494 799 504 784 510 768 509 1396 23 -111.219223 8.646646 15.977734 -0.222700 0.159151 0.030947 30.700027 73.682793 507.315002 -2.071117 73.252884 512.646729 63.471172 74.112701 501.983337
633 497 648 488 666 490 679 501 664 505 648 504 757 506 772 496 790 496 804 506 789 512 772 511 642 46 37.649132 13.252226 16.557377 -0.243738 0.090068 0.053881 33.205681 74.501404 509.083008 0.182678 73.095558 512.255432 66.228683 75.907242 505.910522
636 502 651 495 668 496 681 507 666 510 650 509 760 512 774 503 792 503 805 513 790 518 774 517 301 896 104.892998 181.080231 19.814238 -0.265094 0.079409 0.063823 35.021664 78.656410 518.864258 1.988014 76.912697 521.744690 68.055313 80.400131 515.983765
637 496 652 488 670 490 683 501 668 505 651 504 761 506 775 496 793 497 807 507 792 513 776 512 202 52 124.522644 14.474703 16.869158 -0.240605 0.219546 0.050368 34.621254 74.006912 505.900055 2.251204 73.233665 513.258118 66.991302 74.780159 498.541962
629 499 644 490 662 491 675 502 660 506 644 505 753 506 768 496 786 496 800 506 785 512 769 511 1345 109 -101.158180 25.628317 16.318140 -0.213617 -0.110729 0.056277 31.415964 73.956306 504.527893 -1.534004 71.715874 501.087006 64.365936 76.196739 507.968750
633 501 647 492 665 493 679 505 663 509 647 508 757 509 772 499 790 500 803 510 788 515 772 514 467 436 72.162987 90.257263 18.063936 -0.223621 0.016349 0.058421 33.188374 76.252571 510.218506 0.044391 74.390434 510.972443 66.332359 78.114708 509.464539
628 493 643 485 660 485 674 497 659 501 643 500 751 500 766 490 784 490 798 500 783 506 766 505 995 143 -32.057125 32.370499 16.670397 -0.274776 0.042187 0.042855 30.976999 72.772690 517.603760 -2.168170 71.559570 519.180359 64.122169 73.985809 516.027100
582 418 592 412 604 411 614 416 604 420 593 421 668 412 676 405 688 404 698 409 688 413 678 414 609 491 44.120941 101.102547 18.166399 -0.328801 -0.056743 -0.089628 -10.402762 41.416958 755.335510 -43.422600 44.027489 753.004211 22.617077 38.806427 757.666809
599 410 610 404 622 404 632 410 621 414 610 414 685 410 694 403 705 403 714 409 705 413 695 413 107 57 143.279068 15.469962 16.949686 -0.223381 -0.176320 -0.017532 2.940964 38.375389 752.007507 -29.746120 38.300182 746.167236 35.628048 38.450600 757.847717
601 414 611 408 623 408 633 414 623 417 612 417 687 413 696 407 707 407 716 413 707 416 697 416 97 316 145.228012 66.600029 17.880098 -0.240830 -0.136775 -0.013410 4.334085 41.225651 756.092773 -28.559158 41.121864 751.555847 37.227329 41.329433 760.629639
596 420 606 414 618 413 628 419 618 423 607 423 683 418 692 412 703 411 712 416 703 420 693 421 863 678 -6.047493 137.996277 18.665771 -0.269656 -0.101826 -0.030714 0.882055 44.768669 752.679688 -32.136265 45.321613 749.209167 33.900375 44.215725 756.150146
597 421 607 415 619 415 629 421 619 424 607 425 683 419 692 413 704 412 713 417 704 421 693 422 625 698 40.941532 141.965042 18.894176 -0.266106 -0.099004 -0.035594 1.333434 45.844681 753.441650 -31.688860 46.576099 750.042664 34.355728 45.113262 756.840576
595 421 605 415 618 414 628 421 617 424 606 424 682 418 691 412 702 411 711 417 702 421 692 421 552 554 55.368893 113.544304 18.428728 -0.263308 -0.101752 -0.042074 0.164911 45.269386 750.743835 -32.839981 46.205769 747.228149 33.169804 44.333008 754.259460
596 422 607 415 619 415 629 421 618 424 607 425 683 419 692 412 703 412 712 417 703 421 693 422 814 621 3.632726 126.748138 18.494799 -0.249443 -0.114021 -0.040110 1.046058 45.737019 750.740601 -31.917751 46.582695 746.837769 34.009869 44.891342 754.643372
600 420 610 414 622 414 632 420 622 423 610 424 687 418 696 412 707 411 716 417 707 421 696 421 434 2 78.721214 4.584156 16.537706 -0.180937 -0.166105 -0.027755 3.827095 44.506241 741.362854 -28.909246 44.922031 735.820435 36.563435 44.090446 746.905334
598 420 608 414 620 414 630 420 620 424 608 424 685 419 694 412 705 411 714 417 705 421 695 422 712 114 23.821568 26.670059 16.753725 -0.206318 -0.141499 -0.031415 2.288445 44.799145 742.097290 -30.569416 45.349125 737.341431 35.146305 44.249165 746.853149
599 421 609 415 621 414 631 420 621 424 609 424 686 419 695 412 706 412 715 417 706 421 695 422 746 600 17.060789 122.608398 18.464771 -0.290147 -0.090200 -0.034482 2.947493 45.426258 750.807495 -30.103704 46.122353 747.694092 35.998692 44.730164 753.920898
595 423 605 417 617 416 627 422 616 426 605 426 681 419 690 412 701 412 710 417 701 421 691 422 1650 893 -161.454803 180.371429 18.913258 -0.213612 -0.160219 -0.058674 -0.263506 46.294136 753.015015 -32.987980 47.653534 747.554138 32.460968 44.934742 758.475830
605 423 615 417 627 417 636 423 626 426 615 426 691 422 699 416 710 415 719 421 710 424 700 424 15 833 161.367355 168.668106 19.778273 -0.257771 -0.102234 -0.022685 6.811064 48.056286 759.828918 -26.212852 48.365162 756.381409 39.834980 47.747410 763.276367
602 421 612 416 624 415 634 421 623 424 612 425 688 420 697 413 708 413 717 418 708 422 697 422 38 585 156.850586 119.708427 18.878517 -0.289280 -0.087510 -0.031906 4.768441 46.458694 757.808899 -28.293436 47.084824 754.795593 37.830318 45.832565 760.822205
599 421 609 414 621 414 631 420 621 424 609 424 685 418 694 411 706 411 715 416 706 420 695 421 972 109 -27.512638 25.660545 16.564302 -0.253551 -0.116399 -0.040853 2.852026 44.818333 747.817200 -30.101809 45.670181 743.832397 35.805862 43.966484 751.802002
600 421 610 415 622 414 632 420 622 424 610 424 687 418 696 412 707 411 716 416 707 421 696 421 1415 341 -115.001869 71.421394 17.099451 -0.329532 -0.080823 -0.042813 3.717524 45.046589 748.169250 -29.349752 46.002750 745.305603 36.784801 44.090431 751.032959
598 420 608 414 620 414 631 420 620 423 609 424 685 418 693 411 705 410 714 416 705 420 694 420 1265 278 -85.379509 58.997524 16.973732 -0.378955 -0.065730 -0.046239 2.206007 44.611660 749.764832 -30.892916 45.700497 747.349182 35.304932 43.522823 752.180481
605 418 615 412 627 412 637 418 627 421 615 422 691 417 700 411 711 410 720 416 711 420 701 420 801 208 6.240064 45.218914 17.030272 -0.346382 -0.076509 -0.024926 7.167567 44.087704 752.709290 -25.930876 44.462681 750.080139 40.266010 43.712727 755.338379
600 416 610 409 622 409 632 415 622 418 611 419 685 413 694 407 705 406 714 412 705 415 695 416 144 181 135.961548 39.945610 17.367558 -0.342601 -0.084842 -0.041312 3.106026 41.844093 762.180603 -29.952496 42.709641 759.189819 36.164547 40.978542 765.171326
594 415 604 408 616 407 626 413 616 417 605 418 680 410 688 404 699 403 708 408 700 413 689 413 1203 143 -73.124886 32.352528 16.533125 -0.343387 -0.101514 -0.062512 -1.358416 40.024872 759.247559 -34.329849 41.482777 755.598083 31.613016 38.566967 762.897095
596 415 606 409 618 408 628 413 617 417 606 418 681 410 689 404 700 404 709 409 700 413 690 413 593 703 47.259155 142.954849 18.933130 -0.420751 -0.072481 -0.062561 -0.390519 40.565765 767.243347 -33.445480 42.080727 764.480347 32.664440 39.050804 770.006348
604 384 619 371 638 369 655 378 639 385 621 388 740 368 754 356 772 353 788 362 774 370 756 372 140 146 136.754761 33.036606 17.245358 -0.163957 -0.068952 -0.117792 20.738939 6.390490 471.692871 -12.157754 10.085151 469.101227 53.635635 2.695827 474.284515
603 391 618 379 637 376 655 384 638 392 620 394 740 374 754 361 772 359 788 366 774 374 756 376 478 428 69.991920 88.677032 18.028143 -0.177195 -0.067849 -0.131417 20.511129 9.081984 470.081696 -12.332136 13.208289 467.463837 53.354397 4.955677 472.699524
603 399 617 390 635 387 651 392 636 399 619 401 738 381 752 371 768 369 784 374 770 381 754 383 951 1011 -23.455051 203.726212 19.795454 -0.277512 -0.029303 -0.136889 19.566385 13.173199 478.198914 -13.315680 17.511797 476.615875 52.448448 8.834601 479.781952
602 389 617 377 638 374 655 383 638 391 620 394 740 373 754 360 773 357 789 365 774 374 757 376 598 41 46.337032 12.268977 16.568581 -0.005905 0.278078 -0.144818 19.198193 8.709486 454.710236 -12.387939 13.466749 463.779114 50.784325 3.952222 445.641388
605 397 620 387 638 385 655 391 639 398 622 400 742 382 756 372 774 369 789 375 775 383 758 384 596 908 46.646679 183.423660 19.662352 -0.222003 -0.027234 -0.115136 21.222944 12.923054 473.879578 -11.750690 16.606079 472.562653 54.196579 9.240028 475.196503
579 393 593 381 612 377 628 385 613 393 596 396 711 371 725 359 744 355 761 362 746 371 728 373 1195 366 -71.567276 76.375656 17.333811 -0.158548 0.042245 -0.166756 7.765591 8.845170 480.455994 -24.950159 14.442582 481.409027 40.481342 3.247757 479.502930
616 404 631 395 649 393 665 399 649 405 632 407 753 392 767 382 784 380 799 386 785 392 768 394 649 1016 36.171680 204.739365 20.012594 -0.225573 -0.013192 -0.094295 26.210655 17.112843 474.326935 -6.844397 20.163544 473.541870 59.265709 14.062140 475.112000
600 398 615 387 635 384 652 392 635 400 617 402 737 382 751 370 770 367 786 374 771 382 754 384 537 516 58.334244 106.044014 18.303087 -0.165697 -0.033448 -0.128052 19.123686 12.880645 468.874176 -13.791406 17.009121 467.420898 52.038776 8.752169 470.327454
561 411 573 399 590 395 607 402 592 410 576 413 687 386 701 373 720 369 738 374 723 384 705 387 1596 618 -150.765945 126.088341 17.968014 -0.115574 0.221819 -0.201882 -3.195745 16.435368 472.699341 -34.919815 23.445978 479.554565 28.528326 9.424758 465.844086
602 394 618 382 638 380 655 389 638 396 620 398 740 379 754 367 773 364 790 371 775 380 757 382 678 294 30.516870 62.206806 17.418196 -0.296674 -0.017497 -0.119131 20.510630 11.205077 469.119049 -12.455524 15.008119 467.966156 53.476784 7.402035 470.271912
602 380 618 370 639 370 655 381 637 386 619 386 741 381 758 370 778 370 794 380 777 387 759 386 857 275 -4.823226 58.440548 17.232292 -0.167136 0.019044 0.003892 20.648180 9.825315 460.673920 -12.550375 9.749409 461.314056 53.846737 9.901223 460.033783
608 382 625 372 646 372 662 383 645 389 626 389 749 382 765 370 785 369 801 379 785 386 766 387 454 16 74.771019 7.346168 16.574442 -0.121451 -0.062902 -0.012343 23.752148 10.295226 452.578857 -9.384554 10.577167 450.471924 56.888847 10.013287 454.685791
595 393 610 383 630 382 646 392 629 398 611 398 733 389 749 378 769 377 785 386 769 393 750 393 1239 624 -80.280052 127.303642 18.225019 -0.160041 0.020531 -0.035234 16.786604 14.354161 461.430176 -16.390663 15.573232 462.015381 49.963871 13.135092 460.844971
622 386 638 374 657 372 675 381 658 388 640 390 758 372 771 360 788 358 803 366 789 374 773 375 79 20 148.811050 8.168210 16.836193 -0.188621 -0.268196 -0.115258 28.699976 7.708802 455.611420 -3.104274 10.627878 446.526886 60.504223 4.789724 464.695923
585 379 600 368 619 366 636 376 619 383 601 384 721 370 736 357 756 355 774 364 757 372 739 373 1161 150 -64.833046 33.738026 16.585812 -0.128578 0.144299 -0.074834 11.361437 6.189123 461.068542 -21.406269 8.963141 465.666565 44.129143 3.415104 456.470520
581 394 596 383 615 381 632 390 616 397 598 399 717 383 732 370 752 368 770 376 753 384 735 386 1413 602 -114.632652 122.945587 18.031715 -0.157675 0.074453 -0.092787 9.856888 12.500693 463.993439 -23.113720 15.755957 466.207489 42.827496 9.245430 461.779419
613 390 629 379 649 377 666 386 650 393 631 395 754 378 768 365 787 363 803 371 788 379 770 381 394 222 86.597229 48.017822 17.348808 -0.153527 -0.092933 -0.097752 25.885515 10.116348 456.546173 -7.018314 13.103593 453.233490 58.789345 7.129105 459.858887
615 397 631 386 650 384 667 392 650 399 632 401 755 384 769 373 787 371 803 378 788 386 771 387 279 722 109.253807 146.732773 19.208126 -0.190051 -0.041249 -0.094741 26.551266 13.412910 464.049469 -6.476968 16.404634 462.392670 59.579498 10.421186 465.706268
591 400 607 389 626 388 643 399 626 405 608 406 730 394 745 381 766 379 784 388 767 396 748 397 1311 480 -94.481659 98.870377 17.663877 -0.120385 0.157376 -0.066961 14.898488 16.619429 451.724091 -17.822456 19.140070 456.778381 47.619431 14.098786 446.669830
591 404 606 393 626 392 642 402 626 408 608 409 729 397 745 385 765 383 783 391 766 399 747 400 1657 774 -162.825195 156.879028 18.484184 -0.151571 0.087914 -0.068959 14.998942 18.191313 454.931976 -17.999214 20.688150 457.660919 47.997101 15.694473 452.203064
523 476 542 465 565 464 585 473 565 479 543 480 687 470 705 459 727 457 746 466 727 473 707 473 1330 704 -98.255058 143.088593 18.450310 -0.960677 -0.067375 -0.075573 -7.540404 45.862141 405.326599 -40.587860 47.005455 402.306976 25.507051 44.718822 408.346191
534 474 553 464 576 463 596 474 575 479 554 479 698 473 717 462 738 462 757 472 738 477 718 477 531 572 59.513386 117.099495 18.506790 -0.977642 -0.045884 -0.031767 -3.072298 46.452271 403.996155 -36.229404 46.659309 402.228943 30.084808 46.245228 405.763367
521 472 541 460 565 459 586 470 564 476 542 477 688 468 706 456 729 455 749 465 729 472 708 472 1461 264 -124.076591 56.216850 16.794445 -0.943282 -0.073372 -0.062457 -7.207057 44.045792 397.988647 -40.268936 44.757088 394.994324 25.854822 43.334496 400.982941
521 473 541 462 565 461 586 471 565 477 543 478 688 469 707 457 729 456 749 466 730 472 709 473 1659 279 -163.171417 59.160892 16.717278 -0.920855 -0.084402 -0.067422 -7.043900 44.617069 399.306183 -40.068459 45.348015 395.929230 25.980661 43.886120 402.683136
529 468 550 456 574 456 595 468 573 473 551 474 696 468 715 455 738 455 757 466 738 472 716 472 772 27 11.983652 9.490202 16.403812 -0.967464 -0.061395 -0.032911 -3.783027 43.362259 397.222015 -36.913399 43.380379 394.999939 29.347345 43.344139 399.444122
537 468 557 457 581 457 601 469 579 474 558 474 702 471 720 460 743 460 761 471 742 476 722 476 109 385 142.851929 80.220284 18.118292 -0.996609 -0.045646 -0.005667 -1.466280 44.829803 401.482788 -34.638786 44.293613 400.120087 31.706226 45.365993 402.845459
538 465 558 454 582 454 602 466 581 471 559 471 704 468 722 456 745 456 763 467 744 473 724 473 92 31 146.243240 10.338597 16.866848 -0.970036 -0.052766 -0.009049 -0.778739 43.403561 399.704590 -33.939594 42.873917 398.080780 32.382118 43.933205 401.328400
527 473 548 461 572 460 593 472 571 478 549 479 696 472 715 460 737 459 756 470 737 476 716 476 1428 381 -117.572540 79.316673 17.233545 -0.951463 -0.078968 -0.044927 -4.253936 45.062885 397.320984 -37.331825 45.182369 394.422974 28.823954 44.943401 400.219025
542 472 563 461 587 462 607 474 585 478 563 479 709 477 728 466 750 466 768 477 749 483 729 482 293 397 106.521584 82.573303 18.039661 -0.995480 -0.054080 0.004385 1.133864 46.630093 398.484375 -32.025990 45.685276 397.038361 34.293720 47.574913 399.930389
547 477 568 467 591 467 610 478 589 482 568 482 713 482 732 472 753 472 771 483 752 487 732 487 11 732 162.167053 148.730042 19.420662 -1.022596 -0.046549 0.011777 2.689863 48.660503 398.964264 -30.479902 47.610622 397.857880 35.859627 49.710388 400.070648
550 480 569 472 591 472 610 481 590 485 570 485 714 484 731 477 751 477 769 486 751 490 732 489 313 790 102.534126 160.153717 19.428232 -1.023569 -0.051084 0.009862 2.782004 50.627262 404.428497 -30.381668 49.559452 403.167419 35.945675 51.695072 405.689545
541 472 562 460 586 460 606 473 584 478 562 478 709 476 727 464 750 465 768 476 749 482 728 482 764 195 13.546664 42.655781 17.008322 -0.983863 -0.065595 -0.001697 0.935088 46.082851 396.764832 -32.203850 45.143078 394.897430 34.074024 47.022625 398.632263
542 481 563 472 586 472 606 482 585 486 563 486 710 485 728 476 749 476 767 486 748 490 728 489 1089 799 -50.681087 161.863358 18.948210 -1.025317 -0.064565 -0.004678 0.970604 49.843540 396.654022 -32.170544 48.967216 394.795013 34.111752 50.719864 398.513031
545 474 567 463 591 464 611 476 589 481 567 481 714 480 733 469 755 469 773 481 754 487 733 486 509 388 63.875179 80.777954 17.865009 -1.009890 -0.056815 0.013380 2.912731 47.284531 394.193390 -30.240181 46.038166 392.818390 36.065643 48.530895 395.568390
539 474 560 463 584 463 605 475 583 480 560 480 709 478 727 467 750 467 768 478 749 484 728 483 1154 288 -63.464523 60.981216 17.082655 -0.993685 -0.068573 -0.005584 0.576445 46.335373 391.683838 -32.556068 45.450817 389.680420 33.708958 47.219929 393.687286
542 478 563 468 587 468 607 479 585 484 563 484 711 483 730 473 751 473 770 483 751 489 731 488 1103 495 -53.415375 101.849503 17.854650 -1.022394 -0.065183 0.001694 1.566524 48.253277 392.611938 -31.573664 47.193382 390.833099 34.706711 49.313175 394.390778
545 473 566 462 591 463 611 476 589 480 566 480 713 480 732 468 755 468 773 481 754 486 733 485 621 164 41.783794 36.548424 16.992123 -1.005791 -0.056620 0.014760 2.743780 46.869389 392.484314 -30.408840 45.589928 391.132874 35.896400 48.148849 393.835754
560 485 579 478 600 479 619 488 599 490 579 490 722 493 740 486 759 487 776 495 758 498 740 497 385 1048 88.292999 211.079285 20.300961 -1.047068 -0.042992 0.032969 6.318988 53.553345 403.923798 -26.841396 51.967072 403.266327 39.479374 55.139614 404.581299
522 473 542 465 563 468 580 481 560 484 540 482 685 498 704 490 726 493 743 506 724 509 703 506 1633 644 -158.073822 131.217804 18.036333 -0.878054 -0.118832 0.113262 -8.816558 54.036552 410.302216 -41.602921 49.136150 408.404816 23.969805 58.936958 412.199585
642 487 658 481 676 484 688 495 672 497 657 495 771 507 785 499 801 500 812 510 798 514 784 512 160 541 132.767090 111.011841 18.641062 0.168534 0.070697 0.120476 38.245220 71.274277 502.252472 5.363072 67.108734 504.245483 71.127373 75.439819 500.259460
674 508 685 500 701 500 713 510 700 515 686 515 795 511 808 502 825 502 839 511 825 517 809 516 102 256 144.246704 54.754993 17.662788 -0.766741 0.168479 0.058310 55.754776 82.989960 542.010254 23.050978 83.283867 547.749146 88.458572 82.696053 536.271362
638 362 652 351 669 351 683 361 668 366 652 367 763 358 778 347 796 347 812 356 797 363 779 363 350 267 95.280220 56.905075 17.538355 -0.238478 0.221804 -0.007548 35.584816 -0.171155 505.665680 3.190533 0.945512 512.871460 67.979095 -1.287822 498.459900
608 386 622 375 640 375 655 387 640 392 623 393 738 385 754 373 774 372 792 382 775 389 756 390 637 313 38.610088 65.961136 17.513023 -0.153158 0.264330 -0.014922 20.494560 12.291762 470.264923 -11.555589 13.446458 478.868073 52.544708 11.137067 461.661743
600 393 613 382 632 382 646 393 631 398 615 399 729 391 744 379 764 378 781 388 765 395 746 395 818 692 2.835982 140.763901 18.745405 -0.163223 0.252668 -0.016803 16.356787 15.336050 475.362793 -15.791453 16.565142 483.581055 48.505024 14.106957 467.144531
579 392 592 382 610 382 623 394 609 398 593 398 701 393 716 381 736 380 753 390 736 397 718 397 1634 163 -158.223984 36.263489 16.320023 -0.124037 0.444874 -0.009864 3.670143 15.465528 460.016815 -26.305265 16.681505 474.249023 33.645554 14.249551 445.784607
609 403 624 392 644 394 659 407 643 411 625 411 745 409 762 396 783 396 800 407 783 414 763 414 298 574 105.516975 117.514450 18.667694 -0.136110 0.226670 0.019925 22.302580 21.577919 454.438782 -10.047647 21.433268 461.922211 54.652805 21.722572 446.955353
605 398 618 388 636 389 650 402 635 406 618 405 733 406 748 394 768 394 784 405 767 411 750 411 1606 355 -152.714508 74.168633 17.023335 -0.084532 0.429882 0.022584 16.774685 19.772701 449.835114 -13.402584 19.640329 463.686981 46.951954 19.905073 435.983246
635 383 651 373 670 376 684 391 667 394 650 392 769 399 786 387 807 389 823 402 805 408 786 406 709 217 24.403765 47.003551 17.123089 -0.129040 0.229501 0.097989 34.058762 16.071650 459.927521 1.881038 13.349020 467.656769 66.236481 18.794277 452.198273
627 391 642 381 661 383 676 398 659 401 642 400 761 404 778 392 799 393 815 405 798 411 779 410 862 298 -5.812694 62.980545 17.311031 -0.108366 0.277058 0.069832 29.765736 18.492096 453.585968 -2.094212 16.703856 462.767761 61.625683 20.280334 444.404144
629 392 645 382 666 385 681 400 663 404 645 402 767 407 785 394 806 395 823 408 805 415 785 414 104 111 143.866074 26.130363 17.144276 -0.122830 0.273825 0.073559 31.365023 19.070658 442.616394 -0.515689 17.220812 451.713531 63.245735 20.920504 433.519257
614 400 630 390 649 392 664 406 647 410 630 409 750 410 767 398 788 398 805 410 787 417 768 416 920 458 -17.280010 94.561142 17.843449 -0.097855 0.269141 0.038811 24.323908 21.636250 449.586304 -7.661795 20.799633 458.461792 56.309608 22.472864 440.710785
619 405 634 395 654 396 669 411 652 415 634 414 755 414 772 401 794 401 811 412 793 420 774 420 916 99 -16.454950 23.691282 16.565592 -0.079581 0.395443 0.017865 25.267410 22.618147 432.663391 -5.371047 22.556343 445.463440 55.905869 22.679951 419.863373
611 405 626 394 645 396 661 409 644 414 626 413 745 412 762 399 783 398 801 409 783 417 764 417 1242 74 -80.818306 18.727865 16.261276 -0.077625 0.403942 0.006551 21.368792 21.914551 434.956268 -9.164309 22.216406 448.002289 51.901894 21.612698 421.910278
614 414 629 404 649 406 665 420 648 424 630 423 751 423 768 410 790 409 808 421 789 428 769 428 886 608 -10.581758 124.175583 18.400913 -0.086035 0.305287 0.015608 24.094082 27.039057 441.592682 -7.572333 26.961870 451.582245 55.760498 27.116245 431.603088
636 408 653 399 674 401 689 416 671 420 652 418 777 422 794 410 816 410 833 422 815 430 795 429 356 281 94.094193 59.668297 17.584332 -0.104482 0.302582 0.058351 34.662479 25.770828 436.057343 3.020382 24.387560 446.028503 66.304573 27.154095 426.086182
614 410 629 399 650 401 665 415 648 419 630 418 751 418 768 404 789 404 807 416 789 423 769 423 1202 92 -72.922432 22.284700 16.351877 -0.072181 0.381166 0.007521 23.519377 24.326548 433.530884 -7.302493 24.534115 445.881165 54.341248 24.118980 421.180634
612 414 627 404 647 405 663 419 646 424 628 423 750 422 767 409 788 408 806 420 788 427 768 427 851 147 -3.625996 33.172581 16.779697 -0.089262 0.337932 0.010744 23.043253 26.352148 436.109253 -8.282946 26.498325 447.118683 54.369450 26.205971 425.099823
617 416 632 405 652 407 668 421 651 426 632 425 755 424 772 410 794 410 812 422 794 430 774 430 470 469 71.567421 96.771538 18.179663 -0.111652 0.270135 0.021958 25.862808 27.558477 441.742371 -6.131183 27.336939 450.624664 57.856796 27.780014 432.860077
615 419 631 410 651 412 666 425 649 429 631 428 754 428 771 416 792 415 810 426 792 433 772 433 653 622 35.420650 126.959457 18.604618 -0.108572 0.233595 0.024136 25.518423 29.595005 446.145477 -6.775873 29.221207 453.858978 57.812721 29.968803 438.431946
622 421 637 413 657 415 672 428 656 431 638 430 761 431 778 419 798 420 816 430 798 437 779 436 464 1007 72.699181 202.978653 20.102583 -0.112987 0.185633 0.035148 28.811905 31.223866 451.168854 -3.802676 30.412992 457.348755 61.426487 32.034740 444.988953
617 424 632 415 651 417 667 429 650 433 632 432 755 432 772 421 792 421 810 431 792 437 773 437 860 879 -5.474931 177.675949 19.384686 -0.099370 0.209189 0.022098 26.096556 31.825047 449.222412 -6.376940 31.441444 456.142273 58.570049 32.208649 442.302521
570 439 584 432 599 431 613 437 599 441 584 442 703 435 718 428 736 427 751 433 736 437 719 437 1568 1021 -145.277222 205.647003 19.423931 -0.687714 0.049158 -0.026387 2.614003 37.827351 491.480042 -30.541149 39.174984 492.696350 35.769154 36.479713 490.263763
572 441 588 432 609 432 626 442 608 447 589 448 721 441 739 430 761 429 780 438 761 445 741 445 1241 745 -80.686829 151.190094 18.655287 -0.272272 0.050934 -0.018151 8.851408 34.618198 420.786224 -24.305176 35.441959 422.374298 42.007992 33.794437 419.198151
605 442 622 432 644 431 662 441 643 448 623 449 761 437 778 426 798 425 816 435 799 443 779 444 362 609 92.877304 124.418274 18.750296 -0.338511 0.031962 -0.029423 23.729820 33.281090 412.219360 -9.443962 34.417122 413.096405 56.903603 32.145058 411.342316
602 442 620 431 641 430 659 439 641 446 621 448 756 434 773 424 794 423 811 433 794 440 774 440 560 457 53.798901 94.394836 18.077465 -0.729792 0.032668 -0.035772 23.750978 34.303196 439.225952 -9.416578 35.766373 439.802094 56.918533 32.840015 438.649811
602 438 620 427 642 427 661 438 642 446 621 447 759 434 776 422 798 421 815 430 798 440 777 441 465 196 72.581467 42.879025 17.209215 -0.273067 -0.000242 -0.032918 22.695951 31.333487 405.482971 -10.490984 32.411709 405.326752 55.882885 30.255262 405.639221
599 438 617 427 639 427 657 438 639 445 618 446 756 435 773 423 794 422 811 431 794 441 774 441 669 254 32.297771 54.311180 17.281460 -0.277259 -0.019588 -0.027121 21.478163 31.416323 405.554596 -11.708189 32.215641 404.788574 54.664513 30.617002 406.320618
605 438 622 426 645 426 662 438 644 445 623 446 761 436 778 423 800 422 817 433 800 442 780 443 155 198 133.788025 43.300629 17.420935 -0.283793 0.046068 -0.014433 23.489908 31.786966 404.736603 -9.676477 32.475178 406.177704 56.656296 31.098755 403.295502
606 448 624 440 644 440 663 448 644 453 625 454 761 445 778 436 798 435 816 442 798 448 779 449 49 1042 154.633804 209.923859 20.501305 -0.384522 0.071260 -0.021238 23.950499 36.427353 414.153290 -9.163688 37.563808 416.325592 57.064682 35.290901 411.981018
600 450 618 440 640 440 658 450 640 455 619 456 757 447 774 436 795 435 813 442 795 450 775 451 723 738 21.588367 149.852982 18.972176 -0.359441 0.041196 -0.025980 22.060709 36.584480 410.074982 -11.105152 37.671497 411.259735 55.226570 35.497463 408.890228
564 459 579 450 598 451 614 462 597 466 580 466 710 462 726 450 747 449 765 458 748 465 728 466 1481 984 -128.096207 198.350357 19.349373 -0.134446 0.238040 -0.031477 3.472644 42.736034 415.161621 -28.781000 44.296082 422.896484 35.726288 41.175983 407.426727
587 449 603 437 623 437 639 450 622 456 603 456 737 451 754 439 775 440 793 452 775 459 755 458 962 372 -25.564083 77.580246 17.508982 -0.713865 0.061995 0.029203 15.423667 40.213234 437.680664 -17.706463 40.028374 439.898773 48.553795 40.398098 435.462555
569 442 585 430 607 430 623 443 606 451 586 451 722 443 739 430 762 429 780 441 762 450 741 450 1106 114 -53.970242 26.636017 16.493702 -0.150569 0.285962 -0.026224 7.267321 33.507332 394.710419 -24.580378 35.071526 403.975250 39.115017 31.943134 385.445587
607 450 624 441 645 441 661 451 643 457 624 457 760 453 777 444 798 445 815 455 797 462 778 461 202 895 124.439766 180.891373 19.876005 0.060498 -0.105477 0.057560 24.752419 40.174152 424.557861 -8.213040 38.374424 421.008331 57.717876 41.973881 428.107391
545 454 559 445 576 443 591 451 577 456 561 458 677 443 692 433 710 431 727 438 711 444 694 446 1642 588 -159.845291 120.162064 17.830650 -0.624582 0.031188 -0.088293 -9.633814 43.967705 500.412720 -42.697826 47.021194 500.495300 23.430199 40.914211 500.330170
560 443 576 432 596 433 613 444 596 450 577 450 710 444 727 432 749 432 767 441 749 449 729 449 1479 559 -127.659538 114.451256 17.834785 -0.192397 0.187165 -0.022923 3.279160 34.952442 408.595703 -29.338898 36.298683 414.662811 35.897217 33.606201 402.528625
554 442 569 431 588 430 603 439 587 445 570 446 696 436 713 425 733 424 752 433 734 439 715 440 1360 142 -104.123047 32.141552 16.425945 -0.731236 0.049561 -0.040581 -1.329544 36.408039 461.404785 -34.469242 38.212879 462.435669 31.810152 34.603199 460.373901
549 447 563 439 580 439 595 448 580 452 563 452 684 445 699 435 719 433 736 440 719 446 701 447 1375 669 -107.136475 136.175354 18.295773 -0.142935 0.297041 -0.057500 -6.446393 38.018024 435.545166 -38.145557 40.590210 445.090118 25.252771 35.445835 426.000183
669 449 688 443 708 446 725 458 706 459 687 456 820 464 836 455 854 455 869 463 853 468 836 468 59 978 152.665695 197.288757 20.266426 0.363781 0.075752 0.049266 49.773643 41.636402 417.874573 16.702818 39.586391 420.037323 82.844467 43.686413 415.711823
653 440 674 434 695 437 713 450 693 451 672 449 808 459 825 449 845 450 861 459 843 464 825 463 200 620 124.861687 126.603783 18.896444 0.324508 0.099396 0.061164 43.554737 38.015762 408.069183 10.573829 35.494621 410.978302 76.535645 40.536903 405.160034
647 442 667 435 689 438 706 451 686 453 666 450 801 461 819 452 839 454 855 464 837 469 818 467 384 736 88.521111 149.487442 19.188766 0.166933 0.102400 0.081867 41.891556 39.914440 417.739502 8.971036 36.933701 420.888184 74.812080 42.895184 414.590851
544 464 560 456 580 459 595 475 578 478 560 475 688 484 706 472 727 472 744 484 725 491 706 490 1057 929 -44.375751 187.529434 19.433018 -0.132137 0.142651 0.080271 -5.205855 51.291115 429.777618 -37.967480 48.957134 434.654907 27.555771 53.625095 424.900299
531 458 548 448 570 450 586 466 567 470 548 468 678 474 696 461 719 461 738 474 718 481 697 480 849 159 -3.232293 35.541676 16.823818 -0.160096 0.182402 0.065420 -9.446309 46.144478 417.954559 -42.030972 44.477287 424.120605 23.138351 47.811668 411.788544
524 462 540 454 561 457 578 473 559 475 540 472 668 481 687 468 710 468 728 479 709 486 688 486 1057 219 -44.305950 47.368305 16.900558 -0.102449 0.132289 0.070593 -13.192181 49.205360 424.454468 -46.024734 47.098583 428.942749 19.640371 51.312138 419.966217
529 471 546 461 567 463 584 477 566 479 546 478 675 481 694 469 715 468 734 480 714 485 695 484 871 490 -7.608540 100.882500 17.989925 0.504776 0.016846 0.033293 -10.090377 49.740139 418.608765 -43.272564 48.543053 418.871460 23.091810 50.937229 418.346100
526 468 543 458 564 461 581 475 562 478 543 476 673 481 692 468 714 468 732 480 713 486 693 485 813 281 3.863594 59.628811 17.282732 0.419096 0.004897 0.056566 -11.200084 49.295422 418.495422 -44.352169 47.439102 418.265472 21.952002 51.151745 418.725403
533 470 550 460 571 463 587 479 569 482 549 480 681 489 700 476 723 477 741 490 721 497 701 495 513 245 63.099476 52.547970 17.352312 0.232936 -0.023770 0.114706 -7.993000 52.616020 423.457733 -40.971275 48.941662 422.236237 24.985277 56.290382 424.679199
518 473 536 463 556 465 573 477 555 480 536 479 665 480 683 469 705 469 723 479 704 484 685 484 1434 194 -118.738800 42.400478 16.562586 0.480868 0.025501 0.018925 -14.605113 49.901611 418.899780 -47.793507 49.097591 419.565948 18.583279 50.705631 418.233612
549 474 567 464 588 467 605 482 586 485 566 483 700 489 719 477 740 478 757 491 738 496 719 495 226 318 119.757904 66.983704 17.802097 0.408227 0.026937 0.072365 -0.540686 51.804546 411.734375 -33.647926 49.290272 412.119843 32.566555 54.318821 411.348877
537 476 556 465 577 468 594 483 575 485 555 483 688 488 706 476 728 476 746 489 727 494 707 493 580 370 49.858631 77.218437 17.753950 0.453823 0.026619 0.052667 -5.337406 51.626846 411.078705 -38.485405 49.741379 411.542114 27.810595 53.512310 410.615326
540 481 557 472 578 474 594 488 576 490 557 489 689 494 707 483 728 484 745 495 726 500 707 499 627 781 40.538490 158.349899 19.188906 0.447485 0.024067 0.062846 -5.252102 54.830551 416.704529 -38.382999 52.638485 417.017670 27.878796 57.022617 416.391388
535 481 553 474 574 478 590 492 571 493 552 491 683 501 701 490 723 491 741 502 721 507 701 506 992 862 -31.535490 174.308578 19.236937 -0.060364 0.058581 0.091250 -7.519269 58.171860 426.558075 -40.529114 55.208313 428.589600 25.490576 61.135410 424.526550
529 478 547 470 568 474 585 489 566 491 546 488 677 497 696 486 719 486 737 497 717 503 697 502 1437 538 -119.364944 110.309273 17.787600 -0.025892 0.097902 0.069368 -9.587689 55.984734 420.853516 -42.553783 53.729206 424.125977 23.378403 58.240257 417.581055
532 484 549 475 570 478 586 492 568 493 549 492 680 499 698 487 719 487 737 498 718 503 699 502 1315 730 -95.295998 148.222549 18.552948 0.420634 0.037475 0.055534 -8.627747 55.842602 413.627686 -41.759159 53.796078 414.452759 24.503668 57.889122 412.802612
537 484 556 474 577 476 594 490 575 492 555 491 689 496 707 485 729 486 746 498 728 502 708 501 351 595 95.050529 121.655479 18.707619 0.537288 0.045324 0.046911 -5.221274 54.450397 406.785187 -38.357151 52.573135 407.809387 27.914606 56.327663 405.760956
530 483 548 474 569 476 586 488 567 491 548 490 680 494 699 484 720 484 738 495 719 499 700 498 1315 460 -95.269455 94.921829 17.589899 0.488838 0.053745 0.031868 -8.585282 54.180382 410.249573 -41.726578 52.737076 411.709351 24.556013 55.623688 408.789764
529 480 547 471 567 473 584 486 566 488 547 487 677 493 696 482 717 483 735 493 716 497 696 496 1554 584 -142.470078 119.380028 17.874460 0.498533 0.055990 0.039527 -9.679722 53.684074 413.524933 -42.808182 51.972546 414.986267 23.448736 55.395603 412.063568
547 484 566 475 588 478 605 492 585 494 565 492 700 500 719 489 740 491 758 503 739 507 719 505 153 556 134.147705 113.973595 18.699183 0.536702 0.060629 0.063631 -0.775778 55.246700 403.865173 -33.855473 52.709419 405.227386 32.303917 57.783981 402.502930
506 496 523 488 543 489 559 501 542 504 523 503 653 507 671 496 692 497 709 507 691 511 671 511 1449 548 -121.735222 112.282341 17.815348 0.419153 0.025394 0.041222 -20.394112 61.293758 422.790955 -53.560581 59.791138 423.326721 12.772359 62.796375 422.255188
542 487 561 478 584 480 601 495 581 497 561 496 698 503 717 492 739 493 757 505 738 510 717 509 126 165 139.517059 36.788605 17.322367 0.512651 0.058004 0.061522 -1.891288 55.555153 397.546295 -34.980049 53.120327 398.874878 31.197474 57.989975 396.217743
529 486 548 476 570 478 587 492 568 494 548 493 682 498 701 487 723 487 741 499 722 503 701 502 1033 128 -39.558414 29.406065 16.591816 0.474272 0.052369 0.036992 -8.011028 54.880096 404.525848 -41.148884 53.293602 405.913361 25.126827 56.466595 403.138336
582 452 598 444 616 445 631 453 615 457 598 457 718 457 734 450 752 451 768 459 752 463 734 462 609 731 44.097347 148.480957 19.022442 -0.549841 -0.002851 0.039636 9.945311 45.749180 470.783264 -23.233942 44.473347 471.046082 43.124565 47.025013 470.520447
554 444 568 435 586 435 599 446 584 450 568 450 682 447 697 437 716 437 732 446 716 452 699 452 1665 210 -164.349274 45.539082 16.467205 -0.379452 -0.062393 0.001110 -5.663934 42.211025 480.477875 -38.804890 41.786842 478.463715 27.477020 42.635208 482.492004
541 401 552 394 565 393 576 399 564 403 552 404 639 398 651 391 665 391 678 397 665 401 652 401 1499 827 -131.634705 167.355423 18.777500 -0.332050 -0.030173 -0.035826 -29.813419 25.595772 644.565308 -62.982151 26.598413 643.386475 3.355310 24.593130 645.744202
644 296 662 288 682 289 697 301 679 305 661 304 779 308 794 298 811 300 824 310 809 315 793 314 91 565 146.388184 115.755646 18.772202 -0.034286 -0.315300 0.058960 38.601788 -25.439064 453.280151 7.090445 -27.540962 443.024567 70.113136 -23.337166 463.535736
571 392 588 383 607 383 623 395 606 400 588 399 708 397 725 385 745 385 761 395 744 402 726 402 765 259 13.342932 55.289936 17.235939 -0.077046 0.179793 0.006126 5.205309 16.712404 459.401733 -27.463911 16.739531 465.341522 37.874531 16.685278 453.461975
633 388 650 381 669 384 683 396 666 399 648 396 763 407 777 399 794 401 805 412 791 416 776 414 270 535 111.049164 109.817879 18.547066 -0.125802 -0.330739 0.130891 32.636654 19.672325 467.518188 1.507590 14.745849 457.064911 63.765717 24.598801 477.971436
607 406 623 398 643 399 658 410 641 414 623 413 743 412 758 403 775 403 789 412 774 418 758 417 152 774 134.323715 157.009079 19.477415 -0.108044 -0.231887 0.036974 21.987564 23.970524 466.374268 -10.306900 22.342802 458.825897 54.282024 25.598248 473.922638
605 404 622 396 641 397 657 408 639 412 621 412 741 411 756 401 774 402 788 411 773 417 756 417 319 535 101.374542 109.813644 18.514727 -0.105663 -0.246672 0.042612 21.196341 23.164982 462.671387 -10.974502 21.337337 454.655365 53.367184 24.992626 470.687378
592 408 609 400 628 400 644 411 627 415 609 415 730 414 745 404 764 404 778 413 763 419 746 419 736 635 19.031759 129.518616 18.596210 -0.120685 -0.155365 0.031487 15.650362 24.714228 466.124878 -17.138617 23.365328 461.062958 48.439342 26.063126 471.186798
548 389 562 379 581 379 597 391 580 396 563 396 679 392 695 380 715 379 731 390 714 396 696 397 1368 66 -105.695099 17.137697 16.149586 -0.065306 0.281263 -0.006615 -7.918708 14.552916 460.049103 -39.818504 15.072353 469.251953 23.981089 14.033478 450.846222
545 394 559 385 578 385 593 396 577 401 560 401 676 396 691 385 710 385 726 394 710 400 692 400 1662 429 -163.778488 88.772141 17.250324 -0.065418 0.236033 -0.013645 -9.659524 17.087332 468.733368 -41.940948 17.790943 476.477661 22.621899 16.383720 460.989044
615 403 632 394 651 395 666 405 649 410 631 410 746 407 760 398 777 398 789 407 776 413 760 413 172 652 130.386887 132.923325 19.029060 -0.150448 -0.325133 0.025335 24.711401 22.159533 470.066132 -6.746585 20.532837 459.563324 56.169388 23.786230 480.568909
562 407 577 399 596 400 611 409 595 413 578 413 697 410 713 401 732 400 748 408 731 414 714 414 1048 833 -42.589344 168.578842 19.096540 -0.128048 0.008721 0.001379 0.266781 23.735094 474.768188 -32.936741 23.707958 475.059906 33.470303 23.762230 474.476471
554 408 569 400 588 400 604 409 587 414 570 414 689 409 705 399 724 399 740 407 724 413 706 413 1240 561 -80.471298 114.866730 17.999647 -0.078658 0.130177 -0.017014 -3.652320 23.367836 468.315918 -36.571541 24.100264 472.599365 29.266901 22.635410 464.032440
602 406 619 398 638 399 653 410 636 414 618 413 738 415 753 405 771 406 784 415 769 421 753 421 411 645 83.199150 131.520798 18.846365 -0.115475 -0.234788 0.057034 19.732220 24.661875 465.367615 -12.509151 22.343197 457.773071 51.973591 26.980551 472.962189
602 404 619 396 638 397 654 409 636 413 618 412 738 413 753 403 771 404 785 414 770 419 753 419 107 331 143.252121 69.560310 17.927002 -0.093184 -0.258576 0.059710 19.662867 23.620314 459.503174 -12.380381 21.266285 451.121765 51.706116 25.974344 467.884613
558 419 573 411 593 412 609 422 592 426 574 426 695 423 711 413 730 412 747 420 730 426 712 427 1000 820 -33.110889 166.016663 19.081848 -0.092478 0.060946 -0.004389 -1.092439 29.164207 465.859894 -34.235329 29.403133 467.872742 32.050449 28.925282 463.847076
536 399 550 389 569 390 583 401 568 405 551 405 665 400 681 389 700 388 717 397 700 404 682 405 1610 256 -153.494537 54.624695 16.667578 -0.063592 0.322256 -0.022599 -14.064900 18.687681 458.200287 -45.552685 19.761751 468.684814 17.422884 17.613611 447.715759
581 412 598 406 617 408 632 420 615 423 597 421 718 428 734 419 753 421 768 430 752 435 734 434 904 584 -14.133339 119.436188 18.303429 -0.097329 -0.121422 0.098354 10.183189 30.009525 464.791351 -22.617392 26.566467 460.940765 42.983768 33.452583 468.641907
703 288 713 281 726 280 736 286 726 291 714 292 795 282 804 274 817 273 827 279 817 284 806 285 1239 56 -80.224213 15.174743 16.199053 -0.057152 -0.068195 -0.084882 78.930702 -53.226318 694.574829 45.922466 -50.479549 692.235657 111.938934 -55.973083 696.913940
699 294 709 287 722 286 732 292 722 296 710 297 791 287 801 279 813 278 824 284 814 289 802 290 1591 659 -149.782776 134.182587 18.117554 -0.065916 -0.016477 -0.084807 76.200050 -49.369205 693.830811 43.119034 -46.576752 693.192078 109.281075 -52.161659 694.469604
701 296 711 289 723 288 734 294 724 298 712 299 793 289 802 281 815 280 825 286 815 291 804 291 1183 642 -69.225121 130.861862 18.326180 -0.045145 -0.062590 -0.086708 77.642067 -48.285061 695.706299 44.626900 -45.459270 693.567749 110.657234 -51.110847 697.844788
700 296 710 288 723 287 734 293 723 298 711 299 793 288 802 281 815 279 826 285 816 290 804 291 1076 302 -48.065491 63.751698 17.184069 -0.052728 -0.059857 -0.090956 76.652542 -48.090553 687.464722 43.644321 -45.130058 685.402527 109.660759 -51.051048 689.526978
704 298 714 290 727 290 738 296 727 300 715 301 797 291 806 284 819 283 830 289 819 293 808 294 280 696 109.058922 141.600037 19.114727 -0.057364 -0.015041 -0.075064 79.997665 -46.433407 693.517517 46.890083 -43.959038 692.947388 113.105255 -48.907776 694.087646
702 299 712 291 725 290 736 296 725 300 713 301 794 291 804 283 816 282 827 288 817 293 805 294 1105 700 -53.830414 142.318390 18.584532 -0.067256 -0.050442 -0.086018 78.060928 -46.185535 690.796204 45.021004 -43.392464 689.029358 111.100853 -48.978611 692.562988
702 299 712 292 725 291 736 297 725 301 713 302 794 292 804 284 817 283 827 289 817 294 806 295 1462 702 -124.317093 142.682358 18.356062 -0.071819 -0.029427 -0.084272 78.312134 -45.733669 692.738220 45.239460 -42.976604 691.662842 111.384811 -48.490734 693.813538
707 288 718 281 730 280 741 286 730 290 718 291 800 284 810 276 823 276 833 282 823 286 811 286 1375 268 -107.097046 57.013920 16.865469 -0.085440 0.010142 -0.050321 82.564339 -52.648945 695.084595 49.403236 -50.966454 695.349487 115.725441 -54.331436 694.819763
716 291 726 285 739 285 749 291 738 295 726 295 808 292 818 285 830 285 840 292 830 296 818 295 1535 1029 -138.762451 207.229141 19.474243 -0.146072 0.054672 0.010981 89.439980 -48.776505 707.519165 56.286686 -49.007317 709.353699 122.593269 -48.545692 705.684570
732 289 743 283 756 283 766 291 755 294 743 294 825 292 835 286 848 286 857 293 847 297 836 296 195 172 125.892937 38.164513 17.301798 -0.040921 -0.071872 0.023784 99.080528 -47.470802 686.697754 65.970810 -48.308365 684.330383 132.190247 -46.633240 689.065186
728 295 739 288 752 289 763 295 751 299 739 299 822 297 832 290 844 290 854 297 844 301 833 300 1376 955 -107.362030 192.634537 19.315229 -0.123013 -0.008051 0.018282 97.691574 -44.815487 694.428711 64.493378 -45.437389 694.199402 130.889771 -44.193584 694.658081
729 292 741 285 754 286 764 293 753 296 741 296 824 295 834 288 846 288 856 295 846 299 834 298 1020 185 -36.997284 40.659561 16.803705 -0.068256 -0.063615 0.016593 97.137268 -45.539959 681.592041 64.004166 -46.162155 679.501648 130.270370 -44.917767 683.682434
735 294 746 288 759 289 770 295 758 298 746 298 829 297 839 291 851 291 861 297 850 301 839 300 172 912 130.361328 184.249924 19.956440 -0.050509 -0.041449 0.019996 102.445526 -44.907803 693.321350 69.275856 -45.605980 691.962891 135.615189 -44.209625 694.679810
731 295 742 289 755 289 765 296 753 299 742 299 824 297 834 291 846 291 856 298 846 301 835 301 1597 827 -150.983932 167.346954 18.712824 -0.110786 -0.036195 0.011637 98.993561 -44.245960 692.468506 65.812721 -44.697975 691.290771 132.174408 -43.793941 693.646240
731 296 742 290 755 290 765 297 754 300 742 300 825 298 835 292 847 292 857 298 847 302 836 302 1477 886 -127.296799 179.004517 19.002462 -0.100401 -0.036798 0.015080 99.533104 -43.754787 692.784607 66.354523 -44.315819 691.590210 132.711685 -43.193760 693.978943
735 291 747 285 760 285 771 293 759 296 747 296 830 295 840 288 853 289 862 296 852 300 840 299 109 46 142.885254 13.298279 16.909132 -0.026635 -0.104459 0.028528 100.469444 -44.799683 675.285461 67.459106 -45.791145 671.836731 133.479782 -43.808220 678.734253
734 292 746 285 759 286 769 293 758 297 745 296 829 295 839 288 851 288 861 295 851 299 839 299 116 112 141.496689 26.326736 17.139923 -0.017689 -0.110264 0.020119 99.885239 -44.993210 676.426086 66.888771 -45.692158 672.778564 132.881699 -44.294258 680.073669
733 293 744 287 757 287 768 295 756 298 744 298 827 296 837 289 850 289 859 296 849 300 837 300 870 381 -7.400383 79.364891 17.601799 -0.065437 -0.077961 0.014393 99.663071 -44.738644 683.351562 66.562515 -45.300346 680.783081 132.763626 -44.176941 685.920105
732 295 744 288 757 289 767 296 756 299 744 299 826 297 836 291 849 291 858 298 848 301 837 301 983 792 -29.751638 160.490646 18.993196 -0.079742 -0.062537 0.014859 100.007805 -44.084354 688.843628 66.871529 -44.659615 686.790405 133.144089 -43.509094 690.896851
735 292 746 286 760 286 770 294 758 297 746 297 829 296 839 289 852 289 862 296 851 300 840 300 278 209 109.501678 45.461514 17.378994 -0.040697 -0.092109 0.023772 100.924614 -44.831963 680.534485 67.869911 -45.682079 677.497559 133.979324 -43.981850 683.571472
611 370 624 363 640 364 652 373 638 376 624 376 721 375 733 367 749 367 761 375 748 380 734 379 1652 545 -161.815475 111.672569 17.670677 -0.095115 -0.164882 0.030435 19.230469 8.219079 577.460571 -13.509054 6.955174 572.067444 51.969990 9.482985 582.853699
615 367 628 359 643 360 655 368 642 372 628 372 723 370 735 362 750 363 762 371 750 375 736 375 303 515 104.535568 105.866829 18.453949 -0.085919 -0.139501 0.030403 21.160807 5.723181 588.203674 -11.706348 4.519796 583.636230 54.027966 6.926566 592.771118
610 369 623 362 638 362 650 371 637 375 623 375 719 373 732 365 747 365 759 374 746 378 732 377 1411 399 -114.217812 82.871529 17.308968 -0.112118 -0.158217 0.024941 18.339081 7.308521 579.241516 -14.441159 6.192053 574.067627 51.119320 8.424990 584.415344
613 370 626 362 641 363 654 372 640 376 626 376 722 374 734 366 749 366 762 375 749 379 735 379 761 359 14.122865 75.031288 17.595263 -0.096689 -0.176461 0.031601 20.016968 7.973654 578.992615 -12.656137 6.649302 573.224243 52.690075 9.298005 584.760925
611 373 624 365 639 366 652 374 638 378 624 378 721 376 733 368 748 368 760 376 747 381 733 380 1539 724 -139.522232 147.018723 18.383717 -0.127782 -0.139533 0.020237 19.156748 9.044086 582.861206 -13.719019 8.081030 578.298706 52.032513 10.007143 587.423645
617 371 631 363 647 364 659 373 645 377 630 376 727 376 740 368 755 369 767 378 754 382 740 381 251 416 114.812241 86.327721 18.135151 -0.073269 -0.182461 0.049833 22.890518 8.864222 574.906555 -9.722370 6.999672 568.949829 55.503407 10.728771 580.863281
612 371 625 363 641 364 654 373 640 377 625 377 722 375 735 367 750 367 762 375 750 380 735 380 904 50 -14.080840 14.019228 16.398735 -0.033847 0.273707 0.014872 18.910124 8.372026 566.504700 -13.055152 8.037305 575.486328 50.875401 8.706747 557.523132
614 373 627 366 643 366 656 375 642 379 627 379 724 378 737 370 753 370 765 378 752 383 738 382 452 556 75.112808 113.947762 18.501858 -0.080103 -0.181438 0.036108 21.169989 9.795020 572.008362 -11.468553 8.363699 566.072327 53.808533 11.226341 577.944397
614 376 627 368 643 369 655 377 641 381 627 381 724 380 736 372 751 373 763 381 750 385 736 384 743 699 17.643379 142.152252 18.819870 -0.103493 -0.153949 0.035464 20.818310 11.221374 579.786133 -11.973370 9.787049 574.765320 53.609989 12.655699 584.806885
616 372 628 365 644 367 656 376 642 379 628 379 724 378 736 369 751 369 762 376 750 382 736 382 892 130 -11.719411 29.813068 16.692003 0.007797 0.281429 0.011718 20.473989 9.628153 584.033875 -11.422288 9.207986 593.253967 52.370266 10.048320 574.813721
615 371 629 364 645 364 657 374 643 378 628 377 726 376 738 368 754 368 766 376 753 381 739 381 406 163 84.233742 36.369591 17.130445 -0.043226 0.277259 0.021110 20.808254 8.816456 565.077881 -11.121340 8.322367 574.178284 52.737846 9.310544 555.977539
617 372 631 365 647 365 659 375 645 378 630 378 728 377 740 368 756 369 768 377 755 382 741 381 110 136 142.678970 31.065096 17.229488 -0.047734 0.288623 0.020744 21.875408 9.205926 565.452026 -9.949162 8.754053 574.915222 53.699982 9.657798 555.988831
613 373 626 365 642 365 655 375 641 378 626 378 723 376 736 368 752 368 764 376 751 381 737 381 1036 107 -40.148674 25.260195 16.514931 -0.018159 0.307819 0.007761 19.352034 9.121894 561.458069 -12.291100 8.960338 571.520203 50.995167 9.283449 551.395996
616 378 630 371 645 371 657 379 644 383 629 383 726 382 739 374 753 375 765 382 753 386 739 386 636 995 38.740482 200.594879 19.946270 -0.110339 -0.134545 0.032866 22.402786 12.349531 582.214294 -10.484381 11.018096 577.830139 55.289955 13.680966 586.598511
616 378 629 371 644 371 656 379 643 383 629 383 726 382 738 374 753 375 765 382 752 386 739 386 1061 874 -45.160107 176.671539 19.234201 -0.117271 -0.162722 0.029583 21.914816 12.292653 579.206177 -10.837419 11.001348 573.897339 54.667049 13.583958 584.514954
618 377 631 370 646 371 658 379 645 383 630 383 728 382 740 375 755 375 766 383 754 387 740 386 279 910 109.235321 183.845871 19.878691 -0.103000 -0.138793 0.038451 22.956921 12.446091 580.593933 -9.904427 10.939269 576.075012 55.818268 13.952911 585.112915
615 379 629 372 644 372 656 381 643 384 628 384 725 383 738 375 752 376 764 383 752 387 738 387 1084 951 -49.708824 191.870117 19.493670 -0.129181 -0.136203 0.028064 21.826305 12.983282 582.276123 -11.058399 11.765782 577.840637 54.711010 14.200783 586.711609
618 378 632 371 647 372 659 381 646 384 631 384 729 383 741 376 756 376 768 384 755 388 741 388 362 773 92.861176 156.793518 19.335258 -0.091892 -0.174282 0.039833 23.402315 12.980257 574.713257 -9.273652 11.401520 569.025696 56.078285 14.558995 580.400818
615 378 628 371 644 372 656 380 642 384 628 384 725 383 738 375 753 375 765 383 752 388 738 387 1144 573 -61.518131 117.243942 18.105804 -0.102764 -0.191893 0.030925 21.491959 12.649157 570.920105 -11.088151 11.304464 564.652100 54.072071 13.993848 577.188110
614 381 627 374 642 374 655 383 641 386 627 386 724 384 736 377 751 377 763 384 751 389 737 388 1412 1001 -114.474434 201.712280 19.455547 -0.134614 -0.142187 0.019997 20.945168 13.886007 578.520142 -11.918458 12.909549 573.873779 53.808796 14.862467 583.166443
623 241 633 235 645 235 655 241 644 244 634 244 711 239 720 233 731 232 741 237 731 241 721 242 1203 641 -73.173843 130.662720 18.309414 -0.076666 -0.031405 -0.035006 21.442759 -89.914093 739.369080 -11.725360 -88.793236 738.283142 54.610878 -91.034958 740.454956
616 325 625 319 637 319 646 325 636 328 625 328 700 327 709 321 720 321 729 327 720 331 709 330 1571 588 -145.826965 120.168198 17.877508 -0.160169 -0.016305 0.021924 14.737340 -26.113581 772.448792 -18.455107 -26.881636 771.967957 47.929787 -25.345528 772.929688
632 329 642 323 653 323 663 329 652 332 642 333 716 330 725 324 736 324 744 330 735 334 725 333 84 408 147.785706 84.762871 18.216827 -0.137593 -0.183361 -0.001154 27.241690 -23.247849 764.656250 -5.407351 -23.626915 758.618347 59.890728 -22.868782 770.694153
610 332 619 326 630 325 640 331 630 334 620 335 694 329 703 323 714 323 724 328 714 332 704 332 1475 304 -126.844704 64.112045 16.927879 -0.123424 0.024094 -0.033056 9.958256 -22.988873 771.578491 -23.218817 -21.845028 772.308594 43.135330 -24.132715 770.848328
610 332 619 326 630 326 639 331 630 335 619 335 693 329 702 323 714 323 723 328 714 332 703 332 1489 138 -129.592560 31.340765 16.326544 -0.130636 0.004204 -0.036332 9.749374 -22.685942 769.893433 -23.433264 -21.474136 769.953918 42.932014 -23.897747 769.832947
615 334 624 328 636 328 645 333 635 337 625 337 699 332 708 326 719 325 729 331 719 335 709 335 991 790 -31.330971 160.095139 18.980783 -0.178144 -0.008885 -0.030496 14.207773 -21.061022 773.918457 -18.980335 -20.080145 773.535095 47.395882 -22.041899 774.301819
616 336 625 330 637 329 646 335 636 339 626 339 701 333 710 327 721 327 730 333 721 337 711 336 90 897 146.552979 181.295868 19.957054 -0.196722 -0.005633 -0.028052 15.231192 -19.604872 773.229370 -17.960075 -18.697857 772.952209 48.422459 -20.511885 773.506470
618 336 627 331 638 330 648 336 638 339 628 340 702 334 711 328 722 328 731 333 722 337 711 337 1137 927 -60.170845 187.127701 19.373087 -0.137896 -0.049553 -0.031417 16.360708 -19.310915 775.155762 -16.787058 -18.384857 773.444702 49.508472 -20.236973 776.866821
620 335 629 329 641 329 650 334 640 338 629 339 704 333 713 327 724 326 734 332 724 336 714 336 564 382 53.016506 79.588737 17.807312 -0.117972 -0.068265 -0.030982 17.948225 -19.945032 767.643799 -15.163435 -19.053129 765.323853 51.059887 -20.836935 769.963745
622 334 632 328 643 328 653 334 643 337 632 338 707 333 716 327 727 326 736 332 727 336 717 336 213 151 122.341057 34.017345 17.215015 -0.104903 -0.074887 -0.021684 19.969599 -20.278049 766.776917 -13.134443 -19.690319 764.259705 53.073643 -20.865780 769.294189
620 335 629 329 641 328 651 334 641 338 630 338 704 332 713 326 725 326 734 332 725 335 714 335 1412 245 -114.400108 52.470291 16.759014 -0.117988 -0.088940 -0.034314 18.229559 -20.340330 765.774353 -14.824665 -19.379185 762.765320 51.283783 -21.301476 768.783325
622 337 631 331 642 330 652 336 642 339 631 340 706 334 714 328 725 328 734 334 725 337 715 337 1111 544 -54.999722 111.521904 18.024145 -0.168110 -0.055695 -0.031165 19.290798 -19.118610 775.524353 -13.846572 -18.244373 773.598206 52.428169 -19.992849 777.450439
625 337 635 331 646 331 655 336 646 339 635 340 709 335 718 329 729 329 738 335 729 338 719 338 473 950 70.927811 191.725510 19.893333 -0.166814 -0.044088 -0.021706 22.260994 -18.845490 779.011414 -10.903828 -18.250170 777.494873 55.425816 -19.440809 780.527954
623 336 632 330 644 330 653 335 643 339 632 340 707 334 716 328 727 327 736 333 727 337 717 337 1412 408 -114.416138 84.648132 17.340408 -0.154655 -0.078801 -0.036636 20.343340 -19.413357 768.951172 -12.736423 -18.405050 766.254517 53.423103 -20.421663 771.647888
625 337 634 331 646 330 656 336 646 339 635 340 709 335 718 329 729 329 739 334 729 338 719 338 180 571 128.815323 116.932419 18.734867 -0.133833 -0.067453 -0.025770 22.216372 -18.800514 772.344666 -10.902044 -18.097700 770.056396 55.334785 -19.503328 774.632935
623 336 632 330 644 330 654 335 644 339 633 340 707 333 716 327 727 327 737 333 727 336 717 336 1276 298 -87.553322 62.944775 17.037809 -0.131138 -0.107579 -0.041776 20.601336 -19.454271 767.958496 -12.382920 -18.307770 764.313721 53.585590 -20.600775 771.603210
626 336 636 330 647 330 657 336 647 339 636 340 711 334 720 328 731 328 740 334 731 337 720 337 136 296 137.529770 62.648457 17.783024 -0.111716 -0.099489 -0.028420 23.211193 -19.053286 768.445618 -9.816221 -18.297436 765.102234 56.238609 -19.809135 771.789001
627 340 637 334 648 333 657 338 648 342 637 343 712 337 720 331 731 331 740 336 731 340 721 340 1518 997 -135.402802 200.913483 19.371325 -0.162207 -0.091885 -0.039395 23.783558 -17.103313 773.082336 -9.255819 -16.049828 769.943970 56.822937 -18.156801 776.220703
625 337 635 331 646 330 656 336 646 340 635 340 710 334 719 328 730 327 739 333 730 337 720 337 1420 62 -115.961647 16.343563 16.101002 -0.131003 -0.122867 -0.044774 22.300444 -18.923315 764.293213 -10.621261 -17.711542 760.139587 55.222149 -20.135088 768.446838
629 337 639 331 650 330 660 336 650 339 639 340 714 335 723 329 734 328 743 334 734 338 723 338 290 184 107.134850 40.525227 17.281904 -0.142717 -0.080989 -0.028314 25.617529 -18.866995 771.203308 -7.465358 -18.122643 768.459534 58.700417 -19.611345 773.947021
652 293 666 285 682 285 694 294 680 298 666 298 764 294 777 286 792 286 804 294 791 299 777 299 399 438 85.588791 90.657959 18.115948 -0.033740 -0.103375 0.002531 43.784760 -38.087307 572.447632 10.757298 -38.229027 569.023254 76.812218 -37.945591 575.872009
649 296 662 288 677 288 690 296 676 300 662 301 760 296 772 288 787 287 799 294 786 299 773 300 1058 740 -44.554611 150.218857 18.758224 -0.076542 -0.080659 -0.016652 41.724335 -37.485744 579.668091 8.632018 -37.036373 576.974304 74.816650 -37.935120 582.361816
649 298 662 290 677 290 690 298 676 302 662 303 760 298 772 290 787 289 799 297 787 301 773 301 1581 858 -147.827927 173.468048 18.833956 -0.092572 -0.080232 -0.016962 41.840054 -36.340614 579.703918 8.746750 -35.901981 577.020569 74.933357 -36.779247 582.387268
643 296 655 288 671 288 684 296 670 300 656 301 754 295 766 287 781 286 794 293 781 298 767 299 1368 344 -105.722435 72.017685 17.141169 -0.045767 -0.141885 -0.027228 37.750996 -37.044819 569.104004 4.892055 -36.251770 564.390076 70.609932 -37.837868 573.817871
648 296 661 288 677 288 690 296 676 301 661 301 760 296 772 287 788 286 800 294 787 299 773 299 662 192 33.685955 42.072365 17.064936 -0.036592 -0.141184 -0.020812 40.870747 -36.610802 565.831604 8.003446 -36.007866 561.147949 73.738045 -37.213737 570.515259
648 302 661 294 676 294 689 302 676 306 661 306 760 301 772 293 787 293 798 300 786 305 773 305 659 1021 34.196777 205.725540 20.023829 -0.064598 -0.080470 -0.013489 41.317013 -33.956722 577.489502 8.222628 -33.595840 574.807861 74.411400 -34.317600 580.171082
646 298 659 290 675 290 688 299 674 303 659 303 759 298 771 289 786 289 798 296 786 302 772 302 580 198 49.875538 43.263908 17.140453 -0.021697 -0.161149 -0.018996 39.615898 -35.006058 561.322510 6.847249 -34.436047 555.988586 72.384544 -35.576073 566.656372
646 302 658 295 674 295 687 302 673 306 659 307 758 301 770 293 784 292 797 299 784 304 770 304 939 797 -21.064718 161.481506 19.040070 -0.061161 -0.112996 -0.028373 39.667534 -33.790222 572.177856 6.687744 -32.965385 568.407898 72.647324 -34.615055 575.947815
657 296 670 288 686 289 698 297 685 301 670 301 769 297 781 289 796 289 808 297 796 302 782 301 1 161 164.197601 36.009766 17.390594 -0.011527 -0.158899 -0.001860 45.756382 -35.757332 564.757751 12.969931 -35.726162 559.503479 78.542831 -35.788502 570.012024
651 299 664 292 680 292 692 300 679 304 665 304 763 299 775 291 790 291 802 298 789 303 776 303 147 592 135.328812 121.080879 18.831549 -0.032160 -0.117420 -0.011572 42.890556 -34.942837 573.067566 9.916585 -34.622173 569.172180 75.864532 -35.263500 576.962952
654 298 667 290 683 290 696 299 682 303 667 303 766 298 778 290 793 290 805 298 793 303 779 302 107 225 143.262543 48.634850 17.548916 -0.018073 -0.161516 -0.007540 44.178444 -34.979675 563.858398 11.406730 -34.778782 558.516724 76.950157 -35.180565 569.200134
648 297 661 288 677 288 690 297 676 301 662 301 761 296 773 287 788 287 800 294 788 300 774 300 1371 34 -106.284279 10.820316 16.033468 -0.046028 -0.183456 -0.026505 40.857704 -36.078922 560.620667 8.221596 -35.343929 554.545837 73.493813 -36.813919 566.695557
644 299 657 291 673 291 686 299 672 304 657 304 756 298 768 289 784 289 796 296 783 302 769 302 826 460 1.279261 94.964081 17.912617 -0.042412 -0.155108 -0.027864 38.521782 -35.002312 564.738464 5.728374 -34.190159 559.591431 71.315193 -35.814465 569.885559
646 298 659 290 676 290 689 298 675 303 660 303 759 297 771 288 787 288 799 295 787 301 772 301 789 19 8.627939 7.909453 16.364058 0.049843 0.272433 -0.025284 39.095352 -34.928440 559.004395 7.125389 -34.323666 567.955078 71.065315 -35.533211 550.053650
642 301 655 294 671 294 683 301 670 306 656 306 754 300 766 292 781 291 793 298 781 303 767 304 829 465 0.686446 95.950874 17.928473 -0.033046 -0.177204 -0.029773 37.262012 -33.755856 564.711304 4.591764 -32.869675 558.843689 69.932259 -34.642033 570.578979
641 304 654 296 670 296 683 304 669 308 655 308 753 302 765 293 780 293 792 300 780 305 766 305 1074 818 -47.721336 165.615448 19.025879 -0.055921 -0.134588 -0.036624 37.093613 -32.978439 569.694336 4.211197 -31.891624 565.208191 69.976028 -34.065254 574.180420
647 306 659 299 675 299 687 306 674 310 660 310 759 305 771 297 785 296 797 303 785 308 771 308 158 1031 133.113800 207.742935 20.390135 -0.031488 -0.108380 -0.021422 40.164906 -31.702566 573.125977 7.162504 -31.049412 569.523926 73.167305 -32.355721 576.727966
640 325 654 315 672 314 687 324 672 330 655 331 760 318 773 306 789 304 802 311 790 320 775 321 597 85 46.530148 20.955105 16.726181 0.044454 0.451569 -0.086808 34.186592 -20.031376 503.806763 4.430362 -17.577776 518.336243 63.942818 -22.484974 489.277252
637 310 650 302 667 301 680 308 666 313 651 314 753 303 765 294 780 293 792 299 780 305 766 306 580 477 49.848110 98.341309 18.135603 -0.025442 -0.244748 -0.075978 34.352333 -29.574697 539.431274 2.231856 -27.182474 531.362061 66.472809 -31.966923 547.500488
642 308 654 301 670 300 683 307 670 311 656 312 752 300 763 291 777 289 790 293 778 300 765 301 282 569 108.676529 116.528786 18.660418 0.310034 0.084835 -0.117989 37.683567 -34.405788 591.046875 4.825955 -30.996510 594.410461 70.541176 -37.815067 587.683228
