576 331 592 325 609 327 623 335 607 337 591 336 713 341 727 335 743 336 756 344 742 347 727 346 127 301 102.212852 74.519867 -7.254985 -0.292699 -0.054533 0.063529 19.352343 -8.421094 520.366455 -13.736986 -10.761096 518.889893 52.441673 -6.081091 521.843018
555 331 571 324 588 325 603 333 587 336 571 335 694 338 709 331 726 332 740 341 725 344 709 342 497 115 28.472143 37.786171 -7.612728 -0.353005 -0.014624 0.055210 9.718266 -9.420330 514.030334 -23.432964 -11.299532 513.875122 42.869499 -7.541128 514.185486
585 327 601 322 618 323 632 331 616 334 600 333 722 339 736 333 751 335 765 343 750 346 736 344 73 264 112.901680 67.186424 -8.501655 -0.309026 -0.054891 0.081415 23.617695 -9.704552 521.269775 -9.428444 -12.639977 519.892944 56.663834 -6.769127 522.646606
520 332 535 324 551 324 565 331 550 336 534 336 653 331 668 323 685 323 701 331 685 335 669 335 1176 111 -106.466393 37.134007 -1.438590 -0.334868 0.063568 0.006139 -9.320653 -11.727834 524.214600 -42.458405 -11.577760 526.318542 23.817099 -11.877907 522.110657
555 343 571 337 587 338 602 346 586 349 570 348 693 350 707 343 724 344 737 351 723 355 707 355 602 648 8.215386 143.289230 4.147189 -0.374439 -0.018174 0.045970 9.163624 -3.521130 517.950745 -24.001101 -5.123172 517.643921 42.328350 -1.919088 518.257568
524 334 539 326 555 327 569 335 554 339 538 339 658 338 673 330 690 330 706 338 690 343 674 342 1414 32 -153.853149 21.548666 -0.845728 -0.273404 0.052170 0.034222 -7.088371 -9.100887 520.323303 -40.228977 -9.987143 522.187317 26.052235 -8.214633 518.459351
542 335 557 328 574 329 588 337 573 340 557 340 680 341 695 333 712 334 727 342 712 346 696 345 793 225 -30.224569 59.616127 -2.658524 -0.370900 0.016262 0.044698 3.000777 -7.776817 513.711487 -30.166912 -9.127684 514.510986 36.168465 -6.425951 512.911987
546 338 562 331 579 332 594 340 578 343 561 343 686 344 701 338 718 338 733 347 717 350 701 349 685 308 -8.667435 76.019768 -1.972796 -0.382965 0.006436 0.050345 5.507723 -6.100396 511.233643 -27.654852 -7.690396 511.758209 38.670300 -4.510396 510.709076
526 348 540 341 556 342 570 350 555 354 540 353 661 352 676 345 693 345 708 352 693 357 676 357 1390 636 -148.393265 141.076248 11.163473 -0.306241 0.033712 0.029890 -6.003747 -2.023305 518.612915 -39.175125 -2.829973 519.865295 27.167633 -1.216638 517.360535
538 341 553 333 570 334 584 343 569 347 552 346 676 347 690 339 708 339 723 348 707 352 691 351 963 305 -63.916286 75.483154 0.527469 -0.343957 0.019075 0.043611 0.854789 -4.966119 514.552429 -32.312782 -6.277459 515.419739 34.022362 -3.654780 513.685181
536 336 552 329 569 329 583 338 567 342 551 342 674 342 689 334 707 334 722 343 706 347 690 347 1088 54 -89.043793 25.835550 -3.403454 -0.327618 0.028926 0.042949 0.263866 -7.250484 513.579102 -32.896835 -8.494690 514.753540 33.424568 -6.006279 512.404663
589 327 605 322 622 324 637 332 621 334 604 333 725 339 739 334 755 335 768 343 754 346 739 344 1 262 127.207565 66.775833 -9.205436 -0.316985 -0.059561 0.082070 25.694647 -9.509287 523.506165 -7.341013 -12.494952 521.992676 58.730305 -6.523622 525.019653
531 331 545 324 561 325 575 333 560 337 544 336 664 337 679 329 696 330 711 338 696 343 680 342 1291 64 -129.373444 27.856255 -1.330874 -0.315224 0.053281 0.052871 -4.091818 -9.892599 522.206665 -37.203903 -11.341209 524.219360 29.020267 -8.443989 520.193970
567 329 583 322 600 324 614 333 598 336 582 335 705 340 720 333 736 334 750 342 735 346 720 345 400 49 47.672974 24.704752 -9.842741 -0.336059 -0.036272 0.072511 15.198947 -9.238411 515.950317 -17.897812 -11.798830 515.170288 48.295708 -6.677992 516.730347
559 330 575 323 593 325 607 333 591 336 574 335 698 339 713 333 730 334 744 343 729 346 713 345 629 113 2.238218 37.417477 -6.437205 -0.352348 -0.022942 0.067444 11.662721 -9.010135 514.174866 -21.458738 -11.334437 513.819641 44.784180 -6.685832 514.530029
532 336 547 328 564 329 577 338 562 341 546 341 667 342 681 334 699 335 714 343 698 347 682 346 1291 193 -129.225967 53.385548 1.281225 -0.326580 0.041760 0.049344 -2.961745 -7.474903 521.425415 -36.097820 -8.858930 523.051636 30.174330 -6.090875 519.799194
547 341 563 335 579 336 593 344 578 347 562 346 684 349 699 343 716 344 730 352 715 355 699 354 974 567 -65.802742 127.335609 5.933999 -0.373653 0.008283 0.065643 5.126515 -4.062520 518.214661 -28.006487 -6.139477 518.885498 38.259518 -1.985563 517.543823
531 346 546 339 563 339 577 348 561 351 545 351 668 350 683 342 701 342 716 350 700 355 684 354 1150 442 -100.921158 102.634064 5.024254 -0.350075 0.034216 0.030523 -2.663011 -3.078723 515.169678 -35.833282 -3.874498 516.457947 30.507259 -2.282949 513.881470
477 241 492 233 510 233 525 241 509 246 492 247 617 241 632 232 651 231 667 239 651 245 634 245 856 237 -42.730495 62.003880 -1.835164 -0.291225 0.000503 -0.007845 -27.111420 -54.473881 503.320465 -60.315212 -54.214653 503.299255 6.092375 -54.733109 503.341675
498 258 513 251 531 252 545 261 529 265 513 264 637 265 652 257 671 257 686 265 670 270 653 270 909 268 -53.227459 68.149712 -0.719200 -0.361531 -0.012517 0.035789 -17.444019 -44.181381 504.546417 -50.625229 -45.418037 504.352356 15.737190 -42.944725 504.740509
462 272 475 265 491 266 505 273 491 277 476 277 597 272 612 264 629 263 645 269 629 275 613 275 1417 518 -153.893723 117.729416 9.022842 -0.330041 0.003425 -0.016550 -37.056511 -40.579582 514.310486 -70.256622 -40.021408 514.332336 -3.856397 -41.137756 514.288696
483 184 501 178 520 180 536 189 518 191 500 189 644 192 660 184 678 184 693 190 677 195 660 195 359 560 56.404846 125.824005 0.126709 0.384238 -0.060962 0.034176 -15.847792 -68.802284 436.101074 -48.972538 -69.524490 433.912628 17.276955 -68.080070 438.289490
438 194 454 188 472 189 487 199 471 202 454 201 595 201 611 192 630 191 646 198 629 204 611 204 810 551 -33.230206 124.135506 4.099205 0.360820 -0.122069 0.036037 -36.123501 -65.620918 441.638519 -69.062630 -66.066170 437.470123 -3.184375 -65.175667 445.806885
404 196 419 191 435 193 450 201 435 203 419 202 557 205 574 198 592 198 608 203 592 208 574 208 1197 733 -109.928543 160.233063 11.349641 -0.264227 -0.023799 0.029575 -52.928963 -66.095840 455.483307 -86.109993 -67.170052 454.831390 -19.747934 -65.021629 456.135254
422 171 438 164 457 165 473 175 456 179 438 178 579 179 596 169 616 168 633 177 615 183 597 183 861 84 -43.899029 31.725977 -4.887175 0.393403 -0.129134 0.043073 -42.104950 -74.984055 441.404846 -75.006523 -75.542015 436.962463 -9.203374 -74.426086 445.847198
405 193 420 187 438 188 453 196 437 199 421 198 558 196 574 188 592 187 609 193 592 199 575 199 1061 595 -83.059769 132.894714 7.302433 -0.320044 -0.029980 -0.010152 -52.804260 -69.613708 459.503601 -85.992584 -69.440331 458.471710 -19.615938 -69.787086 460.535492
455 209 473 203 492 204 510 211 491 214 473 214 612 212 628 205 646 205 661 211 645 216 629 216 214 743 85.429108 162.010193 2.496466 -0.313324 -0.054707 -0.000682 -29.582773 -62.219635 457.298248 -62.738308 -62.479576 455.508667 3.572760 -61.959690 459.087860
610 289 625 283 643 286 656 298 640 300 624 298 746 308 761 300 780 302 793 311 778 316 761 315 147 756 98.758514 164.569153 2.142479 0.024231 0.405645 0.116075 32.217659 -23.743332 478.981873 1.924699 -27.644650 492.007843 62.510620 -19.842016 465.955902
608 250 625 244 644 246 660 256 642 258 624 257 755 265 770 259 788 260 802 269 786 273 770 271 50 243 117.448341 63.025768 -9.138762 -0.320060 -0.046989 0.093568 34.905151 -42.275688 472.704010 1.880634 -45.571533 471.665588 67.929665 -38.979843 473.742432
589 271 607 264 626 266 642 275 624 278 606 277 736 282 752 276 770 277 784 286 769 289 752 288 80 347 111.605492 83.613686 -6.756516 -0.146147 -0.090818 0.067854 27.213835 -34.371849 477.011719 -5.778211 -36.831841 474.177460 60.205879 -31.911860 479.845978
460 318 473 311 490 311 504 319 489 323 474 323 596 317 610 309 628 308 644 314 628 320 612 321 1376 741 -145.491089 161.853027 13.160628 -0.038781 0.080978 -0.008772 -37.908535 -18.276930 511.588074 -71.003281 -17.933933 514.267639 -4.813795 -18.619926 508.908508
482 318 497 312 513 313 527 321 512 324 496 324 621 326 636 318 654 319 669 326 653 330 637 330 1281 843 -126.495651 182.019470 14.350843 0.034217 0.044147 0.050416 -25.774645 -15.305466 503.303986 -58.904938 -17.003002 504.739838 7.355647 -13.607929 501.868103
469 296 483 288 499 288 513 296 498 301 483 301 605 296 620 288 638 288 653 296 638 301 621 301 1199 295 -110.826706 73.552605 2.499077 -0.164236 0.084859 0.013335 -33.436337 -28.600521 512.831970 -66.518997 -28.810064 515.669800 -0.353681 -28.390978 509.994080
502 299 517 292 535 293 550 302 533 305 517 305 644 306 660 299 678 299 693 308 677 312 660 311 779 345 -27.305243 83.361427 -0.357635 0.154006 -0.019484 0.055171 -14.615324 -23.886250 494.400391 -47.763428 -25.660223 493.615601 18.532780 -22.112274 495.185150
501 312 516 305 534 307 548 317 532 320 515 319 643 323 658 315 676 316 691 325 675 329 658 328 830 632 -37.112099 140.169632 5.923605 0.119528 0.002811 0.073027 -15.318018 -16.567661 492.776672 -48.434307 -18.990145 492.725037 17.798269 -14.145177 492.828308
511 295 527 288 545 289 560 299 543 302 526 301 655 304 670 296 688 297 702 306 687 311 670 310 536 166 20.780190 47.887157 -6.220758 -0.247771 -0.032255 0.058254 -9.969934 -25.566832 499.451782 -43.101536 -27.611956 498.630798 23.161667 -23.521708 500.272797
458 304 472 296 489 296 503 305 488 309 472 309 594 304 609 296 628 295 644 303 628 309 611 309 1392 304 -149.170258 75.373360 4.459285 -0.104855 0.084644 0.006480 -37.993954 -24.432642 506.917816 -71.079300 -24.500019 509.731140 -4.908605 -24.365267 504.104492
538 309 555 304 573 305 588 314 571 316 554 315 680 320 695 313 712 314 726 322 711 325 695 324 121 825 104.004234 178.219025 3.300129 0.073600 -0.054205 0.060840 2.628070 -18.423393 501.798859 -30.466619 -20.373352 499.928345 35.722759 -16.473433 503.669373
502 315 517 308 535 309 550 318 534 321 517 320 645 321 660 314 678 314 692 322 677 326 661 325 591 753 10.521391 164.066635 6.171981 0.150544 -0.023252 0.038424 -14.404060 -16.800791 493.150604 -47.575455 -18.013397 492.285828 18.767334 -15.588185 494.015350
473 320 487 314 504 314 518 323 503 326 487 326 612 326 628 319 646 319 661 326 645 331 629 331 1382 836 -146.574829 180.654907 15.139542 0.075759 0.020287 0.043470 -29.616707 -14.688198 499.190735 -62.783340 -16.155178 499.808807 3.549927 -13.221219 498.572662
517 289 534 282 552 283 567 292 551 295 533 294 660 297 675 290 693 291 707 300 692 304 676 302 473 177 33.312408 50.051136 -6.578394 -0.241451 -0.076503 0.046996 -7.033292 -28.985945 504.994049 -40.105007 -30.834208 502.669128 26.038422 -27.137682 507.319000
520 293 536 287 554 288 569 296 553 300 536 299 663 301 678 295 695 296 709 304 694 308 678 307 513 280 25.481176 70.443207 -4.124274 -0.200988 -0.079167 0.043420 -5.944307 -26.907330 504.883667 -39.014313 -28.600542 502.420471 27.125698 -25.214117 507.346863
531 302 548 296 566 297 582 306 565 309 547 308 674 312 690 306 707 307 721 315 706 319 689 317 252 502 77.602066 114.323738 -2.033436 0.072644 -0.046391 0.061531 -0.253648 -21.731682 498.126648 -33.359966 -23.715097 496.514984 32.852669 -19.748268 499.738312
467 307 481 300 498 300 512 308 497 312 481 312 605 308 621 300 639 299 654 306 639 312 622 312 1216 477 -113.996964 109.574173 6.340973 -0.065941 0.070837 0.008747 -33.058392 -22.732868 504.202240 -66.178688 -22.945354 506.560242 0.061910 -22.520380 501.844238
515 333 534 325 557 329 574 343 554 346 533 343 699 353 719 342 743 342 762 353 741 360 719 359 1073 647 -85.385017 143.188065 8.465919 0.111941 0.045449 0.084923 3.154916 -3.226252 376.367706 -29.896147 -6.120186 377.713806 36.205978 -0.332318 375.021606
467 309 484 299 505 299 523 310 505 316 485 316 637 307 655 294 677 293 696 302 677 311 657 311 1320 93 -135.103302 33.601353 -0.476502 -0.094437 0.118628 -0.012733 -18.796633 -18.284391 407.401337 -51.765572 -17.677593 411.305267 14.172304 -18.891190 403.497437
485 329 502 320 523 321 540 333 522 338 502 338 662 335 681 323 703 321 723 331 703 339 682 339 1199 403 -110.703247 94.925972 4.685951 -0.037913 0.102517 0.022726 -10.129581 -8.546967 392.734589 -43.151524 -9.235551 396.145874 22.892361 -7.858382 389.323334
529 304 548 295 570 297 588 310 568 314 548 313 713 315 732 303 755 303 774 314 754 321 733 321 839 35 -39.583103 22.024286 -6.082037 0.121567 0.023967 0.045606 8.091437 -15.969796 380.408600 -25.069372 -17.528034 381.110199 41.252247 -14.411558 379.707001
928 347 939 338 955 338 967 347 955 353 940 353 1045 345 1058 335 1075 334 1089 342 1075 349 1060 350 285 451 70.985855 104.237541 -2.762121 -0.030326 -0.196084 -0.023664 189.635590 -4.307944 528.974060 157.076263 -3.625810 522.494507 222.194916 -4.990077 535.453613
476 337 492 330 510 330 525 339 508 343 491 343 626 340 643 330 662 330 680 338 662 344 644 344 1279 649 -126.319984 143.626175 10.404145 -0.356367 -0.011562 -0.001490 -22.651871 -7.288580 466.025726 -55.854450 -7.307828 465.641174 10.550711 -7.269332 466.410309
464 326 480 318 497 317 512 326 496 331 480 332 611 324 627 314 646 314 664 322 647 328 628 328 1365 440 -143.649216 102.282417 6.964395 -0.300759 0.042457 -0.015080 -29.626114 -13.776548 476.972717 -62.797482 -13.073133 478.286163 3.545256 -14.479964 475.659302
542 324 560 319 580 321 596 330 578 332 559 331 696 338 713 332 730 333 746 342 729 345 712 343 345 831 59.496796 179.452438 5.485171 -0.433379 -0.050078 0.078027 7.483011 -9.386916 463.863373 -25.581408 -12.248263 462.806732 40.547432 -6.525569 464.920044
499 320 516 312 535 313 551 323 534 327 516 326 653 326 669 318 688 318 704 327 688 332 670 331 911 474 -53.389412 108.917831 3.470484 -0.391131 -0.042634 0.025926 -11.464283 -13.596264 464.841034 -44.628292 -14.708280 463.627991 21.699726 -12.484247 466.054108
530 305 548 297 568 297 584 306 566 310 548 309 681 312 697 305 715 307 731 317 715 320 697 318 346 130 58.496696 40.723686 -8.700048 -0.401996 -0.056878 0.053922 1.603553 -19.986248 472.658936 -31.500694 -22.101408 471.177551 34.707802 -17.871088 474.140320
499 305 514 298 532 299 546 310 530 313 513 312 646 316 662 307 680 308 695 317 679 322 662 321 1126 21 -96.633049 19.312605 -3.721599 -0.317604 0.009801 0.064835 -14.455408 -19.562565 478.139923 -47.589458 -21.626627 478.798615 18.678644 -17.498501 477.481262
495 313 512 306 531 307 546 317 529 321 511 320 648 322 665 313 684 314 700 323 683 328 665 327 1089 394 -88.853836 93.122269 3.490362 -0.362475 -0.032048 0.039755 -13.364105 -15.928998 463.724457 -46.526108 -17.410477 462.920502 19.797899 -14.447520 464.528412
514 303 532 296 551 297 567 308 549 311 531 310 668 315 685 308 704 309 720 319 703 323 685 321 721 38 -16.130178 22.593758 -7.108339 -0.360516 -0.053007 0.068872 -4.626035 -19.049377 462.325592 -37.706879 -21.597845 461.013092 28.454809 -16.500910 463.638092
465 303 480 295 498 296 512 304 496 309 480 309 611 304 627 295 646 295 662 303 646 309 628 309 1435 93 -157.956619 33.624969 0.582909 -0.213101 0.051270 0.007632 -29.829317 -23.187836 477.520599 -62.989700 -23.258556 479.236267 3.331067 -23.117115 475.804901
475 327 491 319 509 320 525 329 508 333 491 333 625 331 642 323 661 323 679 331 661 336 643 336 1332 798 -136.682053 173.124374 13.909472 -0.347762 -0.019118 0.016045 -23.185095 -11.316098 468.964722 -56.379669 -11.947414 468.434387 10.009480 -10.684783 469.495056
509 315 528 308 548 309 564 319 546 322 527 321 666 326 683 318 702 320 719 329 701 332 683 331 608 659 7.035614 145.467392 4.425200 -0.416594 -0.064407 0.056135 -5.690722 -14.165755 455.133728 -38.776161 -16.412823 453.441406 27.394718 -11.918690 456.826050
489 329 506 322 525 322 541 332 523 335 505 335 644 335 660 327 680 328 696 336 679 341 661 340 986 677 -68.061684 149.107239 8.271917 -0.373846 -0.051266 0.026996 -15.437337 -9.505833 460.221710 -48.587078 -10.695414 458.725311 17.712404 -8.316253 461.718109
510 319 528 312 548 314 565 324 546 327 528 325 667 331 685 324 704 325 720 334 703 338 685 337 795 666 -30.117872 146.891098 6.289636 -0.411769 -0.073661 0.060421 -5.207316 -11.904208 453.299988 -38.263664 -14.347404 451.333221 27.849031 -9.461013 455.266754
525 328 544 322 563 324 580 332 562 334 543 333 683 341 700 335 718 336 734 344 717 347 700 346 307 870 67.092911 187.162796 5.924809 -0.410137 -0.063375 0.071324 1.229559 -8.045352 456.032104 -31.826334 -10.769482 454.467926 34.285454 -5.321223 457.596283
482 318 499 310 518 311 534 320 517 324 499 324 637 324 654 315 674 316 691 324 673 330 655 329 1163 360 -103.598320 86.408813 3.483609 -0.323123 -0.029962 0.028425 -18.220814 -14.458913 458.741577 -51.397556 -15.545470 457.915344 14.955931 -13.372355 459.567841
482 318 499 311 518 312 533 322 516 326 498 325 635 326 652 318 672 318 689 327 671 332 653 331 1229 361 -116.712997 86.620270 4.111868 -0.329334 -0.034949 0.033352 -18.813025 -13.788227 461.297119 -51.979446 -15.064687 460.338654 14.353398 -12.511767 462.255615
593 163 610 156 628 157 643 167 626 170 609 169 737 172 752 164 770 165 784 174 769 179 752 178 514 381 25.397915 90.431465 -2.069930 -0.220847 -0.013915 0.059331 28.736563 -87.217087 496.055664 -4.406862 -89.220764 495.814209 61.879986 -85.213409 496.297089
626 185 642 178 661 181 676 192 659 194 641 192 762 201 778 193 796 194 810 204 794 208 777 207 151 891 98.117950 191.286682 4.912920 -0.038183 -0.019071 0.103679 43.437733 -76.571594 509.145935 10.417229 -80.019096 508.579681 76.458237 -73.124084 509.712189
631 144 646 139 663 142 676 153 661 155 645 152 765 163 780 156 797 157 810 165 795 170 779 168 51 154 117.147873 45.412739 -10.931696 -0.038405 -0.100428 0.093013 45.430973 -96.813843 516.048218 12.536716 -99.955841 512.783997 78.325226 -93.671844 519.312500
576 233 593 227 612 229 627 239 610 241 592 239 721 245 736 238 753 239 767 247 752 251 736 250 131 544 101.695755 122.610756 -2.297670 -0.172566 -0.010372 0.074597 21.018471 -53.716145 497.038452 -12.092447 -56.208138 496.909180 54.129387 -51.224152 497.167725
551 228 567 222 585 224 599 235 583 237 566 236 695 243 711 235 729 235 743 244 727 249 711 248 743 494 -19.980825 112.841362 2.327799 0.264906 0.012287 0.085445 8.694277 -53.941071 484.869080 -24.387617 -56.795372 484.898438 41.776169 -51.086769 484.839722
564 216 580 210 598 212 613 222 596 224 579 223 707 230 723 223 741 225 755 234 739 237 723 236 646 224 -1.013206 59.388035 -4.032976 -0.263287 -0.008010 0.092457 14.884897 -60.753941 495.325073 -18.177855 -63.819023 495.464081 47.947651 -57.688862 495.186096
528 213 542 206 559 208 573 217 557 221 542 220 665 223 680 215 699 216 714 224 698 229 681 228 1338 84 -138.690628 31.823936 -0.492921 -0.205423 0.078097 0.080341 -4.179082 -65.304535 508.852936 -37.176418 -67.682838 511.695282 28.818254 -62.926231 506.010559
498 225 510 220 525 222 537 231 524 234 511 232 618 234 630 225 646 223 657 229 645 236 631 236 36 673 120.722054 148.120544 -0.560736 0.145841 0.131584 0.028446 -27.599819 -67.522636 572.503662 -60.504726 -68.778542 576.775574 5.305088 -66.266731 568.231750
443 234 459 227 477 228 492 238 475 241 459 240 581 241 596 232 614 232 629 241 613 246 596 245 844 830 -39.667892 179.357010 10.061846 -0.329606 -0.083087 0.013618 -44.909267 -56.997406 517.357849 -77.997520 -57.891232 514.725647 -11.821019 -56.103577 519.990051
444 229 459 222 477 223 492 232 476 235 459 235 582 235 597 228 614 228 628 235 613 240 597 240 900 767 -50.868488 166.900711 9.302056 -0.302710 -0.080534 0.015168 -44.927681 -59.938351 519.422180 -78.021904 -60.835205 516.867310 -11.833455 -59.041496 521.977051
478 204 493 198 510 199 524 207 509 210 493 210 609 212 623 206 639 206 652 214 638 218 623 217 245 69 78.498138 28.630951 -10.865666 -0.213575 -0.108038 0.034901 -31.830944 -74.644417 542.645752 -64.822792 -76.173248 539.216370 1.160899 -73.115585 546.075134
509 216 522 210 538 212 550 222 536 224 522 222 632 229 645 222 660 222 672 230 659 234 645 233 36 471 120.491127 108.144432 -4.651000 -0.015062 -0.117089 0.069126 -19.793602 -69.976273 566.757263 -52.691948 -72.293671 562.898743 13.104741 -67.658875 570.615845
499 222 515 216 531 217 545 226 529 229 514 228 626 233 640 226 656 227 669 236 655 239 640 238 6 622 126.625488 138.021408 -1.869795 -0.125559 -0.091942 0.067652 -22.532324 -65.639923 553.053894 -55.521324 -68.066742 550.156311 10.456675 -63.213108 555.951538
472 227 488 221 505 223 520 232 504 234 487 233 607 238 621 231 637 232 651 239 636 243 621 242 502 826 28.291327 178.495163 6.830254 -0.297511 -0.100657 0.046584 -32.760502 -60.555267 529.623535 -65.762779 -62.569237 526.565308 0.241780 -58.541294 532.681824
436 232 451 226 468 227 482 236 467 239 451 239 571 240 586 232 604 232 619 239 603 245 587 244 1203 838 -111.000854 181.013947 13.531042 -0.277207 -0.065548 0.023663 -49.782925 -58.375027 523.031738 -82.907654 -59.449726 520.992859 -16.658194 -57.300327 525.070557
455 228 471 221 490 223 505 232 488 235 471 234 592 237 607 230 624 230 638 239 623 243 607 242 607 645 7.218334 142.696564 4.132504 -0.314380 -0.107332 0.031023 -39.584209 -59.577251 521.301086 -72.583694 -61.143398 517.963379 -6.584721 -58.011105 524.638855
457 211 473 205 490 207 504 216 488 219 472 218 593 222 608 215 624 216 637 224 623 228 607 227 637 115 0.650708 37.814922 -6.323009 -0.278533 -0.092189 0.048540 -39.822620 -68.028473 527.041260 -72.848541 -70.039757 524.247864 -6.796701 -66.017197 529.834656
480 208 495 202 513 203 527 212 511 215 495 214 611 219 625 212 641 213 654 222 640 225 625 224 212 160 85.160080 46.633209 -9.327027 -0.236809 -0.135158 0.049089 -30.501453 -71.274475 539.659729 -63.365158 -73.411690 535.420776 2.362254 -69.137253 543.898682
483 211 499 205 516 206 530 215 514 217 498 216 615 221 629 216 644 217 657 225 643 228 629 226 103 345 107.032547 83.222603 -6.585131 -0.244203 -0.138645 0.050603 -28.771252 -70.071335 541.162537 -61.616859 -72.287193 536.824829 4.074356 -67.855476 545.500183
529 303 546 297 566 300 581 312 563 314 545 312 680 321 696 312 714 313 729 322 712 327 695 326 299 728 68.520378 159.059128 2.975777 -0.284890 -0.054198 0.085172 0.670957 -17.869081 467.582642 -32.365936 -20.908728 466.210083 33.707848 -14.829433 468.955200
516 284 532 277 552 280 567 292 549 294 532 292 667 300 683 291 702 291 717 300 700 306 683 306 348 120 58.087814 38.745079 -8.884112 0.133487 0.029410 0.075478 -5.016295 -26.500139 461.146393 -38.112385 -29.061255 461.952057 28.079796 -23.939024 460.340759
554 311 570 305 587 308 601 319 585 321 569 318 691 327 706 319 723 320 737 328 721 333 705 332 33 859 121.530861 184.929596 3.177910 -0.070103 -0.149375 0.092736 8.462017 -15.345070 494.627686 -24.231100 -18.579330 489.804901 41.155132 -12.110808 499.450500
535 284 550 278 568 281 582 291 566 294 550 292 677 299 692 291 710 291 724 300 708 305 692 304 136 185 100.291725 51.565140 -9.520940 -0.131709 -0.062324 0.074363 0.785613 -28.281733 489.631073 -32.263252 -30.875912 487.733093 33.834480 -25.687555 491.529053
479 292 496 286 516 289 532 300 514 303 495 301 636 309 653 300 672 300 688 309 670 315 652 314 732 473 -17.818861 108.683174 1.801238 0.264383 -0.031755 0.087528 -18.629787 -22.009222 443.320099 -51.691605 -24.739195 441.897766 14.432030 -19.279251 444.742432
582 290 595 284 611 286 623 295 609 298 595 296 703 301 716 294 731 294 743 301 730 306 716 305 53 78 116.663536 30.372635 -12.452183 0.187577 0.128435 0.052640 18.769361 -31.621872 575.131714 -14.117031 -33.752106 579.194580 51.655754 -29.491640 571.068848
552 300 568 294 586 296 600 304 584 307 567 306 686 311 700 305 716 307 730 315 715 318 700 317 278 241 72.136856 62.676788 -7.078862 -0.358860 -0.057331 0.074637 7.115189 -23.891554 534.508240 -25.944246 -26.651073 533.087585 40.174625 -21.132032 535.928955
510 301 524 295 540 297 553 306 538 309 523 308 642 313 656 306 673 306 686 315 672 319 656 318 1206 296 -112.216637 73.751945 2.583812 -0.367419 0.006846 0.083858 -15.373951 -23.205734 533.088257 -48.462620 -25.883474 533.815735 17.714720 -20.527992 532.360779
517 315 532 309 548 311 560 320 546 323 530 321 652 327 666 320 682 321 695 329 681 334 665 333 1076 750 -85.863441 163.572540 10.579186 -0.382067 -0.012376 0.085694 -11.122125 -15.979206 528.358398 -44.204060 -18.829931 528.494568 21.959810 -13.128482 528.222290
1112 202 1119 197 1129 198 1137 204 1129 206 1119 206 1188 206 1197 201 1209 201 1218 206 1208 210 1198 209 147 122 98.033737 39.099606 -10.695281 0.092055 -0.244300 0.012147 379.337311 -105.831917 748.491211 347.120178 -105.859428 740.452881 411.554443 -105.804413 756.529541
500 315 513 309 529 311 542 320 527 323 513 322 631 326 646 318 662 319 676 326 661 331 646 331 1335 700 -137.390259 153.730652 11.952724 0.191973 -0.055189 0.082882 -20.555382 -16.476278 526.458313 -53.596218 -19.031759 524.376953 12.485456 -13.920795 528.539734
516 299 531 292 547 294 560 304 545 307 530 305 651 311 666 303 682 304 695 313 681 317 665 316 856 193 -42.780796 53.296215 -2.726113 -0.394602 -0.010283 0.081122 -11.216119 -24.234030 527.954041 -44.311413 -26.921810 528.146057 21.879177 -21.546249 527.761963
514 309 529 303 546 305 559 314 544 317 528 316 650 322 665 315 682 316 696 324 681 329 665 327 978 560 -66.605644 125.951118 5.829106 -0.398434 -0.018623 0.083867 -11.624411 -18.648260 523.570679 -44.708378 -21.478079 523.516418 21.459555 -15.818441 523.624939
552 399 568 393 585 394 599 402 583 405 567 404 683 408 697 401 713 402 727 411 713 414 697 413 546 302 18.948418 74.803818 -3.374794 -0.505129 -0.036385 0.062808 6.359648 25.961945 543.610229 -26.759575 23.667198 542.969238 39.478870 28.256693 544.251221
840 212 854 205 869 206 881 213 868 215 854 215 951 217 963 211 977 212 989 220 976 222 963 220 124 769 103.344040 167.137161 2.193831 -0.185152 0.070192 0.083088 172.996262 -83.784157 639.020569 139.987106 -86.306984 641.587830 206.005417 -81.261330 636.453308
621 532 627 529 634 529 641 533 634 535 627 535 681 535 688 531 696 532 702 535 695 537 688 537 1439 105 -158.737808 36.000610 0.862744 -0.631044 0.057890 0.044571 35.047958 191.172058 1124.416748 1.928825 190.376022 1126.663696 68.167091 191.968094 1122.169678
833 214 847 209 863 209 876 213 862 216 847 217 955 214 968 209 982 209 995 215 982 217 968 217 407 598 46.909512 133.354111 1.338354 -0.073229 -0.023144 0.008462 152.687592 -74.598602 564.229919 119.492859 -74.907433 563.472473 185.882339 -74.289772 564.987366
833 216 847 211 862 211 876 215 861 217 847 217 954 216 966 211 980 212 992 217 980 219 967 218 326 133 62.474617 41.313282 -8.823547 -0.267571 0.091358 0.038913 156.929626 -76.080574 583.440979 123.887405 -76.952103 586.605164 189.971832 -75.209053 580.276794
836 217 850 211 865 212 878 217 864 219 850 219 950 218 962 213 976 213 988 219 976 221 963 220 140 562 99.927811 126.174828 -1.850280 -0.217240 0.123512 0.053019 162.345383 -77.949417 605.226318 129.438889 -79.247765 609.473206 195.251877 -76.651070 600.979431
542 398 556 391 573 393 586 402 571 405 556 404 669 406 683 398 699 398 712 406 698 411 683 410 651 329 -1.886793 80.168716 -1.860788 0.189694 0.003751 0.048981 -0.464036 24.863928 547.360535 -33.628914 23.236128 547.330566 32.700840 26.491726 547.390564
483 410 495 404 509 405 520 412 508 415 495 415 592 412 604 405 618 404 630 410 617 415 604 415 1435 864 -157.075226 186.207031 16.194759 -0.121676 -0.012070 0.004002 -43.762245 34.454651 641.122070 -76.964378 34.297752 640.730408 -10.560113 34.611546 641.513794
879 251 891 244 907 244 919 252 905 256 891 256 982 254 995 246 1010 247 1023 255 1010 259 996 258 15 675 124.897552 148.512024 -0.713696 0.028977 -0.220244 0.017314 179.227432 -56.138348 587.864685 146.829590 -56.602993 580.603638 211.625275 -55.673698 595.125793
530 391 544 385 560 385 573 393 558 396 544 396 651 397 664 391 680 392 693 399 679 402 665 401 630 373 2.336722 88.872070 -1.163297 -0.514764 -0.039272 0.044411 -9.007089 22.352835 579.610840 -42.154846 20.615103 578.735535 24.140667 24.090565 580.486145
883 246 894 241 905 242 914 248 904 250 893 249 972 252 982 247 993 248 1001 254 992 256 982 255 1229 453 -116.607819 104.827209 5.974761 0.002052 -0.082859 0.068653 228.023270 -75.381218 767.473877 195.010513 -77.653618 764.725525 261.036041 -73.108818 770.222229
589 384 601 379 615 381 626 389 613 391 600 390 696 395 708 388 722 389 733 395 721 399 708 399 44 370 118.785873 88.158028 -6.622435 0.110598 0.105358 0.057556 19.971430 22.084795 642.249512 -12.994623 19.989092 645.626953 52.937481 24.180496 638.872131
572 407 585 400 601 400 613 408 600 412 585 412 695 409 708 401 724 401 737 408 724 412 709 412 750 448 -21.424482 103.739326 1.460838 -0.500386 0.031308 0.010832 14.228666 28.869596 571.365906 -18.958303 28.779501 572.450623 47.415638 28.959692 570.281250
557 396 569 389 583 390 595 398 582 402 569 402 674 400 687 391 703 391 716 398 702 403 688 403 1317 190 -134.396240 52.797184 1.459998 -0.396841 0.089918 0.026694 3.810502 24.017021 581.115356 -29.250259 23.739277 584.192444 36.871265 24.294767 578.038269
564 411 577 405 592 406 604 413 591 417 576 416 686 415 700 408 716 408 731 415 716 420 701 419 1182 605 -107.094002 134.898590 8.619607 -0.396628 0.087303 0.037027 9.461265 31.915077 569.269226 -23.596302 31.286367 572.328918 42.518833 32.543785 566.209595
632 408 647 403 663 405 676 413 661 414 646 413 756 422 769 417 783 418 795 426 782 428 769 426 126 609 102.763680 135.473328 -1.027557 -0.373875 -0.019326 0.113182 46.973923 33.986778 571.781860 13.985213 30.205225 571.850037 79.962631 37.768333 571.713745
559 410 576 402 596 402 612 412 594 416 576 415 716 417 732 409 751 410 767 420 751 424 733 422 383 417 51.471985 97.529015 -2.547779 -0.567829 0.001173 0.052624 15.289654 26.020567 456.092133 -17.870392 24.377134 456.611786 48.449699 27.664000 455.572479
574 412 593 405 613 407 630 416 611 419 592 418 732 423 749 417 767 419 783 428 767 431 749 429 326 458 62.846153 105.631271 -2.242676 -0.566088 -0.009695 0.076441 22.325520 28.031778 455.106293 -10.783374 25.540749 455.500702 55.434414 30.522808 454.711884
565 396 584 389 604 391 621 400 602 403 583 401 720 409 738 403 756 405 772 415 755 417 737 415 342 543 59.763729 122.456184 -0.374129 -0.537052 -0.013326 0.095022 18.038900 22.032637 460.480316 -15.016810 18.915730 460.885864 51.094612 25.149544 460.074738
469 408 483 400 500 399 515 408 500 413 484 414 610 403 626 393 645 392 662 399 645 406 628 407 1295 301 -129.897400 74.759735 3.504948 -0.399586 0.077174 -0.035987 -29.971069 23.100664 490.561981 -63.057163 24.767550 492.818390 3.115026 21.433779 488.305573
512 397 529 388 548 388 563 397 546 402 528 402 664 398 680 389 699 390 716 399 699 404 681 403 627 151 2.679108 44.937325 -5.686174 0.196040 -0.022892 0.020129 -6.291671 18.835949 461.779846 -39.481106 18.246197 460.959412 26.897764 19.425701 462.600311
543 409 561 403 581 404 597 413 579 416 560 416 700 420 716 414 735 415 751 424 734 428 717 426 455 708 37.496483 155.133133 4.007915 -0.494778 -0.040065 0.066971 8.545535 27.104706 460.380341 -24.560261 24.650496 459.643646 41.651333 29.558918 461.117035
492 406 508 399 526 400 541 407 525 411 508 411 644 410 661 403 680 403 697 410 680 414 662 414 1191 769 -108.695038 167.356277 12.023326 -0.403497 -0.001658 0.019715 -15.186132 23.560831 465.558777 -48.384533 22.912895 465.635468 18.012270 24.208765 465.482056
525 393 543 386 562 387 579 396 560 400 542 399 682 401 699 394 718 395 734 404 717 409 699 407 645 559 -0.431513 125.684837 2.741170 -0.468844 -0.025892 0.052386 0.791281 19.191034 460.438110 -32.357887 17.317755 460.010223 33.940449 21.064312 460.865967
525 415 542 408 560 409 575 418 559 422 541 421 678 424 695 417 713 417 729 426 713 430 695 429 693 820 -9.671919 177.346985 8.468305 0.118684 0.013346 0.056050 -0.525112 28.620642 458.236237 -33.674892 26.738661 458.567810 32.624668 30.502621 457.904663
533 411 551 404 571 405 587 415 569 418 550 417 689 421 706 414 724 415 740 424 723 428 706 427 605 645 7.615783 142.696152 4.114079 -0.468833 -0.035363 0.060092 4.093588 27.712330 463.574463 -29.032011 25.520727 462.902771 37.219189 29.903933 464.246155
523 402 540 394 559 395 575 405 557 409 539 408 677 410 694 402 713 403 729 413 712 417 694 416 614 198 5.316257 54.236023 -4.854239 0.119853 0.011398 0.052837 -1.008954 22.742216 456.828796 -34.165329 20.970179 457.101196 32.147423 24.514254 456.556427
550 381 568 373 588 374 606 383 587 386 568 386 702 388 718 381 737 382 752 392 736 395 719 393 196 237 88.427696 61.868340 -7.915264 -0.424276 -0.064446 0.047587 11.087106 14.013775 473.492432 -22.012802 12.035360 471.748413 44.187012 15.992189 475.236450
507 415 523 409 540 410 555 418 539 421 522 421 657 424 674 417 693 417 709 426 692 430 674 429 1022 867 -74.998558 186.715927 12.450837 0.093355 -0.010398 0.063422 -9.395133 28.898743 462.892792 -42.531445 26.813446 462.450073 23.741179 30.984039 463.335510
610 540 617 536 626 536 633 541 625 544 617 544 678 542 685 537 694 537 700 541 693 545 686 545 1413 305 -153.342331 75.575569 4.672992 -0.178504 0.338620 -0.018611 25.383581 176.725296 998.336426 -5.935042 178.319580 1009.252502 56.702206 175.131027 987.420288
520 403 537 395 556 397 571 406 554 410 536 409 672 413 689 406 708 407 725 416 708 421 689 419 937 585 -58.429356 130.890244 5.957623 0.123895 0.003919 0.072241 -2.711933 23.873030 459.454346 -35.829994 21.474442 459.435669 30.406130 26.271620 459.473022
478 397 494 390 511 390 526 397 510 402 493 402 627 397 644 389 663 389 680 396 663 401 645 401 1342 460 -139.055695 106.235725 7.157489 -0.255009 0.055330 0.002512 -22.746466 18.711102 472.751343 -55.900639 18.861568 474.578369 10.407704 18.560633 470.924347
837 242 849 236 864 236 875 241 862 244 849 245 959 244 972 239 988 240 1001 247 987 249 973 248 323 264 63.220547 67.237762 -6.198587 0.081536 -0.157937 0.034682 145.450378 -55.409920 530.758240 112.678474 -56.342030 525.495789 178.222275 -54.477814 536.020691
529 412 548 403 568 403 585 413 566 417 547 417 692 419 710 411 730 412 748 423 730 427 711 425 719 240 -15.501805 62.569450 -3.036499 0.130920 0.007389 0.053879 4.188168 25.296217 431.263580 -28.967625 23.497118 431.391205 37.343960 27.095316 431.135956
470 413 485 405 504 406 519 416 503 420 485 420 616 418 632 409 651 409 667 418 650 424 632 423 1221 84 -115.439857 31.799908 -1.570757 -0.459030 0.035887 0.035492 -27.581104 28.078785 480.223633 -60.744370 27.210392 481.639069 5.582159 28.947178 478.808197
556 430 576 425 597 428 615 439 595 440 575 438 721 452 739 445 759 447 775 457 757 460 738 458 409 621 46.538357 137.906265 1.822502 -0.585173 -0.022173 0.124428 15.783220 37.037533 434.526581 -17.164213 32.939281 435.006683 48.730656 41.135784 434.046448
464 411 480 402 500 402 516 411 498 416 480 416 624 410 641 400 661 400 680 409 662 414 642 414 1044 287 -80.033554 71.937561 0.909184 -0.491099 -0.003527 -0.009998 -23.966530 23.104456 441.282196 -57.169514 23.395058 441.089844 9.236453 22.813856 441.474579
424 418 439 409 458 408 474 416 458 422 440 423 575 410 591 399 610 397 626 404 610 412 592 413 1285 323 -127.885010 79.111511 3.858300 -0.260456 0.031289 -0.056980 -45.864388 25.386230 467.297852 -78.999466 27.390079 468.079437 -12.729309 23.382381 466.516235
441 442 456 434 474 435 489 443 473 447 457 447 598 440 615 430 634 429 652 435 635 442 616 443 1436 608 -157.566605 135.544449 11.020270 -0.323636 0.021888 -0.026030 -35.133564 36.026310 447.352081 -68.319344 36.992020 447.927490 -1.947786 35.060600 446.776703
469 407 486 398 506 399 523 408 505 413 486 413 632 411 650 402 671 402 690 412 671 417 651 417 1095 143 -90.333122 43.450222 -1.536822 -0.434334 0.006029 0.025705 -20.495440 22.490379 434.656586 -53.688858 21.706324 435.032990 12.697983 23.274437 434.280212
497 412 515 404 534 406 550 416 532 420 514 419 661 424 679 415 699 416 716 426 698 431 679 430 942 199 -59.864250 54.501286 -1.812365 0.121105 -0.007831 0.074080 -8.842742 26.015121 424.829376 -41.955582 23.579306 424.421539 24.270096 28.450939 425.237244
506 433 523 426 542 429 558 441 540 444 522 442 668 450 686 440 706 440 722 450 705 456 686 455 896 762 -50.079304 165.910385 9.163963 0.122032 -0.009908 0.085796 -5.906928 35.807365 426.546387 -38.988132 32.989170 426.045105 27.174276 38.625565 427.047668
439 433 455 426 473 427 488 435 472 439 455 439 600 435 617 426 637 424 655 431 637 437 618 438 1398 721 -149.885895 157.899521 12.958322 -0.044073 0.025904 -0.000396 -34.167141 32.294552 433.444153 -67.360817 32.326649 434.303650 -0.973468 32.262455 432.584686
521 398 541 390 563 392 580 403 560 406 540 405 690 413 708 405 728 408 745 419 727 422 708 420 484 87 31.023552 32.242260 -8.299455 -0.496340 -0.045833 0.090163 2.525638 21.616892 427.590424 -30.512936 18.379780 426.860016 35.564209 24.854004 428.320801
502 394 517 387 535 388 550 398 534 402 517 401 645 400 660 391 678 391 692 399 677 405 660 405 1107 49 -92.825272 24.849945 -3.329665 0.055336 -0.091353 0.043529 -14.434793 20.314854 492.114716 -47.469784 18.956516 489.048096 18.600195 21.673193 495.181305
504 422 520 415 538 415 553 424 537 428 520 428 653 426 670 418 689 418 705 426 689 431 671 431 1071 375 -85.298515 89.358444 2.939813 -0.586987 -0.014265 0.017108 -10.645934 31.035877 466.516479 -43.842743 30.364864 466.231598 22.550875 31.706890 466.801392
488 441 504 433 522 433 537 442 521 446 504 446 637 443 654 434 673 433 690 441 673 447 655 447 1086 728 -87.875832 159.220749 10.225835 -0.490392 -0.029721 -0.001535 -17.742552 38.848442 471.069885 -50.932953 38.660233 470.110016 15.447850 39.036655 472.029785
543 404 561 397 580 399 595 408 578 412 560 411 693 416 709 409 727 410 743 420 726 423 709 422 660 377 -3.620441 89.669838 -0.805933 -0.484698 -0.046224 0.071682 7.021064 25.940998 476.022491 -26.065386 23.291212 475.114136 40.107513 28.590786 476.930847
575 390 590 384 608 385 622 394 606 398 590 397 715 398 729 390 746 390 759 397 745 403 729 402 81 128 111.156410 40.273460 -11.181798 -0.298173 -0.065034 0.029160 19.452829 19.464756 511.816803 -13.668306 18.192169 509.834259 52.573967 20.737343 513.799377
572 409 589 403 607 404 622 412 605 415 588 415 717 417 731 410 747 411 760 419 746 422 731 422 87 502 110.391617 114.289856 -3.553461 -0.371229 -0.109768 0.037670 18.857845 27.973438 494.868408 -14.126169 26.085859 491.544037 51.841858 29.861017 498.192780
525 432 542 424 561 425 578 433 560 437 542 437 677 435 693 427 712 427 728 435 711 440 694 440 552 782 18.304800 169.797775 6.399919 0.137586 0.020055 0.011369 -0.571852 34.772381 462.955475 -33.767857 34.350353 463.593323 32.624153 35.194412 462.317657
517 443 534 435 553 436 569 444 552 448 534 448 670 445 686 436 705 436 721 444 705 449 687 449 633 836 2.269845 180.501083 8.239550 0.130879 0.011336 0.003556 -3.799131 38.830193 459.204895 -37.001606 38.687851 459.572510 29.403341 38.972534 458.837280
492 436 508 429 526 429 541 438 525 442 508 442 640 439 657 430 676 430 693 438 676 443 658 443 1099 685 -90.508408 150.713654 9.474895 -0.411005 0.000559 0.006872 -16.452637 37.478386 477.350250 -49.656673 37.260357 477.414520 16.751398 37.696419 477.285950
506 406 522 398 540 399 554 408 538 412 521 412 650 411 666 402 685 403 701 412 685 417 667 416 1108 227 -92.820511 60.076618 0.283840 -0.393984 0.018718 0.034424 -11.704446 25.095621 487.632355 -44.884098 24.103046 488.460022 21.475208 26.088196 486.804718
563 391 579 384 598 384 613 393 596 396 579 396 708 398 722 391 739 392 753 401 738 405 723 403 249 37 77.666656 22.298923 -11.476780 -0.415811 -0.085537 0.045663 14.677408 19.263626 494.888824 -18.373671 17.211445 492.444550 47.728485 21.315805 497.333099
562 407 579 400 598 400 615 408 597 412 579 412 707 412 722 405 739 406 754 415 739 418 723 417 136 361 100.492928 86.395805 -5.957145 -0.404099 -0.100983 0.028306 14.852108 26.156389 492.137451 -18.172737 24.575857 489.068085 47.876953 27.736921 495.206848
513 435 529 428 547 429 563 436 546 440 529 439 663 439 679 432 697 432 713 440 696 444 679 443 764 867 -23.727631 186.662933 10.074071 -0.482672 -0.030195 0.023575 -6.804371 37.535507 478.139526 -39.985291 36.545647 477.360870 26.376551 38.525368 478.918182
533 398 550 391 569 392 584 401 567 404 549 404 681 406 697 399 715 400 731 409 715 413 697 411 539 4 19.998819 15.827730 -9.473433 -0.431148 -0.041657 0.050180 2.019140 22.424131 484.152863 -31.116171 20.516741 483.166595 35.154449 24.331524 485.139130
534 401 551 393 570 394 585 403 568 407 550 406 682 408 698 401 716 403 731 412 715 415 698 414 524 199 23.202608 54.415443 -5.663095 -0.456064 -0.035558 0.053407 2.391543 23.537710 484.580292 -30.746124 21.561872 483.838196 35.529209 25.513546 485.322388
509 402 525 394 543 394 558 403 541 407 524 407 653 405 669 397 688 398 705 407 688 411 670 410 899 110 -51.420837 36.879219 -4.010639 -0.563579 0.008348 0.030555 -10.115088 22.840935 484.840485 -43.303680 21.955429 485.381561 23.073505 23.726439 484.299408
546 425 564 419 583 420 600 428 582 431 564 430 697 433 713 426 731 427 747 435 731 439 714 438 364 615 55.474102 136.709610 1.286457 -0.525646 -0.040619 0.045495 8.785788 34.091869 474.093536 -24.358698 32.304447 473.194733 41.930271 35.879292 474.992371
478 408 493 399 510 399 525 407 509 412 493 412 617 406 633 397 652 397 669 405 652 410 635 410 1405 108 -151.977737 36.587330 0.610273 -0.432002 0.049132 -0.003452 -26.184757 24.289255 493.882935 -59.349926 24.747179 495.439087 6.980411 23.831329 492.326782
534 401 552 393 570 394 586 403 569 406 551 406 683 408 699 401 717 402 732 411 716 415 699 414 621 172 3.895462 49.092022 -5.316223 -0.479460 -0.052363 0.047898 2.767973 23.288191 481.735229 -30.354853 21.350554 480.437683 35.890797 25.225826 483.032776
577 359 590 355 605 357 616 365 603 367 589 365 692 374 704 368 717 369 728 376 716 379 703 378 295 723 69.309555 158.068802 2.837684 -0.403937 -0.048263 0.109949 14.637826 8.175416 615.640076 -18.331133 4.312761 614.811035 47.606785 12.038072 616.469116
526 366 539 360 553 361 565 368 552 371 539 370 643 371 655 364 670 364 682 371 669 375 656 374 736 757 -18.289095 164.888016 7.588756 -0.446680 -0.029916 0.029579 -13.769714 8.128687 606.687622 -46.945633 6.960987 605.942993 19.406204 9.296387 607.432312
540 348 553 342 568 343 579 352 566 354 553 354 656 356 668 349 683 350 694 358 682 362 668 361 604 104 7.196043 35.631229 -6.849751 -0.448239 -0.036725 0.058605 -6.173705 -0.583365 611.368896 -39.300457 -2.731952 610.619507 26.953047 1.565223 612.118225
544 348 557 342 573 342 585 350 571 353 557 353 659 355 672 349 687 350 698 358 686 361 672 359 503 161 27.332382 46.890873 -6.626008 -0.446490 -0.055514 0.053847 -3.690720 -1.018608 610.903259 -36.797916 -3.150536 609.514771 29.416477 1.113319 612.291809
491 377 502 371 516 372 527 379 515 382 503 382 603 379 616 372 630 371 643 377 630 382 617 382 1384 816 -146.995148 176.697281 14.752989 0.127565 -0.027471 0.013182 -36.253067 13.540011 614.008728 -69.442490 13.161641 613.071350 -3.063645 13.918382 614.946167
581 350 594 345 609 347 621 355 607 357 593 355 694 363 706 358 719 359 729 367 717 370 705 368 2 321 127.076286 78.452225 -8.001543 -0.403271 -0.084617 0.103505 16.648945 2.518410 625.303955 -16.263563 -1.374061 623.260620 49.561455 6.410882 627.347229
513 366 526 360 540 360 552 368 539 371 526 371 629 369 641 362 656 361 668 368 655 373 642 373 851 520 -41.413353 118.008980 3.849194 -0.444773 -0.022540 0.012104 -21.843134 7.704887 611.937195 -55.037258 7.152437 611.301147 11.350989 8.257338 612.573242
510 367 521 361 535 363 546 371 534 373 521 373 623 374 636 367 650 367 662 374 649 378 636 378 1163 581 -103.345673 130.145050 7.958601 0.202230 -0.039975 0.055817 -24.718220 9.537298 607.636597 -57.845074 7.831682 606.132629 8.408635 11.242916 609.140564
570 355 583 351 598 353 609 362 596 363 582 362 684 371 696 365 710 366 720 374 708 377 696 376 19 312 123.687683 76.674606 -8.027173 -0.390880 -0.065387 0.114639 10.491788 6.379530 619.961365 -22.427929 2.261674 618.584717 43.411507 10.497388 621.337952
547 360 560 355 575 356 586 365 573 367 560 366 662 372 675 365 689 366 700 374 687 377 674 376 366 576 55.032066 128.991867 0.515177 -0.431443 -0.049498 0.084682 -2.426871 7.579923 614.902588 -35.474541 4.510117 613.908875 30.620798 10.649729 615.896301
513 363 525 357 539 358 551 366 538 369 525 368 628 369 640 361 655 361 667 368 654 373 641 372 1060 225 -83.284019 59.670956 -0.198847 -0.414267 -0.018982 0.029114 -22.338131 6.818433 611.071899 -55.523178 5.750619 610.657043 10.846913 7.886247 611.486816
523 375 535 369 550 370 561 378 548 381 535 380 639 382 652 376 666 376 678 383 665 387 652 386 969 846 -64.490166 182.549103 11.537361 -0.454318 -0.031249 0.051019 -15.955092 14.450471 607.308350 -49.101509 12.583447 606.684814 17.191326 16.317495 607.931885
559 358 572 353 586 355 598 364 584 366 571 364 674 371 686 365 699 366 710 373 698 377 685 376 363 461 55.496773 106.232574 -1.841076 -0.387529 -0.058091 0.095054 4.114952 6.989349 617.890564 -28.886606 3.549232 616.616821 37.116508 10.429467 619.164307
542 360 555 355 569 357 581 365 567 367 554 366 658 370 670 363 684 364 695 371 683 375 670 374 479 354 32.322407 85.080933 -2.939078 0.212866 0.004226 0.066426 -5.333676 6.816544 605.027100 -38.465240 4.614257 604.932495 27.797890 9.018830 605.121765
518 369 531 363 545 364 557 372 544 375 531 374 635 375 647 368 661 369 673 376 661 380 647 379 856 584 -42.333809 130.675705 5.191180 -0.425790 -0.028247 0.039684 -18.649364 10.611138 608.702332 -51.815384 9.136763 608.069153 14.516656 12.085514 609.335571
515 362 527 356 541 358 553 366 540 369 527 368 630 370 643 363 657 363 669 370 657 375 643 374 1074 301 -85.979279 74.714348 1.469036 0.215693 -0.032827 0.058669 -20.687546 7.145487 601.797546 -53.817638 5.330966 600.507568 12.442548 8.960008 603.087524
521 358 533 352 548 353 559 362 546 365 533 364 637 366 649 359 664 360 675 367 663 371 649 371 993 105 -70.106659 35.909016 -3.245929 -0.454572 -0.029903 0.053643 -17.330580 5.109941 606.301880 -50.473862 3.168783 605.741211 15.812702 7.051099 606.862549
522 364 534 359 548 361 559 369 546 371 533 370 637 374 649 367 664 368 675 375 663 379 649 378 1210 567 -112.701729 127.384079 8.108094 0.243882 -0.016830 0.072879 -16.996393 8.967854 600.586853 -50.108826 6.641841 599.740540 16.116037 11.293866 601.433167
555 365 568 361 582 363 594 371 580 373 567 371 670 378 682 373 696 373 706 380 694 384 682 383 317 668 64.874741 147.188736 1.926668 -0.404189 -0.048983 0.094399 1.800095 11.113397 615.076111 -31.219652 7.745399 614.120911 34.819843 14.481396 616.031372
553 357 567 352 581 354 593 363 579 365 566 363 669 370 681 363 695 364 705 372 693 375 680 374 245 201 78.649040 54.753948 -8.192821 -0.394647 -0.064433 0.087151 1.128779 6.273564 615.658081 -31.883715 3.043529 614.140930 34.141273 9.503598 617.175232
546 347 560 342 576 343 589 351 575 353 560 352 676 354 689 347 704 347 716 353 703 358 689 357 535 742 21.637390 161.878220 5.433357 0.343149 0.007154 0.035171 1.889491 -1.814325 535.609009 -31.294147 -2.999477 535.643494 35.073132 -0.629173 535.574524
557 326 572 321 588 323 601 332 587 334 571 332 687 337 700 330 716 331 728 338 715 342 700 341 437 632 40.986645 140.088928 2.303183 0.328207 0.033416 0.059460 7.790533 -10.997844 536.313721 -25.337765 -13.115825 537.081604 40.918831 -8.879862 535.545776
376 333 388 326 403 326 417 332 403 337 389 337 505 326 519 317 535 315 551 320 536 327 521 328 1423 637 -154.950027 141.280930 11.487726 -0.222175 -0.046245 -0.082588 -84.852554 -13.875098 541.150696 -117.909340 -11.329097 539.326904 -51.795769 -16.421101 542.974548
345 321 358 314 374 315 387 323 373 326 359 326 479 321 494 313 511 312 526 318 511 324 495 325 1368 579 -144.086487 129.791336 9.806620 -0.386513 -0.126322 -0.044958 -95.671249 -16.760195 524.590515 -128.581711 -16.108036 520.227539 -62.760780 -17.412354 528.953491
477 291 492 284 508 286 521 296 506 299 491 298 608 303 622 295 637 296 649 304 636 309 622 308 591 132 9.811471 41.169804 -6.402544 -0.433490 -0.121738 0.048823 -32.604706 -28.689564 539.449341 -65.528748 -31.117136 535.889282 0.319333 -26.261992 543.009399
540 292 555 286 572 288 585 297 570 300 554 298 670 304 683 297 697 298 709 306 696 310 683 309 130 98 101.384613 34.346478 -11.337861 -0.373697 -0.117799 0.060782 -0.928443 -28.558214 549.248901 -33.845337 -31.245323 545.811279 31.988451 -25.871107 552.686523
404 340 416 334 431 334 444 341 431 345 417 345 531 339 545 331 561 330 576 335 561 341 546 342 1253 887 -120.881065 190.721390 14.983849 0.159821 -0.080840 -0.012843 -72.436867 -8.287684 548.326416 -105.530739 -7.649591 545.690491 -39.342991 -8.925778 550.962280
451 329 464 324 480 325 493 334 479 336 464 335 580 339 594 331 610 331 623 339 609 343 594 342 1092 833 -88.948151 180.001648 12.407236 0.193005 -0.053596 0.062365 -46.839611 -10.139709 540.087769 -79.932571 -12.024256 538.122070 -13.746649 -8.255161 542.053528
501 312 516 307 532 310 545 319 530 321 515 319 630 330 644 323 660 324 672 333 658 336 643 335 688 587 -8.944659 131.234909 3.704265 -0.389592 -0.089396 0.106846 -21.265072 -16.271235 549.204102 -54.152241 -20.288691 547.000977 11.622100 -12.253779 551.407227
525 311 541 306 557 309 569 319 554 320 539 318 652 330 666 324 681 326 693 334 679 337 665 336 384 587 51.467602 131.172470 0.903735 -0.353227 -0.098440 0.125777 -9.394076 -16.465107 554.488159 -42.180634 -21.107786 552.029175 23.392481 -11.822427 556.947144
442 312 455 305 471 306 484 314 470 318 455 318 571 316 585 307 601 307 614 315 600 320 585 320 759 268 -23.418777 68.118904 -2.101041 -0.408285 -0.081629 -0.004910 -52.194664 -21.133186 551.529175 -85.290047 -21.520191 548.863586 -19.099281 -20.746181 554.194824
515 297 531 291 548 292 561 301 546 303 530 302 641 310 655 305 670 307 682 316 668 318 654 316 87 101 109.933197 34.931351 -11.673243 -0.399607 -0.137137 0.086712 -14.807914 -25.804157 561.942078 -47.582394 -29.490776 558.094788 17.966566 -22.117538 565.789429
412 331 424 324 439 325 453 333 439 336 425 336 538 331 551 322 567 321 582 327 568 333 552 334 1056 716 -81.927818 156.839767 9.706481 0.199458 -0.111333 -0.003905 -69.296234 -12.864321 553.798401 -102.295906 -12.368690 550.146545 -36.296570 -13.359952 557.450195
435 334 448 328 463 329 476 337 462 340 448 339 562 338 575 330 591 330 605 336 591 341 576 341 1069 880 -84.323753 189.298294 13.147049 0.211376 -0.084340 0.029684 -56.748352 -9.652292 550.761230 -89.821022 -10.334648 547.881531 -23.675682 -8.969937 553.640869
479 309 494 303 511 304 524 313 509 316 493 315 608 320 621 313 637 314 649 322 635 326 621 325 413 177 45.235882 50.038815 -7.131131 -0.362936 -0.129949 0.051633 -33.113350 -20.416624 556.912964 -65.997612 -22.861387 553.013245 -0.229086 -17.971861 560.812744
468 314 483 309 498 310 511 319 497 322 482 321 597 324 610 316 625 317 637 324 624 328 610 328 557 343 16.809319 82.920036 -2.443258 0.223788 -0.039695 0.056283 -38.997768 -18.122047 552.245544 -72.124184 -19.827085 550.731323 -5.871350 -16.417009 553.759766
481 317 495 312 511 313 524 322 509 325 494 323 609 330 623 323 638 324 650 331 636 335 622 334 469 492 34.467411 112.389290 -0.236861 -0.417211 -0.110208 0.063204 -32.538097 -15.547003 554.760864 -65.479164 -18.331139 551.647278 0.402964 -12.762867 557.874512
467 329 482 323 498 324 512 333 497 335 482 334 596 339 610 332 625 333 638 341 624 344 610 343 549 833 18.959276 179.890137 7.404973 -0.440498 -0.110150 0.046335 -38.960293 -10.097452 551.818604 -71.932114 -12.374806 548.619812 -5.988474 -7.820098 555.017395
419 337 432 331 447 332 460 339 447 343 433 342 546 338 560 330 576 329 590 334 576 340 561 341 1153 645 -101.285263 142.808685 9.162404 0.190694 -0.088242 -0.000079 -64.601723 -9.199666 549.498413 -97.677734 -8.918724 546.590149 -31.525709 -9.480608 552.406677
507 311 522 305 539 306 553 316 537 318 521 317 636 323 649 317 665 318 677 327 663 330 649 328 183 198 90.966530 54.147514 -8.824728 -0.373601 -0.129765 0.068138 -18.197809 -18.616646 553.324646 -51.050735 -21.613045 549.547546 14.655119 -15.620247 557.101685
543 262 557 256 573 258 585 266 571 269 557 268 665 270 678 263 692 264 703 271 691 275 678 274 62 265 115.088799 67.382065 -8.582741 -0.376172 -0.077775 0.038376 -2.057164 -48.260868 583.445618 -35.138641 -49.983459 581.163513 31.024315 -46.538280 585.727722
438 330 450 323 465 323 476 331 463 334 450 334 553 333 565 326 579 326 592 334 579 338 565 337 1180 325 -107.016647 79.485748 2.931509 -0.437680 -0.079356 0.010315 -66.504448 -13.279048 619.821350 -99.604683 -14.177546 617.346130 -33.404209 -12.380550 622.296509
444 333 457 326 473 327 486 336 472 339 457 338 574 337 589 329 605 328 619 335 605 340 589 340 1011 705 -72.997787 154.653610 9.069191 0.261594 -0.072682 0.027238 -48.733189 -9.864779 529.383057 -81.838600 -10.444317 526.881958 -15.627780 -9.285240 531.884216
541 326 555 320 570 322 583 330 569 332 554 331 665 336 678 329 693 330 706 338 692 341 678 340 545 594 19.480953 132.590851 2.528652 -0.483468 -0.039649 0.065023 -2.337644 -12.044076 566.451233 -35.448071 -14.429927 565.698181 30.772781 -9.658225 567.204224
521 314 534 309 549 310 561 318 547 321 533 320 643 323 656 315 671 316 683 323 670 327 656 327 835 110 -38.702465 36.866077 -4.600224 -0.438374 -0.036605 0.046702 -14.418364 -19.234209 578.545044 -47.565666 -20.996965 577.703247 18.728939 -17.471453 579.386902
530 324 544 319 558 321 570 329 557 332 543 330 651 335 664 328 678 329 690 336 677 340 664 339 555 530 17.420544 119.927208 1.324850 0.284544 -0.001453 0.070786 -9.685848 -12.932975 577.777405 -42.808033 -15.243049 577.397827 23.436337 -10.622901 578.156982
518 328 531 322 545 323 557 332 544 335 530 333 639 337 652 329 667 330 679 337 666 341 652 341 980 541 -67.024811 122.191406 5.462802 0.284258 -0.024130 0.063739 -16.281002 -11.692013 574.449036 -49.409245 -13.665377 573.360474 16.847242 -9.718649 575.537537
483 344 495 337 509 338 521 346 508 349 495 348 602 346 615 338 630 338 643 344 629 349 615 349 1357 815 -141.630722 176.493835 14.484009 -0.399959 -0.035450 -0.005445 -36.759418 -5.506156 587.640015 -69.943161 -5.562441 586.458618 -3.575676 -5.449871 588.821411
508 328 521 322 535 323 547 332 534 335 520 334 629 336 642 329 657 329 669 336 656 341 642 340 1175 391 -105.947571 92.546227 4.221870 0.262182 -0.030354 0.059553 -21.711130 -11.917480 575.175720 -54.842216 -13.739558 573.922363 11.419955 -10.095404 576.429016
548 320 562 315 577 316 589 325 575 328 561 326 669 332 681 325 696 326 707 333 694 337 681 336 335 345 60.928452 83.270248 -4.447884 -0.392506 -0.062502 0.072584 0.164936 -15.119360 589.986206 -32.889614 -17.866249 588.433472 33.219482 -12.372471 591.539001
519 334 532 329 547 330 559 338 546 341 532 340 641 342 654 336 668 336 681 342 667 347 654 346 782 765 -27.421278 166.480682 8.174511 0.264615 -0.013738 0.052729 -15.383653 -8.381206 572.688904 -48.539471 -10.050840 572.008057 17.772165 -6.711571 573.369812
499 337 512 331 526 332 538 340 525 343 512 342 619 341 632 334 647 334 660 340 647 345 633 345 1067 669 -84.167519 147.540665 8.856120 -0.405050 -0.025103 0.017711 -27.113844 -8.402268 585.417847 -60.303200 -9.140829 584.724487 6.075514 -7.663709 586.111145
511 330 524 324 538 325 550 334 537 337 523 336 632 337 645 330 660 330 672 337 659 342 645 341 1059 490 -82.782349 112.114655 5.157881 0.258881 -0.030621 0.050507 -20.111517 -10.946288 575.025818 -53.258751 -12.472875 573.805176 13.035717 -9.419702 576.246521
521 320 535 313 552 314 565 322 550 325 535 325 643 326 657 320 673 321 687 330 673 333 657 331 768 135 -25.359343 41.799854 -4.711226 -0.431531 -0.040612 0.052796 -13.140100 -16.347082 575.337158 -46.272415 -18.331347 574.403381 19.992216 -14.362818 576.270996
493 324 505 318 520 318 532 327 519 330 505 330 614 329 626 321 641 321 654 328 641 333 627 333 1294 71 -129.961609 29.242180 -1.161496 0.253888 -0.057361 0.037329 -30.228622 -15.298124 579.346863 -63.356121 -16.282982 577.307678 2.898877 -14.313268 581.386108
544 314 558 308 573 310 585 319 571 322 557 320 664 327 677 320 692 321 703 329 690 333 677 332 279 7 71.670631 16.368040 -11.807877 -0.401607 -0.056334 0.087674 -2.222305 -18.033262 589.954102 -35.249386 -21.231895 588.713013 30.804775 -14.834630 591.195190
529 321 542 316 557 317 569 326 555 329 541 328 649 332 662 325 676 326 688 333 675 338 662 337 317 262 64.410606 66.840729 -6.294358 -0.397332 -0.059828 0.065832 -10.875695 -14.746942 590.081848 -43.950935 -17.262232 588.578003 22.199545 -12.231651 591.585632
497 325 510 318 524 319 536 328 523 331 509 330 617 331 630 323 645 323 658 331 645 335 631 335 1224 196 -115.907997 53.965492 0.724749 -0.401398 -0.024824 0.032512 -28.421160 -14.539562 587.880188 -61.598568 -15.753273 587.291809 4.756248 -13.325851 588.468567
522 335 536 329 551 331 563 339 550 341 535 340 644 344 656 337 671 338 683 345 670 349 656 348 612 700 6.287586 153.582169 5.292251 -0.408741 -0.056048 0.053781 -13.838003 -7.789709 585.712524 -46.944077 -9.899323 584.264404 19.268070 -5.680096 587.160645
542 323 556 317 571 319 583 328 569 330 555 329 663 334 675 328 689 329 700 336 688 340 675 339 184 313 90.899277 76.906387 -6.486900 -0.378303 -0.073260 0.074279 -3.327550 -13.789770 592.010864 -36.353962 -16.647629 590.100769 29.698864 -10.931911 593.920898
633 348 646 341 660 342 672 349 659 352 646 352 746 351 758 344 773 345 785 352 772 355 759 355 853 87 -42.305801 32.318039 -4.900126 -0.499396 0.059223 0.042213 47.760506 -2.781088 625.271118 14.641658 -3.643316 627.497864 80.879349 -1.918861 623.044434
645 364 657 359 671 359 683 367 670 369 657 369 761 369 774 363 788 363 800 369 787 373 774 373 961 713 -63.052414 156.226562 8.770569 -0.456113 0.089226 0.051045 54.200481 7.235020 610.000671 21.167931 6.264617 613.236145 87.233032 8.205422 606.765137
680 355 694 349 709 351 721 358 707 361 693 360 797 365 809 359 823 360 835 367 822 370 809 369 450 555 38.315201 124.853180 0.863782 -0.390913 0.042317 0.090122 75.718849 3.854584 615.996704 42.676388 1.213539 617.941040 108.761307 6.495628 614.052368
615 366 627 360 641 360 653 366 640 370 627 370 731 365 744 357 759 357 772 363 759 368 745 368 1052 648 -81.210655 143.381653 8.292711 -0.434752 0.106323 0.000699 36.797604 6.008503 604.876160 3.777370 6.740757 608.294861 69.817841 5.276250 601.457397
693 345 708 340 723 342 735 350 721 352 707 350 809 358 822 353 836 354 847 362 834 365 821 363 131 342 101.464828 82.634651 -6.387934 -0.394571 0.016328 0.118666 83.885315 -0.523356 619.701904 50.915356 -4.247452 620.995239 116.855270 3.200739 618.408630
688 340 703 334 718 335 731 343 717 345 702 344 804 350 817 345 831 347 842 355 830 358 816 355 189 82 89.641579 31.192171 -11.118319 -0.414938 0.004178 0.109644 81.220566 -4.478319 620.194092 48.212589 -7.979942 621.072449 114.228554 -0.976696 619.315796
623 356 636 348 651 348 663 355 650 359 636 359 740 354 753 346 769 347 782 354 769 358 754 357 964 187 -64.249908 52.130985 -1.852681 -0.442907 0.117371 0.010931 41.953888 -0.001060 601.167786 8.975765 0.496635 605.009094 74.932014 -0.498756 597.326538
687 355 701 350 716 351 728 359 714 362 700 360 803 366 815 360 829 362 840 369 828 372 815 371 149 544 98.118713 122.614449 -2.131849 -0.347927 0.006155 0.095257 80.066498 4.514840 620.277161 47.011326 1.455195 621.021423 113.121666 7.574485 619.532898
652 369 666 362 682 362 696 369 681 371 666 372 772 370 784 364 800 365 813 373 800 375 785 374 472 751 34.167324 163.646393 5.035223 -0.385110 0.055982 0.038859 58.062336 8.741709 585.623230 24.933647 7.837450 587.680420 91.191025 9.645968 583.566101
605 362 616 355 630 356 642 363 629 367 617 367 719 362 732 354 746 353 759 359 746 365 733 365 1421 391 -154.833817 92.596741 6.488089 -0.387126 0.116260 0.001703 30.554737 3.987209 611.382141 -2.428663 4.669314 615.149048 63.538136 3.305104 607.615234
627 370 639 365 653 365 665 372 653 375 639 375 745 374 758 367 772 367 785 374 772 378 758 377 1214 804 -113.225693 174.287552 12.943917 -0.431918 0.094909 0.038584 43.823456 10.174843 599.851196 10.790067 9.604803 603.172363 76.856842 10.744882 596.530090
654 353 667 346 681 348 693 356 680 359 666 358 772 360 785 353 799 353 810 361 798 365 785 365 624 138 3.260420 42.363987 -5.977046 -0.400332 0.063561 0.067455 59.731434 1.625143 606.008789 26.667240 -0.135631 608.502502 92.795624 3.385917 603.515076
678 349 691 343 706 344 718 353 705 356 691 355 795 358 807 352 821 352 832 360 820 364 807 363 209 154 85.749397 45.445187 -9.476157 -0.378419 0.021203 0.076729 74.355843 0.134208 614.962646 41.254932 -2.218980 616.125366 107.456749 2.487396 613.799927
630 368 644 360 659 359 672 366 658 370 644 371 750 366 764 359 779 360 793 368 779 371 765 370 1223 628 -115.215416 139.458740 9.463033 -0.443807 0.123401 0.023262 45.976059 6.913287 585.516541 13.028441 7.061213 589.638672 78.923676 6.765361 581.394348
708 362 722 357 737 359 749 367 735 369 721 368 826 375 838 370 851 371 861 377 850 381 837 379 50 823 118.111389 177.808640 2.605560 -0.312588 0.022568 0.108111 92.228737 9.188884 617.297363 59.224583 5.780526 618.589050 125.232895 12.597241 616.005737
629 380 637 376 648 376 657 382 648 385 638 384 721 382 731 377 743 376 753 381 742 385 732 385 502 810 28.273037 175.328751 6.506272 0.343443 0.058179 -0.006829 43.436852 18.744514 743.478271 10.288433 18.638317 745.409790 76.585266 18.850712 741.546753
558 350 571 344 586 345 599 353 585 356 571 356 682 356 695 348 711 348 725 355 711 360 696 359 1256 349 -122.092278 84.250992 4.117613 -0.423919 0.031006 0.033610 6.823143 -0.641422 567.044922 -26.347477 -1.509004 568.276550 39.993763 0.226161 565.813293
622 354 636 348 652 350 664 360 650 362 635 360 747 366 760 359 775 359 786 366 774 371 760 370 456 566 37.135426 127.031334 1.141793 -0.416251 0.003568 0.080351 41.842239 3.577935 575.492493 8.743229 1.013383 576.154480 74.941246 6.142488 574.830505
605 351 619 345 634 347 647 356 633 358 618 357 730 362 743 355 759 356 771 364 758 368 743 367 922 466 -55.584526 107.336884 3.409828 -0.406043 0.017904 0.082049 32.466499 1.846046 571.592346 -0.622892 -0.682003 572.715149 65.555893 4.374095 570.469482
610 346 624 340 640 341 653 350 638 352 623 351 736 355 749 348 765 349 777 357 764 361 749 360 752 260 -22.036852 66.534256 -2.327518 0.252061 0.082109 0.050803 34.849503 -1.531578 559.778687 1.798533 -3.539599 562.260803 67.900475 0.476443 557.296570
584 347 597 340 612 340 625 348 612 352 597 351 705 349 718 341 734 341 748 347 734 352 719 352 881 307 -47.618587 75.862122 -0.187439 -0.395529 0.034337 0.010193 20.752319 -3.936096 587.337585 -12.431473 -4.043183 588.514099 53.936111 -3.829010 586.161133
645 339 658 333 672 334 684 341 671 344 657 344 757 345 769 338 782 338 793 345 781 349 769 349 96 226 108.287575 59.670887 -9.059228 -0.207515 -0.060241 0.032254 55.769447 -7.480900 640.047119 22.641850 -8.750112 638.173401 88.897049 -6.211688 641.920837
484 328 496 323 509 323 521 329 509 333 496 332 603 327 615 320 630 318 644 323 631 329 616 329 1399 620 -150.200073 137.911667 10.922402 -0.285098 0.027471 -0.028244 -35.912449 -15.240444 580.247009 -69.091667 -14.186365 581.013916 -2.733231 -16.294523 579.480164
511 328 524 322 539 323 551 331 538 334 524 333 634 331 647 323 662 323 675 328 662 334 648 334 913 623 -53.616524 138.405563 6.505984 0.258120 -0.032232 0.010648 -18.922510 -13.566160 563.756592 -52.108299 -13.778412 562.653076 14.263281 -13.353909 564.860168
493 341 503 334 516 334 528 341 516 345 504 345 605 339 617 331 632 330 646 336 633 341 619 342 1328 818 -135.864288 177.081589 14.277599 -0.245411 0.053863 -0.025438 -34.680000 -8.729389 604.946960 -67.826218 -7.675383 606.613403 -1.533787 -9.783396 603.280457
531 318 544 311 559 312 572 319 559 322 544 322 653 319 665 312 679 312 691 318 679 322 666 322 129 281 101.792542 70.562248 -7.641537 -0.390936 -0.037280 -0.004159 -8.915851 -20.058617 581.656250 -42.097599 -20.162912 580.423279 24.265900 -19.954319 582.889221
484 338 496 332 510 332 522 340 509 343 496 343 602 339 614 331 629 331 642 337 629 342 615 342 1321 809 -134.483505 175.299042 14.030874 0.141460 -0.048748 0.004008 -36.982311 -9.197683 590.484009 -70.147476 -9.215984 588.861938 -3.817145 -9.179382 592.106018
510 337 521 331 535 331 546 338 534 342 522 342 624 338 636 330 651 330 664 336 651 341 637 341 1425 44 -156.025391 23.925743 -0.501407 -0.262550 0.046705 0.000435 -24.389351 -9.985321 609.261597 -57.558159 -9.797222 610.795959 8.779458 -10.173420 607.727173
575 328 589 321 604 323 615 331 602 333 588 333 692 335 703 328 717 329 727 337 716 340 704 339 40 141 119.318977 42.837761 -11.296267 -0.302305 -0.107801 0.043306 14.391789 -12.890513 614.394165 -18.590900 -14.839828 611.092346 47.374481 -10.941200 617.695984
556 335 569 329 584 330 595 338 582 341 569 341 673 341 685 334 699 335 710 342 698 346 685 346 534 462 21.516022 106.465591 -0.245529 -0.324814 -0.047211 0.037711 3.344381 -8.931626 611.645264 -29.800367 -10.413437 610.307556 36.489128 -7.449815 612.983032
