693 397 712 386 735 387 753 402 733 408 712 407 868 409 886 395 909 395 926 408 907 416 887 416 161 141 94.473595 35.750923 11.712643 -0.276465 -0.040043 0.048990 58.273857 11.431337 382.984802 25.135069 9.643789 381.896271 91.412651 13.218885 384.073303
592 397 610 387 632 385 650 391 631 399 610 402 748 389 766 382 788 383 808 392 788 397 768 396 844 177 -58.256039 44.330750 17.266350 -0.663014 0.070399 -0.005934 22.066858 8.130080 469.119873 -11.058112 9.059466 471.225128 55.191830 7.200694 467.014618
669 397 687 386 709 387 725 401 707 406 686 405 828 408 845 397 865 398 880 410 863 417 845 415 94 383 109.800774 89.665405 15.781381 -0.225176 -0.111272 0.061060 51.370480 12.539968 426.771545 18.431643 10.121315 423.344788 84.309319 14.958620 430.198303
610 415 625 404 644 402 661 409 645 417 627 420 762 397 777 386 798 384 816 392 799 400 780 401 898 763 -69.512100 175.058594 28.662903 -0.060945 0.366590 -0.125613 25.044395 12.766147 435.431183 -5.699094 17.197149 447.168457 55.787884 8.335144 423.693909
612 410 627 398 650 397 667 410 649 418 629 419 770 406 787 391 810 390 829 401 811 411 789 412 1049 80 -104.248734 22.864227 16.907614 -0.056274 0.431290 -0.054604 26.246021 13.477068 413.092590 -3.870986 15.629206 426.909027 56.363029 11.324931 399.276154
604 418 620 407 641 405 658 414 641 422 622 424 759 407 777 395 799 393 818 403 799 411 779 412 1147 458 -125.639336 107.241379 24.710047 -0.077181 0.382333 -0.079251 23.388729 15.431612 425.090271 -7.318128 18.477674 437.352814 54.095589 12.385550 412.827728
611 418 627 407 648 405 666 415 649 422 629 423 769 409 786 397 808 396 826 405 808 413 788 414 932 576 -77.380249 133.383057 25.391964 -0.094848 0.349037 -0.061425 26.839394 15.880285 427.093109 -4.303450 18.417936 438.328918 57.982239 13.342633 415.857330
701 395 718 385 739 386 755 398 737 404 718 403 858 406 874 396 893 396 907 408 891 414 874 413 243 544 76.697144 125.690422 19.870571 -0.231234 -0.169275 0.054548 63.559097 11.549372 426.612488 30.875694 9.118434 421.279053 96.242500 13.980309 431.945892
591 411 606 399 626 397 643 405 627 414 608 416 744 396 761 384 782 382 801 391 783 399 763 400 1100 484 -115.089394 113.001709 24.862963 -0.078877 0.392116 -0.098371 17.439196 11.456537 427.909241 -13.090397 15.137637 440.437347 47.968788 7.775437 415.381165
672 410 690 400 711 400 728 412 710 418 690 417 836 414 852 403 873 403 889 413 872 420 853 420 440 479 32.538921 111.353783 20.055988 -0.394931 0.015908 0.019485 52.571213 15.631606 420.385925 19.376768 15.104321 421.026581 85.765656 16.158892 419.745270
601 412 616 402 637 400 655 410 638 418 618 419 758 405 776 393 798 392 817 401 798 410 778 410 1044 464 -102.590851 108.496284 24.087271 -0.076482 0.406257 -0.057205 21.947651 13.737640 417.866669 -8.503015 16.090893 430.896576 52.398315 11.384388 404.836761
628 398 644 385 666 384 684 396 666 405 646 406 792 394 810 380 833 379 853 391 834 400 812 400 832 194 -55.547878 48.112240 17.500088 -0.055172 0.340954 -0.043215 33.686954 8.660950 405.056763 2.423450 10.376264 416.111664 64.950455 6.945634 394.001862
612 408 629 398 651 396 669 406 651 413 631 415 773 403 791 392 813 392 832 402 813 409 792 409 903 469 -71.043549 109.497498 23.174347 -0.092376 0.352463 -0.032570 27.668554 12.910347 420.283081 -3.479224 14.502417 431.677856 58.816334 11.318277 408.888306
593 403 608 391 630 389 648 399 630 407 611 409 750 391 768 378 791 376 811 386 792 395 770 396 1257 140 -150.691940 36.412804 19.520330 -0.085137 0.429629 -0.077453 18.575201 8.663150 409.183289 -11.517339 11.748318 422.875641 48.667740 5.577982 395.490936
607 414 624 405 645 404 662 413 645 420 625 421 768 410 786 399 808 399 826 407 808 415 788 415 1132 602 -122.081703 139.342804 27.308693 -0.071124 0.385340 -0.042792 25.161707 15.260909 414.941803 -5.579615 17.094469 427.358276 55.903027 13.427349 402.525330
714 381 734 370 757 372 773 387 753 392 732 390 878 398 894 387 915 389 928 403 912 409 894 407 130 165 101.441696 41.078152 11.942234 -0.231956 -0.171726 0.089267 68.420563 7.394265 411.664764 35.832932 3.818747 406.390137 101.008186 10.969784 416.939392
690 401 708 391 730 393 746 407 727 412 707 410 853 417 871 405 892 407 907 419 890 426 871 424 105 474 107.468018 109.968262 17.569820 -0.303539 -0.016484 0.084362 59.548588 15.118369 419.560699 26.465427 12.281009 419.444000 92.631744 17.955729 419.677368
614 405 630 392 653 392 671 405 652 413 632 413 779 404 798 390 823 389 843 402 823 410 800 411 1092 144 -113.777489 37.171627 18.417234 -0.062035 0.409408 -0.025746 27.744617 11.755712 393.651184 -2.706221 13.001945 406.832703 58.195454 10.509479 380.469635
608 406 625 393 647 392 666 406 647 414 626 414 773 405 792 390 817 390 837 402 817 411 795 411 1167 151 -130.544403 38.793255 19.084335 -0.062489 0.407309 -0.026568 25.514681 12.006363 392.590820 -4.963142 13.280301 405.707184 55.992504 10.732425 379.474457
609 405 625 392 647 392 664 406 646 414 626 414 776 405 793 390 818 389 838 401 818 411 796 412 1267 149 -152.916199 38.427971 19.760851 -0.028684 0.437275 -0.038302 25.366283 11.594045 387.173645 -4.690890 13.030143 401.211578 55.423454 10.157947 373.135712
587 255 599 246 614 246 626 253 613 258 600 259 702 251 715 243 731 242 744 250 731 255 716 255 1216 680 -140.762085 156.805450 29.374153 0.046680 0.227713 -0.016936 8.055108 -66.850212 580.192322 -24.287966 -66.468605 587.698303 40.398182 -67.231819 572.686340
610 265 622 255 637 255 650 263 637 268 622 269 728 262 741 254 757 254 771 263 757 268 742 268 1077 581 -109.808258 134.615173 26.521351 0.050549 0.346108 0.008528 20.508734 -57.962711 554.009521 -10.726282 -58.527664 565.261841 51.743748 -57.397758 542.757202
613 264 626 254 642 254 655 263 641 268 626 269 732 263 745 254 762 255 776 265 762 269 746 269 930 121 -77.572037 31.911587 16.828232 -0.130759 0.039019 0.012208 23.871040 -59.112076 566.851135 -9.306064 -59.431595 568.169189 57.048145 -58.792557 565.533081
583 267 593 258 608 256 621 264 609 270 595 272 698 259 710 249 727 249 741 257 728 263 713 264 1180 177 -133.415848 44.602028 19.665709 0.054108 0.402561 -0.041811 5.021249 -57.940884 546.374512 -25.501610 -56.947449 559.410156 35.544109 -58.934315 533.338867
642 266 656 258 673 259 685 269 670 273 655 272 763 275 776 267 792 268 803 279 790 283 775 281 509 433 17.039700 101.151001 19.684374 0.013219 -0.222848 0.064363 39.474476 -53.726997 556.799683 7.158922 -55.796307 549.452393 71.790024 -51.657688 564.146973
621 264 634 255 650 255 662 264 649 269 634 269 739 266 752 258 769 258 782 268 768 272 753 271 855 170 -60.726460 42.778557 17.213369 -0.117093 0.014732 0.026935 28.136061 -58.886349 574.211487 -5.053123 -59.749924 574.751770 61.325245 -58.022774 573.671204
563 279 574 271 588 269 601 276 589 281 575 283 679 270 692 261 708 260 722 266 709 272 694 273 1080 469 -110.636665 109.640404 24.438293 0.016313 0.198012 -0.073336 -4.698731 -54.029137 563.330750 -37.166058 -51.665611 569.876465 27.768595 -56.392666 556.785095
628 268 642 260 659 260 671 270 657 274 642 274 749 274 763 266 779 268 792 277 778 282 763 280 788 377 -45.448452 88.887665 20.624456 -0.122664 -0.009722 0.059245 32.853107 -54.620617 568.445312 -0.291955 -56.601482 568.243958 65.998169 -52.639748 568.646667
669 266 684 260 700 262 712 272 697 275 682 273 788 283 801 277 817 279 828 289 815 292 800 290 333 552 56.576290 127.547173 20.663578 -0.116076 -0.108713 0.132553 54.455063 -51.949604 571.323730 21.736435 -56.528374 567.994202 87.173691 -47.370838 574.653259
672 263 686 257 702 260 714 270 699 272 684 271 790 280 803 274 818 276 829 286 816 289 802 287 76 575 114.096909 132.468918 19.260525 -0.026796 -0.154831 0.130274 55.779968 -53.773445 573.504822 23.252567 -58.137825 568.457031 88.307365 -49.409065 578.552612
658 271 672 265 689 267 701 277 686 280 671 278 778 287 791 280 806 282 817 292 804 296 790 293 288 734 66.898003 168.098785 23.762014 -0.096076 -0.076206 0.126727 48.566620 -49.878349 572.684021 15.723911 -54.185745 570.368347 81.409325 -45.570953 574.999756
655 260 669 253 686 255 698 265 683 268 668 267 775 272 788 265 804 267 815 276 802 281 788 279 314 362 60.559494 85.159805 16.957798 -0.091412 -0.087349 0.092592 47.067535 -56.913841 570.778931 14.131185 -60.108070 568.030640 80.003891 -53.719616 573.527283
656 266 671 259 688 261 700 271 685 274 670 273 776 280 790 273 805 275 816 285 803 289 789 287 290 572 66.223053 131.972672 20.732317 -0.071779 -0.106968 0.112602 47.751762 -52.991039 570.368469 14.946445 -56.838902 566.967773 80.557076 -49.143177 573.769165
639 273 653 265 669 267 681 276 667 279 652 279 759 282 772 275 787 276 799 285 786 289 772 288 519 720 15.205970 165.163132 25.148514 -0.130323 -0.035338 0.078051 38.442471 -51.721237 575.601624 5.359284 -54.378712 574.601501 71.525658 -49.063763 576.601746
588 266 599 257 614 256 626 263 613 269 600 270 704 260 716 252 732 251 746 259 733 265 718 265 1034 433 -100.397499 101.574875 23.433371 0.010055 0.257479 -0.025749 8.378471 -59.993706 567.460083 -23.720869 -59.190987 575.918640 40.477810 -60.796425 559.001465
577 272 587 263 601 261 612 268 601 274 588 275 688 261 700 253 716 252 730 258 716 264 702 265 1202 368 -138.068710 87.214828 23.411699 -0.002003 0.341498 -0.057397 0.469095 -58.857189 569.603943 -30.764652 -56.977962 580.716187 31.702843 -60.736420 558.491760
617 258 630 248 647 248 659 257 645 262 630 263 736 259 749 251 765 252 777 262 764 266 749 265 776 146 -43.088673 37.362514 16.198275 0.008615 -0.163323 0.016812 26.315346 -62.100796 571.813293 -6.442925 -62.633205 566.412231 59.073616 -61.568382 577.214417
664 257 678 250 695 252 706 262 692 265 677 264 780 272 793 265 808 267 818 277 806 281 792 279 253 298 74.114670 70.837875 15.319640 0.007867 -0.298364 0.105383 50.674706 -57.426968 568.072632 19.118401 -60.829411 558.316467 82.231010 -54.024525 577.828796
666 265 681 258 697 260 709 271 694 274 679 272 784 281 797 274 812 276 822 286 809 290 796 288 42 687 121.859695 157.418671 21.122211 0.012888 -0.269158 0.115234 52.024345 -52.400581 564.237366 20.232618 -56.115200 555.402893 83.816071 -48.685959 573.071777
628 273 641 265 658 266 670 275 656 279 641 279 748 279 761 271 777 272 789 282 776 286 761 285 512 679 16.714203 156.014053 24.328136 -0.016512 -0.121990 0.049641 32.201950 -52.031788 568.015442 -0.715303 -53.708672 563.990295 65.119202 -50.354900 572.040649
648 240 661 233 677 234 689 243 675 247 661 246 763 249 776 241 792 242 804 252 791 256 776 254 499 314 19.109430 74.604660 17.376953 0.017295 -0.099267 0.066599 43.169556 -71.479012 590.519958 10.201693 -73.656578 587.212708 76.137413 -69.301437 593.827209
661 250 675 243 691 245 704 254 689 257 674 256 778 260 791 253 806 255 818 263 805 267 791 266 395 543 42.694874 125.590134 20.937206 0.004909 -0.125250 0.080328 50.799332 -64.918053 585.708008 17.961418 -67.565285 581.557922 83.637245 -62.270824 589.858093
648 258 661 252 677 253 689 261 675 264 661 264 764 266 777 259 793 260 805 268 791 272 777 271 641 755 -12.035031 173.067017 26.677359 -0.023096 -0.062209 0.059451 43.356476 -61.833248 590.078857 10.274513 -63.828537 588.038757 76.438438 -59.837963 592.119019
655 252 669 245 685 246 698 256 683 259 668 258 772 262 785 254 801 255 812 264 799 268 785 267 407 312 39.686092 74.084358 16.682405 0.020707 -0.159308 0.065938 47.051216 -63.342579 579.477783 14.338702 -65.466431 574.191895 79.763733 -61.218727 584.763611
669 253 683 247 699 248 712 258 697 261 682 259 786 264 799 257 813 259 824 267 811 271 798 270 217 568 82.546799 131.021683 20.135868 0.030545 -0.201321 0.075603 54.558800 -62.304821 580.251648 22.118765 -64.693810 573.581116 86.998833 -59.915833 586.922241
640 250 653 242 669 243 682 252 668 256 653 256 756 255 770 247 786 248 798 257 785 262 770 261 660 341 -16.866714 80.755936 19.033976 0.103893 0.321160 0.052870 37.491947 -65.234673 573.527832 6.028930 -67.504868 583.895325 68.954964 -62.964481 563.160339
625 260 637 252 653 252 665 261 652 265 638 265 740 263 753 255 769 255 783 263 769 268 754 267 1152 667 -126.464195 153.854645 28.672863 0.095989 0.299437 0.028836 28.878941 -61.279984 576.383606 -2.835894 -62.694878 586.116394 60.593773 -59.865093 566.650818
627 253 640 245 655 245 668 254 654 259 640 258 742 256 755 247 771 248 785 257 771 262 756 261 1075 183 -109.919975 45.855316 19.028648 0.097170 0.375854 0.038120 29.426395 -63.837948 567.086609 -1.438831 -65.670547 579.191956 60.291622 -62.005348 554.981323
655 251 669 244 685 245 698 255 683 259 668 258 771 261 784 253 800 254 811 263 798 268 784 266 365 110 48.797306 29.002300 12.586906 0.047185 -0.254667 0.058481 46.162197 -62.688202 569.928162 14.084273 -64.408989 561.525452 78.240120 -60.967422 578.330872
642 263 656 256 672 257 685 266 671 270 656 269 760 270 773 262 789 263 801 271 788 275 773 275 630 731 -9.608157 167.705872 26.147848 0.032104 -0.145623 0.041311 40.139374 -58.156219 577.167114 7.314210 -59.445007 572.328979 72.964539 -56.867435 582.005188
661 242 675 235 692 236 704 245 690 249 674 248 778 251 791 243 806 244 817 254 805 258 791 256 357 291 50.841087 69.360771 15.930769 0.021632 -0.243357 0.053131 50.050762 -68.458427 574.270081 17.870701 -70.117363 566.254395 82.230820 -66.799500 582.285767
625 258 638 251 653 251 666 259 653 264 638 264 741 261 754 253 770 253 783 261 770 266 755 265 1048 602 -103.291756 139.274979 26.708855 0.101744 0.291528 0.022280 29.297918 -62.288059 576.598572 -2.498939 -63.504620 586.087463 61.094776 -61.071495 567.109619
632 259 645 252 661 252 674 261 660 265 645 265 748 263 762 255 778 256 790 264 777 269 762 268 986 538 -89.512886 124.952240 25.063555 0.098681 0.287073 0.034360 33.311104 -60.920689 575.540771 1.483355 -62.510632 584.869568 65.138855 -59.330750 566.212036
665 253 679 246 694 246 706 254 693 258 678 258 777 258 789 252 803 254 813 263 802 266 789 264 362 304 49.740902 72.263947 16.210743 -0.101156 -0.190861 0.036964 54.055614 -68.562454 619.806030 21.475771 -70.099281 613.580933 86.635460 -67.025620 626.031067
625 258 638 252 652 252 664 257 651 260 638 260 731 256 744 251 759 251 773 256 759 259 745 258 1207 611 -138.845810 141.410446 28.013374 -0.532056 0.062970 0.007233 29.199413 -70.200500 630.355957 -3.940281 -69.886269 632.410645 62.339108 -70.514725 628.301331
634 264 646 256 661 256 673 264 660 268 646 268 746 265 759 258 775 258 787 266 774 271 760 270 1103 622 -115.566605 143.779602 27.477406 0.083813 0.285441 0.024141 33.871647 -61.440998 595.329224 2.019131 -62.624992 604.633789 65.724159 -60.257004 586.024658
665 258 679 251 695 252 708 261 693 264 678 264 780 266 793 259 808 260 819 269 807 273 793 271 316 413 60.183754 96.534966 17.930370 0.016066 -0.202931 0.055716 52.703068 -61.370506 586.292664 20.230770 -63.152901 579.589478 85.175369 -59.588116 592.995850
667 251 681 244 697 245 709 255 695 258 680 257 782 260 794 252 809 254 820 262 808 267 794 265 221 166 81.087318 41.374634 12.610849 0.017879 -0.236855 0.053072 53.332462 -64.525459 583.786255 21.100998 -66.200386 575.983276 85.563927 -62.850525 591.589294
659 262 673 255 689 256 702 265 688 268 673 268 775 269 788 262 803 263 814 271 802 276 788 274 368 438 48.587002 102.152214 18.771450 0.023828 -0.197522 0.050325 49.496624 -59.193520 584.423828 16.979185 -60.774975 577.891235 82.014061 -57.612064 590.956421
652 264 666 257 682 258 695 267 680 270 666 270 768 270 781 263 796 264 808 272 795 276 781 275 465 446 26.900318 104.014618 19.614441 0.030443 -0.188311 0.040951 45.648361 -58.526680 585.426208 13.058179 -59.782951 579.192322 78.238548 -57.270409 591.660034
678 285 690 277 706 277 718 284 705 289 691 290 791 284 803 276 819 276 831 284 818 289 804 289 692 574 -23.697479 132.743256 23.640556 0.090145 0.405993 -0.004066 58.382519 -49.838993 590.114685 27.875336 -50.306747 603.216309 88.889702 -49.371235 577.013062
678 284 691 275 706 275 719 283 705 288 691 289 791 283 803 274 819 274 831 283 819 288 804 288 693 184 -24.469030 45.769909 16.319597 0.087163 0.422465 -0.000702 58.080986 -50.117496 586.158997 27.793657 -50.696823 599.756836 88.368309 -49.538166 572.561157
690 285 702 277 718 277 731 286 717 290 703 290 804 287 816 279 831 279 843 288 830 292 816 292 379 462 46.160126 107.513351 19.300961 0.011587 -0.199659 0.009813 66.381554 -49.006836 591.324829 33.837959 -49.292210 584.737488 98.925140 -48.721462 597.912170
656 291 667 283 682 282 694 289 682 295 669 296 766 286 778 277 794 276 807 283 795 289 780 290 1256 542 -149.903534 126.062279 27.066771 0.064686 0.418439 -0.042702 45.073620 -48.160648 589.850891 14.761955 -47.227783 603.374634 75.385284 -49.093517 576.327087
688 275 701 266 716 266 728 274 715 279 701 280 800 275 812 267 827 267 839 276 826 281 813 280 415 8 37.469524 6.295582 11.027373 0.005986 -0.238985 -0.003692 65.258690 -55.721592 595.632019 32.997822 -55.576523 587.772339 97.519562 -55.866661 603.491699
682 291 694 284 709 284 722 291 709 296 694 296 795 292 807 284 822 284 834 291 822 296 808 296 579 777 1.864647 177.923187 26.648001 -0.000211 -0.156825 -0.005437 62.333157 -46.663269 599.374146 29.536314 -46.484028 594.188110 95.129997 -46.842506 604.560120
664 293 675 285 690 284 703 292 690 297 676 298 775 289 788 281 803 281 816 288 803 293 789 293 974 529 -86.841248 122.935455 24.808754 0.064928 0.377567 -0.027528 50.330708 -46.750851 594.352417 19.476154 -46.261124 606.612793 81.185257 -47.240574 582.092041
666 294 677 287 692 286 704 293 692 298 678 299 777 292 789 283 804 283 817 290 804 296 790 296 987 761 -89.423309 174.684433 29.260866 0.066066 0.350064 -0.022597 51.706795 -46.084599 599.851562 20.523392 -45.730026 611.254639 82.890198 -46.439167 588.448547
670 294 682 286 697 286 709 293 696 298 683 298 782 292 794 285 810 284 822 292 809 297 795 297 715 627 -28.767895 144.581390 24.800669 0.061549 0.344301 -0.006954 54.441036 -45.828289 599.172974 23.185133 -45.950333 610.380676 85.696938 -45.706245 587.965210
671 292 683 284 699 284 711 292 698 296 684 297 784 291 796 283 812 283 824 291 811 296 797 296 660 436 -16.733261 101.941948 20.819027 0.059723 0.353377 -0.002667 55.109024 -46.281162 595.963379 23.955463 -46.541161 607.450256 86.262589 -46.021168 584.476562
682 283 694 275 709 274 721 283 708 287 694 288 794 283 806 275 821 276 833 284 820 289 806 288 612 255 -6.250409 61.538269 17.075270 0.081260 0.373914 0.013776 61.308578 -51.349239 601.850830 30.399864 -52.293888 613.947083 92.217293 -50.404591 589.754639
670 276 681 268 696 267 708 275 695 280 682 281 779 274 791 266 807 266 819 274 807 280 793 279 988 69 -90.619102 20.361860 16.265326 0.056628 0.390188 0.004071 53.976292 -56.600502 606.333191 23.266832 -57.094318 618.952454 84.685753 -56.106686 593.713989
699 286 712 279 728 280 740 288 726 292 712 292 812 292 825 285 839 286 851 294 838 298 825 297 315 584 60.647663 134.668976 21.136320 -0.010388 -0.146827 0.045318 72.896675 -47.954681 605.169250 40.083107 -49.478783 600.320923 105.710251 -46.430576 610.017578
698 278 711 271 727 271 738 280 725 284 711 284 811 283 823 275 837 276 848 285 836 290 823 289 250 114 74.527260 29.801493 11.840858 0.016496 -0.223966 0.032227 71.210365 -52.112247 597.212891 38.851952 -53.112118 589.830994 103.568787 -51.112373 604.594849
675 288 687 280 702 279 715 287 702 292 688 293 787 286 799 278 815 278 827 286 814 291 800 291 576 289 1.850189 69.091560 17.457056 0.072430 0.360086 -0.006827 57.280231 -49.105816 598.949707 26.204777 -49.312332 610.647278 88.355682 -48.899296 587.252136
685 278 697 270 712 270 724 278 711 283 697 283 796 279 808 271 823 272 835 280 822 285 809 284 565 40 3.960991 13.553030 12.699795 0.092454 0.394324 0.016544 62.789761 -53.989838 603.018250 32.135807 -55.121300 615.731079 93.443710 -52.858372 590.305481
670 291 681 283 696 283 708 290 696 295 682 296 781 289 793 281 809 281 822 288 809 293 794 293 1011 453 -95.224533 106.016525 23.644928 0.061215 0.358729 -0.011763 53.987892 -47.573982 599.177734 22.898355 -47.552551 610.839600 85.077431 -47.595413 587.515808
694 290 707 282 722 283 734 291 721 295 706 295 807 295 819 287 834 288 846 296 833 300 819 300 395 456 42.572659 106.188210 19.302475 0.005163 -0.178906 0.033965 69.140793 -45.784283 598.555908 36.485008 -46.890556 592.645264 101.796570 -44.678013 604.466553
683 284 695 276 711 276 723 284 710 289 696 289 795 285 807 277 822 277 834 286 822 291 808 290 705 122 -27.240404 31.952936 15.240308 0.082981 0.389443 0.016556 61.810802 -50.496632 600.171814 31.095350 -51.561386 612.741150 92.526253 -49.431881 587.602539
708 289 721 282 737 283 749 292 735 296 721 295 822 298 834 291 849 292 860 301 847 305 834 303 58 595 118.151421 136.914597 19.507788 0.000088 -0.157875 0.070597 77.387772 -44.673538 599.121582 44.678276 -47.005787 593.905334 110.097267 -42.341290 604.337769
