542 369 555 360 572 359 587 367 572 373 556 374 670 363 684 354 702 353 717 361 702 368 686 368 1339 453 -121.072380 95.368141 16.075531 -0.149483 0.045519 -0.048026 -8.033210 -0.426321 535.254089 -41.165493 1.274001 536.639893 25.099072 -2.126644 533.868286
574 364 589 354 608 353 623 362 607 368 590 369 704 360 718 350 736 350 750 360 736 365 719 365 592 132 27.470589 31.592482 10.635330 -0.211216 -0.064338 -0.031030 9.405519 -2.409209 538.532410 -23.714935 -1.612047 536.305420 42.525970 -3.206370 540.759460
550 373 565 363 583 362 599 371 583 377 566 378 685 367 701 357 720 356 736 364 720 371 702 371 1158 721 -85.015106 148.354309 21.681768 -0.158425 0.034126 -0.046190 -1.077557 1.229416 510.068939 -34.227741 2.845457 511.075531 32.072628 -0.386624 509.062347
627 355 645 346 665 346 681 356 663 361 645 361 764 357 779 347 796 348 810 358 795 363 779 362 147 205 116.009659 45.897648 12.685760 -0.132756 -0.226806 0.000669 36.408840 -4.657016 500.532227 4.053176 -5.175987 493.089020 68.764503 -4.138045 507.975433
582 352 598 341 617 340 633 350 617 356 598 358 719 348 734 337 753 337 768 348 753 354 735 353 766 85 -7.152648 22.346016 9.463993 -0.157826 -0.056012 -0.028565 15.016884 -8.023422 508.200867 -18.122454 -7.225912 506.275269 48.156219 -8.820931 510.126465
599 357 615 348 635 347 651 357 634 363 616 363 737 356 752 346 770 347 784 356 769 362 752 362 430 370 59.742493 78.646957 15.615672 -0.138961 -0.106335 -0.012804 23.435316 -4.660722 509.770721 -9.579538 -4.482433 506.228516 56.450169 -4.839010 513.312927
569 366 584 356 602 355 618 363 602 369 585 371 704 360 719 351 738 350 754 359 738 365 721 365 939 518 -41.486816 108.104401 17.906239 -0.173150 0.007820 -0.034812 7.996825 -1.926356 512.986084 -25.186907 -0.754020 513.144531 41.180557 -3.098691 512.827576
621 360 638 350 658 350 673 360 656 366 638 366 758 361 772 351 790 352 804 362 789 367 773 367 28 321 139.704514 68.818848 15.166115 -0.139556 -0.163559 0.001499 33.649117 -2.571073 507.825531 0.886770 -2.997971 502.439789 66.411461 -2.144174 513.211243
590 368 605 358 625 357 641 367 624 373 606 373 726 364 741 354 759 354 774 363 759 369 742 369 518 538 42.267902 111.927155 18.863573 -0.122266 -0.096039 -0.029595 18.601171 -0.402585 512.677368 -14.436317 0.381484 509.441742 51.638660 -1.186654 515.912964
600 360 616 350 636 350 651 360 634 366 616 366 736 359 751 349 769 349 783 359 768 365 752 365 371 270 71.460785 58.835182 13.691154 -0.117525 -0.130168 -0.011060 23.465212 -3.180878 511.335480 -9.456993 -3.068853 507.013977 56.387417 -3.292903 515.656982
554 371 567 361 585 359 600 368 585 374 569 375 685 364 700 354 719 354 735 362 720 368 702 368 1394 656 -131.975601 135.565155 20.067970 -0.140650 0.086276 -0.044800 -0.640054 0.038050 517.803162 -33.688347 1.719352 520.549622 32.408237 -1.643252 515.056641
608 359 625 350 644 350 660 360 643 365 625 366 744 360 758 350 776 351 790 361 775 366 759 366 306 313 84.399529 67.325096 14.638222 -0.126627 -0.155133 -0.001252 27.565895 -3.056318 514.731812 -5.240669 -3.340084 509.612396 60.372459 -2.772551 519.851257
566 365 580 355 598 354 613 362 598 368 581 370 698 359 712 349 731 349 747 358 731 363 714 363 1198 512 -93.011688 107.000374 17.443527 -0.177476 0.020752 -0.043006 5.498722 -2.516332 523.691711 -27.668343 -1.035389 524.250549 38.665787 -3.997276 523.132874
565 369 580 359 598 358 613 366 598 373 581 374 697 363 712 353 731 353 746 361 731 368 714 368 1203 633 -93.983635 130.951202 19.860004 -0.157638 0.018837 -0.042865 5.370800 -0.502791 523.842346 -27.797699 0.963315 524.353088 38.539299 -1.968897 523.331665
585 370 601 360 620 359 635 368 619 374 602 375 720 367 734 357 753 357 767 366 752 372 735 372 780 603 -9.840443 124.876945 19.818707 -0.139693 -0.067347 -0.023516 16.059076 0.821094 521.676086 -17.061426 1.442881 519.394592 49.179577 0.199306 523.957642
577 375 592 366 611 365 627 374 611 379 593 381 711 370 725 361 744 360 759 369 744 375 727 375 910 787 -35.667233 161.337524 23.331465 -0.142051 -0.038875 -0.039106 11.786147 2.929159 521.901489 -21.368282 4.131157 520.523621 44.940575 1.727161 523.279419
579 367 594 356 613 355 629 365 612 371 595 372 712 362 727 352 746 352 761 361 745 367 728 367 932 323 -40.130898 69.506294 14.010517 -0.130461 -0.060792 -0.034140 12.623035 -1.074874 520.083984 -20.501217 -0.076816 517.998962 45.747288 -2.072932 522.169067
584 369 600 359 619 359 635 368 618 374 601 375 718 366 733 356 752 356 766 365 751 371 734 371 705 485 5.057403 101.497314 17.554890 -0.120141 -0.077486 -0.026091 15.581659 0.536826 520.223083 -17.512365 1.245843 517.607239 48.675686 -0.172191 522.838867
581 368 596 358 615 357 631 366 615 372 597 374 715 363 729 354 748 353 763 362 748 368 731 368 862 368 -26.197111 78.390450 15.004250 -0.124071 -0.072863 -0.036197 13.735530 -0.500951 519.490112 -19.359589 0.546759 517.005127 46.830650 -1.548661 521.975098
608 366 624 357 643 357 658 366 642 372 624 372 742 366 757 357 774 357 788 366 774 372 757 371 8 455 143.708344 95.334671 17.875990 -0.109044 -0.138972 -0.004601 27.027411 -0.072647 518.158386 -5.857242 -0.171597 513.559509 59.912060 0.026303 522.757263
534 262 553 249 578 247 598 259 578 268 555 269 708 254 728 239 753 238 774 249 753 259 730 260 1009 250 -55.462479 55.082424 12.446811 -0.024647 0.038081 -0.048983 3.171484 -41.021919 395.496368 -29.969442 -39.381081 396.739899 36.312408 -42.662762 394.252869
537 285 556 273 580 273 601 284 581 292 558 293 714 279 734 265 759 264 780 274 759 283 736 284 906 702 -34.887459 144.512405 21.634584 -0.009436 0.002450 -0.047735 4.868739 -31.368414 389.203613 -28.298151 -29.783623 389.277435 38.035629 -32.953209 389.129761
552 297 572 286 597 286 618 298 597 305 573 306 731 295 752 281 777 280 797 290 776 299 753 300 899 897 -33.458309 183.106003 25.548822 0.014696 -0.038847 -0.033501 11.033385 -25.891382 386.498993 -22.127750 -24.770033 385.217865 44.194519 -27.012733 387.780121
524 281 542 269 566 268 587 281 566 287 544 288 700 277 721 263 746 262 768 273 746 282 723 282 1388 363 -130.837021 77.570473 14.208424 0.037095 0.207257 -0.031771 -0.524167 -31.143450 376.786377 -33.001812 -30.223629 383.635925 31.953480 -32.063271 369.936859
608 288 629 277 654 277 675 290 653 296 630 297 788 287 808 274 831 273 850 283 830 293 808 293 26 772 140.187073 158.083481 24.200277 -0.009344 -0.151495 -0.023609 31.357998 -28.385227 381.872925 -1.457290 -27.627827 376.858643 64.173286 -29.142626 386.887177
547 291 566 280 592 279 613 292 592 298 568 299 727 288 748 275 773 274 794 284 772 293 749 294 952 775 -44.024689 158.975937 23.035608 0.002680 -0.011675 -0.029535 9.273936 -27.905327 383.805115 -23.914133 -26.924253 383.418823 42.462006 -28.886400 384.191376
617 264 639 250 666 251 687 265 664 273 639 273 800 265 819 250 844 250 862 263 842 272 820 272 230 30 99.465324 11.287117 9.071513 -0.022909 -0.225907 -0.018938 34.538498 -35.490826 370.295166 2.183240 -34.952965 362.851562 66.893753 -36.028687 377.738800
542 260 561 246 586 246 607 258 586 266 563 267 720 255 740 241 766 241 787 253 766 261 742 261 1224 224 -98.238045 50.005661 11.641784 -0.032455 0.043224 -0.026679 6.884975 -39.657101 384.597504 -26.277014 -38.748470 386.017517 40.046963 -40.565727 383.177490
530 274 548 262 571 261 591 272 571 279 550 280 704 267 724 255 749 254 770 264 749 272 726 273 1322 700 -117.644127 144.250732 21.044323 -0.027817 0.088203 -0.037287 1.349386 -35.584465 390.125122 -31.703308 -34.307720 393.031830 34.402081 -36.861214 387.218414
560 276 579 265 604 264 625 276 604 284 581 284 738 273 758 260 783 260 803 270 783 280 759 280 894 691 -32.502327 142.331329 21.430174 -0.006481 -0.060511 -0.027489 13.643760 -33.453739 386.453400 -19.487743 -32.548157 384.442657 46.775261 -34.359325 388.464142
520 283 538 272 561 271 581 282 562 289 540 290 695 278 715 265 740 264 762 274 740 283 717 283 1327 771 -118.625465 158.305191 22.459524 0.006611 0.144876 -0.033478 -2.221528 -31.617701 385.958984 -35.059940 -30.526037 390.755493 30.616884 -32.709362 381.162476
636 285 657 274 681 274 702 286 680 292 657 293 814 285 833 272 856 271 873 281 854 290 834 290 2 813 144.969177 166.190750 25.053068 -0.062970 -0.149762 -0.019648 40.811089 -29.623312 383.651123 7.984208 -29.130041 378.679962 73.637970 -30.116585 388.622253
538 263 557 249 582 248 602 262 582 269 559 271 715 258 735 243 761 242 782 254 761 264 737 264 1121 16 -77.786964 8.803532 7.612701 0.009570 0.151551 -0.029128 4.898245 -38.188709 380.983917 -27.911951 -37.249393 386.000732 37.708443 -39.128025 375.967133
598 294 619 283 644 282 665 294 644 301 620 302 778 290 797 277 820 276 838 285 819 295 798 296 168 812 111.946045 166.046371 24.813488 0.010315 -0.170693 -0.036933 27.810587 -27.208130 383.526306 -4.889144 -25.958874 377.893677 60.510315 -28.457386 389.158936
541 283 560 271 585 271 605 282 585 290 562 291 719 278 739 265 764 264 785 275 764 284 741 284 1039 791 -61.328888 162.170853 23.240950 -0.014246 0.034576 -0.034202 6.539778 -31.595955 387.481079 -26.625774 -30.452591 388.620575 39.705330 -32.739319 386.341553
535 254 553 240 578 239 599 252 578 260 555 262 711 248 731 233 757 232 779 245 757 254 733 254 1133 36 -80.170410 12.765951 7.997341 -0.011499 0.114284 -0.031515 3.660242 -41.923740 383.481598 -29.311516 -40.857971 387.261383 36.632000 -42.989510 379.701782
524 280 542 268 565 267 585 278 566 286 544 287 699 274 719 261 744 260 766 270 744 279 721 279 1221 803 -97.532516 164.604675 23.240538 -0.014526 0.118145 -0.035599 -0.735374 -33.014408 387.386353 -33.687733 -31.806948 391.290680 32.216984 -34.221870 383.482056
520 288 536 279 555 278 573 286 556 292 537 294 680 282 698 272 721 271 740 279 721 286 700 287 1272 746 -107.688820 153.339264 22.031630 -0.066496 0.188865 -0.035096 -6.756557 -31.572950 408.335754 -39.350819 -30.207821 414.525269 25.837704 -32.938080 402.146240
511 274 527 261 551 260 570 271 551 279 530 280 683 266 703 253 729 251 751 262 729 271 706 272 1305 560 -114.288551 116.535408 18.263231 -0.011506 0.198433 -0.036937 -6.362249 -35.343155 383.362854 -38.892979 -34.087242 389.899963 26.168480 -36.599064 376.825745
535 263 553 249 578 248 599 260 578 268 556 269 712 254 732 240 758 240 780 251 758 260 734 260 965 196 -46.719551 44.380150 11.423627 -0.036048 0.087595 -0.040876 3.979097 -39.470772 384.769073 -29.070724 -38.063507 387.648071 37.028919 -40.878040 381.890076
657 298 675 287 698 287 715 299 696 305 675 305 809 301 825 289 846 289 861 301 844 307 826 307 296 326 86.391304 69.894928 14.911780 -0.100124 -0.105854 0.007596 50.373817 -28.882399 458.474396 17.355661 -29.309395 454.984589 83.391968 -28.455402 461.964203
670 317 689 308 710 309 727 319 708 324 688 324 818 321 833 311 851 311 865 320 850 326 833 326 10 820 143.379028 167.578827 25.182665 -0.057029 -0.191632 0.008065 55.663956 -20.695812 467.187714 23.067873 -21.142647 460.874603 88.260033 -20.248978 473.500854
630 305 649 294 671 294 689 306 670 312 649 312 782 305 798 292 819 292 835 303 818 310 799 310 591 24 27.649242 10.215996 8.473894 -0.046586 -0.126714 -0.016825 38.866165 -26.568209 457.342987 5.932211 -26.109110 453.135437 71.800117 -27.027308 461.550537
619 312 636 301 657 301 675 312 656 318 637 319 768 312 784 300 805 300 821 310 804 317 785 317 891 432 -31.954161 91.067154 16.247528 -0.082084 -0.052029 -0.009968 33.656891 -24.131300 466.776581 0.498632 -23.871687 465.038147 66.815147 -24.390915 468.515015
667 300 686 290 708 291 725 303 706 308 686 308 817 306 833 295 852 296 867 307 851 313 833 313 490 23 47.741325 9.985490 8.587453 -0.065256 -0.194341 0.020474 54.295689 -26.812420 457.820007 21.722641 -27.697271 451.434631 86.868736 -25.927567 464.205414
603 308 619 297 640 296 657 306 640 312 621 314 751 303 767 291 788 290 805 300 788 307 769 307 988 289 -51.277554 62.794823 13.255582 -0.139992 0.014742 -0.036108 26.203869 -27.342657 467.112091 -6.975735 -26.113705 467.516113 59.383472 -28.571609 466.708069
646 306 664 295 686 295 703 307 684 312 664 313 796 307 812 296 831 296 846 307 830 313 812 313 439 161 57.912846 37.283028 11.418431 -0.062813 -0.139488 -0.001679 45.300831 -26.007450 462.219177 12.418463 -26.097080 457.603790 78.183197 -25.917820 466.834534
618 308 635 297 657 297 674 307 656 313 636 314 768 305 784 294 805 293 821 304 805 310 786 310 810 222 -15.879991 49.476269 12.149297 -0.093277 -0.053851 -0.025011 33.412548 -26.409504 464.522064 0.266207 -25.664019 462.698883 66.558891 -27.154989 466.345215
599 319 615 309 635 309 652 318 635 324 617 325 746 314 762 304 783 303 799 311 783 319 764 319 1158 855 -84.989944 174.876587 24.365191 -0.109121 0.010236 -0.039080 24.408112 -22.535385 472.765747 -8.769636 -21.222149 473.034119 57.585861 -23.848621 472.497345
600 315 616 304 637 304 654 313 637 320 618 321 747 310 764 299 785 298 802 307 785 314 765 315 1148 368 -83.092064 78.482697 14.625980 -0.074828 -0.029524 -0.040083 24.911600 -24.034376 467.362762 -8.252096 -22.741880 466.333984 58.075294 -25.326872 468.391541
610 311 626 300 647 299 665 310 647 316 628 317 758 307 775 296 796 295 812 305 795 312 776 312 925 237 -38.754517 52.482273 12.297579 -0.106587 -0.014824 -0.030133 29.378237 -25.557661 466.413727 -3.807872 -24.585396 465.869263 62.564346 -26.529926 466.958221
643 304 660 293 682 293 699 304 681 310 661 311 792 303 808 292 828 291 843 302 827 309 809 309 49 23 135.470963 9.843243 9.170729 -0.074632 -0.109322 -0.013615 43.899956 -27.431358 463.544739 10.896343 -27.115868 459.908569 76.903564 -27.746849 467.180908
598 308 614 297 635 296 651 306 634 313 616 314 745 303 761 291 782 290 799 300 782 307 763 308 1161 185 -85.712563 42.266171 10.944113 -0.163056 0.020606 -0.038569 23.782410 -27.473516 470.038055 -9.390731 -26.143253 470.614868 56.955551 -28.803778 469.461243
595 308 610 297 631 295 648 305 631 312 612 313 740 301 756 289 777 288 794 298 777 305 758 306 1208 167 -95.065811 38.718636 10.521489 -0.171564 0.035680 -0.045032 22.038908 -28.139927 472.209015 -11.111250 -26.551434 473.259399 55.189068 -29.728418 471.158630
628 317 646 307 667 306 684 317 666 323 646 324 779 315 795 304 815 303 830 313 814 320 796 320 602 452 25.541346 94.932487 17.030275 -0.087457 -0.059519 -0.023465 37.901215 -22.376196 466.536530 4.764292 -21.684898 464.530029 71.038139 -23.067495 468.543030
620 325 637 314 658 314 676 324 658 330 638 331 770 321 786 310 806 309 822 318 806 326 787 326 752 718 -4.248713 147.629562 22.158676 -0.094202 -0.021587 -0.030678 34.261154 -19.582432 468.717896 1.079684 -18.599249 467.954376 67.442627 -20.565615 469.481384
651 317 669 306 691 306 708 318 689 323 669 324 802 316 817 304 837 304 851 314 836 321 818 321 4 263 144.468033 57.331314 14.036376 -0.033086 -0.173339 -0.018961 47.228561 -21.584995 457.633820 14.527236 -21.053663 451.897888 79.929886 -22.116329 463.369720
576 322 591 311 611 310 628 319 611 326 593 327 721 314 737 302 758 301 776 310 759 317 739 318 1285 476 -110.325661 99.903053 16.607540 -0.104062 0.089542 -0.057206 13.361238 -22.016567 469.013733 -19.656475 -19.969643 471.877380 46.378948 -24.063490 466.150116
600 318 616 308 637 307 654 317 637 323 617 324 748 313 764 302 785 301 802 310 785 317 766 318 904 372 -34.551563 79.195702 15.028802 -0.080567 -0.005042 -0.041296 24.854410 -22.672804 466.891724 -8.321689 -21.310209 466.669342 58.030506 -24.035400 467.114105
639 305 657 293 679 293 696 304 678 311 658 311 789 303 805 291 825 291 840 302 824 309 806 309 385 58 68.635902 16.879082 9.427222 -0.073692 -0.114532 -0.020850 42.671234 -27.478930 464.289398 9.691066 -26.928711 460.472931 75.651398 -28.029146 468.105865
587 356 600 346 618 345 632 353 618 359 602 361 710 349 723 339 740 338 754 347 741 353 725 353 873 262 -28.405283 57.413689 12.866994 -0.250067 -0.003158 -0.054472 14.085320 -7.949558 565.638916 -19.070333 -6.173532 565.310242 47.240974 -9.725584 565.967529
601 356 615 347 633 346 647 354 632 360 616 361 724 351 737 342 753 342 766 350 753 356 738 356 451 625 55.612778 129.125229 20.694410 -0.258895 -0.053388 -0.043215 21.778536 -7.183571 573.552856 -11.348417 -5.993836 571.616577 54.905491 -8.373307 575.489075
608 352 623 343 640 342 654 350 639 356 623 357 731 349 744 339 760 339 772 348 760 354 745 353 353 409 75.067688 86.341293 16.498510 -0.216631 -0.088640 -0.031406 25.657999 -8.889248 574.343140 -7.400673 -8.173420 571.314697 58.716671 -9.605075 577.371582
575 355 588 346 605 344 618 352 604 358 589 360 696 349 709 340 726 339 741 348 727 353 711 353 1328 273 -118.917915 59.737652 12.485482 -0.230789 0.011016 -0.046067 6.886615 -8.152682 570.135010 -26.281122 -6.595138 570.321716 40.054352 -9.710227 569.948303
610 353 625 343 643 342 657 351 642 357 625 358 734 350 746 341 763 340 775 350 762 355 748 355 251 54 95.292229 16.044149 9.524351 -0.169175 -0.123236 -0.027286 26.802298 -8.219270 567.919434 -6.138995 -7.664814 563.781433 59.743587 -8.773726 572.057495
575 356 588 346 604 345 618 353 604 359 589 360 696 350 709 341 727 340 741 349 727 354 711 354 1365 316 -126.270378 68.260468 13.297644 -0.208313 0.042800 -0.039589 6.842463 -7.721814 569.571777 -26.306135 -6.270050 570.845520 39.991062 -9.173577 568.298035
596 362 610 353 628 352 642 361 627 366 611 367 720 358 733 349 750 349 764 357 750 363 734 363 670 638 12.048803 131.768921 20.665089 -0.188199 -0.024114 -0.030840 19.197760 -3.597368 567.517090 -13.981688 -2.654753 566.625244 52.377205 -4.539982 568.408875
591 360 605 351 622 350 636 358 622 364 606 365 714 356 727 346 744 346 758 355 744 360 729 360 1145 375 -82.493950 79.867226 14.770126 -0.144006 -0.032202 -0.034534 16.335262 -4.835966 567.033142 -16.832605 -3.770489 565.885620 49.503128 -5.901443 568.180725
606 363 621 354 638 353 653 362 638 367 621 368 731 360 744 351 760 350 773 359 760 364 745 364 500 618 45.863724 127.755539 20.489422 -0.150743 -0.072709 -0.027650 24.865135 -2.961541 567.733093 -8.239456 -2.229350 565.261353 57.969727 -3.693732 570.204895
626 358 641 349 659 349 673 358 658 363 641 363 750 359 763 350 779 350 791 359 778 364 763 364 84 288 128.558044 62.305302 14.431205 -0.125602 -0.156471 -0.001247 35.308418 -4.142629 565.703674 2.508749 -4.426692 560.540283 68.108086 -3.858566 570.867065
610 363 624 354 642 354 656 363 641 368 625 368 734 362 748 353 764 353 777 361 764 367 749 366 803 607 -14.415160 125.676071 19.868387 -0.160914 -0.060774 -0.013595 26.805128 -2.241285 565.854980 -6.335454 -1.954069 563.810730 59.945713 -2.528501 567.899231
614 360 629 351 647 351 662 360 646 365 630 366 739 360 752 350 769 350 782 359 769 365 753 365 544 16 36.997608 8.617416 8.375853 -0.095918 -0.142012 -0.008764 29.128031 -3.339359 556.885925 -3.741504 -3.275386 552.179626 61.997562 -3.403332 561.592224
612 360 627 351 645 351 659 360 644 365 627 365 736 359 749 350 766 350 779 359 765 364 750 364 629 263 20.134653 57.532909 13.209739 -0.146342 -0.101648 -0.013673 28.013096 -3.646895 565.544983 -5.017535 -3.441616 562.154541 61.043728 -3.852174 568.935364
604 360 618 351 636 350 650 359 635 364 619 365 729 357 742 348 759 348 772 356 759 362 743 362 877 135 -29.224867 32.278191 10.318460 -0.125198 -0.051268 -0.023784 23.601828 -4.366763 562.739258 -9.550039 -3.685895 560.992920 56.753693 -5.047630 564.485596
597 358 611 349 628 348 642 357 627 362 611 363 720 355 733 345 751 345 764 354 750 360 735 360 890 49 -31.827150 15.260626 8.579069 -0.187140 -0.008958 -0.025758 19.335354 -5.400116 565.523682 -13.857147 -4.577650 565.148193 52.527855 -6.222582 565.899170
561 375 573 366 588 365 602 371 589 377 574 379 679 365 692 356 709 354 724 361 710 367 695 368 1377 646 -128.595612 133.580399 19.890200 -0.131814 0.117823 -0.086080 -1.818548 1.060928 569.521545 -34.670998 4.157842 573.220886 31.033901 -2.035986 565.822205
623 372 637 364 654 364 668 372 653 376 637 377 748 371 761 362 778 362 792 369 778 375 762 375 191 851 107.377899 173.772964 25.564062 -0.222775 -0.004172 -0.017039 33.167908 2.382561 558.122131 -0.031819 2.928268 557.921997 66.367630 1.836855 558.322266
624 370 639 361 657 361 671 370 655 374 639 375 748 368 761 359 776 359 789 367 776 373 761 373 41 574 137.165894 118.898682 20.215382 -0.100435 -0.160944 -0.017064 33.999920 1.333259 563.232117 1.228679 1.628902 557.891846 66.771156 1.037616 568.572327
602 374 616 365 633 364 648 373 633 378 617 378 726 370 739 361 756 361 770 369 756 375 740 375 663 776 13.467251 159.080658 23.437870 -0.116918 -0.030388 -0.028161 22.406855 2.753159 566.080261 -10.769498 3.626922 565.019226 55.583206 1.879396 567.141296
634 372 649 364 666 364 680 373 665 377 649 378 758 373 770 365 786 365 798 373 785 379 771 378 102 840 125.080902 171.567047 25.461494 -0.108737 -0.167301 0.004931 39.088493 3.552305 562.794250 6.347239 3.088622 557.284729 71.829750 4.015988 568.303772
641 304 659 294 681 293 699 304 680 310 660 311 795 303 811 292 832 291 847 301 831 309 812 309 564 655 33.138935 135.099503 21.145720 -0.138255 -0.011393 -0.011733 44.087116 -27.620798 462.421051 10.886735 -27.258566 462.017090 77.287498 -27.983030 462.825012
653 305 671 295 692 295 710 306 691 312 671 312 805 305 821 294 841 294 856 304 840 311 822 311 349 881 75.952057 179.761749 25.955854 -0.123221 -0.041585 -0.007580 49.060669 -27.046618 466.269318 15.885478 -26.880600 464.876923 82.235863 -27.212635 467.661713
675 280 693 269 714 268 731 278 713 284 694 285 823 276 838 266 856 266 871 277 856 283 839 282 200 244 105.473511 53.633911 13.396657 -0.170355 -0.116673 -0.029669 58.654030 -39.733727 474.182526 25.688963 -39.084484 470.252869 91.619102 -40.382965 478.112213
614 299 630 287 651 286 669 295 651 302 632 304 764 290 779 278 800 277 816 287 800 294 781 295 657 633 14.633998 130.775101 20.582155 -0.207312 0.014856 -0.055361 31.494495 -32.831429 470.512695 -1.655979 -30.956377 470.812378 64.644974 -34.706482 470.213013
595 304 611 294 629 294 645 303 628 309 611 309 727 301 740 291 757 291 770 300 757 306 741 306 86 601 128.218964 124.257233 20.696554 -0.126340 -0.138206 -0.038598 20.169613 -32.425690 531.673035 -12.694382 -31.440853 527.031128 53.033611 -33.410530 536.314941
551 303 566 291 586 289 603 298 586 305 568 307 691 292 706 280 726 279 742 288 726 295 708 296 893 305 -32.375877 65.931015 13.701639 -0.230315 0.001796 -0.075671 1.008412 -33.484642 497.228333 -32.101746 -30.989697 496.999451 34.118568 -35.979588 497.457245
587 319 602 309 621 307 637 315 621 322 604 324 723 309 736 298 754 297 769 306 755 312 738 313 471 848 51.675983 173.269501 25.133652 -0.289383 -0.012857 -0.076658 16.824947 -26.539246 519.708862 -16.280306 -24.093060 518.922729 49.930202 -28.985430 520.494995
549 313 563 302 580 300 596 307 581 314 565 317 680 299 695 289 713 287 729 295 714 302 697 303 1381 504 -129.417999 105.475983 17.041283 -0.201430 0.033073 -0.097273 -2.988512 -30.976551 522.094788 -36.018818 -27.663931 522.859741 30.041794 -34.289173 521.329834
584 305 599 294 619 292 635 301 618 308 601 310 719 297 733 286 752 285 766 295 752 301 735 301 361 162 73.429840 37.455795 11.541621 -0.195532 -0.028718 -0.058665 15.532851 -32.776150 520.016357 -17.601381 -30.934860 518.879700 48.667084 -34.617435 521.152954
574 305 588 294 607 292 623 300 607 307 590 309 708 294 722 284 740 283 756 292 741 298 724 299 1375 33 -128.312851 12.250227 7.617190 -0.160741 -0.039848 -0.077570 10.103830 -33.398090 517.975159 -22.975075 -30.942781 516.452942 43.182735 -35.853401 519.497375
593 305 608 294 627 293 643 302 627 308 609 310 727 297 741 286 759 286 773 295 759 301 743 301 334 387 78.843292 81.980759 16.083078 -0.190690 -0.057202 -0.064029 19.649286 -33.026638 524.272400 -13.433584 -31.096464 522.184875 52.732155 -34.956814 526.359985
597 309 612 298 631 296 647 305 631 312 613 313 731 301 745 291 762 290 776 300 762 306 746 306 38 694 137.785233 142.649002 22.622414 -0.194734 -0.052784 -0.055075 21.565313 -31.243732 527.214111 -11.543236 -29.598324 525.296753 54.673862 -32.889145 529.131409
557 226 576 214 599 214 617 226 598 233 577 233 717 224 735 212 757 211 775 223 757 231 736 231 836 348 -21.028599 74.423515 14.638126 -0.030754 0.019094 -0.008792 8.933636 -58.191059 435.944580 -24.263842 -57.889450 436.573944 42.131115 -58.492664 435.315186
584 234 603 223 626 224 644 236 624 242 603 242 743 237 760 225 782 225 798 237 781 244 761 243 653 558 15.415648 115.929245 19.085529 -0.137063 0.008907 0.019472 19.756727 -54.617809 443.446503 -13.440486 -55.242065 443.785522 52.953941 -53.993553 443.107452
605 232 625 222 647 223 665 235 645 241 624 240 764 238 781 226 802 227 818 238 800 245 781 244 530 512 39.875816 106.784912 18.327038 -0.123355 -0.015746 0.033623 28.642227 -54.905094 445.581818 -4.539732 -56.050652 445.129211 61.824188 -53.759537 446.034454
628 230 648 220 671 222 689 235 668 239 647 239 788 239 805 228 826 229 842 240 824 247 805 246 316 391 82.424843 82.766663 16.186987 -0.111671 -0.043639 0.047208 38.146957 -53.989006 439.336395 5.010667 -55.633007 437.978760 71.283249 -52.345005 440.694031
560 227 577 217 599 217 617 229 598 235 578 235 716 230 734 218 757 219 775 230 756 237 735 236 1106 380 -74.734604 80.844276 14.921837 -0.152667 0.050554 0.021681 9.105716 -57.460663 442.731445 -24.048973 -58.049545 444.457581 42.260403 -56.871777 441.005341
635 230 655 220 677 221 694 234 674 239 654 238 789 238 806 228 825 229 838 240 823 246 805 245 158 467 113.870590 97.758186 17.917902 -0.011327 -0.194654 0.032708 40.435650 -55.148235 447.510620 7.875559 -56.263710 441.095367 72.995743 -54.032761 453.925903
528 245 544 235 565 235 582 245 564 251 545 252 680 243 699 232 721 231 740 240 721 247 700 248 1403 775 -133.743652 159.121414 22.439106 -0.022624 0.094479 -0.018862 -5.269747 -51.552704 443.912445 -38.320580 -50.891972 447.037384 27.781088 -52.213436 440.787476
553 220 570 209 592 209 609 221 591 227 571 227 708 222 726 210 749 211 767 222 748 229 727 228 1151 227 -83.715340 50.575897 11.798411 -0.058124 0.072357 0.017791 5.889640 -60.190308 440.452911 -27.223064 -60.710396 442.869080 39.002342 -59.670223 438.036713
540 224 557 213 578 212 595 223 577 229 558 230 693 223 712 211 734 211 753 222 734 229 713 229 1276 324 -108.563797 69.815178 13.575561 -0.119123 0.093196 0.010276 0.033416 -59.988983 443.609161 -33.025723 -60.144939 446.712128 33.092556 -59.833027 440.506165
546 222 563 211 584 210 602 222 584 228 564 229 700 221 719 210 741 210 760 221 741 228 720 227 1229 256 -99.226700 56.340954 12.275988 -0.101356 0.081344 0.008691 2.806410 -60.391979 442.237427 -30.287453 -60.543045 444.945404 35.900272 -60.240910 439.529449
628 217 648 206 671 207 689 220 669 225 647 225 784 223 800 212 820 213 835 225 819 231 800 230 64 19 132.486206 9.056371 9.070787 -0.019896 -0.180928 0.020386 37.794331 -60.721981 443.981934 5.138357 -61.454708 438.014526 70.450302 -59.989250 449.949341
596 220 616 208 639 208 657 221 637 227 616 227 756 223 773 210 795 211 811 223 794 230 774 229 547 5 36.398743 6.441182 8.151605 0.015593 -0.120656 0.007077 25.233213 -59.512375 436.282715 -7.729372 -59.715584 432.284424 58.195797 -59.309166 440.281006
635 218 655 207 678 209 696 222 675 227 654 227 793 227 810 216 831 216 846 229 829 235 810 234 105 212 124.366173 47.269592 12.881489 -0.113864 -0.087742 0.042387 40.897644 -59.153839 440.878143 7.850180 -60.721584 438.055573 73.945107 -57.586090 443.700714
645 223 666 213 688 215 705 228 685 232 664 231 800 234 816 224 835 226 848 238 832 243 815 241 25 396 140.315399 83.662437 16.671997 -0.051235 -0.130774 0.065927 45.006508 -57.880173 452.373322 12.157072 -60.171513 448.104370 77.855949 -55.588833 456.642242
576 242 594 232 617 232 635 244 615 250 595 249 735 246 753 235 775 235 792 246 774 253 753 252 923 801 -38.250736 164.112701 23.594627 -0.142658 -0.006895 0.019544 16.592104 -50.878075 442.038971 -16.605591 -51.541084 441.857025 49.789799 -50.215065 442.220917
563 241 581 231 603 231 621 243 602 248 582 248 721 243 739 232 761 232 779 242 760 249 740 249 1079 678 -69.307442 139.817947 20.925158 -0.102758 0.006025 0.005366 10.983054 -52.005943 442.763794 -22.220678 -52.173523 442.972656 44.186787 -51.838367 442.554932
597 225 617 214 640 215 658 228 638 234 616 233 757 231 775 219 797 220 813 232 795 239 775 238 564 140 33.042225 33.166870 10.832567 -0.005583 -0.046838 0.032180 25.480886 -56.617611 437.358429 -7.670327 -57.689884 435.807007 58.632103 -55.545338 438.909821
639 239 659 230 681 232 698 245 678 249 658 248 797 252 814 242 834 243 849 253 832 260 813 259 5 760 144.362427 155.701569 23.987747 -0.181485 0.016719 0.084044 42.295589 -49.887604 444.332947 9.212276 -52.609371 445.136749 75.378899 -47.165836 443.529144
591 244 610 234 633 235 652 247 632 252 610 252 751 251 770 240 792 240 808 251 790 258 770 257 762 616 -6.257201 127.444199 20.102844 -0.008791 -0.045392 0.033197 23.266035 -48.818935 437.661163 -9.886288 -49.927254 436.159576 56.418358 -47.710617 439.162750
593 233 613 223 636 224 655 237 634 243 612 242 754 241 772 229 795 230 811 242 793 249 773 248 889 61 -31.625963 17.635433 8.820699 0.007297 -0.121937 0.026273 24.214891 -51.981510 430.471344 -8.731943 -52.836876 426.429779 57.161724 -51.126144 434.512878
