567 231 585 222 606 223 622 235 603 240 584 239 733 239 749 229 769 229 785 239 768 246 750 245 697 55 -11.341355 25.953154 -6.985203 0.061060 -0.134574 0.032817 19.776094 -47.290890 422.212250 -13.110772 -48.240242 417.727570 52.662960 -46.341534 426.696930
660 219 680 213 701 217 718 230 698 231 678 228 827 245 845 237 864 239 879 250 861 254 843 252 177 257 92.226326 65.822472 -7.685320 -0.257006 -0.034368 0.138103 56.717113 -47.238380 420.079773 23.846149 -51.903980 419.539978 89.588081 -42.572781 420.619537
520 260 536 255 553 257 569 265 552 267 535 266 683 271 701 264 720 264 737 270 719 274 701 274 1433 855 -156.688065 184.425507 15.994095 -0.257426 0.011202 0.047160 -0.387255 -35.118477 420.720917 -33.553284 -36.618973 421.289032 32.778770 -33.617977 420.152771
578 256 596 251 617 255 633 267 614 268 595 266 749 278 767 270 787 270 803 279 785 284 766 283 944 874 -59.490044 188.085205 11.874022 0.186520 0.054608 0.089442 24.345322 -33.059120 409.051086 -8.677861 -36.174877 410.574585 57.368504 -29.943367 407.527557
646 199 666 193 688 197 705 211 684 212 664 209 818 226 836 218 856 220 871 231 853 236 835 234 255 76 76.518898 30.018314 -10.631802 -0.223426 -0.046194 0.136188 51.424358 -53.883865 412.183929 18.560884 -58.523277 411.170288 84.287834 -49.244450 413.197601
542 248 559 242 576 244 592 253 575 255 558 254 706 260 723 253 742 253 759 260 741 264 723 264 1199 722 -110.338570 158.056549 11.145329 -0.258113 0.004006 0.058262 8.679362 -39.562321 420.807404 -24.469158 -41.457317 421.187103 41.827885 -37.667324 420.427704
611 243 630 238 651 242 668 254 648 255 629 253 784 266 802 258 822 259 837 268 820 273 801 272 628 739 3.152578 161.303619 6.229352 0.200509 0.063534 0.093404 37.695160 -37.713070 408.769348 4.701274 -40.997791 410.550842 70.689049 -34.428345 406.987854
514 246 530 241 548 243 564 252 547 254 530 253 681 258 699 251 719 251 738 258 719 263 700 262 1371 689 -144.556915 151.561127 12.061627 -0.196848 0.036765 0.058455 -1.579816 -39.753223 413.838959 -34.705746 -41.560448 415.241272 31.546112 -37.945999 412.436646
552 216 572 212 590 214 607 220 588 222 570 221 714 229 734 226 753 228 772 234 753 236 733 234 1235 100 -118.203712 34.969208 -1.117804 -0.639352 0.043124 0.107693 13.889536 -55.064083 446.972870 -19.099602 -57.951756 449.409637 46.878674 -52.176411 444.536133
589 210 607 203 628 207 644 221 625 224 605 221 761 236 779 226 800 228 816 239 798 245 778 243 907 113 -53.007202 37.474567 -3.876194 0.216706 0.061676 0.120417 28.527561 -49.277874 404.951721 -4.375007 -53.453651 406.546570 61.430130 -45.102093 403.356903
579 222 597 215 618 219 633 233 615 235 595 232 749 246 767 237 787 238 804 249 785 254 766 253 953 364 -61.861591 87.157295 1.630028 0.045289 0.014083 0.114024 24.812107 -46.390041 414.047729 -8.173837 -50.177143 414.428528 57.798050 -42.602940 413.666931
561 215 579 208 599 212 615 224 596 227 577 224 732 236 751 228 772 229 790 239 770 244 750 243 1261 18 -123.464294 18.746624 -2.538689 0.150860 0.051212 0.107336 17.515409 -48.576302 404.902039 -15.455305 -52.246357 406.324097 50.486126 -44.906242 403.480011
607 230 626 224 647 228 664 241 644 243 624 239 781 256 800 249 820 251 836 261 817 265 799 263 627 659 3.259848 145.471283 4.600233 0.166873 0.047241 0.119959 36.112194 -41.495068 404.066345 3.182324 -45.579227 405.292236 69.042068 -37.410908 402.840424
535 237 551 232 569 234 585 243 568 245 551 243 699 250 718 244 738 244 756 252 737 256 718 255 1344 602 -139.290802 134.338150 10.051248 -0.171129 0.058598 0.075643 6.060883 -43.064774 416.255981 -26.992413 -45.394470 418.403503 39.114178 -40.735073 414.108429
643 246 663 242 684 246 700 258 681 259 661 256 815 272 832 265 851 266 866 276 848 280 831 278 262 881 76.048088 189.330460 5.732994 -0.199584 -0.011102 0.132589 50.323147 -36.310707 416.574280 17.410843 -40.707829 416.646423 83.235451 -31.913588 416.502136
588 213 607 206 628 209 645 223 625 226 605 223 763 235 781 225 803 226 819 237 801 243 781 242 877 108 -47.051182 36.478901 -4.253806 0.188967 0.052992 0.095945 28.659876 -48.558201 400.190247 -4.346274 -51.884361 401.636047 61.666023 -45.232037 398.744446
571 211 589 204 610 207 626 220 607 223 588 221 744 230 762 221 784 222 801 232 782 238 762 237 1159 64 -103.141800 27.829145 -2.546894 0.197264 0.051902 0.090115 21.698519 -50.159538 401.891907 -11.327491 -53.296314 403.307159 54.724529 -47.022758 400.476685
