745 260 762 248 784 250 800 264 782 269 762 269 887 266 903 252 925 252 941 263 924 272 904 272 29 30 135.521317 14.637754 -3.159312 0.078192 0.623478 0.025885 82.218063 -40.247513 412.183533 55.267857 -41.834530 431.515564 109.168274 -38.660496 392.851501
743 267 760 257 781 258 797 271 779 275 760 275 883 273 900 261 921 261 937 272 920 278 901 278 275 334 79.940567 82.181152 -0.184193 0.074459 0.623329 0.028664 81.528519 -37.523617 415.796753 54.578087 -39.159515 435.124390 108.478951 -35.887714 396.469116
729 255 744 245 764 246 780 258 763 263 744 263 868 262 884 250 905 251 921 261 904 268 885 268 970 352 -75.613533 84.916908 2.227745 0.078308 0.743218 0.048489 70.069344 -39.980171 391.424194 45.651802 -42.365852 413.799438 94.486885 -37.594490 369.048950
655 398 666 389 681 388 693 397 681 403 667 403 759 394 771 384 786 383 799 391 787 398 773 398 901 138 -59.798336 37.176479 0.475704 -0.039515 0.582569 -0.068026 43.551746 19.831713 541.353943 15.895792 22.333939 559.559631 71.207703 17.329487 523.148254
686 394 699 386 714 386 726 396 713 401 699 401 792 396 804 386 819 385 830 394 819 400 805 401 218 142 93.031952 39.339500 -1.739996 -0.026947 0.520484 -0.029661 63.840954 20.642767 561.592468 35.046864 21.811142 578.087769 92.635040 19.474392 545.097168
680 397 693 389 708 389 720 399 707 403 693 403 786 397 798 387 813 387 825 395 813 401 799 402 697 194 -14.246631 50.081646 0.204547 -0.037218 0.483580 -0.039923 61.354023 21.975077 568.354919 31.981602 23.541962 583.761597 90.726448 20.408194 552.948242
683 403 695 395 709 395 721 403 709 407 695 408 788 402 799 393 813 393 825 400 813 405 800 405 431 742 44.317276 173.154892 3.236481 -0.047117 0.489201 -0.042566 62.810871 25.006966 574.630066 33.528862 26.738703 590.190430 92.092880 23.275230 559.069702
682 403 693 395 708 395 720 403 707 407 694 407 786 401 797 393 811 392 823 399 811 404 798 404 619 690 2.338941 161.174179 3.483575 -0.044625 0.464422 -0.049779 62.292149 24.835705 578.097046 32.643448 26.766436 592.922241 91.940849 22.904972 563.271851
672 399 683 391 699 390 711 399 698 403 684 404 777 397 788 387 803 386 815 394 804 400 790 400 1014 360 -85.473579 86.624687 2.429342 -0.041405 0.475876 -0.055594 56.000477 21.868767 568.508728 26.533844 23.965303 583.670593 85.467110 19.772228 553.346863
675 396 687 388 702 388 714 397 701 401 688 402 781 395 792 386 807 385 819 392 807 399 794 399 612 282 4.619981 69.923752 0.552488 -0.027024 0.511205 -0.049434 57.453152 20.646116 562.528137 28.531942 22.440496 578.742432 86.374359 18.851734 546.313843
674 398 686 390 701 390 713 399 700 404 687 404 780 397 791 388 806 387 818 394 806 400 793 401 887 526 -57.345100 123.992203 3.195236 -0.031838 0.460151 -0.050039 57.747379 22.097042 570.901184 28.036165 23.938511 585.612122 87.458595 20.255573 556.190186
678 399 690 391 704 391 716 399 703 403 690 404 783 397 794 389 808 388 819 395 808 401 795 401 599 580 7.007080 136.605988 2.633816 -0.030010 0.499708 -0.051215 59.358849 22.354481 572.194519 30.255672 24.227970 588.070801 88.462021 20.480991 556.318298
679 398 690 390 705 391 717 399 704 403 691 404 784 398 795 389 809 388 821 395 809 401 796 401 200 507 96.420563 121.017899 0.802457 -0.032465 0.495260 -0.045438 59.794815 22.244907 569.718079 30.612249 23.953438 585.466675 88.977379 20.536377 553.969482
678 399 690 391 704 391 716 399 704 404 690 404 783 397 794 388 808 388 820 395 808 400 795 401 424 460 46.377625 110.088760 1.203479 -0.037951 0.499127 -0.053488 59.349480 22.417631 570.509277 30.240675 24.427534 586.358459 88.458282 20.407730 554.660034
679 399 691 391 706 391 718 399 705 404 692 404 785 397 796 388 810 387 822 395 810 401 797 401 91 374 121.044823 91.470215 -0.503676 -0.044369 0.510127 -0.049599 60.044582 22.240911 567.724548 31.105703 24.183723 583.890137 88.983459 20.298100 551.558960
674 398 686 390 702 390 714 398 701 403 687 404 780 396 791 386 807 385 819 393 807 399 793 400 1087 355 -101.800285 85.370705 2.633568 -0.023741 0.508768 -0.062639 57.062725 21.327038 562.831421 28.125612 23.513027 578.969055 85.999840 19.141048 546.693726
675 402 687 394 702 393 714 401 701 406 688 407 781 398 792 389 807 388 819 395 807 401 794 402 946 565 -70.616051 132.606354 3.667078 -0.031429 0.470206 -0.068650 58.180084 23.262119 570.299438 28.653889 25.697189 585.293884 87.706284 20.827049 555.304993
673 397 685 388 701 388 713 398 700 403 686 403 780 396 791 385 807 384 819 392 807 399 793 400 1063 65 -95.921776 20.546661 0.487686 -0.011974 0.521043 -0.061422 56.150913 20.701218 556.316650 27.412134 22.749636 572.822632 84.889694 18.652802 539.810730
675 397 687 388 703 388 715 397 702 402 688 403 781 396 792 385 807 384 819 392 808 399 794 400 957 91 -72.247330 26.559303 0.324709 -0.012570 0.530630 -0.059601 56.943604 20.693991 557.934753 28.361004 22.688400 574.716187 85.526199 18.699581 541.153320
678 395 690 387 705 387 717 396 704 401 690 401 784 395 795 385 810 385 822 392 810 399 796 399 227 88 91.112572 27.243805 -2.095317 -0.028102 0.534941 -0.041928 58.689987 20.322828 559.752319 30.151436 21.892635 576.653381 87.228539 18.753021 542.851257
678 400 690 392 705 391 717 400 704 405 691 405 783 398 794 388 809 388 821 395 809 401 796 401 340 450 65.192108 108.007896 0.856194 -0.032588 0.496200 -0.058324 59.815022 22.660572 571.407349 30.668589 24.780216 587.172913 88.961449 20.540928 555.641846
672 400 684 392 699 391 711 399 699 404 685 405 778 397 789 387 804 386 815 393 804 399 790 400 1186 445 -124.111504 105.318504 3.600353 -0.024125 0.501462 -0.071780 56.097298 22.029907 566.941101 27.062403 24.509064 582.859253 85.132195 19.550753 551.022888
675 398 687 390 703 389 715 398 702 403 688 404 781 396 793 386 808 386 820 393 808 400 794 400 744 208 -24.788506 53.125957 0.458768 -0.018433 0.539609 -0.060106 57.230705 21.282866 558.694580 28.800928 23.343052 575.725830 85.660477 19.222677 541.663330
644 338 655 330 670 330 682 339 670 343 656 344 747 337 758 328 773 327 785 334 773 340 759 340 787 344 -34.648975 83.467247 1.569420 0.023799 0.524863 -0.036429 38.803253 -12.850936 568.614868 10.088873 -11.899093 585.262329 67.517632 -13.802780 551.967407
661 345 673 337 688 337 699 346 687 350 673 350 764 345 775 336 790 336 801 343 789 348 776 348 107 632 117.012558 149.151199 1.387834 0.012271 0.536972 -0.023045 48.903862 -8.476139 571.529724 20.380589 -7.854069 588.517822 77.427132 -9.098209 554.541626
650 337 662 329 677 329 689 338 676 342 662 343 753 336 764 327 779 326 790 333 778 339 765 340 411 187 49.764847 49.046932 -0.785089 0.030431 0.528996 -0.037861 42.443424 -13.318448 570.551819 13.799582 -12.380600 587.321167 71.087273 -14.256297 553.782532
632 337 644 328 659 328 671 337 658 342 645 342 735 334 746 323 761 322 774 330 762 336 748 337 1103 6 -104.769379 7.274978 0.198587 0.031461 0.521976 -0.055261 31.903681 -14.289272 564.875610 3.168615 -12.804165 581.448181 60.638748 -15.774379 548.303040
639 338 651 329 666 329 678 338 665 343 651 343 742 336 753 326 769 325 781 333 769 339 755 340 434 16 44.917568 10.754110 -1.928346 0.026567 0.525979 -0.042747 35.978909 -13.259647 565.142822 7.290978 -12.132014 581.824890 64.666840 -14.387280 548.460754
629 343 640 335 655 334 668 343 655 348 642 348 732 339 743 329 758 328 771 335 759 342 745 343 1091 208 -102.437904 52.481602 1.598945 0.025007 0.515442 -0.060590 30.177536 -10.872122 564.533997 1.344894 -9.158781 580.913940 59.010178 -12.585463 548.154053
640 340 652 332 667 332 679 340 666 345 653 345 743 338 754 329 769 328 781 335 769 341 756 342 524 272 24.329563 67.850311 0.192059 0.027075 0.517404 -0.043682 36.797337 -12.005554 569.924072 7.968834 -10.846963 586.359863 65.625839 -13.164146 553.488342
637 345 649 336 664 336 676 344 663 349 650 350 741 342 752 333 767 332 779 339 767 345 753 345 785 375 -34.255726 90.405197 1.783806 0.023978 0.512852 -0.049172 35.078842 -9.598252 567.174438 6.184066 -8.236619 583.477722 63.973618 -10.959887 550.871155
632 345 644 337 658 337 670 345 658 350 645 350 736 342 747 333 761 332 773 338 761 345 748 345 1102 461 -105.342552 109.053452 3.438388 0.030042 0.509507 -0.056841 32.080971 -9.427006 568.416443 3.144681 -7.870079 584.628357 61.017265 -10.983932 552.204529
650 341 662 333 677 333 689 342 676 346 663 347 754 341 765 331 780 331 791 338 779 344 766 344 220 214 92.458290 55.441097 -1.220232 0.023568 0.530913 -0.032883 42.570168 -10.770447 567.740417 13.953073 -9.932309 584.560608 71.187263 -11.608584 550.920227
636 347 648 339 662 338 674 346 662 351 649 351 739 344 750 335 765 334 777 340 765 346 752 347 1048 595 -93.493492 139.127487 4.216061 0.026007 0.507549 -0.053404 34.566616 -8.674594 571.692017 5.592744 -7.191915 587.843689 63.540485 -10.157273 555.540344
642 347 654 339 669 339 681 347 669 352 655 352 746 345 757 336 772 335 784 342 772 348 758 348 350 483 62.896576 115.370926 1.124265 0.021388 0.521559 -0.049312 38.097740 -7.980422 567.707947 9.346119 -6.598010 584.260681 66.849358 -9.362835 551.155212
638 350 650 342 664 342 676 349 664 353 651 354 741 346 752 337 766 336 778 343 766 348 753 349 914 785 -63.840633 181.876450 5.130018 0.025884 0.532360 -0.060222 35.265266 -7.034132 569.782837 6.712750 -5.352326 586.649536 63.817787 -8.715938 552.916138
636 342 647 334 662 333 674 341 661 346 648 346 739 338 750 328 764 327 776 334 765 340 751 341 954 292 -71.928070 71.525528 1.747512 0.034335 0.538311 -0.060214 33.582363 -11.667004 563.149963 5.130351 -10.063731 580.193176 62.034378 -13.270276 546.106689
633 345 645 337 660 336 672 344 659 349 646 350 736 341 747 331 762 330 774 337 762 343 749 344 1033 390 -89.777824 93.299950 2.705602 0.029791 0.522230 -0.064127 32.537388 -10.054686 565.365234 3.823339 -8.274924 581.945190 61.251438 -11.834446 548.785278
639 347 650 340 664 340 676 347 664 351 651 352 742 344 753 336 767 335 778 341 767 347 754 347 556 658 16.492720 154.133255 3.048484 0.023449 0.528330 -0.054310 35.640392 -8.188595 570.014526 7.009549 -6.669896 586.763550 64.271233 -9.707293 553.265564
644 342 656 334 671 333 683 341 670 346 657 347 748 338 759 329 773 328 785 335 773 341 760 342 217 257 93.054298 65.065117 -0.923600 0.029006 0.525530 -0.058086 39.036804 -11.460148 566.584412 10.365845 -9.867502 583.257690 67.707764 -13.052794 549.911133
630 343 642 334 656 334 669 342 656 347 643 348 733 338 744 328 759 327 771 333 760 340 746 341 1110 264 -106.787689 64.972672 2.060524 0.034898 0.522131 -0.074990 30.740780 -11.540243 564.863953 2.048901 -9.460102 581.447388 59.432659 -13.620383 548.280579
651 348 662 341 677 341 689 348 676 353 663 353 754 346 765 337 779 336 790 343 779 349 766 349 69 599 125.573746 141.840164 1.027761 0.018802 0.534486 -0.048131 42.602833 -7.279579 569.468323 14.065576 -5.919980 586.389771 71.140083 -8.639178 552.546875
650 341 662 332 678 332 690 341 677 346 663 346 754 338 766 328 780 327 792 335 780 341 767 342 43 64 132.328934 22.217043 -2.870971 0.028372 0.523490 -0.050024 42.789341 -11.699336 565.383850 14.070685 -10.354957 581.996826 71.507996 -13.043715 548.770874
649 402 661 392 678 392 692 401 678 407 663 407 766 397 778 386 795 384 808 391 795 399 780 400 371 689 57.836517 161.411011 2.661566 -0.041299 0.518269 -0.079989 41.638359 19.956833 505.836456 12.894916 22.839273 522.209167 70.381798 17.074392 489.463745
631 391 644 381 660 381 674 391 660 397 645 397 747 386 760 375 777 373 791 381 778 389 762 390 774 332 -31.718901 80.807175 1.441172 -0.027105 0.515620 -0.077728 32.344376 14.537010 503.173065 3.552209 17.229084 519.492493 61.136543 11.844936 486.853638
655 389 668 379 685 378 698 389 684 395 669 396 771 386 783 373 801 372 814 380 801 389 786 390 65 15 127.491737 11.215632 -3.147938 -0.029506 0.557568 -0.070856 44.261837 13.847980 501.758026 16.164778 16.344482 519.276123 72.358894 11.351478 484.239990
657 399 670 390 686 389 700 398 686 404 671 405 773 394 786 383 802 382 815 389 803 397 787 398 367 590 58.905014 139.273636 1.942784 -0.039724 0.498199 -0.075019 46.412289 18.944609 513.558044 17.332741 21.652540 529.356934 75.491837 16.236675 497.759094
646 401 659 392 675 391 689 400 675 406 660 407 762 395 774 384 791 382 805 389 792 397 777 399 858 548 -50.894203 128.967117 3.256756 -0.027089 0.526570 -0.092386 40.122898 19.380138 506.414124 11.551016 22.534603 523.035095 68.694778 16.225674 489.793152
632 392 645 381 662 380 676 391 662 397 646 398 749 385 761 373 778 370 793 379 780 387 764 389 1188 35 -123.840919 13.604000 0.684583 -0.017147 0.548250 -0.099861 32.336555 13.878519 492.575867 4.155447 17.177311 509.824158 60.517662 10.579726 475.327606
627 402 639 392 656 391 669 401 656 407 641 408 743 395 755 383 772 381 787 388 773 396 758 398 1009 551 -84.689255 129.357773 3.774297 -0.026363 0.511227 -0.103264 30.198748 19.178514 504.039490 1.408353 22.672342 520.209412 58.989140 15.684689 487.869598
648 406 661 397 678 396 691 406 678 411 662 412 765 401 777 390 794 388 807 395 794 403 779 404 16 756 137.158752 177.057098 1.972656 -0.051167 0.534280 -0.081157 41.430843 22.177591 507.283447 12.956729 25.184807 524.098328 69.904961 19.170376 490.468536
631 404 643 394 660 393 674 403 661 409 645 410 748 397 760 385 777 382 792 390 778 398 763 400 1103 410 -105.476997 97.643661 3.078163 -0.019277 0.528288 -0.110900 32.219013 20.128317 498.971710 3.735440 23.799253 515.638184 60.702583 16.457378 482.305298
643 406 655 396 672 395 686 405 672 411 657 412 760 400 772 388 789 386 803 394 790 402 775 403 596 515 7.792250 122.072037 2.160660 -0.032060 0.535425 -0.094133 38.324219 21.547966 500.818878 9.906019 24.799438 517.682861 66.742424 18.296494 483.954926
639 404 651 394 669 393 683 403 668 409 653 410 756 398 768 385 786 383 800 391 787 400 771 401 964 324 -74.221848 78.664879 2.008456 -0.025255 0.540547 -0.101446 36.022926 20.213680 496.120178 7.714477 23.635550 513.134338 64.331375 16.791813 479.106018
643 408 656 399 672 398 686 407 672 413 657 414 759 402 772 391 789 389 802 396 789 404 774 405 407 774 49.631790 180.357376 3.385706 -0.037920 0.524187 -0.095116 38.698311 22.948967 507.005585 10.094618 26.281471 523.536865 67.302002 19.616465 490.474335
647 405 660 396 677 395 691 405 677 410 661 411 764 400 777 388 794 386 807 393 794 401 779 403 175 521 101.990379 124.195908 0.820099 -0.047964 0.535552 -0.089767 40.821201 21.436125 503.456055 12.391966 24.687382 520.301453 69.250435 18.184868 486.610657
639 406 652 396 669 395 683 405 669 411 654 412 756 399 768 387 786 385 800 392 787 401 771 402 1233 475 -134.681396 111.941780 3.968616 -0.017905 0.550504 -0.109740 36.327003 21.119450 497.465454 8.217500 24.734180 514.767151 64.436508 17.504719 480.163757
646 404 659 394 677 394 691 404 677 410 661 411 764 399 776 387 794 384 808 393 795 401 779 403 13 198 138.807434 52.246521 -2.014438 -0.049382 0.566169 -0.088303 39.998253 20.777933 494.937683 12.096128 24.002546 512.647400 67.900375 17.553320 477.228027
647 409 659 399 676 399 690 408 676 414 661 415 764 403 776 391 793 389 807 397 793 405 778 406 221 625 91.514641 147.373718 1.712523 -0.052449 0.519576 -0.089493 40.684223 23.364155 506.586884 11.987401 26.640596 522.967285 69.381050 20.087715 490.206482
638 404 651 393 668 392 682 403 668 409 652 410 756 397 768 384 785 382 800 390 786 399 771 400 1032 93 -89.033844 26.867403 0.585401 -0.019268 0.560398 -0.107425 35.526474 19.701860 492.418457 7.581930 23.252684 509.998383 63.471020 16.151039 474.838531
644 402 657 392 675 391 689 402 674 408 659 409 761 396 774 383 791 381 805 389 792 398 776 400 223 69 92.040939 23.001221 -2.243886 -0.043961 0.557943 -0.094174 38.845013 19.367424 495.280487 10.814627 22.725662 512.761292 66.875404 16.009186 477.799683
636 410 648 400 665 399 679 408 665 415 650 416 753 402 765 390 782 388 796 395 783 403 768 405 1215 749 -131.133392 173.264862 5.862452 -0.018622 0.542421 -0.118880 34.605656 22.792036 498.970917 6.389896 26.702875 516.033630 62.821419 18.881197 481.908203
644 406 657 395 675 394 689 405 674 411 659 412 762 399 774 386 792 384 806 392 793 400 777 402 305 181 73.495346 47.901657 -1.176151 -0.037090 0.555748 -0.104076 38.819477 20.778181 494.443176 10.781751 24.385201 511.862579 66.857201 17.171162 477.023804
579 366 594 356 615 356 632 366 615 372 596 373 729 360 744 347 765 345 783 352 766 362 747 363 956 742 -73.163803 172.180008 4.961533 0.036170 0.455974 -0.093885 12.771735 1.016060 390.271851 -16.899805 3.752547 404.923492 42.443275 -1.720428 375.620209
629 350 647 339 670 339 688 351 669 357 648 357 783 347 799 333 820 332 836 342 819 350 801 351 44 175 131.910736 47.044205 -2.076514 0.002079 0.461748 -0.058535 34.170937 -4.257470 391.465485 4.498371 -2.398891 406.252106 63.843502 -6.116049 376.678864
636 338 655 325 678 325 696 338 676 345 656 345 789 334 805 320 827 319 843 329 826 338 807 339 59 54 128.766068 19.950483 -2.889674 0.028794 0.536602 -0.058622 36.051018 -9.090826 384.192719 7.567132 -7.488046 401.182678 64.534904 -10.693605 367.202759
631 355 649 343 672 342 691 355 671 361 650 362 785 351 801 336 823 335 840 345 823 354 803 355 310 365 72.054199 89.050385 0.151768 0.019428 0.512057 -0.065490 34.436058 -2.772791 385.634460 5.558123 -0.855183 401.911652 63.313995 -4.690399 369.357269
631 365 649 356 670 355 688 365 670 370 650 371 783 360 800 349 819 347 836 355 819 362 801 364 388 779 53.874729 181.511078 3.358914 0.010886 0.474618 -0.073867 34.686123 1.250419 395.162262 5.238674 3.525731 410.335602 64.133568 -1.024893 379.988922
626 362 644 351 666 351 684 362 665 368 645 369 780 357 796 344 817 342 834 351 817 359 798 361 391 530 53.639542 125.807976 1.593983 0.012407 0.452894 -0.075531 32.939598 -0.087208 391.445587 3.173771 2.241874 405.975922 62.705425 -2.416290 376.915253
595 364 612 353 635 351 654 363 635 370 614 372 749 356 766 341 788 338 807 347 789 357 769 359 1094 380 -103.410492 90.949829 2.834760 0.046807 0.438517 -0.110003 20.625776 -0.275990 383.547272 -9.243557 2.917220 397.695984 50.495110 -3.469201 369.398560
597 356 614 343 637 342 655 354 637 361 616 363 750 348 767 333 789 331 808 340 790 350 770 352 816 312 -41.082355 76.255486 1.436623 0.032748 0.520944 -0.091124 20.472624 -3.330111 376.378296 -8.196345 -0.720624 392.926422 49.141594 -5.939598 359.830170
581 358 596 346 618 345 636 357 619 364 599 365 731 349 747 335 769 332 788 341 770 351 750 353 964 288 -74.158798 70.612221 1.751860 0.036737 0.470093 -0.100788 13.776806 -2.783030 385.744568 -15.664220 0.154215 400.816315 43.217831 -5.720274 370.672791
617 357 635 346 656 346 673 358 655 364 635 364 764 356 780 343 801 342 817 351 800 360 782 361 306 402 72.884483 97.334152 0.402348 0.008070 0.481736 -0.044182 28.555027 -1.183206 404.460724 -0.839673 0.163989 419.845673 57.949726 -2.530401 389.075775
615 359 633 348 655 348 673 360 654 366 634 367 764 357 781 343 802 341 819 351 802 360 783 361 423 260 46.951702 65.353645 -0.225340 0.018557 0.486469 -0.062455 28.022642 -0.618817 397.590698 -1.267954 1.225848 413.121887 57.313236 -2.463481 382.059509
604 370 621 359 642 359 659 370 641 375 622 376 751 365 767 352 787 350 804 359 787 367 769 368 617 689 2.788240 160.954208 3.469876 0.017392 0.445224 -0.077257 23.244322 2.977122 406.731720 -6.627769 5.329498 421.038513 53.116413 0.624745 392.424927
606 367 623 356 645 355 663 367 644 373 625 373 754 362 771 348 792 347 808 356 792 364 773 366 489 474 31.807825 113.099648 1.516844 0.016678 0.451235 -0.076501 24.427122 1.795586 402.708740 -5.360425 4.125139 417.194427 54.214668 -0.533968 388.223053
602 358 619 346 642 346 660 359 641 365 621 366 751 354 767 339 790 337 807 347 790 357 770 358 433 95 45.002972 28.427073 -1.368546 0.023884 0.484488 -0.075453 22.510456 -1.532776 393.610016 -6.782293 0.684923 409.088287 51.803204 -3.750475 378.131775
573 352 588 339 609 338 626 350 610 358 590 359 717 343 733 328 755 326 773 335 756 345 736 347 1242 80 -136.003510 23.569544 1.182762 0.037883 0.500303 -0.097083 9.450314 -5.410529 394.063507 -19.535414 -2.633270 410.022003 38.436039 -8.187788 378.104980
631 355 649 345 671 345 688 357 669 362 650 362 780 356 796 343 816 342 832 352 816 360 797 360 216 328 93.153709 80.948601 -0.420822 0.022251 0.509767 -0.040359 34.262882 -1.386628 399.290009 5.305493 -0.288500 415.501831 63.220272 -2.484756 383.078186
570 373 585 363 606 362 623 373 606 379 588 380 715 366 731 353 753 351 771 359 754 368 734 370 1217 653 -131.412796 151.787399 5.184768 0.043776 0.479127 -0.100088 8.536416 3.715706 396.156403 -20.770195 6.565673 411.504333 37.843029 0.865739 380.808441
576 374 591 364 612 363 629 374 612 380 593 381 722 369 738 355 759 353 778 361 760 370 741 372 1083 599 -101.332565 139.957245 4.359575 0.037432 0.469256 -0.092410 11.043599 4.450396 395.996857 -18.435843 7.116412 411.043915 40.523041 1.784380 380.949768
569 355 584 343 606 342 623 355 606 362 586 363 714 350 730 335 753 333 772 343 754 353 734 355 1237 71 -134.868881 21.565666 1.102184 0.032170 0.509095 -0.079127 8.037547 -3.018390 387.520752 -20.857338 -0.772060 403.725647 36.932430 -5.264720 371.315826
585 366 600 356 621 355 639 367 621 372 602 373 731 362 747 349 768 347 786 356 769 364 750 366 996 520 -81.725906 122.447693 3.510624 0.038538 0.452696 -0.079706 14.925145 1.577978 399.717346 -14.833563 3.847203 414.271698 44.683853 -0.691248 385.162964
682 465 699 455 719 454 736 464 718 470 699 471 838 462 855 450 876 449 894 459 877 466 857 467 522 372 24.601957 90.222511 0.898254 -0.939253 0.143850 0.020024 60.167423 43.659607 416.024170 27.287239 45.169727 420.402832 93.047607 42.149483 411.645538
634 481 651 471 672 470 690 480 672 485 653 486 783 475 801 464 821 462 839 470 821 477 802 478 822 531 -42.808582 125.231331 3.017297 0.530117 0.069879 -0.081814 39.251820 50.278702 423.531708 6.234565 52.264595 426.443176 72.269073 48.292805 420.620239
625 488 642 478 662 477 680 486 662 491 644 492 772 481 789 470 810 469 827 476 810 483 791 484 1067 662 -97.862541 154.079102 4.756044 0.508914 0.065709 -0.084845 35.185299 53.828415 429.702789 2.167411 55.977589 432.488434 68.203186 51.679241 426.917145
671 441 691 430 714 429 734 439 713 445 692 446 823 432 840 420 862 417 882 425 864 433 843 435 244 80 87.322433 25.422758 -2.096480 -0.159719 0.051623 -0.071698 56.894512 32.072292 422.847443 23.818930 34.576332 424.362488 89.970093 29.568254 421.332397
677 449 696 439 717 437 736 445 717 451 697 453 829 440 846 430 867 429 885 436 868 443 848 444 233 290 89.416122 72.417007 -0.635814 -0.758647 0.146585 -0.016983 58.188034 35.485840 420.158875 25.327106 37.751465 424.352448 91.048958 33.220211 415.965302
660 455 678 446 700 444 719 452 700 458 680 460 812 445 829 435 851 434 869 441 851 448 831 449 266 251 82.099907 63.632019 -0.805361 -0.709935 0.140536 -0.033011 51.536808 38.237564 424.336090 18.663120 40.825546 428.232544 84.410500 35.649578 420.439606
643 455 660 445 681 444 699 456 681 462 661 463 794 452 810 438 831 436 848 444 831 454 812 456 1145 315 -114.709091 76.315613 2.539039 0.435974 0.107580 -0.090793 42.914520 39.487049 421.859375 10.032998 41.632294 425.953613 75.796043 37.341808 417.765106
641 468 657 459 676 457 694 463 676 469 658 471 788 457 805 449 824 448 842 455 825 460 806 460 511 701 26.487211 163.835266 3.207111 -0.850172 0.118513 -0.028286 43.177025 45.605824 444.889221 10.203896 48.006233 447.982849 76.150146 43.205414 441.795593
657 462 675 452 695 451 713 457 695 463 676 465 807 453 824 444 843 444 861 452 844 457 825 457 307 627 72.266617 147.661392 2.009358 -0.878849 0.122181 -0.007475 50.762123 42.991867 437.935669 17.790180 44.877563 441.378754 83.734062 41.106171 434.492615
652 456 670 446 692 445 711 452 692 459 671 461 804 446 821 436 843 434 862 441 843 449 823 449 398 314 52.451458 77.479050 0.077409 -0.675097 0.128976 -0.039797 48.263695 38.704266 426.664520 15.349594 41.313171 430.188049 81.177795 36.095356 423.141022
607 468 624 458 643 456 660 464 643 471 625 473 754 458 771 447 792 446 811 453 793 461 773 462 1164 557 -119.384651 130.412064 4.326364 -0.699387 0.079781 -0.055127 28.650627 46.230835 450.140350 -4.404437 48.801502 451.960815 61.705692 43.660168 448.319916
629 466 645 456 664 455 682 463 665 469 646 471 777 456 794 445 814 444 831 451 814 459 796 460 975 577 -77.126495 135.236725 3.847898 -0.824188 0.106138 -0.040837 38.152321 45.015003 445.680725 5.150124 47.590359 448.284973 71.154518 42.439648 443.076477
603 448 620 437 641 435 659 443 641 451 621 453 747 435 764 424 787 421 807 429 789 438 767 439 1181 112 -122.409370 30.840733 1.210412 0.108780 0.061375 -0.091651 25.840643 35.093571 438.113251 -7.162576 38.014034 440.308258 58.843861 32.173103 435.918243
632 452 649 442 670 441 688 448 670 455 650 456 780 442 798 432 819 431 839 438 820 445 800 446 792 345 -35.769592 83.681648 1.592977 -0.645759 0.105627 -0.043682 39.512207 37.769657 436.795959 6.516643 40.210800 439.605469 72.507767 35.328518 433.986481
632 460 647 450 668 449 686 459 668 466 649 467 780 451 795 438 816 435 834 443 817 452 798 455 750 694 -26.982391 161.825653 3.942527 -0.074382 0.532719 -0.129502 33.594910 37.932014 393.485748 5.254123 42.657318 410.130005 61.935696 33.206711 376.841492
632 460 649 450 670 448 689 457 671 464 651 466 781 449 798 437 820 434 838 441 821 450 801 452 719 595 -19.872011 139.738419 3.135028 -0.082163 0.477303 -0.125987 35.347752 37.923862 399.342560 6.105063 42.572426 414.369720 64.590439 33.275303 384.315399
630 463 647 455 667 452 684 457 667 464 648 466 775 450 792 443 813 442 831 447 813 453 794 454 885 720 -57.237350 167.390778 4.571431 -0.068000 0.085527 -0.082038 38.187733 42.952072 445.558136 5.215739 45.764076 448.296722 71.159729 40.140068 442.819519
645 443 663 433 685 431 704 439 684 447 664 448 796 433 813 423 835 422 854 430 836 437 815 438 326 61 69.006287 21.020477 -1.962469 -0.578041 0.123618 -0.039561 45.631283 33.770805 432.691437 12.698076 36.160973 436.191528 78.564484 31.380634 429.191345
642 446 660 436 682 434 701 442 682 449 661 451 793 436 810 425 833 424 852 432 834 439 813 440 477 27 35.276043 13.134796 -1.708651 -0.609922 0.121882 -0.042168 44.178474 34.607056 429.986725 11.240987 37.113029 433.363342 77.115967 32.101082 426.610107
636 453 653 441 676 440 695 452 676 460 655 461 789 445 805 429 828 426 846 435 829 446 808 449 815 298 -40.834061 73.125755 1.333550 -0.061095 0.543358 -0.128297 35.987595 34.302750 382.502075 7.823120 38.879181 399.483765 64.152069 29.726318 365.520355
704 280 728 265 759 263 786 279 760 288 731 289 908 270 932 249 964 246 990 257 964 271 936 274 521 297 24.957094 73.448006 0.360394 0.115100 0.725163 -0.090789 55.606506 -24.359848 280.105286 30.871939 -22.936483 302.212616 80.341072 -25.783213 257.997925
627 512 642 504 659 503 673 508 658 514 642 515 746 506 760 500 777 500 792 507 778 511 762 511 673 333 -9.119530 81.218407 1.116433 0.117399 0.049339 -0.038305 35.133629 81.270386 539.192993 1.993498 82.442513 540.901062 68.273766 80.098267 537.484985
529 492 542 483 558 481 571 488 557 494 542 496 648 484 662 476 680 475 696 483 681 489 664 489 1200 353 -127.083191 84.713501 2.990610 -0.763302 0.076582 -0.033845 -19.253740 69.551430 539.455627 -52.347775 71.491760 541.347656 13.840293 67.611107 537.563599
558 468 572 459 590 457 605 464 590 471 573 472 685 460 700 452 720 451 737 459 721 465 702 465 990 155 -79.743950 40.813854 0.889312 0.093075 -0.013503 -0.038359 0.061615 52.054157 498.949890 -33.115765 53.346508 498.561523 33.238995 50.761806 499.338287
554 480 569 472 586 471 600 478 585 484 569 485 680 474 694 466 713 466 730 473 714 479 696 479 1213 381 -130.041290 90.952538 3.232900 -0.641304 0.019753 -0.041764 -2.572577 60.571510 511.437988 -35.743156 62.067844 511.620056 30.598003 59.075176 511.255920
567 494 581 485 598 484 612 490 597 496 581 498 693 487 707 479 725 479 741 487 726 492 709 491 873 614 -54.366409 143.702469 3.776469 -0.769530 0.059885 -0.028516 3.830937 68.909416 522.701538 -29.304396 70.492714 524.151550 36.966270 67.326118 521.251526
596 484 612 475 630 473 645 480 629 487 612 488 726 479 740 471 758 472 773 480 759 485 742 484 458 351 38.960243 85.643974 0.538281 -0.780599 0.022592 -0.014403 20.844816 63.984512 519.865601 -12.348672 64.693787 520.364441 54.038307 63.275238 519.366760
612 482 627 473 645 471 660 479 644 485 627 486 741 478 755 470 772 471 787 480 772 485 756 484 142 318 109.730461 78.849159 -0.735249 -0.778127 0.010409 -0.003414 28.905968 63.815983 523.678223 -4.296951 64.046074 523.948120 62.108887 63.585888 523.408386
600 494 615 486 632 485 647 491 632 496 615 498 727 489 741 482 758 483 773 490 758 494 742 494 579 796 11.104218 184.959045 4.107675 -0.810127 0.027265 -0.013922 22.062536 70.275276 526.773071 -11.127551 71.035629 527.405212 55.252621 69.514923 526.140930
603 480 619 472 637 471 653 479 636 484 619 485 732 476 746 468 764 467 780 475 765 481 748 481 373 28 58.546734 13.551601 -2.043248 -0.643572 0.036767 -0.021960 23.310190 59.738087 498.549896 -9.865215 60.797161 499.461212 56.485596 58.679008 497.638580
611 487 626 478 644 477 659 484 643 489 626 491 738 482 752 474 769 475 785 483 770 488 754 487 113 453 115.983437 109.100471 0.131697 -0.802176 0.033202 -0.009232 27.944004 66.275513 524.844238 -5.242130 66.969093 525.715515 61.130135 65.581924 523.972961
599 485 614 476 633 474 648 481 633 489 615 491 729 478 744 469 762 468 777 476 762 483 745 483 728 162 -21.127560 42.866165 0.078322 -0.097984 0.418516 -0.091311 19.579933 57.902576 468.673248 -10.627149 61.507862 481.980896 49.787018 54.297295 455.365601
594 485 609 475 628 473 644 480 628 488 611 490 724 476 739 467 758 466 773 475 758 481 741 481 710 39 -16.884199 15.386351 -0.857525 -0.100439 0.365411 -0.091542 17.803886 58.087212 475.837250 -13.074643 61.652096 487.514923 48.682415 54.522327 464.159607
598 493 613 484 630 483 645 489 630 495 614 497 725 485 739 478 756 478 771 486 757 491 741 490 767 683 -30.767275 159.333557 3.919982 -0.800202 0.033187 -0.032989 21.110712 68.945724 527.554871 -12.059652 70.345322 528.127258 54.281078 67.546120 526.982483
594 495 609 486 626 484 641 490 626 496 609 498 721 486 735 479 752 479 767 487 752 491 736 491 882 700 -56.531002 162.922653 4.419020 -0.789851 0.030327 -0.041174 18.856812 69.806992 529.181274 -14.306806 71.413177 529.574036 52.020428 68.200806 528.788513
578 493 592 484 609 482 624 488 609 494 593 496 704 482 718 474 736 473 752 481 737 486 720 486 1265 498 -141.882431 117.027107 4.237699 -0.781410 0.042164 -0.062594 9.939161 67.325928 524.686890 -23.175846 69.716827 525.176270 43.054169 64.935036 524.197449
575 490 589 482 607 480 622 486 607 492 590 494 701 481 715 473 733 472 749 478 734 484 717 485 1258 396 -140.137360 94.224251 3.487676 0.055438 0.045197 -0.080427 8.226267 63.798428 507.484955 -24.837374 66.422287 509.056763 41.289909 61.174564 505.913147
568 496 582 487 598 485 613 490 598 497 582 499 693 485 707 477 724 477 740 484 725 489 709 489 1212 703 -130.381500 162.980927 5.524722 -0.783037 0.038724 -0.067273 4.003438 69.391762 529.252319 -29.106400 71.880020 529.579102 37.113277 66.903496 528.925476
638 472 654 465 672 464 687 470 671 474 654 475 763 469 775 463 791 464 805 470 792 474 777 473 47 55 131.449600 20.196451 -2.921976 -0.666234 0.020122 0.000787 40.877605 58.370602 517.719910 7.679277 58.560806 518.348083 74.075928 58.180397 517.091736
596 489 611 480 629 479 644 485 628 491 611 493 723 482 738 475 756 474 771 481 756 487 739 487 800 411 -37.675381 98.430000 2.089689 -0.529285 0.015123 -0.040809 19.672054 64.615379 509.877563 -13.502045 66.037422 510.006165 52.846153 63.193329 509.748932
687 534 700 526 717 526 731 534 717 539 701 540 808 531 821 521 837 520 851 527 837 534 822 535 16 381 137.815582 93.175285 -0.700218 0.299033 0.108444 -0.079878 68.800438 95.794426 545.132935 35.894119 97.865898 549.062622 101.706764 93.722946 541.203247
677 513 692 503 710 503 725 512 710 518 693 519 803 509 817 498 835 498 850 506 835 513 819 514 408 40 50.693642 16.170828 -1.842713 -0.794601 0.101528 -0.013453 65.822029 83.607445 545.291016 32.782238 85.277145 548.144836 98.861816 81.937744 542.437256
687 529 701 521 718 521 732 531 717 535 701 536 811 529 825 519 842 518 856 525 841 532 826 533 412 477 49.033131 113.913689 1.285219 0.320973 0.109738 -0.057941 67.726593 90.834320 527.249207 34.774937 92.141457 531.127258 100.678246 89.527184 523.371094
652 528 666 519 683 518 698 528 683 533 667 534 776 524 790 513 808 511 824 519 809 526 792 527 1041 258 -91.336807 63.758694 1.791037 -0.782865 0.125678 -0.025302 51.169868 91.742317 546.337646 18.223904 94.046684 549.774658 84.115829 89.437950 542.900696
678 532 692 524 709 523 723 531 708 536 693 537 801 528 815 519 831 518 845 525 831 531 816 532 440 559 42.623844 132.203857 1.961691 -0.752422 0.128958 -0.011713 66.945702 97.169891 563.521545 34.006004 99.056320 567.260193 99.885391 95.283463 559.782959
671 534 684 525 701 525 716 534 701 539 685 540 795 530 809 519 826 518 841 525 826 532 810 533 669 481 -8.483663 114.331192 2.158184 0.301948 0.067167 -0.075872 59.321747 92.142097 528.220093 26.285971 94.285172 530.790039 92.357521 89.999031 525.650208
638 515 650 507 666 506 680 514 666 519 652 520 755 510 767 501 784 499 798 506 784 512 769 513 705 254 -16.141911 63.487881 0.658494 -0.856007 0.093203 -0.033585 42.233852 89.015800 577.106445 9.182150 91.242622 579.383728 75.285553 86.788986 574.829163
646 526 659 519 673 519 686 526 673 530 659 530 762 523 775 515 790 514 804 519 791 525 776 526 745 776 -26.007149 180.177109 4.510566 -0.813405 0.100788 -0.013871 46.913368 96.932426 581.967041 13.870990 98.629700 584.774231 79.955742 95.235153 579.159912
667 538 680 530 696 529 710 537 696 541 681 542 787 532 799 523 815 521 829 528 816 534 801 535 200 651 96.168343 153.228516 1.828840 -0.884959 0.125779 -0.028129 58.949379 99.666069 562.462280 26.002460 102.208534 565.717468 91.896294 97.123604 559.207153
662 537 675 528 691 528 705 536 691 541 676 542 781 531 794 521 810 519 825 526 811 533 796 534 584 460 10.573866 109.791649 1.729209 0.368950 0.060341 -0.086913 53.849564 95.431160 541.260254 20.828341 97.881645 543.740906 86.870781 92.980682 538.779602
656 535 669 527 686 526 700 535 686 540 671 540 775 530 788 519 805 517 819 524 805 531 790 532 729 382 -21.736670 92.074974 1.649694 0.331949 0.051360 -0.085858 51.224918 95.308609 545.851013 18.184629 97.822525 547.990906 84.265205 92.794701 543.711060
650 541 663 533 678 532 692 539 679 544 664 545 767 534 780 524 796 523 811 529 797 535 782 536 1069 708 -98.390656 164.364883 5.090489 -0.841765 0.118714 -0.047270 49.397003 102.761597 573.293335 16.447281 105.709534 576.154297 82.346725 99.813660 570.432373
652 539 665 530 681 529 695 537 681 542 666 543 771 531 784 521 800 519 815 526 801 533 786 534 1073 455 -98.842613 107.765190 3.300333 -0.830255 0.119691 -0.050375 50.736309 100.446465 567.903748 17.795378 103.484131 570.772095 83.677238 97.408806 565.035400
657 539 670 531 686 530 700 538 686 543 671 544 774 533 787 523 803 521 818 527 804 534 789 535 931 594 -67.310242 139.121063 3.824493 0.321613 0.057829 -0.092594 51.815533 98.640190 553.967224 18.806690 101.350174 556.340393 84.824371 95.930199 551.594055
657 541 669 534 685 533 699 541 685 545 671 546 774 536 787 526 803 525 817 531 804 537 789 538 690 650 -13.478915 152.094940 3.431761 -0.814943 0.134107 -0.031727 53.648346 104.473236 577.852844 20.741287 107.124306 581.410522 86.555405 101.822174 574.295227
652 537 665 528 681 527 695 536 681 541 666 542 770 530 783 519 800 517 815 524 801 531 785 533 1195 57 -125.445869 18.512068 0.864392 0.336296 0.046420 -0.096397 48.537960 95.523170 544.825562 15.521235 98.401482 546.867798 81.554688 92.644859 542.783325
661 540 674 531 691 530 705 539 691 544 675 544 780 533 793 523 810 521 824 528 810 535 795 536 309 430 72.164124 103.591759 0.611780 0.312270 0.051702 -0.089158 54.358582 98.256943 550.004761 21.328539 100.898712 552.148865 87.388618 95.615173 547.860718
666 543 678 535 694 535 707 542 694 547 679 548 782 537 795 528 811 527 825 533 811 539 797 540 178 714 100.981010 167.361526 2.205595 0.315353 0.051530 -0.081957 56.692600 102.022339 558.070374 23.641983 104.427269 560.175781 89.743217 99.617409 555.965027
659 542 672 533 688 533 702 541 688 546 673 546 777 536 790 526 807 524 821 530 807 537 792 538 757 502 -28.212511 118.865166 2.597016 0.349610 0.052581 -0.089158 52.403458 98.598557 544.622498 19.374557 101.192032 546.841797 85.432358 96.005081 542.403198
652 537 664 528 681 528 695 537 681 542 666 543 770 532 782 521 799 519 814 526 800 533 785 535 1122 113 -109.208488 31.173977 1.023677 0.276048 0.053512 -0.083790 49.080986 97.723137 553.268677 16.039103 100.222130 555.401428 82.122871 95.224152 551.135986
637 447 649 440 663 441 674 449 662 452 649 452 737 450 748 442 762 442 773 450 761 454 749 454 378 440 56.706234 105.700478 0.909778 -0.115682 0.376101 -0.003649 36.524303 55.826809 612.505005 5.638011 56.657940 624.666687 67.410599 54.995678 600.343384
633 451 645 444 658 444 669 452 657 456 645 456 733 453 744 445 758 445 769 452 757 456 745 456 790 749 -36.029667 174.054047 4.465981 -0.115190 0.353252 -0.015610 34.121609 57.972282 615.872620 2.968791 59.146553 627.304260 65.274429 56.798008 604.440979
624 442 635 435 649 435 660 443 648 447 635 447 723 443 734 435 748 435 760 442 748 447 735 447 1024 315 -87.632500 76.540298 2.141455 -0.110072 0.391542 -0.020094 27.755642 51.591862 608.003906 -2.932302 52.946468 620.612427 58.443588 50.237251 595.395386
633 434 644 426 659 426 669 434 657 439 644 439 732 435 743 427 757 427 768 435 757 440 744 440 575 13 13.370762 9.821229 -1.486429 -0.103210 0.353882 -0.009299 33.969891 47.169506 616.047546 2.822203 48.070873 627.517883 65.117577 46.268139 604.577209
637 437 648 430 663 430 674 438 661 443 648 443 737 439 748 431 762 431 773 439 761 444 748 444 385 185 55.586460 48.647842 -0.884775 -0.097630 0.403283 -0.009233 35.989883 49.093426 608.264893 5.448095 50.035641 621.259888 66.531670 48.151215 595.269836
637 437 648 430 663 430 674 439 662 443 648 443 737 440 748 431 763 431 773 439 762 444 749 444 293 79 76.359283 25.108084 -1.942603 -0.101672 0.391613 -0.010209 36.099148 48.902908 605.221741 5.407631 49.884773 617.856079 66.790665 47.921047 592.587402
629 440 640 433 654 433 665 441 653 445 641 445 729 440 740 432 754 432 765 439 754 444 741 444 1058 352 -95.305603 84.753502 2.516896 -0.100169 0.369887 -0.027398 31.335150 50.135212 609.814270 0.386328 51.630363 621.751343 62.283970 48.640057 597.877136
640 436 652 429 667 429 678 438 665 442 652 442 741 439 752 430 766 431 777 439 766 444 753 443 189 40 99.700035 16.577496 -2.562306 -0.095011 0.394043 -0.007545 38.452427 48.458511 606.070923 7.791281 49.315334 618.787842 69.113571 47.601688 593.354065
642 438 653 430 668 431 679 439 666 443 653 443 742 441 753 432 767 433 778 440 767 445 754 445 131 150 112.486229 41.290531 -1.968840 -0.098563 0.400128 -0.003820 39.090385 49.397655 605.286865 8.506485 50.166485 618.193970 69.674286 48.628826 592.379761
642 441 653 435 667 435 677 442 665 446 653 446 741 444 752 437 765 437 776 444 765 448 753 448 208 591 94.483246 139.792572 1.427467 -0.109527 0.371954 -0.003425 39.175900 52.386311 617.046631 8.239574 53.165127 629.083923 70.112221 51.607498 605.009338
640 444 651 437 664 438 675 445 664 448 651 448 739 445 749 438 762 438 772 445 762 449 750 449 384 735 54.846893 171.676376 3.032154 -0.110245 0.402696 -0.015456 37.720673 53.735439 618.538269 7.173147 54.960255 631.496216 68.268196 52.510624 605.580322
635 440 646 433 660 433 671 441 659 445 646 445 735 441 745 434 759 434 770 441 759 446 746 445 823 283 -42.597977 69.755623 1.252922 -0.098528 0.378671 -0.019198 34.782146 50.701023 610.739929 3.933727 51.933853 622.963440 65.630562 49.468193 598.516418
638 442 649 436 663 436 673 443 662 447 649 447 737 444 748 437 761 437 771 443 760 448 748 448 611 793 3.948721 184.228577 4.191438 -0.102728 0.382871 -0.015536 36.669403 52.697216 618.198181 5.870542 53.844151 630.554321 67.468269 51.550282 605.842041
632 439 644 432 658 432 669 440 657 444 644 444 733 440 743 432 757 432 768 440 757 444 744 444 992 348 -80.529549 83.981323 2.271522 -0.092443 0.392351 -0.022725 33.226215 49.812210 607.930603 2.551098 51.140499 620.573120 63.901333 48.483921 595.288147
640 442 651 436 664 436 675 443 663 447 651 447 739 444 749 437 762 437 773 444 762 448 750 448 750 569 -26.763451 133.865051 3.051569 -0.101307 0.416564 -0.013220 37.298584 52.392750 612.817017 6.933670 53.508347 626.206787 67.663498 51.277157 599.427185
636 437 647 429 661 429 673 438 660 442 647 442 736 438 747 429 761 429 772 437 761 442 748 442 781 82 -32.847431 24.872957 -0.317743 -0.095588 0.343408 -0.024095 35.781506 48.537243 612.130066 4.523396 49.859608 623.254028 67.039619 47.214874 601.006165
634 437 645 429 659 429 670 437 658 441 645 441 733 437 744 429 758 429 769 437 758 442 745 441 911 255 -62.241001 63.329041 1.342499 -0.102212 0.366504 -0.018344 34.153687 48.444866 613.333801 3.157680 49.653820 625.180603 65.149689 47.235912 601.487061
643 432 654 425 668 425 679 433 667 437 654 437 743 434 754 426 768 427 778 434 767 439 754 438 473 68 36.099323 22.313303 -1.429560 -0.091983 0.394374 -0.009288 39.629253 45.930988 608.046204 8.972919 46.825108 620.772156 70.285583 45.036869 595.320312
635 440 646 433 659 433 670 440 659 444 646 444 734 440 745 433 758 433 769 439 758 444 746 444 1215 620 -130.907455 144.409515 4.942983 -0.140530 -0.244024 0.012878 35.927681 50.511276 617.828735 3.707707 49.523716 609.862671 68.147659 51.498840 625.794739
636 434 647 426 661 427 672 435 660 439 647 439 737 435 747 427 761 427 772 434 761 439 748 439 1076 187 -99.044525 47.812077 1.399977 -0.083606 0.396341 -0.020332 35.354259 46.242229 604.007751 4.728677 47.441628 616.782471 65.979843 45.042831 591.232971
553 200 569 190 589 190 605 202 588 207 570 208 691 201 706 189 727 188 743 198 726 205 708 206 877 593 -55.224720 138.997665 3.639931 0.156123 0.454489 0.008203 -0.190983 -68.467911 422.876617 -30.030819 -69.885460 437.372620 29.648853 -67.050362 408.380585
553 200 568 191 587 191 602 201 586 207 569 207 689 200 705 188 724 187 739 196 723 204 706 204 728 748 -22.153957 173.945496 4.255133 0.159964 0.449690 -0.000895 -0.986836 -68.765625 422.976532 -30.897526 -69.908798 437.350220 28.923855 -67.622459 408.602814
576 194 591 185 610 185 625 195 609 200 592 200 712 194 727 184 745 183 759 192 744 199 727 199 273 642 79.848640 151.079803 2.004556 0.114583 -0.411576 -0.039941 10.863310 -72.669205 430.871490 -19.545946 -70.612259 417.695526 41.272564 -74.726151 444.047455
597 183 613 173 634 173 649 186 632 191 614 191 737 187 752 174 771 174 785 184 770 192 752 192 170 213 103.648720 55.310257 -1.391651 0.187229 0.491088 0.023081 18.701950 -74.204849 418.099854 -10.581752 -76.428040 433.594421 47.985649 -71.981667 402.605286
604 186 620 177 639 177 654 187 638 193 620 193 744 189 759 178 777 177 791 186 776 193 759 193 83 455 122.693138 109.603546 0.047378 0.090842 -0.352212 -0.029415 23.801287 -74.276115 423.176605 -7.352494 -72.795601 411.783203 54.955067 -75.756622 434.570007
526 200 540 190 559 188 575 198 559 204 542 205 662 191 677 180 697 178 714 186 698 194 680 195 1101 700 -105.537392 162.515991 5.138613 0.163799 0.486066 -0.042383 -12.345584 -69.330650 411.793793 -41.684555 -69.277550 427.343140 16.993387 -69.383751 396.244476
580 192 596 181 615 180 631 191 615 198 596 199 717 189 732 177 751 176 766 186 751 194 733 194 497 269 30.376701 67.229393 0.081959 0.181069 0.479703 -0.011383 10.989733 -73.103996 423.853973 -18.475521 -74.153130 439.126740 40.454987 -72.054863 408.581207
546 214 559 203 578 202 594 212 579 219 561 220 680 206 695 194 714 192 731 200 715 208 697 210 887 567 -57.416916 133.163284 3.487470 0.149372 0.471114 -0.047883 -4.596175 -64.907104 422.352814 -34.153912 -64.526222 437.477448 24.961561 -65.287979 407.228180
588 215 602 205 621 204 636 214 620 220 603 220 722 212 737 200 755 199 770 207 755 214 738 215 154 600 106.551247 141.906006 1.314182 0.084042 -0.388723 -0.062300 15.724055 -64.621559 431.145874 -14.942168 -62.073219 418.669952 46.390278 -67.169891 443.621796
542 199 556 187 576 186 592 198 576 205 558 206 676 192 690 178 711 176 727 186 712 195 693 197 1016 17 -85.320351 9.897064 -0.008875 0.162874 0.488104 -0.040050 -6.008721 -71.125267 422.307312 -35.319061 -71.144531 437.910614 23.301620 -71.106010 406.704010
591 193 607 182 627 181 643 194 626 200 608 201 729 193 744 180 763 179 778 189 763 198 745 198 460 52 39.036404 18.758486 -1.586319 0.182538 0.479909 -0.003621 16.036081 -71.622650 421.524475 -13.428043 -72.930367 436.779480 45.500206 -70.314934 406.269470
596 205 610 196 629 195 644 205 628 210 611 211 730 204 744 193 762 193 776 201 762 208 746 208 357 561 61.193542 132.805344 1.703223 0.163139 0.489463 -0.004480 16.974327 -68.233139 431.836578 -12.340106 -69.387466 447.389435 46.288761 -67.078804 416.283722
596 206 611 196 630 196 645 206 629 211 612 212 731 204 745 194 763 193 777 202 763 209 746 209 40 547 132.154266 130.262405 0.561833 0.148045 0.508633 -0.000600 17.078186 -67.410095 428.354523 -11.930964 -68.612312 444.466125 46.087337 -66.207886 412.242920
551 206 564 195 583 194 599 203 584 210 567 212 684 197 699 184 718 182 735 191 719 199 701 201 1092 413 -103.020744 98.335144 3.063402 0.156485 0.480941 -0.053492 -2.676723 -69.134850 425.145447 -32.076904 -68.657028 440.571411 26.723457 -69.612671 409.719482
596 199 611 189 631 189 646 199 630 205 612 206 732 198 747 187 765 186 779 195 764 203 748 203 322 403 69.302353 97.528130 0.462049 0.169672 0.534960 0.002814 17.212959 -69.488976 423.448334 -11.363832 -71.045403 440.285919 45.789749 -67.932556 406.610748
579 198 595 186 615 186 631 197 614 204 596 205 716 195 731 182 750 181 766 191 750 199 732 200 731 186 -21.840918 48.229031 0.259244 0.183168 0.502340 -0.018916 10.587624 -70.316322 421.402588 -18.520836 -71.209305 437.354370 39.696083 -69.423332 405.450775
581 197 596 185 616 185 632 196 616 203 597 204 717 193 732 181 752 180 767 190 752 198 734 199 603 194 6.788077 50.256195 -0.104319 0.175721 0.489479 -0.015720 11.329993 -71.173546 423.600098 -17.981968 -72.070862 439.174530 40.641953 -70.276222 408.025635
591 199 606 189 625 189 640 199 624 205 607 205 726 197 740 186 758 185 772 194 758 201 741 202 78 407 123.896080 98.875961 -0.311179 0.167920 0.517292 -0.006751 14.873040 -70.284592 427.010864 -13.996833 -71.478264 443.371338 43.742912 -69.090919 410.650391
588 205 603 195 621 195 636 204 621 210 604 211 721 202 734 191 752 191 765 199 751 206 735 206 337 789 65.269661 183.842636 3.262614 0.160326 0.496519 -0.014892 13.320753 -70.113136 439.498474 -15.879543 -70.932709 455.285492 42.521049 -69.293564 423.711426
584 199 599 188 619 187 634 198 618 204 600 205 720 195 735 183 753 183 768 192 753 200 736 200 518 335 25.561857 81.953598 0.621387 0.173586 0.496641 -0.018199 12.370548 -70.376579 424.413147 -16.827560 -71.198349 440.204102 41.568657 -69.554810 408.622162
632 430 643 423 657 423 668 431 656 434 644 435 729 431 739 423 753 423 763 430 752 435 740 435 126 701 112.639999 164.550171 1.942073 -0.103390 -0.371645 0.022538 33.256416 44.235886 613.182556 2.324666 42.875961 601.185181 64.188171 45.595810 625.179932
617 420 627 413 641 413 651 420 640 425 628 425 713 420 724 412 737 411 748 418 737 423 725 423 816 315 -41.087612 76.926537 1.458006 -0.065550 0.428572 -0.036584 22.131075 37.685570 616.690186 -8.050241 39.321472 630.436890 52.312389 36.049667 602.943481
640 422 651 415 665 415 675 423 664 427 651 427 737 424 747 417 760 417 770 425 759 429 747 428 248 552 85.600616 130.994583 1.280921 -0.058209 0.417435 -0.007687 37.526180 41.012032 628.027100 7.172745 41.657265 641.473755 67.879616 40.366795 614.580444
627 422 638 414 651 414 662 422 650 426 638 426 723 422 733 415 747 415 757 422 746 426 734 426 688 446 -12.674055 106.466942 1.971146 -0.066498 0.445088 -0.023173 28.696442 39.539658 621.870117 -1.265889 40.766472 636.128906 58.658772 38.312843 607.611328
636 419 646 412 659 413 670 420 658 424 646 424 732 420 742 413 755 414 764 420 754 425 743 425 351 543 62.567711 128.790161 1.555211 -0.065916 0.458712 -0.015136 33.949844 38.469032 623.695801 4.180050 39.446873 638.371033 63.719643 37.491188 609.020508
632 416 643 408 657 408 667 416 656 421 643 421 729 417 739 409 752 409 763 417 752 421 740 421 365 63 60.275616 21.395428 -1.820067 -0.056108 0.457567 -0.018244 31.940529 35.868805 618.109741 2.155931 36.872074 632.753174 61.725128 34.865532 603.466248
629 420 640 413 653 413 663 420 652 424 640 424 724 420 734 413 747 413 758 420 747 424 735 424 735 562 -23.394587 132.327118 2.952388 -0.064203 0.438179 -0.022650 29.864305 38.672810 628.777039 -0.196345 39.859936 642.830750 59.924953 37.485683 614.723267
630 422 641 416 653 416 664 422 653 426 641 426 725 423 735 416 748 416 758 423 747 427 736 427 511 734 26.429411 171.216858 3.442324 -0.074973 0.449060 -0.021304 30.273399 40.488258 629.739502 0.366399 41.720768 644.113525 60.180401 39.255749 615.365540
625 422 636 415 649 415 659 421 648 425 636 426 720 421 730 414 743 414 754 421 743 425 731 425 878 628 -55.509796 146.824768 3.892685 -0.073699 0.432376 -0.030164 27.316841 39.536148 628.867859 -2.818973 41.026371 642.730408 57.452652 38.045929 615.005249
635 415 646 408 659 408 669 415 658 419 646 420 731 416 741 409 754 409 764 416 754 420 742 420 280 360 78.776161 87.987671 0.017555 -0.061397 0.441696 -0.016465 33.751190 35.898563 625.975342 3.736455 36.870144 640.143311 63.765923 34.926979 611.807373
638 414 649 407 662 407 673 414 661 418 649 418 734 414 744 407 757 407 767 415 756 419 745 419 164 327 104.791687 80.821472 -0.598812 -0.058427 0.441972 -0.017448 35.721176 35.085327 627.516174 5.710997 36.067299 641.693054 65.731354 34.103352 613.339294
634 411 645 403 658 403 669 410 657 415 645 415 729 411 739 403 752 403 763 411 752 415 740 415 413 46 49.564266 17.503653 -1.783518 -0.058739 0.417790 -0.022651 33.578762 33.125664 634.140320 3.237413 34.257008 647.582092 63.920113 31.994318 620.698486
620 412 630 404 643 404 653 411 642 416 631 416 715 410 725 402 738 402 748 408 738 414 726 414 1204 171 -127.659500 43.995430 1.706518 -0.050460 0.459412 -0.046908 23.574575 32.317329 622.209656 -6.152837 34.197472 636.882935 53.301987 30.437189 607.536316
623 419 633 412 645 412 655 418 645 422 633 423 716 418 726 411 739 411 749 417 739 421 727 421 1005 798 -84.226791 184.615372 5.521687 -0.072459 0.437554 -0.035586 25.364168 37.953773 635.804626 -4.693465 39.614548 649.816772 55.421803 36.292999 621.792542
623 416 633 409 646 408 657 415 645 419 634 420 718 414 728 407 741 407 751 414 741 418 729 418 1031 457 -89.447632 108.290550 3.176584 -0.067170 0.424775 -0.035622 25.864452 35.664558 630.965210 -4.370184 37.277412 644.596985 56.099091 34.051704 617.333435
627 410 637 403 650 403 660 410 649 415 637 415 722 410 732 403 745 402 756 410 745 415 733 414 727 37 -20.684845 14.907413 -0.815922 -0.055122 0.450290 -0.027465 28.166609 32.202789 623.259888 -1.717124 33.488743 637.677551 58.050343 30.916834 608.842224
621 417 631 410 644 409 655 416 644 420 632 421 716 415 726 408 740 407 750 414 739 419 727 418 1277 486 -144.546707 114.320610 4.191597 -0.071246 0.428981 -0.039846 24.688900 35.800850 628.065613 -5.482958 37.581680 641.815063 54.860756 34.020016 614.316162
630 417 640 410 653 410 664 417 653 421 641 421 724 416 735 410 747 410 758 416 747 420 735 420 729 594 -22.107996 139.496170 3.160759 -0.074721 0.418749 -0.025596 30.568090 37.032040 635.908508 0.241449 38.368114 649.364685 60.894733 35.695965 622.452271
632 418 642 412 654 411 664 418 654 421 642 422 726 417 735 411 748 411 758 417 748 421 736 421 527 762 22.799992 177.450333 3.694472 -0.072657 0.453451 -0.025891 31.093468 37.686184 635.587036 1.253577 39.053303 650.087769 60.933357 36.319065 621.086304
628 414 639 407 652 407 662 414 651 418 639 418 723 413 733 406 746 406 757 413 746 417 734 417 764 383 -29.570494 92.233673 1.771825 -0.064585 0.444875 -0.030808 29.295050 34.644833 628.958191 -0.663643 36.102566 643.202881 59.253742 33.187099 614.713501
568 354 580 346 594 346 606 354 593 359 580 359 670 355 681 347 696 347 707 355 695 360 682 360 989 107 -79.436104 30.078838 0.543898 -0.042597 -0.417725 0.006725 -4.067125 -2.752144 584.883545 -34.416500 -3.260034 571.421875 26.282249 -2.244253 598.345276
565 369 576 362 590 362 601 370 589 374 577 374 667 370 678 362 692 362 703 369 692 374 679 374 1083 798 -101.681122 184.470535 5.777980 -0.062622 -0.395890 0.005239 -6.279938 6.103807 585.991333 -36.916882 5.528368 573.200500 24.357008 6.679247 598.782227
583 366 595 359 609 359 620 367 608 371 595 371 686 369 697 361 711 362 721 369 710 374 698 373 483 606 32.919266 142.637192 2.437981 0.002478 0.445042 0.005965 3.252243 5.007079 575.202271 -26.717609 4.797469 589.496460 33.222095 5.216689 560.908142
566 365 577 357 592 357 603 365 591 370 577 370 669 366 680 357 694 357 706 365 694 370 681 370 1127 388 -110.809029 92.678032 3.000214 -0.005417 0.439161 -0.011258 -6.598697 3.518741 568.225830 -36.650639 3.919506 582.342468 23.453245 3.117977 554.109131
568 369 579 362 593 362 604 369 592 373 580 373 670 369 681 362 694 362 705 369 694 373 681 373 1011 755 -85.494118 174.985779 5.234912 -0.064023 -0.423635 0.004197 -4.584623 5.723372 582.957520 -34.854874 5.144782 569.321655 25.685629 6.301961 596.593384
576 357 588 349 602 350 614 358 601 362 588 362 679 360 690 352 704 352 715 360 704 365 691 365 702 109 -15.216618 31.059147 -0.384875 -0.049924 -0.433044 0.022573 0.714232 -0.225637 577.102966 -29.417967 -1.304868 563.194519 30.846430 0.853593 591.011475
593 354 605 346 620 347 630 357 618 362 604 361 698 359 709 351 722 351 732 359 721 365 709 365 230 186 90.269600 49.159351 -1.386949 0.000051 0.494353 0.018517 8.945700 -1.077481 557.577271 -20.278233 -1.667978 573.330750 38.169632 -0.486984 541.823792
565 358 576 351 590 350 602 359 589 363 576 363 667 359 678 351 692 351 704 359 692 364 679 363 1136 114 -112.343071 31.371664 1.076806 0.003039 0.423673 -0.011058 -7.620246 -0.297994 575.809082 -37.887291 0.037248 589.460205 22.646799 -0.633237 562.157959
583 358 595 351 609 352 620 360 608 364 595 364 686 362 697 355 711 355 721 363 710 368 697 367 617 327 3.422294 79.980286 0.889661 -0.000839 0.462031 0.017591 3.124360 0.909812 573.237488 -26.593945 0.352626 588.038574 32.842667 1.466999 558.436462
565 363 576 356 590 356 601 363 589 368 576 368 667 364 678 356 692 356 704 363 692 368 679 368 1241 446 -136.420792 105.440063 3.788201 -0.045646 -0.450320 0.007139 -6.040781 2.478873 575.016785 -35.935101 1.914343 560.574768 23.853539 3.043402 589.458740
578 357 590 349 604 350 615 358 603 363 590 362 681 360 692 352 706 352 717 360 706 365 693 365 560 151 16.485653 40.717594 -0.552099 -0.048545 -0.423083 0.024656 1.909572 -0.156310 575.921631 -28.358271 -1.286241 562.315002 32.177414 0.973621 589.528320
591 361 603 354 618 355 629 364 616 367 603 367 695 367 706 359 720 359 730 367 719 372 706 371 241 414 87.408745 100.139076 0.274303 -0.060283 -0.434451 0.041372 9.679012 3.227811 570.235840 -20.414539 1.470253 556.312866 39.772564 4.985369 584.158813
581 359 594 351 609 352 620 361 607 366 593 366 686 363 698 354 712 355 723 363 712 369 698 368 363 45 60.754692 17.372814 -1.954936 0.009285 0.462364 0.008299 3.073109 1.556098 560.168823 -26.644140 1.220238 574.978699 32.790359 1.891958 545.359009
570 366 581 359 596 359 607 367 595 371 582 371 674 368 685 360 699 360 710 367 699 372 686 372 1245 687 -137.738007 159.340683 5.519111 -0.061672 -0.418936 0.010973 -2.498696 4.497096 573.428955 -32.831001 3.720979 559.941589 27.833611 5.273212 586.916260
574 367 586 360 600 360 611 368 599 372 586 372 677 370 689 362 703 362 713 370 702 374 689 374 1030 693 -89.637215 161.082031 4.855427 -0.007891 0.428833 0.000931 -1.801999 5.534326 573.157471 -32.000172 5.559672 586.964355 28.396175 5.508979 559.350647
600 355 612 348 627 349 638 358 626 362 612 361 704 361 715 353 729 353 739 361 728 366 716 366 48 112 131.125992 32.944633 -2.512414 -0.070400 -0.449626 0.034997 14.967632 -0.188527 564.726135 -14.918664 -1.827145 550.349609 44.853928 1.450091 579.102661
594 361 606 355 620 355 632 363 619 367 606 367 700 366 711 358 725 358 736 365 724 370 712 370 40 400 132.411728 97.380730 -0.485933 0.015248 0.454598 0.005981 10.260272 2.738037 557.463928 -19.571667 2.433118 572.042114 40.092209 3.042956 542.885803
569 361 581 353 597 353 608 362 595 367 582 367 675 362 686 353 700 353 712 361 700 367 687 367 948 186 -70.399765 47.826077 0.972265 -0.059321 -0.450186 -0.001773 -1.981977 1.425457 564.297485 -31.879387 1.046529 549.855896 27.915432 1.804385 578.739136
590 363 602 356 617 356 628 365 616 369 602 369 694 367 705 359 719 360 729 367 718 372 706 372 314 473 70.969940 113.200928 0.934699 -0.062572 -0.461305 0.028899 9.284385 3.677976 564.380493 -20.437366 2.282219 549.641846 39.006138 5.073734 579.119202
564 364 576 357 590 357 601 365 589 369 576 369 668 364 679 356 693 356 704 363 693 368 680 368 1262 485 -141.188339 114.124779 4.135181 -0.054969 -0.467120 -0.003953 -5.719948 2.834045 567.173096 -35.368141 2.542012 552.224548 23.928246 3.126077 582.121643
617 367 629 360 644 360 655 370 642 374 628 373 720 374 732 366 747 366 758 375 746 380 733 379 1073 13 -98.068436 8.896480 0.149906 -0.020327 0.412881 0.040795 23.835550 7.155386 578.443970 -6.552272 5.976755 591.776306 54.223370 8.334017 565.111694
628 369 640 362 655 363 666 372 653 375 639 375 731 377 743 369 757 371 768 379 756 383 743 382 468 161 37.055298 43.125282 -0.783117 -0.020907 0.439027 0.055934 30.149632 8.764913 580.037231 0.143928 7.117734 594.161804 60.155334 10.412092 565.912659
632 375 645 369 659 370 670 379 657 382 644 381 737 384 749 376 763 377 773 385 762 390 749 389 87 429 121.843582 103.780312 -0.124798 -0.042297 0.460916 0.054342 32.630493 12.540637 571.996094 2.937520 11.118669 586.790161 62.323463 13.962605 557.202026
629 376 642 370 656 371 667 380 654 383 641 382 733 385 745 378 759 379 770 388 758 391 745 390 165 423 104.399765 102.293365 0.088730 -0.034368 0.446023 0.059645 30.876728 13.487202 576.412903 0.977128 11.823456 590.758850 60.776325 15.150948 562.066956
607 372 619 365 633 366 644 375 632 378 619 378 710 379 722 372 736 372 748 381 735 385 722 384 1106 400 -106.130806 95.401245 3.016743 -0.041859 0.420529 0.046257 17.802998 10.153120 578.645569 -12.474733 8.950891 592.223938 48.080730 11.355350 565.067139
623 370 636 362 650 364 661 373 648 376 635 376 728 378 740 370 754 371 765 380 753 385 740 383 472 156 36.168961 41.999428 -0.805612 -0.030118 0.428399 0.058636 27.521795 9.321582 573.906921 -2.627263 7.645867 587.719421 57.670853 10.997296 560.094421
619 375 631 368 645 369 656 377 644 381 631 380 723 382 734 375 748 376 759 383 747 387 734 386 660 489 -6.483714 116.137383 2.185633 -0.034739 0.427915 0.043006 24.957539 11.808113 579.909241 -5.223820 10.667000 593.705750 55.138897 12.949226 566.112793
619 377 630 371 644 372 655 380 643 383 630 383 721 385 733 378 747 379 757 386 746 390 733 389 755 707 -28.124029 164.724274 4.051616 -0.038294 0.407560 0.047609 24.528006 13.610415 585.761047 -5.920779 12.329418 598.944031 54.976788 14.891411 572.578125
613 372 625 365 639 366 650 374 638 378 625 377 716 378 727 371 741 372 752 380 740 384 728 383 954 387 -72.094460 92.775597 2.424640 -0.028935 0.417085 0.036847 21.307907 9.917676 584.452393 -9.028692 8.927216 597.916016 51.644508 10.908136 570.988770
621 371 632 364 646 365 656 373 644 377 632 376 723 377 734 370 748 370 758 378 747 382 735 381 387 483 54.616959 115.302216 1.245840 -0.046647 0.443862 0.040859 25.172314 9.071077 582.196777 -4.788730 8.097350 596.477783 55.133358 10.044805 567.915771
611 374 622 368 635 368 645 375 634 379 622 379 713 378 724 372 737 372 747 379 736 383 724 383 926 778 -66.513657 180.288376 5.119554 -0.051340 0.420022 0.031280 19.132887 10.391900 588.699829 -11.170627 9.736830 602.258179 49.436401 11.046971 575.141541
607 368 619 361 633 362 643 370 631 373 619 373 709 373 721 366 735 367 746 375 734 379 721 378 1100 433 -104.845963 102.793983 3.232241 -0.037676 0.391776 0.034065 17.696318 7.296226 589.890442 -12.974173 6.436197 602.584595 48.366806 8.156255 577.196350
609 365 621 358 635 358 645 366 633 370 620 370 711 369 723 362 737 363 748 371 736 375 723 374 824 209 -42.692135 53.201088 0.728760 -0.042187 0.364715 0.037958 19.101406 5.225355 593.873230 -11.896315 4.245941 605.736694 50.099129 6.204769 582.009766
612 367 623 361 636 361 646 369 635 372 623 372 713 371 723 364 736 365 747 371 736 376 724 375 811 479 -40.255997 113.620140 2.610514 -0.049034 0.443220 0.025049 19.303139 6.126663 588.779541 -10.683840 5.677155 603.032227 49.290119 6.576172 574.526855
609 369 620 363 633 363 643 370 632 373 620 373 709 373 720 367 733 368 744 375 732 378 720 377 1100 781 -105.455498 180.636322 5.712668 -0.053090 0.335554 0.031782 18.324070 7.631622 610.467468 -13.012827 6.889574 621.422302 49.660969 8.373670 599.512695
620 366 631 360 645 361 656 369 644 372 631 372 721 373 733 367 746 368 757 376 745 379 733 378 516 286 26.095230 70.996758 0.265560 -0.029434 0.434406 0.053456 24.783714 7.036382 587.924866 -5.291311 5.526665 601.916809 54.858742 8.546099 573.932983
618 367 630 360 644 361 655 369 643 372 630 372 720 374 732 367 746 368 756 376 744 380 732 379 315 339 70.980865 83.225296 -0.017122 -0.035032 0.401891 0.053651 24.356886 7.307411 591.436401 -6.156040 5.805264 604.446594 54.869812 8.809559 578.426270
621 370 633 364 646 365 657 372 645 375 632 375 722 376 733 371 746 372 757 379 745 382 733 381 160 658 105.107018 154.868591 1.747302 -0.043224 0.372582 0.053959 26.093739 9.181442 604.010620 -4.786060 7.696518 616.126404 56.973537 10.666366 591.894775
617 366 628 359 643 360 654 368 641 372 628 371 720 373 731 366 745 367 756 375 744 379 731 378 565 163 15.345767 43.392529 -0.450138 -0.028860 0.390972 0.049087 23.584038 6.779121 587.484253 -7.076303 5.376185 600.154541 54.244377 8.182057 574.814026
616 371 628 365 641 365 652 373 640 376 627 376 718 377 729 371 743 372 753 379 742 383 729 382 740 579 -24.543230 136.120468 3.089988 -0.034777 0.404751 0.044465 22.792374 9.437037 590.960266 -7.697849 8.231801 604.054260 53.282597 10.642272 577.866211
614 396 626 388 642 387 654 396 641 401 627 402 722 395 733 385 748 384 760 393 748 399 734 399 155 72 107.252289 23.798546 -2.445938 -0.031117 0.396793 -0.045852 23.090405 20.553003 561.222229 -7.500789 22.237371 574.024597 53.681599 18.868633 548.419800
603 391 615 382 631 381 643 391 630 396 616 396 711 388 722 378 738 377 750 385 738 392 724 392 850 70 -48.266785 22.060612 -0.176554 -0.021782 0.399006 -0.056169 16.844057 16.758812 558.241821 -13.701559 18.716036 571.114014 47.389671 14.801590 545.369568
608 399 620 391 635 390 647 398 634 402 621 403 715 396 726 387 740 387 752 394 740 399 727 399 699 714 -15.604975 166.394058 3.917504 -0.039631 0.406164 -0.051745 19.273310 21.497149 566.856750 -11.187187 23.430790 579.932617 49.733807 19.563505 553.780884
619 389 631 381 646 381 658 389 646 393 632 394 727 387 738 378 752 377 764 385 752 390 739 391 212 178 94.311531 47.403297 -1.503115 -0.090087 -0.310986 -0.022728 27.303974 16.132179 566.015076 -4.300725 16.412609 555.835510 58.908672 15.851749 576.194702
602 388 614 379 630 378 642 387 629 392 615 393 710 384 722 374 737 373 750 381 738 387 724 388 1051 26 -93.168190 11.845235 0.170278 -0.021120 0.425476 -0.062179 16.226353 14.423822 551.825928 -13.955860 16.572187 565.499939 46.408566 12.275457 538.151917
624 388 637 380 653 380 665 389 651 394 637 394 733 388 745 379 760 379 771 387 759 393 746 393 96 201 120.228973 52.763451 -1.720333 -0.021995 0.446272 -0.033346 28.781406 16.332966 553.175049 -1.153693 17.563791 567.490540 58.716503 15.102142 538.859497
613 394 625 386 640 386 652 393 640 398 626 398 720 391 731 383 746 383 757 389 746 395 732 395 500 587 29.148394 138.355606 2.358414 -0.025651 0.421169 -0.051627 22.200975 18.871590 563.910034 -8.059346 20.711363 577.455750 52.461296 17.031818 550.364258
614 395 626 388 640 388 652 395 639 399 626 399 720 393 731 385 745 385 756 391 745 396 732 396 712 771 -18.613867 179.119965 4.366496 -0.039667 0.409224 -0.047393 22.317261 19.977301 570.425903 -8.109935 21.772114 583.598755 52.744457 18.182486 557.253052
611 396 622 388 637 388 649 395 637 400 623 400 718 393 729 385 743 384 755 391 743 396 730 397 885 686 -57.177799 159.785492 4.329091 -0.034954 0.393100 -0.050183 20.799788 19.958097 565.762329 -9.831893 21.805929 578.444763 51.431469 18.110266 553.079834
610 395 622 387 637 387 649 394 636 399 623 400 717 392 728 384 743 383 754 390 743 395 729 396 778 614 -33.107925 143.878876 3.464317 -0.025716 0.420274 -0.054996 20.293766 19.361597 562.424194 -9.972892 21.310087 575.940613 50.560425 17.413107 548.907837
612 392 624 384 639 384 651 392 638 397 624 397 719 390 731 381 746 381 758 388 746 394 732 394 581 331 11.471134 80.941872 0.799883 -0.026288 0.427573 -0.046069 21.427965 17.930414 556.311035 -8.753582 19.596975 570.053528 51.609512 16.263853 542.568542
615 387 627 379 643 378 655 388 642 392 628 393 724 386 735 376 751 376 763 384 751 390 737 390 87 8 122.580978 9.608986 -3.125544 -0.027364 0.426071 -0.040964 23.572992 15.164967 551.212158 -6.636372 16.674450 564.911621 53.782356 13.655483 537.512695
609 389 622 380 638 379 650 388 637 393 623 394 719 386 730 376 746 375 758 383 746 389 732 390 875 100 -53.913666 28.724735 0.119422 -0.020340 0.405158 -0.055762 20.782183 15.434408 551.096802 -9.684258 17.369596 564.158569 51.248623 13.499219 538.034973
617 387 629 378 645 378 657 387 644 391 630 392 725 385 737 376 752 375 764 384 752 389 738 390 105 233 118.158966 59.904655 -1.462675 -0.023132 0.453327 -0.039313 24.323343 14.797484 550.514648 -5.502988 16.229288 565.037048 54.149673 13.365681 535.992310
625 388 637 381 652 380 664 387 651 391 638 392 733 386 744 379 758 378 769 385 758 390 745 390 393 700 52.894234 163.830688 2.812258 -0.091533 -0.353266 -0.009447 30.025843 15.334383 553.797729 -1.128479 15.110224 542.312195 61.180164 15.558541 565.283264
631 385 643 377 659 377 671 386 658 390 643 391 740 385 752 377 767 376 778 384 766 390 753 390 102 311 118.693665 77.357643 -0.916575 -0.018520 0.481645 -0.028916 31.899748 14.464371 544.279846 2.485748 15.532882 559.649780 61.313747 13.395859 528.909973
627 390 640 382 655 382 667 390 654 395 640 395 736 389 747 381 762 380 774 388 762 393 748 393 404 611 50.588612 143.902313 2.214040 -0.026986 0.430863 -0.038221 30.351078 17.053387 553.387085 0.204324 18.473204 567.233276 60.497833 15.633569 539.540894
619 385 632 376 648 376 661 385 647 390 632 391 730 384 742 374 757 373 769 381 757 387 743 388 968 12 -74.570465 8.867772 -0.202232 -0.017631 0.419132 -0.045574 26.362722 13.694578 543.798950 -3.934570 15.284219 557.293640 56.660015 12.104938 530.304260
633 385 646 377 661 376 674 385 661 389 646 390 743 384 755 376 770 375 781 383 769 388 756 388 256 281 84.285095 70.361130 -0.624390 -0.012766 0.440015 -0.036316 33.844711 14.018180 547.000610 3.823961 15.276983 561.133179 63.865463 12.759377 532.868042
615 388 627 380 641 380 653 387 641 392 627 392 721 385 733 377 747 377 759 384 747 389 734 389 1207 653 -129.175064 151.805969 5.151909 -0.015697 0.439884 -0.049640 22.826086 15.415331 562.136108 -7.178133 17.123003 576.256714 52.830307 13.707659 548.015564
642 426 653 417 668 417 680 425 668 430 654 431 746 422 757 413 772 412 784 420 772 426 759 426 684 180 -11.313054 46.974197 0.062044 -0.069518 0.600327 -0.071580 36.043564 35.336559 541.122375 8.722212 38.241093 559.768250 63.364914 32.432026 522.476562
641 427 652 418 667 418 679 427 667 432 653 433 745 424 756 414 771 413 783 421 771 427 758 428 938 84 -67.983376 25.028790 0.212385 -0.065824 0.568704 -0.074824 35.987263 36.587894 549.089355 8.094947 39.541084 566.861755 63.879581 33.634701 531.317017
648 432 659 424 673 424 685 432 673 437 660 437 751 430 762 421 776 421 787 428 776 433 763 434 674 624 -9.853000 146.308853 3.193869 -0.093541 -0.431125 -0.005236 42.060028 40.680305 561.126892 11.891805 40.189831 547.263367 72.228249 41.170776 574.990417
647 424 658 415 672 415 684 423 672 428 659 428 750 421 760 412 775 411 786 419 775 424 762 425 730 411 -22.011238 98.559982 1.859682 -0.071623 0.527237 -0.059196 40.222939 36.122673 569.622742 11.580868 38.607811 586.236450 68.865005 33.637535 553.009033
651 423 662 415 677 414 688 423 676 428 663 429 755 421 766 411 780 411 792 418 781 425 767 425 552 114 18.340647 32.456108 -0.842109 -0.067944 0.543347 -0.058637 42.228287 35.535721 559.701782 13.857956 37.983402 576.780762 70.598618 33.088036 542.622742
653 424 664 417 677 417 688 424 676 429 664 429 755 422 764 414 778 413 788 420 778 425 766 426 640 717 -2.407593 167.174667 3.745024 -0.058441 0.571787 -0.062803 42.564671 36.605160 568.253174 14.701998 39.115768 586.139709 70.427338 34.094555 550.366699
650 427 661 420 675 419 687 427 675 431 662 432 752 424 763 415 777 415 788 422 777 427 764 427 738 527 -24.004604 124.492569 2.712778 -0.068295 0.542389 -0.069010 41.693939 38.119827 569.523254 13.328072 40.896671 586.559265 70.059807 35.342987 552.487183
644 421 655 413 669 413 681 422 669 427 656 427 747 419 758 409 772 408 784 415 773 422 760 423 1103 138 -105.000580 36.801380 1.139438 -0.051335 0.568523 -0.075232 37.477329 33.880852 554.041199 9.583497 36.714455 571.830688 65.371162 31.047247 536.251770
657 429 668 422 682 421 692 429 681 433 669 433 759 427 769 419 782 419 793 425 782 430 770 431 329 714 67.191216 167.081116 2.701753 -0.073961 0.586509 -0.056789 45.078724 39.432369 567.544006 17.471107 41.908398 585.826477 72.686340 36.956341 549.261597
650 421 661 413 676 413 687 422 675 427 662 427 754 420 764 411 779 410 790 418 779 424 766 424 555 157 17.594011 42.068989 -0.525762 -0.052491 0.561277 -0.058583 41.170761 34.541336 555.909363 13.113187 36.860287 573.514893 69.228333 32.222389 538.303833
651 422 662 414 677 414 688 423 676 428 663 428 756 420 766 411 780 410 792 417 781 424 768 425 285 159 78.009346 43.017727 -1.398676 -0.060247 0.576632 -0.064143 41.597065 34.529774 551.217529 13.824264 37.101494 569.234680 69.369865 31.958050 533.200439
652 426 663 418 678 417 689 426 677 431 664 431 756 423 766 414 781 413 792 420 781 426 768 427 143 293 109.550476 73.255180 -0.910154 -0.069732 0.532322 -0.068066 42.975624 37.162548 564.218994 14.436749 39.915344 580.967529 71.514503 34.409752 547.470398
653 429 664 421 679 420 690 428 678 433 665 433 756 425 766 417 780 416 791 423 780 428 768 429 246 524 86.097206 124.735123 1.074775 -0.076876 0.546225 -0.066673 43.702404 38.843311 569.253418 15.396901 41.624405 586.388855 72.007912 36.062218 552.117981
648 426 659 417 674 417 685 425 673 430 660 431 752 422 762 413 777 412 789 419 777 425 764 426 785 171 -33.898411 44.773483 0.329763 -0.064836 0.548060 -0.073279 40.481033 36.460949 559.276306 12.222472 39.345272 576.472046 68.739594 33.576622 542.080566
650 427 660 420 674 420 684 427 673 432 661 432 752 425 762 417 775 416 786 422 775 428 763 428 1102 754 -105.855751 174.593109 5.526793 -0.056383 0.600351 -0.071017 40.006618 37.399681 556.441589 12.685281 40.160480 575.109253 67.327957 34.638878 537.773865
651 426 662 417 677 417 688 425 676 430 663 431 755 422 766 413 780 413 791 420 780 426 767 426 98 162 119.849739 44.036030 -1.991740 -0.071899 0.584590 -0.067646 41.815857 36.308495 554.817688 14.194364 39.102993 573.033203 69.437347 33.513996 536.602234
646 424 657 416 672 416 683 425 671 430 658 430 750 422 760 412 774 411 786 418 775 425 762 426 1078 103 -99.344940 29.018833 0.807825 -0.051629 0.607963 -0.078124 38.044815 34.941467 544.859070 10.883656 37.879932 563.732239 65.205971 32.003002 525.985901
647 429 658 421 672 421 683 428 671 433 659 434 750 425 760 416 774 415 786 422 775 428 762 429 1106 552 -106.397034 129.401337 4.100148 -0.055870 0.563740 -0.081729 39.423943 38.226490 560.072693 11.460850 41.303310 577.712402 67.387039 35.149670 542.433044
651 427 662 419 677 419 688 428 676 433 663 433 755 425 766 416 780 415 792 423 781 429 768 429 446 254 41.815422 63.968826 -0.192532 -0.062070 0.564228 -0.065594 41.929379 37.645954 555.256470 13.937255 40.273170 572.922729 69.921501 35.018738 537.590149
653 429 664 421 678 421 689 429 677 434 665 434 757 427 767 418 781 418 792 425 781 430 769 431 173 348 102.740936 85.502144 -0.419559 -0.065556 0.582140 -0.062445 42.768318 38.746807 556.957581 15.091878 41.317883 575.122498 70.444763 36.175728 538.792664
626 354 637 346 651 345 662 353 650 358 637 359 731 351 742 342 756 341 768 349 756 354 743 355 1213 288 -129.878387 70.149849 2.570027 -0.005586 0.436103 -0.044520 28.633295 -4.345267 568.054810 -1.431836 -2.874085 582.072021 58.698425 -5.816450 554.037537
628 361 639 352 653 351 665 359 653 364 640 365 732 356 743 347 758 346 770 354 758 359 745 359 1026 451 -88.318253 106.957726 3.117389 -0.016843 0.431309 -0.055408 30.033342 -1.121447 570.197449 -0.081229 0.779564 584.055969 60.147915 -3.022459 556.338928
661 360 673 352 688 352 700 360 687 364 674 364 768 360 780 352 794 352 805 359 794 364 781 364 136 534 110.694771 127.176231 0.784612 -0.009686 0.430525 -0.016079 50.243874 0.356988 567.853516 20.073244 0.942696 581.708130 80.414497 -0.228721 553.998962
655 362 667 354 682 354 694 362 681 366 668 366 762 361 773 353 787 353 799 360 787 365 774 365 481 644 33.300251 151.140930 2.702260 -0.060122 -0.277256 -0.008567 47.924801 1.110500 569.817566 15.988894 1.116270 560.725952 79.860710 1.104729 578.909180
647 364 659 356 673 356 685 364 672 368 659 369 754 363 765 355 780 354 791 361 779 367 766 367 820 649 -42.567719 151.629852 3.851789 -0.006013 0.452574 -0.030679 41.172646 2.196262 560.869690 11.325824 3.224783 575.384094 71.019470 1.167741 546.355225
633 358 645 349 660 348 673 357 660 363 646 363 740 355 752 345 768 345 781 353 768 359 754 360 1184 80 -123.024643 23.677246 0.992185 -0.003336 0.459136 -0.043107 33.358654 -1.812323 551.460815 3.622442 -0.406184 566.169312 63.094864 -3.218462 536.752319
642 354 654 346 670 345 682 354 669 359 655 360 750 353 762 343 777 343 789 351 777 357 763 357 976 20 -76.374664 10.642396 -0.118924 -0.002357 0.442768 -0.032031 39.048634 -3.393256 556.960144 9.062266 -2.347206 571.182800 69.034996 -4.439305 542.737549
642 362 654 354 668 354 679 362 667 366 654 367 748 360 760 352 774 352 786 359 774 364 761 364 727 658 -21.772547 153.815720 3.610358 -0.010177 0.455629 -0.032369 38.275642 0.933983 562.288635 8.475005 2.047430 576.891418 68.076279 -0.179465 547.685852
645 362 656 354 670 354 682 361 670 366 657 366 751 360 762 352 776 352 787 359 776 364 763 364 540 742 19.925966 172.952484 3.594634 -0.012296 0.467580 -0.028587 39.630222 0.810143 564.305603 10.002592 1.818710 579.263794 69.257851 -0.198425 549.347473
633 355 645 346 661 346 673 354 660 360 646 360 740 352 752 342 768 342 780 350 768 356 754 356 1099 53 -103.956604 17.795593 0.520443 -0.002516 0.478760 -0.044897 33.300587 -3.542104 551.475037 3.861283 -2.088495 566.764709 62.739887 -4.995713 536.185364
641 358 652 350 667 349 678 357 666 361 653 362 747 355 758 347 773 347 785 354 773 359 759 359 756 434 -27.869635 103.656456 2.109050 -0.007926 0.455268 -0.036302 37.565704 -1.871234 563.797180 7.764141 -0.648440 578.389343 67.367271 -3.094028 549.205017
648 358 659 351 673 351 685 358 673 362 660 363 754 357 765 349 779 349 790 356 779 361 766 361 199 578 96.519974 136.901382 1.305235 -0.020579 0.451770 -0.024708 41.553230 -0.993030 566.762634 11.689331 -0.048624 581.247681 71.417130 -1.937435 552.277649
651 351 663 342 678 342 690 351 677 356 663 356 759 351 770 342 785 341 797 349 785 355 772 355 130 148 112.713509 40.845020 -1.986381 0.002741 0.470322 -0.018631 43.501179 -4.861843 554.861511 13.907208 -4.286813 569.908997 73.095146 -5.436872 539.814087
650 353 661 346 675 346 687 353 675 357 662 358 756 352 767 345 781 345 792 352 781 356 768 356 698 556 -15.104459 131.053711 2.788047 -0.003073 0.438263 -0.023210 42.957230 -3.778358 569.163025 12.899263 -3.010181 583.251587 73.015198 -4.546535 555.074402
652 351 664 343 678 343 690 351 678 355 664 356 758 350 770 342 784 342 795 349 784 354 771 354 531 361 22.607262 87.745270 0.849422 0.000626 0.440023 -0.023882 44.472084 -5.133399 567.422119 14.439459 -4.370324 581.564880 74.504707 -5.896473 553.279297
660 346 673 337 689 337 700 346 687 351 673 351 768 347 780 338 795 338 807 347 795 352 781 352 94 13 121.005806 10.714412 -3.066905 -0.000367 0.461626 -0.003910 49.386971 -7.213110 557.209534 19.657961 -7.085091 571.999084 79.115974 -7.341129 542.420044
655 353 666 345 681 345 693 353 680 357 667 357 761 353 773 344 787 344 799 352 787 357 774 357 472 395 35.750347 95.460114 0.897900 -0.001524 0.473137 -0.016445 45.510704 -3.804095 560.285706 15.957994 -3.266453 575.415405 75.063416 -4.341736 545.156006
638 359 649 352 663 351 675 358 663 363 650 363 744 356 755 349 769 348 781 355 770 360 756 360 1244 739 -137.605316 170.974152 5.886464 -0.011788 0.448315 -0.038772 35.836670 -1.161541 563.509338 5.937289 0.169115 577.890442 65.736046 -2.492197 549.128296
654 354 665 347 679 347 690 355 678 359 665 359 760 355 771 347 785 347 796 354 785 359 772 359 636 674 -1.437183 157.563644 3.425391 -0.002807 0.470540 -0.017246 44.701679 -2.730104 562.423767 15.110203 -2.156845 577.476196 74.293159 -3.303362 547.371338
660 350 672 343 686 343 698 350 686 355 672 355 767 350 778 342 792 342 803 350 792 354 779 354 419 396 47.608589 95.782211 0.730879 0.000430 0.469071 -0.017363 48.635887 -5.143548 562.079468 19.022390 -4.591244 577.089294 78.249382 -5.695853 547.069580
602 214 618 203 639 203 655 216 638 222 619 222 748 212 763 199 783 197 799 207 783 216 765 217 251 635 84.783920 149.554855 1.882374 0.145458 0.530760 -0.017866 21.076069 -58.989059 395.195190 -7.563550 -59.675041 411.983917 49.715687 -58.303078 378.406464
590 214 604 203 624 203 640 215 624 221 606 222 736 210 750 196 771 194 787 203 771 212 753 214 773 625 -32.008327 146.348694 3.526292 0.133447 0.485441 -0.035292 15.937629 -59.693851 395.465607 -13.416877 -59.623981 410.985535 45.292133 -59.763721 379.945709
579 213 593 201 613 201 629 212 613 219 595 220 724 206 739 192 759 190 776 199 760 208 742 210 999 542 -82.435760 127.363182 3.677290 0.141508 0.516829 -0.042637 11.282191 -60.558491 392.716583 -17.564213 -60.395191 409.160980 40.128593 -60.721794 376.272186
597 220 611 210 630 209 645 220 629 226 612 226 740 215 754 203 773 201 788 209 773 217 756 219 436 790 43.114338 183.882477 3.595037 0.121841 0.525215 -0.032467 17.735203 -57.850662 397.774658 -10.983016 -57.861111 414.442688 46.453423 -57.840214 381.106628
608 222 622 212 642 212 658 224 642 230 624 230 751 220 765 206 785 205 800 214 785 223 767 224 162 706 104.575401 165.601746 2.096001 0.125642 0.516042 -0.027633 22.753794 -56.802719 401.641266 -6.120669 -56.979130 418.036194 51.628258 -56.626305 385.246338
613 215 628 205 648 205 664 216 647 221 630 221 760 212 775 200 795 199 810 207 795 215 777 216 133 502 111.422142 120.023888 0.546669 0.127116 0.525384 -0.020006 25.287537 -58.350574 391.738892 -3.438702 -58.800205 408.387024 54.013775 -57.900944 375.090759
600 220 614 209 634 209 649 220 633 226 616 227 745 215 759 202 778 200 794 209 779 218 761 220 495 688 30.090357 160.957062 3.061879 0.137941 0.537634 -0.035124 19.252384 -56.889362 392.199768 -9.255965 -56.982128 409.223999 47.760735 -56.796600 375.175507
596 211 612 199 634 199 651 212 633 219 614 219 747 206 762 191 784 189 800 200 784 210 765 211 423 0 47.407101 7.195579 -2.078532 0.107046 -0.408863 -0.079648 21.935883 -59.259884 382.747284 -8.432328 -55.980457 369.725128 52.304092 -62.539307 395.769470
598 212 614 201 635 200 652 212 635 219 615 220 749 207 765 193 786 191 803 201 786 210 767 212 341 19 65.723251 11.597859 -2.212543 0.130555 0.501324 -0.032714 20.197895 -58.853100 383.731171 -8.909786 -58.877426 399.709320 49.305576 -58.828777 367.752991
590 211 605 199 627 199 643 211 626 218 607 219 740 206 756 191 777 189 793 198 777 209 758 210 815 37 -40.376911 14.744003 -0.526770 0.160263 0.514311 -0.041837 16.741970 -59.398224 383.061981 -12.148695 -59.411137 399.429291 45.632633 -59.385307 366.694672
624 221 639 211 659 211 675 222 658 228 640 228 770 219 784 206 803 205 817 213 802 221 786 223 108 598 116.848335 141.544067 1.148780 0.123228 0.561137 -0.020859 29.152466 -56.013096 393.587952 1.039958 -56.474766 411.252441 57.264977 -55.551426 375.923492
593 225 608 213 629 213 646 224 629 231 610 232 742 216 757 202 777 200 795 209 778 218 760 220 623 445 1.872973 106.363960 1.750441 0.136035 0.519986 -0.060111 17.670771 -55.105698 386.418945 -11.094813 -54.351662 402.987976 46.436356 -55.859730 369.849945
577 219 591 207 612 205 629 217 612 225 594 226 726 209 741 194 762 191 780 200 764 210 744 213 1070 180 -97.689621 46.257423 1.330368 0.151403 0.507987 -0.069028 11.279648 -57.457291 382.897400 -17.664705 -56.519615 399.142548 40.224003 -58.394970 366.652252
584 226 597 216 616 215 631 225 616 232 599 232 729 218 743 206 762 203 778 211 763 220 746 222 511 791 26.329573 183.966904 3.848601 0.134215 0.529443 -0.055024 12.560204 -55.015404 389.862122 -16.057482 -54.429173 406.691986 41.177891 -55.601635 373.032257
572 221 586 210 606 208 622 220 606 227 589 228 720 211 734 196 755 194 772 202 756 212 738 214 840 459 -46.710396 109.092590 2.563249 0.137538 0.497802 -0.069755 8.935854 -57.261127 386.994568 -20.168074 -56.159569 402.941589 38.039783 -58.362690 371.047546
573 223 586 212 605 211 621 222 606 228 589 230 718 213 732 200 752 197 769 205 753 215 735 217 1018 681 -86.930916 158.420105 4.730465 0.141073 0.501118 -0.068115 8.559018 -57.092636 392.318024 -20.496237 -56.080349 408.359436 37.614273 -58.104919 376.276611
592 212 607 200 628 199 645 210 628 217 609 218 741 202 756 189 777 186 793 196 777 205 759 207 376 198 57.577652 51.572456 -0.821688 0.139487 0.510268 -0.054289 17.454298 -60.737274 388.038300 -11.480807 -60.172470 404.317108 46.389404 -61.302082 371.759460
589 214 604 202 625 201 642 212 625 219 606 221 738 204 753 190 773 187 790 197 774 206 756 208 445 201 42.132027 52.115383 -0.573584 0.151393 0.500572 -0.064190 16.244337 -60.183617 388.884674 -12.828889 -59.378796 404.905273 45.317562 -60.988441 372.864075
575 225 589 214 608 213 624 223 609 230 591 231 720 214 734 201 753 198 770 206 755 216 737 218 936 784 -68.761894 181.611908 5.195178 0.147787 0.511987 -0.075230 9.463319 -56.944374 394.795105 -19.401804 -55.791424 411.166870 38.328442 -58.097328 378.423340
590 222 604 210 624 210 640 221 624 228 606 229 736 213 750 199 770 197 786 205 771 215 753 217 524 507 23.917953 120.416252 1.867060 0.139023 0.535999 -0.061276 15.455345 -56.726532 388.561279 -13.041031 -56.000973 405.590363 43.951721 -57.452091 371.532196
