583 376 598 369 614 371 628 381 613 384 597 383 719 387 733 379 750 380 763 388 749 393 733 392 809 141 -33.500191 42.995686 -4.212029 -0.478421 0.036181 0.079480 22.233311 14.036698 523.814209 -10.847367 11.782163 525.587769 55.313988 16.291235 522.040649
614 390 630 386 646 389 659 399 644 400 628 398 750 411 765 405 781 406 794 415 780 418 764 417 791 808 -29.160641 174.992294 9.128121 0.186154 0.066975 0.123208 37.022850 23.666309 511.764557 4.143064 19.406094 513.589294 69.902641 27.926527 509.939819
691 386 706 381 723 383 736 392 721 395 705 393 827 400 841 393 858 394 871 402 856 407 841 406 740 231 -19.685310 60.792648 -3.025281 -0.475067 0.144953 0.119421 76.946342 20.441017 533.553467 44.314518 17.764538 539.081604 109.578171 23.117496 528.025391
694 380 708 374 724 376 737 385 722 388 707 386 827 395 842 388 858 390 872 399 857 402 841 401 1024 75 -76.301414 29.978338 -3.567814 -0.487954 0.152011 0.142815 77.921806 17.711540 536.161316 45.422459 14.391708 542.105286 110.421150 21.031372 530.217285
712 378 727 373 744 376 757 386 742 388 726 385 846 397 861 391 877 393 889 402 875 405 860 403 644 142 -0.709498 43.159702 -5.711805 -0.483028 0.127486 0.163697 87.578682 18.218578 537.395142 55.072285 14.029004 542.718750 120.085075 22.408152 532.071472
716 387 731 382 747 385 760 395 745 397 729 395 850 407 865 402 881 403 893 412 879 416 864 413 398 482 48.565422 110.395691 -1.093421 -0.481329 0.130290 0.170331 89.255356 23.154669 536.433167 56.796555 18.774290 541.891907 121.714157 27.535046 530.974426
714 391 729 387 745 390 758 399 743 400 728 398 848 411 862 406 878 408 891 416 876 419 861 417 633 741 2.161242 161.700439 6.315910 -0.485193 0.128326 0.168102 88.411156 25.126028 537.561890 55.931732 20.811014 542.949585 120.890587 29.441042 532.174255
689 400 703 395 719 397 731 406 717 408 702 406 822 415 837 410 853 411 866 418 851 422 836 421 1305 873 -131.230743 187.961441 15.179403 -0.476817 0.150444 0.134549 74.994949 27.934158 534.533264 42.451488 24.828037 540.350037 107.538406 31.040279 528.716492
702 388 717 383 734 385 747 396 732 398 716 396 838 408 853 402 870 403 883 412 868 416 852 415 817 210 -35.011105 56.652531 -2.741162 0.199761 0.110458 0.120289 80.197083 22.617207 516.401367 47.432610 18.302895 519.631836 112.961555 26.931519 513.170959
708 396 723 392 739 395 752 404 737 406 721 404 843 416 858 411 874 412 886 420 872 424 857 422 744 849 -19.773718 183.096603 9.525347 -0.475176 0.142270 0.163709 84.701385 27.481537 531.924988 52.259979 23.386517 537.699524 117.142799 31.576555 526.150391
702 386 717 381 734 383 747 393 731 396 716 394 837 405 852 398 869 400 882 409 867 413 851 411 1101 130 -91.540329 40.878735 -1.744783 -0.445657 0.148910 0.156633 81.871201 21.833313 530.494629 49.426136 17.921839 536.374878 114.316269 25.744787 524.614380
710 395 725 390 741 393 754 402 738 404 723 402 844 415 859 409 875 411 888 419 873 422 858 420 919 838 -54.563087 180.955627 10.914757 -0.482137 0.140798 0.166600 85.731667 26.715376 533.300537 53.298523 22.539024 539.063293 118.164803 30.891727 527.537781
725 380 740 375 757 378 770 389 754 391 738 388 860 401 875 395 891 397 903 406 889 409 873 407 221 68 83.266388 28.428122 -11.107010 -0.434546 0.138236 0.172014 93.690910 19.752789 534.119324 61.278725 15.242271 539.746521 126.103104 24.263308 528.492188
709 385 724 380 740 383 753 393 738 395 723 393 844 405 859 399 875 401 888 410 873 414 858 412 1141 298 -99.297256 74.134399 2.025512 -0.454344 0.149183 0.169457 85.344284 21.993385 531.636780 52.967720 17.706280 537.631653 117.720848 26.280491 525.641907
709 386 724 381 740 384 753 394 738 396 723 393 843 406 858 400 874 402 887 410 872 414 857 412 1100 317 -91.127831 77.886108 2.032537 -0.443648 0.142666 0.166253 85.637390 22.355715 534.860291 53.213257 18.087385 540.606323 118.061516 26.624044 529.114319
729 385 745 381 761 384 774 395 758 396 743 393 864 408 878 402 894 405 907 413 892 417 877 415 385 395 51.049385 93.175591 -2.974829 0.184634 0.152372 0.129680 95.161720 22.658157 529.198608 62.617474 17.940956 533.800720 127.705971 27.375357 524.596436
734 389 750 386 766 389 779 399 764 400 748 397 869 413 883 408 899 410 911 418 897 421 882 419 327 853 63.098988 183.802567 5.764825 -0.467270 0.122451 0.191107 98.818611 25.454700 537.744751 66.450035 20.319387 543.079834 131.187195 30.590014 532.409668
711 379 726 373 743 376 755 385 740 388 725 386 845 395 860 388 876 390 889 398 874 402 859 401 968 79 -65.168266 30.758444 -4.002706 -0.452116 0.134336 0.137039 87.099449 17.567440 537.192383 54.493843 14.186081 542.483948 119.705055 20.948801 531.900879
709 379 724 373 741 375 753 385 738 388 723 386 843 395 858 388 874 390 887 399 872 402 857 401 1264 45 -124.029602 24.090580 -1.964333 -0.452144 0.137698 0.140861 86.058517 17.590183 536.960510 53.484966 14.113124 542.385742 118.632072 21.067244 531.535217
715 379 730 374 746 376 759 386 744 389 728 387 849 397 863 391 880 392 892 401 878 405 863 403 831 162 -37.848122 47.156136 -3.584134 -0.461077 0.138797 0.154398 88.950409 18.347269 537.454590 56.446098 14.476276 543.026367 121.454720 22.218262 531.882812
664 362 683 354 704 356 721 367 702 370 683 369 831 372 849 363 868 363 884 373 867 378 849 378 58 49 115.636765 24.634518 -12.993338 -0.501661 0.104878 0.079831 59.170666 5.724624 427.949432 26.247866 4.045219 431.927948 92.093468 7.404029 423.970947
603 375 619 366 639 367 655 378 638 383 619 382 764 379 780 369 800 368 817 377 800 384 781 384 1359 275 -142.645493 69.627434 3.568064 0.133156 0.014041 0.015900 33.253719 9.140502 433.034698 0.056365 8.583137 433.464447 66.451073 9.697867 432.604980
622 373 640 365 661 366 678 376 660 381 640 380 791 378 808 369 828 369 845 378 828 384 809 384 715 441 -14.477127 102.346832 0.996667 -0.492444 0.092294 0.042187 42.670395 8.729930 428.490540 9.632980 8.126194 431.765350 75.707809 9.333666 425.215729
600 391 617 383 637 383 653 393 636 398 617 398 766 393 783 383 804 383 822 391 804 398 784 398 1222 761 -114.864647 165.779434 12.146915 -0.518806 0.124378 0.025853 33.058231 15.191160 429.815857 0.115043 15.419047 433.969635 66.001419 14.963272 425.662048
600 372 617 362 637 362 653 372 636 378 617 378 764 370 781 360 801 359 819 368 801 375 782 375 1232 130 -117.573242 40.905636 -0.537975 -0.441007 0.121701 0.007838 32.883389 6.483264 434.156311 -0.078784 7.107611 438.114227 65.845558 5.858917 430.198395
608 377 625 368 645 369 662 379 644 384 625 384 774 378 791 368 811 368 829 377 811 383 792 383 942 345 -59.697342 83.394905 1.143965 -0.489279 0.113105 0.021223 36.484879 9.355099 432.328491 3.495344 9.579270 436.096771 69.474419 9.130927 428.560211
636 361 653 352 674 353 691 363 672 368 653 368 801 365 818 356 837 356 853 365 836 371 818 371 198 134 87.912498 41.484898 -9.982469 -0.465497 0.085133 0.039626 48.041832 3.762681 436.489899 14.980686 3.141484 439.512207 81.102974 4.383878 433.467590
628 370 646 362 666 363 683 373 665 377 646 377 795 374 812 365 831 365 848 374 831 380 812 380 416 340 44.826050 82.297379 -3.802934 -0.479169 0.094863 0.037477 44.929859 7.402230 432.744476 11.894341 6.946692 436.062103 77.965378 7.857768 429.426819
597 383 615 375 635 375 652 384 634 389 615 389 762 381 779 372 798 371 815 379 798 386 779 386 1348 738 -139.930237 161.253571 12.841938 -0.443793 0.105163 0.001157 32.295601 11.237774 439.676727 -0.728738 11.962181 443.057220 65.319946 10.513367 436.296234
604 379 621 370 640 370 657 380 639 386 621 386 767 380 784 369 804 368 821 377 804 384 785 384 1128 345 -96.660110 83.433105 2.857447 -0.442134 0.123794 0.014903 34.462292 10.044526 437.645111 1.511089 10.459751 441.720093 67.413498 9.629301 433.570160
651 369 669 361 689 363 705 373 687 376 668 376 817 378 833 369 852 370 868 379 851 384 834 383 132 458 101.398712 105.591431 -4.029857 -0.448675 0.069435 0.061204 54.240620 8.174625 436.416779 21.175571 6.720954 439.090515 87.305672 9.628296 433.743011
628 368 646 360 666 361 683 370 665 375 645 375 794 372 811 363 830 362 846 371 830 377 811 377 655 423 -2.574232 98.772285 0.079452 -0.486141 0.085245 0.034086 44.897137 6.401124 435.246429 11.829426 5.988999 438.232452 77.964844 6.813250 432.260406
628 382 646 374 666 375 684 385 665 390 646 389 798 388 815 379 835 379 851 388 834 394 815 394 552 792 18.316233 171.776779 6.602407 -0.501807 0.092307 0.047117 45.088371 12.554884 428.244843 12.058012 11.810292 431.561523 78.118736 13.299475 424.928131
659 380 677 375 697 376 713 385 695 388 677 387 827 390 843 383 860 384 876 391 860 395 843 395 94 883 109.436104 189.691772 4.225831 -0.415540 0.070817 0.061088 57.587116 13.043931 434.991455 24.525337 11.557505 437.687561 90.648895 14.530358 432.295319
651 369 670 362 690 364 707 373 688 377 669 377 821 377 838 368 856 368 872 376 856 382 838 382 49 324 117.739662 79.055580 -7.507819 -0.397202 0.072566 0.044744 54.631046 7.724211 430.221039 21.545248 6.751006 432.855896 87.716843 8.697416 427.586212
651 380 669 373 690 375 707 384 688 388 669 387 821 388 838 380 857 380 873 388 856 394 838 394 221 746 84.041466 162.605347 2.621699 -0.434466 0.085398 0.054458 54.385082 12.315503 428.397858 21.347780 11.172453 431.526703 87.422386 13.458553 425.269012
631 373 650 364 671 365 688 376 669 380 650 380 803 377 820 367 840 367 857 376 840 383 821 382 521 245 23.851368 63.518295 -4.759285 -0.427879 0.083715 0.030116 46.585827 8.210247 424.136810 13.510345 7.827057 427.039459 79.661308 8.593437 421.234161
638 361 656 353 677 354 694 365 676 369 656 369 808 367 825 357 845 357 861 367 844 373 826 373 466 19 34.522858 18.781261 -9.842196 -0.407125 0.074704 0.040382 49.149963 4.029356 427.031097 16.063164 3.224516 429.709778 82.236763 4.834196 424.352386
633 370 652 362 673 363 691 373 672 377 652 377 805 375 822 365 842 365 858 374 841 380 822 380 494 365 29.354115 87.260933 -2.578156 -0.436904 0.082048 0.034276 47.465443 7.229196 425.360992 14.389738 6.713761 428.240540 80.541145 7.744631 422.481445
628 362 646 353 667 354 684 364 666 369 646 369 797 366 814 356 834 356 850 365 833 372 815 371 757 157 -23.148222 46.151428 -4.367086 -0.431330 0.069935 0.030604 45.160393 3.893788 428.755157 12.050791 3.402627 431.219452 78.269989 4.384948 426.290863
443 257 463 250 486 253 505 266 484 270 462 267 629 276 650 266 673 267 692 277 671 284 649 283 773 691 -25.717354 151.834122 6.593187 0.077828 -0.007913 0.080200 -21.633247 -30.280457 375.141876 -54.730347 -32.927711 374.776154 11.463850 -27.633200 375.507629
481 319 502 313 524 316 542 327 522 329 501 327 658 336 676 329 696 330 712 339 694 344 675 342 273 570 73.506592 127.785355 -0.463058 -0.050527 -0.192066 0.080750 -10.602561 -8.908395 398.177856 -43.089420 -11.729704 391.916534 21.884296 -6.087087 404.439148
452 332 471 326 492 329 510 342 490 344 470 342 627 351 645 342 667 343 683 353 664 359 645 358 615 860 5.874323 185.247025 8.559701 -0.004774 -0.059627 0.090217 -22.859838 -3.722781 401.995087 -55.870686 -6.717300 400.026184 10.151007 -0.728263 403.963989
433 299 452 292 474 295 491 307 471 311 451 309 610 316 629 306 651 306 669 316 650 323 629 322 334 15 60.749924 17.962547 -11.139211 0.003360 0.080943 0.070770 -28.983904 -16.476490 391.312927 -61.996975 -18.826376 393.991516 4.029168 -14.126603 388.634369
802 178 811 170 823 169 832 175 823 180 812 181 883 170 891 163 903 162 913 168 904 173 893 173 1339 598 -138.301758 133.545517 9.924191 -0.337135 0.152439 -0.038652 186.497894 -147.894165 862.194824 153.698975 -145.796692 866.926697 219.296814 -149.991638 857.462891
474 298 493 292 514 295 531 307 512 310 492 307 647 317 665 308 686 309 702 318 684 324 665 323 473 345 33.504467 83.298592 -3.176591 -0.261081 -0.057876 0.078588 -15.158958 -17.377634 409.691193 -48.206642 -20.202740 408.132629 17.888725 -14.552528 411.249725
470 288 490 281 513 283 531 296 510 298 489 296 646 304 664 295 685 296 702 306 683 311 664 310 229 51 81.657158 25.065437 -11.377542 -0.285500 -0.100834 0.061028 -15.480824 -21.721861 405.616547 -48.456825 -24.190376 402.608337 17.495178 -19.253345 408.624756
452 299 471 292 492 295 510 307 490 310 470 308 625 314 644 304 665 304 682 313 664 320 644 319 448 353 38.481724 84.876671 -3.244907 0.057788 -0.048434 0.064566 -23.266409 -18.020847 406.025055 -56.363152 -20.114799 404.357574 9.830336 -15.926896 407.692535
471 327 488 322 506 325 522 335 505 337 487 335 634 342 651 334 669 334 684 341 668 347 651 346 360 861 56.550224 185.392563 6.230820 -0.243170 0.022385 0.070559 -20.544744 -7.363806 428.307373 -53.659073 -9.591655 429.325989 12.569582 -5.135958 427.288727
470 294 490 287 512 290 531 301 510 303 489 302 643 308 662 299 682 300 698 310 680 314 661 313 192 183 89.160866 51.180840 -9.045550 -0.220955 -0.109328 0.052777 -16.250780 -20.054499 410.190796 -49.212200 -22.187378 406.791504 16.710638 -17.921619 413.590088
426 292 445 284 467 286 484 300 465 303 444 301 602 307 621 296 644 296 662 306 643 314 622 313 815 153 -34.678818 45.371735 -3.913769 0.101370 -0.040482 0.068569 -31.715059 -20.217430 396.520111 -64.814751 -22.419910 395.064392 1.384632 -18.014950 397.975830
429 292 448 283 470 286 488 299 468 303 448 301 605 306 625 295 647 295 665 305 646 313 625 312 732 119 -18.223551 38.626038 -5.366848 0.089661 -0.041869 0.063660 -30.450151 -20.474831 397.269806 -63.558689 -22.521523 395.788086 2.658386 -18.428141 398.751495
476 315 493 310 511 312 526 321 510 324 492 322 641 327 656 320 674 319 689 326 673 332 656 331 56 661 116.733849 145.749832 -0.619477 -0.159609 -0.006994 0.052771 -18.324455 -12.774145 425.741180 -51.482334 -14.536633 425.649567 14.833422 -11.011659 425.832825
431 348 450 343 471 345 489 355 470 357 450 355 602 360 621 353 642 353 660 360 641 365 621 365 612 686 6.271582 150.811554 5.008767 0.119895 -0.037224 0.055661 -32.228680 0.525646 413.174957 -65.359169 -1.242790 411.832214 0.901809 2.294082 414.517700
423 332 442 323 464 325 482 339 462 343 441 341 599 344 618 332 640 332 658 342 639 350 618 350 726 228 -16.906595 60.196072 -3.214999 0.059048 -0.043003 0.048528 -32.948677 -5.954098 398.364349 -66.083733 -7.521254 396.890747 0.186382 -4.386943 399.837952
564 303 581 296 600 299 616 311 598 314 580 312 723 321 740 312 760 312 776 321 758 327 740 326 1344 590 -139.304520 131.963333 9.808262 0.184328 0.035600 0.088136 17.138905 -17.009426 437.947723 -15.916438 -20.023579 438.852600 50.194248 -13.995274 437.042877
576 304 593 298 612 301 628 313 610 316 592 314 735 324 753 315 773 316 789 325 771 331 753 330 908 649 -52.593178 143.549988 6.986392 0.224536 0.031929 0.095806 22.103977 -15.760774 434.463165 -10.932375 -19.028366 435.157349 55.140331 -12.493180 433.768982
609 304 626 298 646 301 661 313 644 315 625 313 764 325 781 317 801 318 816 328 798 333 780 331 186 680 90.921379 149.536652 0.962846 0.122213 0.035227 0.114582 35.940628 -15.934569 450.335510 2.973809 -19.791994 451.267578 68.907448 -12.077144 449.403442
588 293 606 287 626 290 642 301 623 303 605 301 750 312 767 304 786 305 801 314 784 319 766 318 455 404 37.148956 94.971085 -2.147730 0.227643 0.045356 0.092626 27.637140 -20.610844 434.987610 -5.391996 -23.825073 436.129791 60.666275 -17.396614 433.845459
570 291 587 284 606 287 622 300 604 303 586 300 729 310 747 301 767 302 784 312 766 318 747 317 865 401 -44.331535 94.461578 1.568555 0.259739 0.024289 0.101908 19.577848 -21.128342 432.938538 -13.445938 -24.572166 433.297974 52.601635 -17.684519 432.579102
572 297 589 290 609 293 625 306 607 309 588 307 732 317 750 307 771 308 787 318 769 325 750 323 966 329 -64.485023 80.233406 1.041078 0.219234 0.034004 0.098394 20.688190 -18.518539 431.645660 -12.337574 -21.876867 432.407318 53.713955 -15.160212 430.883972
504 241 522 234 543 237 559 249 541 252 522 250 673 258 691 248 712 249 729 258 711 265 691 264 944 752 -59.629513 163.941223 9.403665 0.297294 -0.018113 0.081292 -4.545182 -40.372517 411.959534 -37.635746 -42.940434 410.969543 28.545382 -37.804604 412.949524
548 283 565 276 585 279 600 290 582 293 564 291 705 298 721 290 740 291 755 300 739 305 721 304 719 612 -15.076540 136.188812 4.496067 0.284164 0.009091 0.081795 10.120272 -26.319326 446.644257 -22.972910 -29.038456 446.558655 43.213451 -23.600199 446.729858
549 313 566 307 585 309 600 320 583 322 565 321 703 327 719 319 737 320 752 329 736 333 719 332 580 708 12.655917 155.158813 5.159449 0.247340 0.009665 0.072670 9.921042 -14.156729 455.458252 -23.195036 -16.582523 455.478851 43.037121 -11.730934 455.437653
557 270 574 263 593 265 609 276 591 279 573 278 712 283 728 274 747 275 762 284 746 290 728 289 565 215 15.073194 57.590286 -4.961410 -0.358490 0.011121 0.074608 13.859370 -33.619678 461.416229 -19.252026 -35.976543 462.216431 46.970764 -31.262815 460.616058
520 289 536 281 554 282 570 292 553 296 536 295 673 294 690 285 709 285 726 293 709 299 691 299 1426 521 -155.678818 118.324966 9.166499 -0.350559 0.031864 0.028549 -2.683535 -27.464890 459.608429 -35.858273 -28.209736 460.809082 30.491203 -26.720045 458.407806
561 266 578 259 597 262 612 273 594 276 576 274 715 280 732 271 750 272 765 282 749 287 731 286 569 170 14.226851 48.685539 -5.835758 -0.373347 0.011979 0.081828 15.233266 -34.931274 462.088989 -17.859375 -37.509281 462.978210 48.325905 -32.353264 461.199799
527 271 543 263 561 264 575 275 559 279 542 278 678 279 694 269 713 270 729 279 712 285 694 284 1335 140 -138.030441 42.905804 0.613377 -0.331860 0.064060 0.058909 -0.605785 -35.059872 466.879974 -33.686081 -36.628304 469.286987 32.474510 -33.491444 464.472961
578 263 596 257 614 260 629 271 612 274 594 272 733 280 749 273 767 274 781 283 765 288 748 287 435 218 40.910812 58.157295 -6.098258 -0.386897 0.007472 0.103800 22.873449 -35.329994 463.303131 -10.153947 -38.637821 464.202545 55.900848 -32.022167 462.403748
551 259 568 252 586 254 601 265 584 268 567 267 703 272 720 263 739 264 754 274 737 280 720 278 1292 92 -129.540161 33.397701 -0.754695 -0.370907 0.036967 0.087937 10.548875 -38.440063 465.016785 -22.506702 -41.064262 466.749420 43.604454 -35.815865 463.284149
590 267 606 260 624 263 639 274 622 277 605 275 739 285 755 277 774 279 789 288 772 293 755 291 459 398 36.347198 93.784492 -2.232374 -0.304386 0.013988 0.114186 27.237600 -34.373699 473.752167 -5.749429 -38.028591 474.780457 60.224628 -30.718807 472.723907
535 274 551 266 570 268 585 278 568 282 551 281 688 282 704 273 724 273 740 282 723 288 705 288 1362 212 -143.313690 57.160259 2.320024 -0.349318 0.042088 0.052106 3.635481 -33.110416 461.278198 -29.495628 -34.562805 462.945465 36.766590 -31.658031 459.610931
561 271 578 264 597 266 612 278 595 281 577 279 716 287 733 279 753 280 768 290 751 295 733 294 1156 268 -102.312416 68.200439 1.556231 -0.374897 0.025208 0.102409 15.578306 -31.779621 456.772888 -17.444159 -34.939869 458.218323 48.600773 -28.619373 455.327484
572 277 590 270 609 273 625 285 607 288 588 285 730 295 747 287 766 288 781 298 764 303 746 302 844 411 -40.146889 96.436279 1.577585 -0.383893 0.013187 0.109723 20.777077 -28.408319 453.424469 -12.227653 -31.872581 454.540833 53.781807 -24.944056 452.308075
575 281 592 275 611 278 626 290 609 292 591 290 732 301 749 293 768 294 782 304 766 309 748 307 701 752 -11.339452 163.891327 7.165082 -0.408282 0.014277 0.115772 21.732721 -26.368309 454.757874 -11.249556 -30.002697 455.990845 54.715000 -22.733923 453.524902
560 288 576 282 594 285 609 295 592 298 575 296 714 305 730 297 749 298 764 307 748 312 730 310 1320 836 -134.253906 180.642166 14.568380 0.251829 0.023183 0.092847 14.312784 -24.027422 450.597473 -18.740902 -27.169563 450.972137 47.366470 -20.885281 450.222778
560 278 577 272 596 274 611 286 594 289 576 287 717 296 734 287 753 288 769 298 752 303 733 302 1015 346 -74.203094 83.607796 1.836709 -0.352711 0.033244 0.103928 15.437471 -28.149052 453.196381 -17.571905 -31.329626 454.877045 48.446850 -24.968477 451.515747
573 271 590 265 609 268 625 280 607 282 589 280 730 289 747 282 766 283 781 293 764 297 746 296 765 324 -24.547106 79.202621 -0.911833 -0.360736 0.025785 0.111614 20.937819 -30.890526 454.185089 -12.051717 -34.356201 455.681488 53.927357 -27.424849 452.688660
570 283 587 277 607 279 622 291 604 293 586 291 728 301 745 293 764 295 779 304 762 309 744 307 930 652 -56.961689 144.148209 7.249809 -0.396664 0.020455 0.111110 19.870934 -25.896090 452.585510 -13.124957 -29.348942 453.967041 52.866825 -22.443237 451.203979
482 232 500 225 520 229 536 242 518 245 499 242 650 252 669 242 690 243 708 253 689 260 669 259 1253 135 -121.740746 41.899456 -0.243273 0.156662 0.006561 0.096239 -13.372890 -42.967400 411.157227 -46.423653 -46.162029 411.124237 19.677872 -39.772766 411.190186
532 268 550 262 570 266 585 278 567 281 548 278 693 289 710 281 730 282 746 291 728 297 709 296 688 825 -8.672580 178.335464 8.523487 0.305247 0.000728 0.106425 4.453515 -29.889709 431.173828 -28.564878 -33.365948 430.662903 37.471909 -26.413473 431.684723
532 263 550 257 570 260 586 273 568 276 549 273 693 284 711 275 731 276 746 286 729 292 710 291 603 732 8.112689 159.913162 5.857303 0.292942 0.005239 0.103837 4.713756 -32.025890 430.953888 -28.313032 -35.443806 430.624084 37.740543 -28.607973 431.283661
533 264 551 257 571 261 587 273 569 276 550 273 694 284 712 276 732 277 747 286 730 292 711 291 634 779 2.005958 169.220901 7.094578 0.301006 0.004727 0.104266 5.097534 -31.931841 431.653931 -27.927940 -35.359131 431.291595 38.123009 -28.504549 432.016266
469 277 484 271 502 274 516 285 500 288 483 285 624 294 641 286 661 286 677 294 660 300 641 299 1377 801 -145.621216 173.727325 14.384770 0.204394 0.020952 0.085899 -23.830292 -28.361559 442.108398 -56.905849 -31.261122 442.508087 9.245263 -25.461998 441.708740
507 277 524 271 543 274 558 286 541 288 523 286 667 294 684 285 703 286 719 295 702 301 684 300 717 879 -14.373859 189.028107 9.884080 0.277179 -0.015489 0.086396 -6.287632 -27.592291 434.178650 -39.365437 -30.350039 433.276764 26.790171 -24.834545 435.080566
504 270 520 263 540 266 555 278 538 281 520 279 663 287 680 278 700 278 716 287 699 294 680 293 985 701 -67.835526 153.856674 8.748677 0.268450 -0.010045 0.088642 -7.654821 -30.649330 434.383118 -40.728386 -33.509102 433.661560 25.418743 -27.789557 435.104645
504 263 521 256 540 259 556 272 538 274 520 272 663 282 681 272 702 273 718 283 700 289 681 288 1079 588 -86.644814 131.513107 7.326512 0.259363 -0.004273 0.096224 -7.293441 -32.855564 431.740173 -40.345211 -35.991764 431.188385 25.758327 -29.719362 432.291962
513 273 530 267 550 270 565 282 548 285 529 283 674 292 691 283 711 283 727 292 710 298 691 298 763 811 -23.592924 175.580246 8.930924 0.286537 -0.011724 0.092955 -3.352215 -28.652914 431.186493 -36.412392 -31.637581 430.364197 29.707960 -25.668247 432.008789
538 258 557 252 577 255 594 267 575 269 556 266 701 277 719 270 738 271 753 281 736 285 718 283 451 582 38.147339 130.196732 1.419713 0.278677 0.003283 0.102855 7.672197 -34.431953 430.376831 -25.358086 -37.812313 430.011871 40.702480 -31.051594 430.741821
516 267 533 260 553 264 568 276 550 279 532 276 676 288 694 279 714 280 730 290 712 295 693 294 847 730 -40.378384 159.567474 8.064600 0.291276 -0.004582 0.109502 -2.261800 -30.647467 430.923828 -35.268791 -34.203083 430.248840 30.745193 -27.091850 431.598816
566 266 583 260 603 264 617 276 600 278 582 275 719 287 736 279 755 281 769 290 752 295 735 294 94 873 109.424667 187.712753 4.023342 0.157274 -0.009040 0.117938 17.214985 -32.460518 455.388519 -15.758291 -36.327873 454.783325 50.188259 -28.593163 455.993713
524 256 542 250 562 253 577 266 559 268 540 266 685 278 702 269 722 270 738 280 720 286 702 284 847 455 -40.692760 105.144562 2.496171 0.257926 0.005248 0.112658 1.184960 -34.798367 431.683746 -31.810072 -38.512276 431.376465 34.179993 -31.084461 431.990997
523 255 540 248 560 251 576 264 558 267 539 264 683 276 701 266 721 267 737 278 719 284 700 282 768 442 -25.008385 102.555618 1.505166 0.265024 -0.000372 0.108294 0.700533 -35.570797 432.024933 -32.310898 -39.116131 431.539490 33.711964 -32.025459 432.510345
495 249 511 242 531 244 545 257 528 260 510 258 652 266 669 256 690 257 706 267 688 274 669 273 1317 398 -134.158463 93.960693 5.671755 0.227395 -0.016111 0.094602 -11.927476 -39.689232 439.479889 -44.980171 -42.738148 438.595001 21.125219 -36.640312 440.364777
514 261 531 255 550 258 565 270 548 273 530 270 673 280 690 271 710 272 725 281 708 287 689 286 857 694 -42.406784 152.445068 7.427764 0.258847 -0.020063 0.098618 -3.656739 -33.887211 436.434601 -36.694481 -37.034199 435.355865 29.381002 -30.740223 437.513336
507 255 524 248 543 251 559 263 541 266 523 264 666 272 684 262 704 263 720 272 702 279 683 278 1020 467 -75.058388 107.554909 4.332880 0.259829 -0.018328 0.085785 -6.286055 -36.889801 435.594147 -39.363911 -39.624142 434.625427 26.791801 -34.155460 436.562897
509 249 525 242 545 245 560 257 543 260 525 258 668 266 685 257 706 257 722 267 704 274 685 272 941 238 -59.620941 62.219238 -1.031873 0.248480 -0.017209 0.092627 -5.572287 -39.296638 435.450104 -38.630604 -42.265659 434.505524 27.486029 -36.327614 436.394714
517 241 534 234 553 237 569 249 551 252 532 250 676 259 693 250 713 251 729 261 711 267 693 266 963 20 -64.242096 19.081228 -5.243448 0.234320 -0.014384 0.099799 -2.337248 -42.427803 436.898773 -35.374184 -45.650127 436.040161 30.699686 -39.205479 437.757355
531 342 544 336 560 338 572 347 558 350 543 348 654 355 668 348 683 349 695 358 681 361 667 360 1284 519 -127.462219 117.900002 7.817859 -0.364404 0.000673 0.099770 -8.397511 -2.408896 574.143127 -41.439011 -5.639469 574.761414 24.643990 0.821676 573.524841
538 343 551 337 567 339 579 348 565 351 550 349 664 356 678 350 693 351 706 359 692 363 677 361 941 586 -59.223110 131.088959 6.014721 -0.447614 0.005976 0.101856 -3.613387 -1.730514 561.542664 -36.648376 -4.951433 562.477905 29.421604 1.490405 560.607361
519 344 532 338 548 339 560 348 546 351 531 350 642 354 655 347 671 348 683 357 669 361 655 359 1416 304 -153.939651 75.378288 4.680379 -0.385693 0.007302 0.081081 -15.003341 -2.049943 574.858765 -48.099537 -4.626897 575.607544 18.092857 0.527011 574.110046
541 349 555 344 570 345 583 355 568 357 554 356 668 363 681 356 697 357 709 365 695 369 681 368 538 577 20.852591 129.225082 2.119936 -0.442138 -0.015505 0.093731 -1.673019 1.742886 560.288513 -34.730518 -1.376323 560.467407 31.384478 4.862094 560.109558
547 346 561 340 577 341 590 351 575 353 560 352 674 357 688 350 703 351 715 359 702 364 687 362 217 338 84.369942 81.860703 -5.676674 -0.440885 -0.020804 0.081384 1.777760 -0.776790 560.179443 -31.311857 -3.539062 560.097412 34.867378 1.985482 560.261536
538 341 551 335 567 336 579 346 565 349 550 348 664 352 677 345 693 346 706 354 692 359 677 358 797 104 -31.157793 35.670864 -5.071783 -0.445524 -0.002444 0.083601 -3.561608 -3.386268 562.027039 -36.652260 -6.085896 562.556519 29.529045 -0.686641 561.497620
535 355 549 350 565 351 577 360 563 363 548 362 662 366 675 360 691 360 703 368 690 372 675 371 707 781 -12.498647 169.631699 7.807572 -0.440199 -0.012658 0.076224 -4.713252 4.167119 561.574768 -37.820583 1.628558 561.716187 28.394077 6.705681 561.433350
530 355 544 349 559 351 572 360 558 363 543 362 657 366 670 359 686 360 699 368 685 372 670 371 949 793 -60.576267 172.056213 10.279928 -0.447435 -0.012964 0.072743 -7.333275 3.970206 561.340393 -40.448990 1.542079 561.455688 25.782438 6.398332 561.225098
518 354 532 348 547 349 559 358 546 361 531 360 644 363 658 356 674 356 687 364 673 369 658 368 1438 601 -157.972061 134.159546 10.896953 -0.438729 0.004301 0.063351 -13.868392 2.668903 561.712036 -47.007355 0.664393 562.304138 19.270573 4.673413 561.119873
538 352 552 346 567 348 580 357 566 359 551 358 665 362 679 355 694 356 707 364 693 368 678 367 343 720 59.767349 157.484955 3.219126 -0.432053 -0.015145 0.071573 -3.099642 2.068606 559.673706 -36.217010 -0.339527 559.692017 30.017727 4.476739 559.655457
523 345 537 338 553 339 566 348 551 352 537 351 649 354 662 346 678 347 690 355 677 360 662 359 1346 246 -140.095230 63.885624 2.861088 -0.397672 -0.011391 0.064935 -11.488543 -2.278960 569.213318 -44.622169 -4.451389 569.268188 21.645082 -0.106530 569.158447
543 344 557 338 572 339 585 349 570 351 556 350 670 355 683 348 698 349 711 357 697 362 683 360 127 342 102.259727 82.633827 -6.424783 -0.440174 -0.020949 0.081436 -0.679949 -1.838068 561.093628 -33.769321 -4.603090 561.006348 32.409424 0.926954 561.180969
524 348 538 341 554 342 566 352 552 355 537 354 649 357 662 349 677 350 689 358 676 363 662 362 1014 343 -74.007797 83.013885 1.766751 -0.389899 -0.017039 0.063472 -11.564376 -0.630611 573.564026 -44.698410 -2.792578 573.418396 21.569660 1.531355 573.709656
539 342 553 336 569 338 581 347 567 350 552 349 666 353 680 346 695 347 708 355 694 360 680 358 381 186 51.605354 51.813358 -7.243684 -0.445822 -0.007109 0.079180 -2.445731 -2.807466 559.249084 -35.547398 -5.399399 559.597168 30.655935 -0.215532 558.901001
520 352 533 346 548 347 561 356 547 359 532 358 645 361 658 353 674 354 687 362 673 367 658 366 1406 630 -151.579727 139.892120 11.189376 -0.418372 -0.004773 0.061127 -13.565233 1.607915 565.756348 -46.708557 -0.394504 566.020874 19.578091 3.610335 565.491882
543 344 557 338 573 340 585 349 571 352 556 351 670 356 683 349 698 350 710 358 697 362 683 361 72 345 113.193008 83.216240 -6.870712 -0.423365 -0.023098 0.078278 -0.608915 -1.644466 562.923950 -33.704842 -4.323756 562.722229 32.487011 1.034824 563.125610
534 346 547 339 563 341 575 350 561 353 547 352 661 356 674 349 690 350 703 359 689 363 674 362 654 281 -2.537840 70.670067 -2.805095 -0.442675 -0.002092 0.081516 -5.407455 -1.079347 559.937927 -38.503727 -3.710721 560.459839 27.688816 1.552027 559.416016
528 350 542 344 557 345 570 354 556 357 541 356 654 360 668 353 683 354 696 362 682 366 667 365 1319 537 -134.397003 121.469414 8.504767 -0.425628 -0.018154 0.069924 -8.717808 0.943783 563.718445 -41.837311 -1.432886 563.620667 24.401695 3.320452 563.816162
535 351 549 345 564 346 577 355 563 358 548 357 662 361 676 354 691 355 704 363 690 368 675 367 309 607 66.394806 135.115097 0.617791 -0.445238 -0.005785 0.078173 -4.729926 1.546746 560.209595 -37.834450 -1.003492 560.592041 28.374599 4.096984 559.827087
535 348 549 342 565 343 577 353 563 356 548 354 663 359 677 352 693 352 705 361 691 365 677 364 481 159 31.702036 46.490551 -6.869175 -0.427542 0.000387 0.078497 -4.243093 0.116404 556.110046 -37.347206 -2.406055 556.670959 28.861017 2.638863 555.549133
487 304 503 297 521 299 535 309 519 313 502 312 632 314 648 305 666 305 681 314 665 320 648 319 1078 512 -86.532967 116.472389 5.778389 -0.357970 -0.020869 0.047712 -20.539703 -20.843287 491.902618 -53.699982 -22.515909 491.505157 12.620574 -19.170666 492.300079
494 293 509 286 527 289 541 300 525 303 508 301 638 310 655 302 673 302 689 312 672 317 654 316 1239 319 -118.748253 78.310455 3.353540 0.235369 -0.053117 0.113757 -17.132036 -23.196789 477.981506 -50.076710 -26.723097 475.796722 15.812638 -19.670481 480.166290
534 287 551 281 569 283 584 293 567 296 550 294 680 300 695 292 712 293 726 302 711 307 695 306 201 272 87.474083 68.795921 -7.160493 -0.358206 -0.064151 0.067680 1.363998 -27.583931 492.172913 -31.698082 -30.157454 490.489044 34.426079 -25.010410 493.856812
492 303 507 296 526 298 540 309 524 313 507 312 638 315 653 306 672 306 687 315 671 322 654 321 1176 674 -105.822777 148.552551 9.961502 -0.348420 -0.021360 0.059368 -18.084642 -20.495085 489.819092 -51.224052 -22.547720 489.464417 15.054769 -18.442450 490.173767
519 281 535 274 553 276 568 286 551 290 534 289 665 292 680 284 697 285 711 294 696 299 680 298 364 38 54.814480 22.520443 -10.397120 -0.370259 -0.039350 0.058233 -5.806395 -31.067863 492.815948 -38.930168 -33.195061 491.893799 27.317377 -28.940668 493.738098
488 294 503 287 520 289 534 298 519 302 503 301 630 304 646 296 664 296 679 304 663 310 646 309 1418 684 -153.902679 150.581268 12.393360 -0.350235 0.009601 0.058810 -21.268370 -25.759422 495.839966 -54.414848 -27.616121 496.490479 11.878110 -23.902725 495.189453
517 278 533 271 551 272 566 282 549 286 532 285 662 288 677 280 694 281 708 290 693 295 676 294 861 107 -43.872734 36.277714 -4.421452 -0.380144 -0.041837 0.057191 -7.086862 -33.074951 496.593719 -40.209343 -35.187782 495.595367 26.035620 -30.962122 497.592072
491 283 506 275 524 276 538 286 522 290 506 289 634 290 649 281 667 282 681 291 666 296 649 295 1249 145 -120.934410 43.877651 -0.077634 -0.335860 -0.009040 0.040444 -20.009460 -32.140007 501.068115 -53.186031 -33.507385 500.997009 13.167109 -30.772627 501.139221
503 281 519 274 536 275 550 285 534 289 518 288 647 291 662 283 680 284 694 293 679 298 662 297 978 63 -67.173805 27.594074 -4.234564 -0.378324 -0.011111 0.064847 -13.851997 -31.614573 496.423096 -46.985825 -33.784214 496.465485 19.281830 -29.444933 496.380707
497 298 512 291 529 293 543 303 528 306 511 305 641 308 656 300 674 300 688 308 673 314 656 313 1109 687 -92.493370 151.111511 9.607515 -0.368689 -0.013713 0.051629 -16.874641 -23.831566 495.409271 -50.032623 -25.589493 495.276794 16.283340 -22.073637 495.541748
508 289 524 282 542 283 556 294 540 297 523 296 653 299 669 290 687 291 701 300 686 306 669 305 852 424 -41.721821 99.010643 1.914518 -0.392578 -0.021514 0.054260 -10.988659 -27.708885 492.644226 -44.137646 -29.602041 492.297516 22.160328 -25.815729 492.990936
505 298 521 292 538 293 553 303 537 306 520 305 651 308 667 300 684 300 699 309 683 314 667 313 881 569 -47.319073 127.712318 5.117755 -0.378366 -0.023244 0.050923 -12.151262 -23.460020 491.152832 -45.304684 -25.254232 490.715729 21.002159 -21.665806 491.589935
545 293 559 288 577 289 591 298 575 302 559 300 682 304 697 297 714 298 728 305 713 310 697 310 245 571 79.072021 127.977509 -0.700752 0.151659 0.041256 0.058284 4.047041 -26.229559 508.960052 -29.073313 -28.259460 510.177155 37.167397 -24.199657 507.742981
495 299 511 292 529 294 543 304 527 308 510 307 640 309 656 301 674 301 689 309 673 316 656 315 990 605 -68.938889 134.859161 6.850851 0.274613 -0.057886 0.064998 -16.547262 -22.468491 482.196289 -49.627171 -24.334921 480.006378 16.532646 -20.602060 484.386230
515 284 531 276 550 278 564 288 548 292 531 291 661 294 676 285 694 286 708 295 692 300 676 299 540 28 19.827530 20.577572 -8.978249 -0.371730 -0.027677 0.056577 -7.534585 -30.330408 494.175629 -40.674313 -32.333626 493.623291 25.605145 -28.327192 494.727936
524 298 540 292 558 294 573 304 557 307 540 305 670 309 685 302 702 302 716 310 701 316 685 315 294 748 69.536865 163.016129 3.334692 -0.362609 -0.045269 0.056495 -3.429417 -23.255587 494.994202 -36.548203 -25.358480 493.861328 29.689369 -21.152691 496.127075
504 303 519 297 537 298 551 308 535 312 519 311 649 314 664 306 682 306 696 314 681 320 664 319 1082 785 -87.015778 170.500320 11.343169 -0.380245 -0.029181 0.053068 -13.179044 -21.035082 493.657928 -46.323711 -22.935926 493.043640 19.965624 -19.134237 494.272217
510 296 526 289 544 291 559 301 542 304 525 303 656 307 672 298 690 299 704 308 688 313 672 312 764 493 -24.155184 112.647774 2.501008 -0.384420 -0.028862 0.059123 -9.671782 -24.221066 490.405640 -42.805637 -26.316734 489.843994 23.462072 -22.125399 490.967316
498 289 513 281 531 283 545 293 529 297 513 296 642 298 657 289 676 290 690 299 675 304 658 304 1203 73 -111.875397 29.619295 -1.959315 -0.340559 0.002731 0.056434 -16.065599 -28.270954 494.206665 -49.217937 -30.092531 494.611481 17.086740 -26.449377 493.801819
507 296 523 288 541 290 555 300 539 304 522 303 653 306 669 298 687 298 701 308 685 313 669 312 847 488 -40.655037 111.675308 3.164382 -0.386608 -0.028969 0.057820 -11.125834 -24.511398 491.455963 -44.262093 -26.566095 490.884888 22.010426 -22.456701 492.027039
489 278 504 269 521 269 535 278 519 282 503 282 620 281 635 274 652 275 667 285 652 288 635 286 1342 155 -139.404358 45.875763 0.981595 -0.427448 -0.005072 0.038577 -25.575912 -37.454144 533.703674 -58.755974 -38.731564 533.809998 7.604149 -36.176723 533.597412
524 272 539 267 556 269 570 278 554 280 538 279 655 285 669 279 685 280 697 288 683 292 669 290 703 245 -12.316497 63.555672 -3.082651 -0.411167 -0.075198 0.075498 -8.382611 -37.837505 539.806091 -41.401726 -40.775352 537.891235 24.636503 -34.899658 541.720947
496 276 511 270 527 270 540 279 525 282 510 281 628 283 642 276 658 277 672 285 658 289 642 288 1028 231 -76.917976 60.851795 -0.372147 -0.420369 -0.032104 0.041487 -22.343798 -37.718632 536.422546 -55.503605 -39.276089 535.673340 10.816007 -36.161175 537.171692
556 275 572 270 589 272 603 281 587 283 571 281 684 292 699 286 714 288 726 296 712 299 698 297 178 427 92.221947 99.465927 -4.233807 -0.378962 -0.105628 0.108177 7.436159 -35.491562 546.033508 -25.394365 -39.640129 543.293823 40.266685 -31.342991 548.773132
499 293 513 287 528 289 541 297 527 300 512 299 628 302 642 295 657 295 670 303 656 307 642 306 1110 877 -92.474892 188.713013 13.464005 -0.325983 -0.055849 0.046058 -22.222137 -28.716637 541.287537 -55.340752 -30.517172 539.714294 10.896478 -26.916101 542.860718
544 271 560 265 577 267 591 277 575 279 559 277 674 286 688 280 704 281 716 290 702 293 687 291 200 182 87.569923 50.984581 -8.992101 -0.394501 -0.096521 0.090400 1.675998 -37.974384 543.297546 -31.242630 -41.513348 540.767822 34.594627 -34.435421 545.827209
499 275 514 269 530 270 543 279 528 282 513 281 630 284 645 277 661 278 675 286 660 290 645 289 1092 161 -89.716370 47.011833 -1.199980 -0.399565 -0.031281 0.054283 -20.904737 -37.644863 537.218750 -54.045265 -39.603291 536.563354 12.235791 -35.686436 537.874084
531 270 547 264 563 266 577 275 561 277 546 276 661 282 675 276 690 278 703 285 689 289 674 288 470 144 33.870857 43.519772 -7.274243 -0.399921 -0.091898 0.071876 -5.087666 -39.630955 545.255249 -38.069748 -42.550556 542.761658 27.894415 -36.711357 547.748840
538 278 554 272 571 274 585 283 569 285 553 284 668 291 682 284 698 286 710 294 696 297 682 296 33 275 120.863235 69.355125 -8.647408 -0.362434 -0.089950 0.077268 -1.299713 -35.053082 540.861145 -34.273888 -38.091747 538.405579 31.674463 -32.014412 543.316711
515 278 530 273 547 274 560 283 545 286 529 285 646 289 660 283 676 284 689 291 675 295 660 294 544 267 19.305855 67.876854 -4.101928 -0.342219 -0.075960 0.059116 -12.952763 -35.380466 540.324707 -46.005375 -37.729362 538.187622 20.099850 -33.031570 542.461792
511 284 527 278 543 280 557 288 541 291 526 290 643 295 657 288 673 289 686 297 672 301 657 300 758 438 -23.025711 101.761955 1.332048 -0.348551 -0.075326 0.061040 -14.589591 -32.535084 538.060059 -47.640038 -34.949150 535.962463 18.460855 -30.121019 540.157654
532 276 547 271 564 273 577 282 562 284 546 283 662 290 676 284 692 286 704 294 690 297 676 296 406 337 46.809864 81.701614 -3.955803 -0.374171 -0.082718 0.083856 -4.632062 -35.461964 541.740173 -37.609470 -38.682812 539.577698 28.345346 -32.241112 543.902649
533 287 549 282 565 284 579 293 563 295 548 293 664 301 678 295 693 296 706 304 692 307 678 306 311 819 66.239708 177.070633 4.928968 -0.345607 -0.085404 0.082112 -3.732968 -30.033859 540.678833 -36.707329 -33.184734 538.371643 29.241392 -26.882984 542.986084
513 274 528 268 545 269 559 278 543 281 527 280 645 285 659 278 675 279 688 287 674 291 659 290 828 138 -37.279385 42.405884 -4.097743 -0.387979 -0.074167 0.059780 -13.696136 -37.569233 538.836914 -46.752285 -39.973255 536.819153 19.360014 -35.165207 540.854614
523 278 538 272 555 274 568 283 553 285 537 284 654 290 668 284 684 285 696 293 683 296 668 295 579 341 12.435092 82.528755 -2.281085 -0.364613 -0.084605 0.069450 -8.864705 -35.214333 539.244324 -41.872990 -37.971100 536.917786 24.143579 -32.457561 541.570923
512 291 527 286 544 288 557 296 542 299 527 297 644 302 658 296 674 297 687 304 673 308 658 307 936 896 -57.875099 192.437408 12.245798 -0.352466 -0.075494 0.056192 -14.063318 -28.640816 535.695679 -47.122707 -30.902460 533.569336 18.996071 -26.379173 537.822021
526 273 542 267 558 268 572 278 556 280 541 279 658 286 672 279 687 280 700 289 686 293 671 291 442 48 39.325397 24.515476 -9.476074 -0.376569 -0.083890 0.075971 -7.102563 -37.527927 539.562622 -40.097439 -40.503784 537.317200 25.892313 -34.552071 541.808044
488 276 502 270 518 271 531 279 517 282 502 282 619 283 633 276 650 277 664 284 649 289 633 288 1388 92 -148.617706 33.417416 0.129683 -0.355074 -0.004835 0.045839 -26.812983 -37.725121 536.341797 -59.982899 -39.243084 536.452026 6.356933 -36.207153 536.231567
501 283 515 277 532 279 545 287 530 290 515 289 633 292 647 285 663 286 676 294 662 298 647 297 953 378 -61.845589 89.927917 1.913511 -0.350678 -0.044317 0.051175 -19.999638 -33.365017 536.300110 -53.129169 -35.283653 535.154480 13.129895 -31.446381 537.445801
507 289 521 283 537 285 550 293 536 296 521 295 638 299 652 292 668 293 680 301 667 305 652 304 780 731 -27.062696 159.751617 7.467626 -0.352036 -0.066599 0.054458 -17.330889 -30.187103 538.252380 -50.414165 -32.341068 536.403931 15.752387 -28.033138 540.100891
515 293 532 288 549 290 563 298 547 300 531 299 651 307 666 301 681 302 694 311 680 313 665 312 199 337 87.945847 81.659111 -5.862744 -0.487218 -0.095620 0.076395 -10.680588 -25.659670 516.976990 -43.641895 -28.848337 514.538879 22.280720 -22.471001 519.415039
468 313 484 306 502 307 516 316 500 319 484 319 608 320 624 313 643 314 658 323 642 327 625 325 1407 839 -151.539520 181.253738 15.430594 -0.491434 -0.050987 0.038392 -30.670420 -17.222031 497.511017 -63.808975 -18.852842 496.193329 2.468135 -15.591218 498.828705
500 300 516 294 533 296 547 306 531 309 515 307 640 313 654 306 671 307 684 315 670 320 654 319 572 473 13.977064 108.650314 0.327275 -0.468202 -0.081232 0.067244 -16.837599 -22.182032 507.139679 -49.861301 -24.949539 505.057495 16.186106 -19.414524 509.221863
487 300 502 293 520 294 534 304 518 307 501 306 627 310 642 303 659 304 673 313 658 317 642 316 816 450 -34.538017 104.148689 2.109346 -0.490201 -0.056938 0.059357 -22.878595 -22.822174 503.782532 -55.973385 -25.166870 502.442017 10.216193 -20.477478 505.123016
496 295 512 288 530 290 544 300 528 303 511 301 635 308 651 301 668 302 681 312 666 316 650 314 781 267 -27.791861 67.925522 -1.918620 -0.486789 -0.067367 0.078307 -18.575916 -24.457842 507.154266 -51.607204 -27.485313 505.628448 14.455371 -21.430368 508.680054
505 292 521 287 537 289 551 298 536 300 520 298 642 306 657 300 672 301 686 309 671 312 656 311 659 309 -3.499454 76.212334 -2.192066 -0.532738 -0.073377 0.077607 -15.463927 -25.863363 510.332520 -48.483971 -28.948542 508.683868 17.556116 -22.778183 511.981201
497 299 512 293 529 295 542 305 527 307 511 305 635 312 649 306 666 307 679 315 665 319 649 318 895 381 -50.316135 90.509705 1.439946 -0.520142 -0.061444 0.074964 -19.105040 -22.612087 506.912872 -52.157478 -25.505068 505.598877 13.947400 -19.719105 508.226837
479 313 495 306 513 307 528 317 512 320 495 319 621 322 637 315 654 316 670 325 654 329 637 328 1209 767 -112.274368 166.964172 12.148649 -0.520525 -0.056994 0.048711 -25.140434 -16.579124 496.045959 -58.254055 -18.604328 494.650848 7.973187 -14.553922 497.441071
478 295 493 288 510 290 523 299 508 303 492 302 616 305 632 297 649 297 664 306 649 311 632 310 1412 57 -153.427109 26.495792 -0.357931 -0.487103 -0.026604 0.053378 -27.529295 -25.484423 504.206665 -60.676228 -27.397411 503.781403 5.617639 -23.571436 504.631958
503 302 519 297 536 299 550 308 534 311 518 309 642 316 657 310 673 311 686 319 672 323 656 322 492 611 30.032787 135.944290 2.384632 -0.474167 -0.079048 0.072639 -15.684292 -20.819429 508.710052 -48.701500 -23.747625 506.748138 17.332918 -17.891233 510.671997
512 298 529 292 547 294 561 304 544 306 528 304 651 312 666 305 682 307 696 316 681 319 665 317 314 298 65.047935 73.964569 -5.593037 -0.477387 -0.081363 0.080609 -11.090268 -22.875507 508.977112 -44.081635 -26.077892 507.008881 21.901100 -19.673122 510.945374
514 292 531 285 549 287 563 297 547 299 530 298 653 305 668 298 684 300 697 309 683 312 667 310 224 73 82.675926 29.418245 -10.978128 -0.469851 -0.083950 0.077582 -10.112739 -26.090652 508.672546 -43.104813 -29.209719 506.585876 22.879333 -22.971586 510.759216
524 293 541 287 559 289 573 298 557 300 540 299 661 306 676 300 692 301 705 309 690 313 675 311 171 319 93.489555 78.091133 -6.485167 -0.442550 -0.103118 0.070964 -5.808681 -25.975233 515.372009 -38.757900 -28.993773 512.579773 27.140541 -22.956696 518.164307
502 277 519 271 537 274 552 284 535 286 518 284 641 294 656 287 672 289 686 298 671 301 656 299 323 203 63.150814 55.165771 -7.433765 -0.421666 -0.144252 0.081987 -15.514756 -31.843203 505.945679 -48.270267 -35.466049 501.882263 17.240753 -28.220358 510.009064
467 294 484 287 502 289 517 299 500 302 483 301 610 304 625 296 643 296 657 305 642 310 625 309 809 456 -33.140087 105.334656 2.166353 -0.476061 -0.096928 0.031799 -30.505970 -25.593616 496.246613 -63.541397 -27.359346 493.400177 2.529461 -23.827885 499.093048
497 291 514 285 532 287 547 296 530 298 513 297 637 302 652 295 668 296 681 304 666 308 651 307 264 569 75.293968 127.585602 -0.566217 -0.443059 -0.123499 0.045104 -17.837963 -27.112608 506.600616 -50.760853 -29.449928 502.970215 15.084927 -24.775286 510.231049
506 299 523 293 541 295 556 304 539 306 522 305 646 311 660 304 676 305 689 313 675 317 660 316 115 840 105.213730 181.186310 3.548588 -0.439972 -0.115536 0.053079 -13.726261 -22.962517 506.322906 -46.667339 -25.493330 503.000244 19.214817 -20.431704 509.645538
500 291 516 285 534 287 549 296 533 298 516 297 639 301 654 295 670 295 683 303 669 307 653 306 16 583 124.593658 130.305298 -2.567377 -0.430047 -0.121013 0.039681 -16.776838 -27.311291 507.766235 -49.716866 -29.434790 504.160004 16.163191 -25.187790 511.372467
498 292 514 286 532 287 547 296 531 299 514 298 637 301 652 295 668 296 681 303 667 307 652 306 61 631 115.705925 139.813812 -1.180880 -0.433172 -0.117031 0.036936 -17.717449 -27.163952 507.415741 -50.676418 -29.176908 503.920898 15.241520 -25.150997 510.910614
461 282 477 275 495 277 510 286 494 290 477 289 604 291 619 283 637 284 651 293 636 297 619 296 1119 63 -95.193962 27.623030 -2.935634 -0.472943 -0.091352 0.029000 -33.408298 -31.307705 496.599945 -66.463539 -32.937172 493.906311 -0.353061 -29.678238 499.293610
484 429 498 422 516 423 530 433 515 437 498 436 629 436 645 427 664 427 680 435 664 441 646 441 1277 553 -126.032280 124.627213 8.441833 0.012447 0.001512 0.039876 -21.567890 35.525314 476.074768 -54.746269 34.201305 476.116730 11.610489 36.849323 476.032806
513 402 529 395 547 397 561 407 545 411 528 410 659 414 675 405 694 405 710 415 693 420 676 419 1136 270 -98.335640 68.592133 1.412483 -0.457963 0.025985 0.069597 -8.027029 24.986052 482.138947 -41.141846 22.951159 483.490906 25.087788 27.020947 480.786987
511 413 526 407 544 409 558 420 542 423 525 421 657 429 674 421 692 422 708 431 691 436 673 435 1350 593 -140.493439 132.558273 9.924282 0.121524 -0.020152 0.106377 -8.881677 30.570551 469.776703 -41.892303 27.094479 468.896362 24.128952 34.046623 470.657043
545 396 562 390 580 394 594 406 577 408 560 405 694 419 710 411 728 412 742 423 726 427 709 425 887 172 -48.965263 49.146648 -2.865758 0.169646 0.009380 0.135170 6.932363 24.780041 466.837646 -25.968845 20.300623 466.767426 39.833572 29.259460 466.907867
465 217 482 212 501 214 515 224 498 226 481 225 610 233 625 226 643 227 657 236 641 240 625 239 547 608 19.099508 135.361877 2.830560 -0.310257 -0.097886 0.074673 -30.873491 -59.556202 495.149628 -63.828976 -62.489483 492.340454 2.081994 -56.622921 497.958801
441 212 458 206 477 207 492 217 475 220 458 219 586 222 601 215 618 216 632 224 617 228 601 228 195 244 88.634422 63.253445 -7.782734 -0.265237 -0.121593 0.033846 -42.280834 -64.069359 498.245026 -75.223061 -65.708710 494.413330 -9.338608 -62.430008 502.076721
396 205 411 199 428 200 442 210 427 214 411 213 538 215 554 207 572 207 588 216 572 222 554 221 1086 167 -88.517166 48.198009 -1.133760 -0.264332 -0.019377 0.051777 -64.533592 -67.511261 498.860077 -97.687973 -69.294197 498.450287 -31.379211 -65.728325 499.269867
397 190 412 183 430 185 445 195 428 199 411 198 543 202 559 193 579 194 594 203 578 208 560 207 1040 161 -79.382690 47.001152 -1.679018 -0.271463 -0.040428 0.053678 -61.043869 -72.080109 484.603882 -94.174194 -74.020348 483.519257 -27.913538 -70.139862 485.688477
387 194 402 187 420 189 434 199 419 203 402 202 533 205 549 197 569 197 585 205 568 212 550 211 1284 362 -127.641701 86.829468 4.638792 -0.244476 -0.037694 0.048804 -65.747284 -70.723122 486.300018 -98.889290 -72.478737 485.258667 -32.605267 -68.967506 487.341400
412 191 428 184 447 186 462 197 445 200 427 199 562 203 578 195 596 195 612 204 595 210 578 209 700 160 -11.817494 46.733429 -4.831439 0.336937 -0.127472 0.080560 -51.679050 -69.649513 471.812073 -84.510605 -71.559128 467.229309 -18.847494 -67.739899 476.394867
398 204 414 197 432 199 447 210 431 213 414 211 548 217 565 208 584 209 600 217 583 223 565 222 863 653 -43.646004 144.332352 6.652836 0.415756 -0.156621 0.093687 -56.642773 -62.717674 463.934143 -89.304031 -64.660110 458.274750 -23.981508 -60.775234 469.593506
430 187 447 181 466 183 482 194 464 197 446 195 581 203 598 195 616 196 631 206 614 210 597 209 432 157 41.437252 46.084686 -7.361074 -0.323910 -0.104298 0.064254 -43.331329 -70.399429 473.063599 -76.289474 -73.045883 470.011322 -10.373180 -67.752968 476.115875
387 203 403 197 421 199 436 210 420 213 403 211 537 217 554 209 573 209 589 218 572 223 554 222 1287 747 -127.797745 163.022156 12.462230 0.362833 -0.149725 0.093447 -61.889900 -63.032913 466.744171 -94.584526 -65.162552 461.351074 -29.195271 -60.903278 472.137268
379 266 393 256 412 255 429 263 413 269 396 271 532 247 546 234 564 230 581 234 566 244 549 248 200 763 88.234116 165.965347 2.772471 0.413979 -0.204908 -0.125067 -63.011280 -43.886532 452.709900 -95.277435 -38.508743 447.006012 -30.745125 -49.264320 458.413788
505 322 521 313 540 314 556 325 539 330 521 330 665 328 682 317 703 317 720 326 703 334 683 333 1230 243 -117.046616 63.268097 1.731718 -0.378466 0.061129 0.035938 -7.110293 -12.367905 439.535034 -40.232651 -13.152584 441.738068 26.012064 -11.583224 437.332001
582 304 601 298 622 300 638 312 619 315 600 313 744 321 761 313 780 315 795 325 779 330 761 328 290 107 69.598976 36.160450 -9.681659 -0.424344 -0.016507 0.096821 25.905270 -16.502769 442.659271 -7.141898 -19.731480 442.799744 58.952438 -13.274057 442.518829
564 337 582 331 602 334 618 345 600 348 581 346 730 355 747 347 767 347 783 357 765 362 747 361 703 889 -11.580284 191.004242 9.957597 0.230970 0.020166 0.085899 18.173487 -2.599746 422.751770 -14.902726 -5.499986 423.086884 51.249702 0.300494 422.416687
551 313 568 305 588 308 604 320 586 323 567 322 713 330 731 320 751 321 768 332 750 338 731 336 983 77 -68.151421 30.365721 -3.905019 -0.399365 0.048111 0.103696 12.569222 -12.976976 437.725006 -20.421740 -16.007582 439.954681 45.560184 -9.946371 435.495361
543 322 560 315 580 317 595 329 578 333 559 331 705 338 723 328 744 329 760 340 742 346 723 345 1200 404 -110.900826 95.124077 4.715412 -0.401576 0.050217 0.094386 9.289344 -9.420026 437.018890 -23.728413 -12.134642 439.259033 42.307098 -6.705410 434.778717
551 329 569 322 589 324 605 336 587 340 567 338 716 346 734 336 755 338 771 348 753 354 734 352 964 541 -63.845219 122.188118 5.315406 0.242293 0.004126 0.090562 12.929039 -5.975016 420.826721 -20.140087 -8.965173 420.599915 45.998165 -2.984860 421.053528
610 340 628 334 647 337 663 349 645 351 626 348 768 362 786 354 805 355 820 365 803 370 785 368 87 759 110.685417 165.150543 1.650489 0.086264 0.031947 0.117252 36.554420 -0.459635 443.443542 3.594347 -4.384238 444.332794 69.514488 3.464968 442.554321
538 335 555 327 575 329 591 341 573 345 554 343 702 348 719 339 740 339 757 349 739 355 720 355 1193 498 -109.402290 113.725380 6.554317 0.198011 -0.003681 0.074108 7.428908 -4.650890 423.380707 -25.684839 -7.081273 423.016663 40.542656 -2.220507 423.744751
539 318 556 310 575 312 590 324 573 328 554 326 700 333 718 323 739 324 755 335 737 341 718 340 1361 24 -143.329895 19.954569 -1.495969 0.159385 -0.007237 0.091223 7.109006 -11.100513 427.722260 -25.957170 -14.093427 427.242584 40.175182 -8.107600 428.201935
582 309 601 302 621 304 637 317 618 320 599 318 747 329 764 320 783 322 798 333 781 338 763 336 310 5 65.507881 15.978603 -11.562794 -0.396441 0.009271 0.118038 25.976042 -13.756947 437.849518 -6.999325 -17.505348 438.914520 58.951408 -10.008546 436.784515
559 334 576 327 597 329 612 342 594 345 575 343 723 352 741 343 762 344 778 354 760 360 741 359 1045 761 -79.690407 165.743088 10.516343 -0.426164 0.032457 0.104758 16.292910 -3.997351 434.214752 -16.715416 -7.138682 435.987366 49.301235 -0.856021 432.442169
576 314 594 307 614 310 630 323 612 326 592 323 740 334 758 326 777 328 793 338 775 343 757 342 522 184 23.582911 51.446510 -5.985251 -0.386586 0.025536 0.120279 23.327429 -11.522036 437.351074 -9.629795 -15.245558 438.937408 56.284653 -7.798513 435.764771
569 331 587 324 608 327 624 339 605 342 586 340 735 351 753 343 774 344 790 355 772 360 752 358 747 740 -20.494499 161.525955 7.345861 0.239773 0.032199 0.104665 20.416401 -4.376362 420.182587 -12.590473 -7.939079 420.825165 53.423275 -0.813645 419.540009
565 322 583 314 604 317 620 329 601 333 582 331 731 339 749 330 769 331 785 342 767 347 748 346 874 94 -46.471016 33.707661 -4.564927 -0.362708 0.015014 0.096707 19.285465 -9.075694 432.580048 -13.762196 -12.122492 433.642487 52.333126 -6.028898 431.517639
569 334 588 327 608 330 624 342 605 345 586 343 736 353 754 344 774 345 790 355 772 361 753 359 848 715 -40.594257 156.599152 7.770079 0.240487 0.034462 0.093668 20.557325 -3.583649 419.798676 -12.483040 -6.795659 420.558197 53.597691 -0.371639 419.039124
565 329 583 321 603 324 619 337 601 340 581 338 730 347 748 338 768 339 784 349 766 355 747 354 902 421 -51.661480 98.427208 2.314385 0.204668 0.026389 0.090936 18.564348 -5.861331 422.783875 -14.492241 -8.944613 423.345032 51.620937 -2.778049 422.222717
582 318 600 311 621 314 637 327 618 329 599 327 747 338 765 329 784 331 800 341 782 347 764 345 337 92 60.241776 33.201580 -9.552414 -0.378024 0.017353 0.114295 25.937103 -9.932773 435.290497 -7.048704 -13.522332 436.559845 58.922909 -6.343214 434.021179
561 340 579 334 599 337 615 349 597 352 578 349 726 359 744 350 764 351 780 361 762 367 743 365 1113 865 -93.084778 186.338806 13.248656 0.207512 0.020624 0.092413 16.954214 -1.054536 423.143005 -16.102394 -4.167303 423.504883 50.010822 2.058230 422.781097
573 341 592 335 613 338 629 350 610 352 591 350 741 360 759 352 779 353 794 363 777 368 758 367 413 849 46.004105 183.028625 6.476085 -0.436042 0.028431 0.109907 22.897764 -0.614131 432.175934 -10.096678 -3.938961 433.870636 55.892204 2.710699 430.481232
573 280 595 269 620 269 641 280 618 284 595 285 767 278 788 266 814 264 837 274 815 280 791 281 690 294 -9.677062 73.250175 -2.210218 -0.571308 0.062894 -0.001844 23.632122 -23.656563 330.734802 -9.508751 -23.018335 332.693054 56.772995 -24.294792 328.776550
735 290 754 286 773 290 788 302 770 302 752 299 888 317 904 311 921 312 934 322 918 325 902 323 20 499 123.702728 113.682388 -4.231430 -0.219263 0.060020 0.173897 93.425087 -21.315445 476.194885 60.778316 -26.794155 478.789459 126.071854 -15.836734 473.600311
704 288 723 283 742 287 757 299 739 300 721 297 856 314 873 306 891 308 904 318 888 322 871 320 226 411 82.664879 96.309364 -4.115599 0.276880 0.146720 0.125198 77.763077 -22.313683 463.882965 45.170055 -27.060486 468.092773 110.356094 -17.566881 459.673157
682 279 700 272 720 275 735 288 717 289 698 287 834 301 851 293 869 295 883 305 867 309 850 307 473 138 33.267826 42.332977 -7.368099 -0.393885 0.056471 0.153865 68.492584 -27.307083 467.667786 35.727047 -31.898838 470.477539 101.258125 -22.715326 464.858032
685 276 703 270 722 273 737 285 719 287 701 284 836 295 852 287 871 288 884 298 868 302 852 301 125 29 102.299355 20.690247 -12.781093 -0.317400 0.057508 0.124476 70.362442 -29.828930 473.777832 37.466679 -33.580231 476.298981 103.258202 -26.077631 471.256653
617 301 633 295 650 298 665 309 649 311 632 309 766 319 782 311 801 312 816 321 799 326 782 325 1229 660 -116.371178 145.792816 10.166269 0.261710 0.095071 0.090372 38.381950 -18.715218 464.004883 5.460758 -22.083475 466.726929 71.303139 -15.346960 461.282837
617 293 633 286 651 288 665 300 649 302 632 301 767 309 783 300 802 301 817 311 800 316 783 314 1345 449 -139.664444 104.059425 6.962389 0.251234 0.091154 0.080957 38.673859 -22.748482 463.430511 5.714211 -25.779600 466.082581 71.633507 -19.717361 460.778412
677 284 694 279 713 282 728 293 711 295 693 292 828 305 844 298 862 299 876 308 859 313 843 311 98 441 108.135910 102.220123 -4.687304 0.188381 0.081236 0.109920 66.524261 -25.598150 471.699677 33.628212 -29.468103 474.030548 99.420311 -21.728197 469.368774
675 278 693 272 712 276 727 288 709 290 691 287 826 300 842 292 860 293 874 303 858 307 841 306 391 118 49.540375 38.358109 -8.528481 0.146559 0.074400 0.111277 66.096733 -28.233139 473.080322 33.188427 -32.084301 475.264679 99.005043 -24.381977 470.895935
657 276 674 269 693 272 708 284 691 286 673 284 807 295 824 286 842 288 857 298 840 302 823 301 709 3 -13.785496 15.664741 -7.927595 -0.265498 0.040643 0.121326 57.967083 -30.092329 475.458496 25.032122 -33.885014 477.319519 90.902046 -26.299644 473.597473
675 285 693 279 712 282 727 294 709 296 691 293 826 305 842 297 860 298 873 307 858 312 841 311 314 321 65.074234 78.516304 -5.127314 0.159591 0.068486 0.100933 66.075356 -25.769613 473.913330 33.116714 -29.279427 475.905609 99.033989 -22.259800 471.921051
685 285 703 280 722 284 737 295 719 296 701 294 835 306 851 299 869 300 882 309 867 313 850 312 171 400 93.582153 94.121155 -4.845011 -0.230548 0.059754 0.133433 71.265755 -25.711494 482.215057 38.413616 -29.859991 484.682190 104.117889 -21.562998 479.747894
608 303 623 296 641 298 656 310 639 312 623 310 756 319 773 310 792 311 807 321 790 325 773 324 1403 624 -150.990402 138.704102 11.040246 0.239684 0.094476 0.080870 34.555389 -18.492357 466.266663 1.605786 -21.518795 469.045868 67.504990 -15.465918 463.487457
657 299 674 293 693 297 708 308 690 310 673 307 807 319 824 312 842 313 856 322 840 326 823 325 654 749 -2.002828 163.287964 6.671359 0.226753 0.092655 0.102627 57.143658 -19.091284 468.080658 24.254372 -22.805838 470.737091 90.032936 -15.376729 465.424194
625 302 642 296 660 299 675 310 658 312 641 309 776 321 792 313 811 315 826 324 809 328 792 326 1080 701 -86.714355 153.876175 9.623843 0.249025 0.102698 0.098146 42.571098 -17.902786 463.519043 9.699022 -21.538935 466.479553 75.443169 -14.266638 460.558502
668 281 686 274 705 278 720 289 702 292 684 289 819 300 835 292 854 293 868 303 851 308 834 306 102 34 106.875740 21.675032 -12.891730 0.150325 0.056890 0.104681 62.891373 -27.570421 472.021301 29.921499 -31.166594 473.638306 95.861244 -23.974249 470.404297
661 286 678 280 697 283 712 295 695 297 677 295 811 305 828 296 846 297 860 307 844 312 827 310 446 285 38.801437 71.418953 -4.640252 0.186350 0.074699 0.091452 59.296307 -25.398582 470.522644 26.322050 -28.640823 472.701141 92.270561 -22.156343 468.344147
639 301 656 295 675 298 690 309 673 311 655 309 790 317 806 309 825 310 839 319 823 324 806 323 897 887 -50.135132 190.648285 11.704280 0.257713 0.097171 0.074708 49.190559 -19.249361 466.744263 16.233486 -22.109451 469.609711 82.147636 -16.389269 463.878815
640 295 657 287 677 289 693 301 675 303 656 302 792 309 809 300 828 302 843 312 826 316 809 315 694 387 -10.365644 91.655838 -0.290228 -0.328068 0.061867 0.101527 50.615276 -22.749477 471.690491 17.642767 -25.719080 474.250732 83.587784 -19.779873 469.130249
629 304 645 297 664 300 679 310 662 313 645 311 779 319 795 310 814 311 829 320 812 325 795 324 1101 862 -90.703514 185.742630 13.077362 -0.375075 0.049571 0.097617 45.317497 -18.865908 477.275391 12.309168 -21.720625 479.480011 78.325829 -16.011189 475.070770
589 291 607 285 628 288 645 300 626 302 606 300 752 310 770 301 789 302 805 312 787 316 769 315 511 776 26.445646 168.601944 5.900723 0.298148 0.045053 0.085430 28.213657 -21.038309 429.236115 -4.837552 -24.049969 430.288300 61.264866 -18.026648 428.183929
581 286 599 281 619 284 635 297 617 298 598 295 743 309 761 301 781 303 796 312 778 317 760 315 966 795 -63.952297 172.455505 10.477034 0.273187 0.059257 0.112109 24.727833 -21.968500 429.297302 -8.212029 -25.901772 430.730682 57.667694 -18.035227 427.863953
639 269 658 264 679 268 695 281 676 282 656 278 802 296 820 289 839 291 854 300 836 305 818 303 223 521 83.386803 118.077911 -1.915864 0.207107 0.050598 0.137573 49.026615 -28.148401 433.583923 16.176619 -32.840687 434.775543 81.876610 -23.456116 432.392303
591 261 608 254 628 258 643 272 625 274 607 271 752 286 770 277 790 278 806 289 788 294 769 293 1373 217 -145.493942 58.152023 2.522603 0.208840 0.071449 0.122845 28.322645 -31.742680 429.766846 -4.548647 -36.024895 431.690491 61.193939 -27.460464 427.843201
637 270 656 265 677 269 693 281 674 283 654 280 801 295 819 287 838 289 853 298 835 303 817 301 103 540 107.255463 121.813400 -2.636609 0.196797 0.041083 0.121333 48.220158 -28.154369 431.819000 15.286530 -32.279892 432.776031 81.153786 -24.028847 430.861969
605 253 624 246 645 249 661 262 642 265 622 262 769 273 787 264 807 265 823 276 805 281 786 280 852 51 -42.148232 25.193380 -5.638297 0.202943 0.056708 0.096242 35.063808 -36.112347 428.253082 2.065243 -39.469765 429.796448 68.062378 -32.754929 426.709747
616 254 635 247 656 251 672 263 653 266 633 263 780 274 798 265 818 266 834 276 816 282 797 281 473 140 33.270111 42.728783 -7.327601 0.198985 0.048270 0.094402 39.618542 -35.838390 429.367188 6.599580 -39.105305 430.645905 72.637505 -32.571476 428.088501
634 273 653 267 673 271 690 282 671 285 651 282 798 294 815 286 835 287 850 297 832 302 814 301 207 667 86.733299 146.968246 0.893069 0.218110 0.053098 0.101442 46.944004 -28.009092 432.159943 13.955749 -31.534805 433.539764 79.932259 -24.483379 430.780090
607 280 626 275 646 278 662 290 643 291 624 288 772 302 790 295 809 296 825 306 807 310 789 308 711 782 -13.292401 169.830429 7.864670 0.257475 0.070279 0.107119 35.675335 -24.464878 426.676147 2.741158 -28.271284 428.522980 68.609512 -20.658470 424.829346
626 267 645 261 666 265 683 277 663 279 644 277 790 289 808 281 828 282 843 292 825 297 807 296 425 529 43.253590 119.702606 0.107006 0.209671 0.055671 0.104147 43.906708 -30.028965 431.068756 10.932316 -33.646736 432.538727 76.881104 -26.411196 429.598785
643 276 662 272 683 275 699 287 680 288 661 286 807 299 825 291 844 292 859 301 842 306 824 305 72 753 113.659424 163.960052 1.390812 0.205976 0.046012 0.103323 50.929607 -26.368841 432.575562 17.936209 -29.924810 433.737640 83.923004 -22.812872 431.413483
584 261 601 254 621 257 637 270 619 273 600 270 746 280 764 271 785 272 801 282 783 288 764 287 1305 215 -131.982971 57.742256 1.855671 0.202959 0.059343 0.092315 25.774565 -33.067398 427.980774 -7.231182 -36.304646 429.624115 58.780308 -29.830154 426.337402
593 274 611 268 631 271 647 283 629 285 610 283 758 294 776 285 796 287 812 297 794 301 775 300 903 664 -51.582409 146.517471 7.244064 0.257096 0.064286 0.094262 29.802586 -27.348303 424.130646 -3.187520 -30.709742 425.837494 62.792690 -23.986864 422.423767
602 279 621 273 642 276 658 288 639 291 620 288 767 300 786 291 806 293 822 302 803 307 785 306 669 832 -4.888812 179.716873 8.490196 0.284721 0.063657 0.095492 33.814137 -25.171364 424.460876 0.826283 -28.591158 426.093689 66.801994 -21.751572 422.828033
585 262 603 255 623 258 638 271 620 274 601 271 748 283 766 273 787 274 803 285 785 290 766 289 1144 173 -100.036331 49.397331 -0.477955 0.201470 0.055376 0.100917 26.385647 -32.232327 426.108948 -6.600159 -35.737648 427.595184 59.371452 -28.727003 424.622711
620 275 639 269 659 272 676 284 657 286 637 283 785 295 803 287 823 288 838 298 820 303 802 301 312 582 65.770050 130.168182 0.139207 0.214546 0.046470 0.098403 41.198074 -27.216816 427.997955 8.188931 -30.617561 429.177307 74.207222 -23.816069 426.818604
595 277 614 270 634 274 651 286 632 288 612 286 760 299 779 290 799 292 815 302 797 307 778 305 1033 653 -77.429176 144.367264 8.218922 0.258809 0.071189 0.103314 30.871161 -25.700464 422.761414 -2.074100 -29.387655 424.651886 63.816422 -22.013275 420.870911
592 271 611 265 631 268 647 280 628 283 609 280 757 292 776 283 796 285 812 295 794 300 775 298 1070 435 -85.031197 101.232330 4.145531 0.228753 0.066406 0.098791 29.676702 -28.236475 423.663452 -3.294166 -31.731380 425.470978 62.647572 -24.741568 421.855957
604 276 623 270 643 273 660 285 641 287 621 285 769 297 788 289 808 290 824 300 805 305 786 304 683 639 -7.891590 141.524765 4.711143 0.253500 0.062579 0.103804 34.484875 -26.244436 423.837067 1.522375 -29.907705 425.453735 67.447372 -22.581165 422.220398
603 280 622 274 642 278 659 290 640 292 620 289 769 302 787 293 807 295 823 305 805 309 786 308 750 763 -21.064379 166.078308 7.839221 0.270475 0.070422 0.099685 34.117599 -24.355217 422.659271 1.158293 -27.930799 424.519104 67.076904 -20.779636 420.799438
673 297 688 291 705 292 720 300 704 303 688 302 809 302 823 294 839 294 853 301 838 306 823 305 135 381 100.714516 90.353630 -5.561380 -0.420208 0.096256 0.049764 67.649200 -27.469236 529.630493 34.636288 -28.409218 533.069031 100.662109 -26.529255 526.191956
733 309 748 304 764 307 776 316 761 317 746 315 856 326 869 320 884 322 895 330 882 333 868 331 210 229 85.636406 60.288006 -7.948283 -0.418135 0.075910 0.155531 102.531776 -18.923643 581.173218 69.815811 -23.395519 584.670044 135.247742 -14.451766 577.676453
675 336 689 331 704 334 717 342 702 344 688 343 796 350 810 344 825 345 837 353 823 356 809 355 645 567 -0.422367 127.268044 2.903161 0.300081 0.113095 0.081960 69.941994 -5.171178 577.408203 37.058113 -8.401538 580.690735 102.825874 -1.940819 574.125732
682 331 696 326 711 329 723 337 709 339 695 337 803 345 816 339 831 340 843 347 830 351 816 349 324 441 63.224167 102.266533 -2.605331 -0.437373 0.082736 0.121280 74.450996 -8.106265 585.732727 41.597733 -11.401812 589.248657 107.304260 -4.810719 582.216736
674 332 688 327 703 329 716 338 702 340 687 338 796 344 809 338 824 339 835 346 822 350 808 349 340 376 59.970268 89.406219 -3.774109 -0.432330 0.082206 0.108741 70.274574 -8.164088 585.753418 37.373024 -11.072386 589.157776 103.176117 -5.255791 582.349121
629 329 642 323 657 324 669 331 656 334 642 334 750 334 763 327 778 327 791 334 777 338 763 338 1364 21 -143.929489 19.361481 -1.529078 -0.432973 0.094688 0.055278 45.141697 -12.533995 586.732666 12.133172 -13.639647 590.164062 78.150223 -11.428343 583.301270
645 328 658 322 673 323 685 331 672 334 658 333 766 336 779 329 794 330 807 337 793 341 779 340 1086 150 -88.536598 44.833683 -1.477990 -0.447680 0.093306 0.082373 53.821857 -12.020973 584.622864 20.869642 -13.977673 588.212097 86.774071 -10.064274 581.033691
676 335 690 330 705 332 718 341 703 343 689 342 798 348 811 342 826 343 838 350 825 354 811 353 219 501 84.158836 114.119064 -2.357690 -0.410270 0.083868 0.113631 71.400581 -6.073364 585.738953 38.521759 -9.166817 589.199158 104.279411 -2.979911 582.278809
677 329 692 323 707 325 719 334 705 336 691 335 799 341 812 335 827 336 839 344 826 347 812 346 32 88 120.848190 32.347336 -12.443152 -0.379782 0.075980 0.112234 72.496887 -9.902637 588.055908 39.592937 -13.056544 591.209106 105.400833 -6.748729 584.902649
661 333 675 327 690 329 702 338 688 340 674 339 783 344 796 338 811 338 824 346 810 350 796 349 609 222 6.337316 58.984634 -4.414328 -0.400438 0.092173 0.103986 62.896725 -7.979064 583.368774 30.007715 -10.725754 587.019531 95.785736 -5.232375 579.717957
660 341 674 336 690 338 703 346 688 349 674 347 783 353 797 346 812 347 824 354 810 358 796 357 494 668 29.700500 147.225082 3.557240 -0.450310 0.080710 0.100132 62.710068 -3.362202 580.859070 29.774883 -5.974396 584.177185 95.645248 -0.750008 577.541016
661 343 675 338 690 340 703 348 689 350 675 349 783 354 797 348 811 348 824 356 810 359 796 358 400 869 48.610386 186.983994 6.761302 -0.449133 0.089572 0.098755 63.258041 -2.440658 584.407043 30.342987 -4.945355 587.996704 96.173096 0.064038 580.817444
643 345 657 340 672 341 685 349 671 351 656 350 766 353 779 347 794 347 807 354 793 357 779 357 983 877 -67.236870 188.686920 12.294047 -0.472708 0.078901 0.073235 52.991066 -2.500757 578.876404 19.974915 -4.231192 581.958435 86.007217 -0.770322 575.794373
657 343 670 338 686 340 698 348 684 350 670 349 779 353 793 346 808 347 820 354 807 358 792 357 351 654 58.102104 144.425095 1.956401 0.281635 0.080358 0.052512 59.701786 -2.788290 571.286194 26.648838 -4.879298 573.671570 92.754738 -0.697281 568.900879
639 337 652 331 668 332 680 340 666 343 652 342 762 344 775 337 791 338 804 345 790 348 775 348 1138 92 -98.936577 33.366074 -2.173385 -0.429203 0.083710 0.068135 50.650185 -7.293130 576.808533 17.635649 -8.895594 579.975891 83.664719 -5.690667 573.641174
632 340 645 334 661 335 673 343 659 346 645 345 754 347 768 340 783 340 796 347 783 351 768 350 1303 259 -131.535217 66.449509 2.728195 -0.438823 0.081972 0.060815 46.827511 -5.819838 578.011902 13.792752 -7.184395 581.078247 79.862267 -4.455281 574.945557
644 342 658 336 673 337 686 345 672 348 658 347 768 350 781 343 797 344 809 351 796 355 781 354 793 562 -29.839315 126.308929 4.165333 -0.472791 0.083064 0.078473 53.656734 -4.247277 575.479065 20.664469 -6.112155 578.733704 86.649002 -2.382398 572.224487
629 347 643 342 657 343 670 351 656 353 642 352 752 354 765 347 780 347 793 354 780 358 765 357 1262 823 -122.742752 178.057541 13.770834 -0.473620 0.078065 0.057067 45.244232 -1.848869 577.158875 12.191665 -3.068851 580.091309 78.296799 -0.628887 574.226501
663 338 677 332 692 334 705 343 691 345 676 344 786 348 799 341 815 342 827 349 813 353 799 352 376 293 52.721298 72.987793 -5.123120 -0.406653 0.084670 0.091339 63.901573 -5.668627 578.569031 30.950434 -8.047823 581.903870 96.852715 -3.289430 575.234131
632 352 645 346 661 347 674 355 660 357 645 357 756 357 769 350 785 350 798 357 784 361 770 361 764 780 -23.827087 169.445511 8.312423 -0.516716 0.083996 0.054046 46.458038 0.251972 568.310486 13.415069 -0.756813 571.425598 79.501007 1.260756 565.195374
583 323 599 316 617 318 631 327 615 330 598 329 721 333 735 325 752 325 765 333 751 338 735 337 461 80 35.586216 30.852226 -8.653078 -0.404446 0.007799 0.063370 23.053068 -12.732623 520.008362 -10.085003 -14.726870 520.679749 56.191139 -10.738377 519.336975
611 316 627 310 645 312 659 321 643 324 626 323 746 327 760 320 776 321 789 329 775 333 760 332 42 86 118.858658 31.953588 -12.391527 -0.361101 -0.014358 0.074210 36.796898 -15.822542 532.165955 3.685869 -18.316261 532.139832 69.907928 -13.328824 532.192078
583 335 598 330 615 333 629 343 613 345 597 343 718 353 733 346 749 347 763 355 748 360 732 359 829 678 -36.860790 149.272903 6.845840 0.225994 0.042909 0.104346 21.985430 -3.893052 516.792419 -11.009168 -7.481249 517.812683 54.980030 -0.304854 515.772156
579 327 594 321 612 323 625 334 609 336 593 334 715 343 730 335 746 336 760 345 745 349 729 348 844 330 -40.239487 80.406258 -0.062570 0.228163 0.035358 0.093718 20.250633 -8.715082 515.027832 -12.788463 -11.928117 515.836609 53.289730 -5.502048 514.219055
605 330 620 325 638 327 651 337 635 339 619 337 741 346 755 339 771 340 784 349 770 353 754 352 182 578 91.599670 129.349884 -1.139384 -0.369738 0.007388 0.108736 33.498005 -7.192085 528.372131 0.487969 -10.669105 529.270630 66.508041 -3.715066 527.473572
571 329 585 323 602 325 615 335 600 337 584 336 705 342 720 334 737 335 751 343 736 348 720 347 883 427 -47.878853 99.610710 2.260845 -0.382627 0.028893 0.087816 16.046097 -8.931509 524.895447 -17.018648 -11.591497 526.380920 49.110840 -6.271521 523.409973
571 324 586 318 602 320 616 330 601 333 585 331 707 336 721 328 738 329 752 337 737 342 721 341 890 196 -49.534000 53.896900 -2.352149 -0.370165 0.033085 0.081978 16.356771 -11.394108 522.983521 -16.719854 -13.850037 524.553528 49.433395 -8.938180 521.413513
576 331 592 324 609 327 622 337 607 340 591 338 713 344 728 336 745 337 758 345 743 350 727 349 731 527 -17.558405 119.369644 2.885463 0.259746 0.030067 0.077667 19.022556 -7.587114 511.621490 -14.067812 -10.263015 512.274658 52.112926 -4.911212 510.968323
588 333 603 327 621 329 634 339 619 342 602 340 724 347 739 340 756 341 769 349 754 354 739 352 532 635 22.111242 140.702148 3.239095 0.248890 0.041898 0.083332 24.700201 -6.152604 512.773865 -8.361024 -9.059283 513.806458 57.761425 -3.245924 511.741302
569 327 584 321 601 323 614 333 599 336 583 334 705 339 720 331 737 332 751 341 736 346 720 345 911 326 -53.558601 79.628410 0.473657 -0.401801 0.028355 0.082672 15.535407 -9.763656 521.765808 -17.544365 -12.245538 523.224792 48.615177 -7.281773 520.306824
598 338 613 333 630 336 644 345 628 347 612 346 734 354 749 347 765 348 778 356 764 360 748 359 361 784 56.263474 170.154343 4.680872 0.234043 0.041351 0.086691 29.494545 -3.208169 513.898499 -3.557922 -6.215939 514.921875 62.547012 -0.200400 512.875122
607 335 622 330 640 332 654 342 638 344 621 342 743 350 758 343 774 344 787 353 772 357 757 356 169 637 94.250534 141.023392 -0.064462 0.216176 0.048440 0.086964 34.057980 -4.848533 516.715515 1.016908 -7.882016 517.998169 67.099052 -1.815049 515.432922
579 338 594 332 610 334 624 344 609 346 593 345 715 351 730 343 746 344 760 352 745 356 729 355 552 724 18.238495 158.319489 5.225486 0.230711 0.024203 0.072442 20.036913 -4.271158 513.223267 -13.071524 -6.745222 513.742981 53.145348 -1.797095 512.703613
565 341 580 335 597 336 610 346 595 349 579 348 701 352 716 344 733 345 748 353 732 358 716 357 1159 638 -102.485611 141.424606 9.075935 0.259348 0.026029 0.064292 13.359027 -3.259246 508.659088 -19.766392 -5.479896 509.237854 46.484447 -1.038597 508.080292
600 338 615 333 632 335 646 345 630 347 614 345 737 352 751 346 767 347 780 354 766 358 751 357 135 681 101.057472 149.724075 0.513269 0.249022 0.043386 0.080162 30.397184 -3.719859 512.430542 -2.670497 -6.528876 513.524841 63.464863 -0.910843 511.336212
569 342 583 336 600 338 614 349 599 351 583 350 705 355 720 347 737 348 751 356 736 361 720 360 750 669 -21.171839 147.475555 5.935831 0.262476 0.021051 0.072868 15.047195 -2.109834 507.801270 -18.062698 -4.590582 508.176025 48.157089 0.370915 507.426514
565 333 580 327 597 329 611 339 595 341 579 340 702 344 717 336 735 336 749 345 734 350 717 349 1089 19 -89.282532 18.909203 -4.102951 0.235191 0.023996 0.060247 13.613165 -7.023861 505.075562 -19.522171 -9.097811 505.630371 46.748501 -4.949911 504.520721
585 337 601 331 618 333 632 343 616 346 600 344 723 351 738 343 755 344 768 352 753 357 738 356 484 452 31.440817 104.476311 -0.908631 0.257214 0.037823 0.076380 23.459911 -4.396934 506.154022 -9.625030 -7.062736 507.070435 56.544853 -1.731133 505.237610
569 330 584 323 601 325 615 335 599 338 583 337 706 342 721 333 739 334 753 343 738 348 721 347 1033 104 -78.056786 35.719330 -2.897687 0.247162 0.024782 0.068912 15.618158 -8.371461 505.587677 -17.498108 -10.735545 506.120270 48.734425 -6.007377 505.055115
602 329 618 324 636 326 650 336 634 338 617 337 740 344 755 337 771 338 784 346 770 351 754 349 136 358 100.489494 85.802101 -6.017891 -0.404657 0.014292 0.100090 32.435459 -7.802813 519.664429 -0.602088 -10.936115 520.788086 65.473007 -4.669511 518.540771
512 257 529 249 549 251 565 263 547 267 528 265 671 270 688 260 708 260 724 270 707 276 688 276 693 162 -10.424136 47.127792 -4.855427 0.328747 -0.028805 0.069748 -4.135977 -37.246231 437.126068 -37.247139 -39.362816 435.810547 28.975185 -35.129650 438.441620
589 212 611 202 636 205 657 222 634 225 610 223 801 230 825 216 852 216 874 229 850 238 825 237 895 387 -50.309277 91.697113 1.561439 0.339229 0.065949 0.061331 31.190708 -40.733505 325.232208 -1.880824 -43.096050 327.035461 64.262238 -38.370960 323.428925
643 242 657 234 675 236 690 246 674 250 657 249 792 247 809 238 828 237 846 245 828 252 810 252 1358 680 -141.983780 149.777344 11.759629 0.246550 0.071736 0.028882 49.398685 -47.969158 460.073212 16.292606 -49.209545 462.311218 82.504768 -46.728775 457.835236
546 352 559 347 572 349 583 356 571 358 558 357 656 361 667 355 679 356 690 362 678 365 667 365 156 385 96.545868 91.149551 -5.286928 -0.547847 -0.051869 0.060550 -5.751865 1.966069 644.150757 -38.853809 -0.403204 643.051941 27.350079 4.335340 645.249573
588 347 600 342 614 343 625 352 612 354 599 352 697 359 708 353 722 354 732 361 720 365 708 363 430 89 41.756966 32.626972 -8.756419 -0.487488 -0.008836 0.104808 19.652430 0.011840 646.594543 -13.372491 -3.395850 647.143982 52.677349 3.419530 646.045105
617 342 630 337 643 339 654 348 641 350 629 348 726 357 737 351 751 353 761 360 749 363 737 362 565 75 14.913147 29.884077 -7.796247 -0.481403 0.020057 0.139099 37.579060 -1.818575 648.978516 4.695342 -6.089170 650.705627 70.462776 2.452019 647.251465
646 361 658 356 671 357 682 365 670 368 657 366 755 371 767 365 781 365 792 372 780 376 767 375 1083 807 -87.189346 174.854355 11.797855 -0.470319 0.087962 0.098730 55.252048 7.716259 644.552795 22.331800 5.240092 648.114441 88.172302 10.192427 640.991150
580 252 595 245 613 247 628 259 611 262 594 261 728 266 744 257 763 257 779 267 762 273 744 272 1176 400 -106.136009 94.327545 4.413322 0.312299 0.019504 0.078098 22.043795 -41.427460 465.309814 -11.054369 -44.076221 465.544830 55.141960 -38.778698 465.074768
580 227 599 222 619 225 635 236 616 238 597 236 743 246 760 238 778 239 793 249 776 254 759 252 86 121 110.154785 38.889175 -11.277478 -0.293902 -0.040443 0.093983 24.837637 -48.002640 439.862274 -8.194771 -51.268967 438.995819 57.870045 -44.736313 440.728699
544 250 564 244 585 248 602 260 582 262 562 259 713 270 731 262 750 263 766 272 748 277 730 276 343 438 59.444973 101.676735 -2.491045 0.317194 0.010653 0.094568 11.228680 -36.232357 415.430206 -21.827141 -39.370991 415.284058 44.284500 -33.093719 415.576385
483 276 501 269 522 272 538 285 520 287 500 285 652 292 670 282 691 282 708 291 689 298 670 298 763 816 -23.587210 176.569748 9.032168 0.326311 -0.027503 0.072795 -12.763660 -26.791315 410.866028 -45.868877 -29.015772 409.579102 20.341555 -24.566860 412.152924
493 268 513 261 535 263 553 275 533 278 512 277 666 281 684 271 705 271 721 280 703 287 684 286 501 686 28.330006 150.788757 3.986205 0.304861 -0.027923 0.053062 -7.465850 -30.508579 408.339630 -40.611450 -32.102089 407.160889 25.679752 -28.915070 409.518402
524 241 543 234 565 237 582 249 562 252 542 250 691 256 708 246 728 247 744 256 727 262 708 262 57 215 116.025261 57.485962 -9.641244 0.143120 -0.037109 0.057961 3.145664 -42.184395 425.263977 -29.980677 -44.012905 423.899506 36.272003 -40.355888 426.628418
504 259 523 251 544 254 561 267 542 270 522 268 672 274 689 263 710 263 726 273 708 280 689 279 257 402 76.494125 94.534615 -4.012258 0.228413 -0.031769 0.065092 -4.787333 -34.541481 419.346344 -37.905460 -36.562336 418.055878 28.330795 -32.520622 420.636810
424 276 441 268 462 269 479 282 461 286 441 285 595 283 613 272 635 271 653 279 634 287 614 288 816 602 -34.364250 134.229721 5.187169 0.309082 -0.075566 0.028182 -34.596207 -28.761927 405.847046 -67.693947 -29.297394 403.236969 -1.498468 -28.226461 408.457153
419 269 436 260 457 262 475 274 456 279 436 278 589 275 607 263 629 261 647 270 628 279 608 280 880 539 -47.154644 121.775063 4.501078 0.274129 -0.079628 0.017437 -37.122051 -32.130718 410.120300 -70.217300 -32.341900 407.433319 -4.026808 -31.919538 412.807251
514 268 532 262 553 264 569 276 551 279 532 277 678 283 695 273 715 273 730 282 713 289 695 289 114 798 105.364441 172.874252 2.688925 0.176293 -0.058959 0.064756 -1.906946 -31.533253 428.728485 -34.984837 -33.497604 426.594452 31.170946 -29.568903 430.862488
425 267 443 258 464 259 481 271 463 275 443 275 597 273 615 262 637 261 655 270 636 277 616 278 763 569 -23.869577 127.688080 4.030707 0.302415 -0.087339 0.030199 -33.884396 -32.626369 406.546814 -66.948601 -33.177635 403.544464 -0.820189 -32.075104 409.549164
511 223 530 217 550 219 567 230 548 233 529 231 677 237 694 229 712 230 728 239 711 244 694 243 103 35 106.678154 21.873138 -12.862269 -0.310522 -0.086242 0.053687 -2.799396 -50.181953 432.112183 -35.834393 -52.373760 429.573547 30.235600 -47.990150 434.650818
438 255 456 246 478 248 496 260 477 264 456 263 611 262 629 251 650 250 668 260 649 267 630 268 610 370 6.307783 88.274261 -1.408289 0.330921 -0.081357 0.032962 -28.600813 -36.747765 405.709930 -61.678944 -37.378357 402.881622 4.477316 -36.117172 408.538239
419 251 438 243 460 246 477 260 458 264 437 261 599 269 619 257 642 258 661 268 641 276 619 275 1084 274 -87.997391 69.373062 1.014440 0.242441 -0.081682 0.087678 -32.467846 -33.906067 385.866943 -65.435715 -36.455250 382.836884 0.500019 -31.356888 388.897003
414 240 433 232 454 235 471 249 452 253 432 250 592 258 611 246 634 246 653 257 633 265 612 264 1151 139 -101.466270 42.670116 -1.101930 0.194515 -0.071297 0.089249 -35.474030 -38.625969 391.940704 -68.463120 -41.335110 389.306335 -2.484937 -35.916828 394.575073
416 259 434 251 455 255 472 269 453 272 433 269 593 277 612 265 634 265 652 276 633 284 612 283 1086 650 -87.965004 143.784439 8.646426 0.226431 -0.080187 0.084972 -35.214138 -31.567476 393.394379 -68.193550 -34.058704 390.442780 -2.234730 -29.076244 396.346008
406 276 424 270 445 274 461 289 442 291 422 287 583 304 602 294 624 295 641 306 621 312 601 311 1380 837 -146.176239 180.852402 15.141365 0.285199 -0.055446 0.138859 -38.684555 -22.648975 389.359253 -71.521400 -26.920229 386.897980 -5.847712 -18.377722 391.820496
424 252 443 244 465 248 482 263 462 266 442 263 605 276 625 264 648 265 666 277 645 284 624 283 886 442 -48.457878 102.579849 2.592214 0.275315 -0.074238 0.113323 -30.345751 -31.965137 383.489899 -63.248238 -35.332550 380.549408 2.556735 -28.597723 386.430420
434 270 453 263 474 267 492 279 472 281 452 279 614 291 633 282 655 282 673 292 653 298 633 296 753 685 -21.749722 150.642609 6.287448 0.277437 -0.056853 0.105698 -27.424633 -26.435038 387.158356 -60.392113 -29.631641 384.816010 5.542850 -23.238436 389.500671
466 239 486 233 509 236 527 249 506 252 485 249 648 260 667 251 688 253 705 263 686 269 666 267 382 255 51.485512 65.468765 -5.837302 0.286259 -0.034584 0.098672 -15.107306 -37.509369 387.817139 -48.132019 -40.572163 386.221161 17.917408 -34.446575 389.413147
419 236 438 227 461 230 478 245 458 248 437 246 599 255 619 244 642 244 661 256 641 263 619 262 930 133 -57.555004 41.437321 -3.259335 0.281264 -0.089122 0.100097 -32.324455 -39.224655 386.538879 -65.233459 -42.082027 383.163605 0.584550 -36.367287 389.914154
378 275 395 269 415 272 432 284 414 286 395 284 554 292 573 283 595 283 613 291 594 297 573 297 1389 764 -148.048218 166.407440 13.746111 0.185425 -0.061736 0.078867 -50.152061 -26.158388 396.462891 -83.190948 -28.568443 394.186218 -17.113174 -23.748335 398.739594
432 258 452 250 475 253 494 268 473 271 451 269 614 277 635 266 658 266 676 278 656 285 634 284 636 360 1.129514 86.300583 -1.371258 0.241247 -0.048001 0.086696 -26.744686 -30.782909 383.528229 -59.787380 -33.437946 381.607117 6.298009 -28.127872 385.449341
435 266 454 258 478 261 496 276 475 279 454 276 617 285 637 274 660 275 678 286 658 293 636 292 556 576 17.274405 129.030884 2.265508 0.263877 -0.051020 0.089790 -25.935303 -27.830778 383.548584 -58.964230 -30.550478 381.486298 7.093621 -25.111076 385.610840
442 248 462 239 486 243 504 257 483 260 461 257 627 267 646 256 669 257 687 268 667 275 646 273 488 117 30.262951 38.180126 -7.655140 0.281349 -0.055466 0.090657 -22.552200 -34.216228 379.700714 -55.570896 -36.924156 377.466339 10.466495 -31.508303 381.935089
425 257 445 250 467 253 485 267 464 270 444 267 608 279 628 268 650 269 668 280 648 286 627 285 802 419 -31.791311 98.010864 1.352660 0.259850 -0.073825 0.104868 -29.422432 -30.484632 382.104309 -62.356083 -33.601959 379.237885 3.511220 -27.367306 384.970734
387 262 405 254 426 257 442 271 424 274 404 272 566 279 585 268 607 268 625 278 606 286 585 285 1268 444 -124.368370 103.054100 6.151800 0.179046 -0.084565 0.084884 -45.409546 -30.556812 390.730225 -78.376930 -33.103191 387.692566 -12.442164 -28.010431 393.767883
472 246 493 239 516 243 534 256 513 258 491 255 654 267 673 259 694 260 711 270 692 276 672 274 137 247 100.163879 63.835239 -8.256300 0.265775 -0.043335 0.100445 -12.696994 -35.017845 387.986176 -45.704487 -38.117485 386.126801 20.310499 -31.918207 389.845520
468 251 489 244 511 248 529 263 508 265 487 262 648 277 668 267 691 268 708 280 688 286 667 284 431 434 41.952641 100.903198 -1.761360 0.270727 -0.028489 0.121706 -14.419584 -32.072449 386.852081 -47.366917 -35.926960 385.377045 18.527748 -28.217941 388.327087
438 274 458 267 480 271 498 285 478 287 457 284 619 298 639 289 662 290 680 301 659 306 638 305 739 744 -18.900129 162.315918 7.353158 0.290867 -0.045915 0.120614 -25.131420 -23.766460 383.345215 -58.062031 -27.484312 381.268677 7.799190 -20.048611 385.421783
