638 179 654 173 671 175 684 185 669 187 653 186 777 192 792 185 808 187 822 196 807 199 791 198 777 34 -27.263325 21.813652 -6.673447 -0.321187 0.049261 0.112213 49.182468 -80.603836 510.929352 16.224548 -83.996780 513.125488 82.140388 -77.210892 508.733185
664 194 681 189 698 192 713 200 696 201 680 200 800 208 816 202 834 203 850 210 833 213 816 212 437 375 40.692844 89.228241 -2.900767 0.582278 0.172491 0.060139 60.818619 -72.259460 502.195435 28.150843 -75.751091 507.010468 93.486389 -68.767830 497.380402
585 201 599 194 616 196 630 205 615 209 599 208 727 209 742 201 760 200 775 208 759 214 743 213 1165 576 -103.748840 129.155945 7.875782 0.216223 0.039069 0.050655 23.420496 -69.197227 489.322662 -9.716661 -71.004662 490.427917 56.557655 -67.389786 488.217438
588 182 602 175 620 177 634 187 618 191 602 190 727 191 742 182 760 183 774 191 759 197 742 196 1237 2 -118.713196 15.575271 -3.083765 -0.116723 0.112565 0.073968 24.701647 -79.497292 503.337189 -8.202759 -81.722847 507.198090 57.606052 -77.271729 499.476288
589 205 603 198 620 200 633 210 619 213 603 211 731 215 746 206 764 206 779 214 763 219 746 219 1189 666 -108.415337 146.972015 9.919271 0.221716 0.048679 0.059853 25.158602 -67.002022 490.039612 -7.947845 -69.149597 491.421844 58.265049 -64.854446 488.657349
624 179 640 173 658 175 672 185 656 188 639 186 771 193 786 186 804 188 818 196 802 200 786 199 688 150 -9.444232 44.751949 -5.144475 -0.244930 0.046348 0.105531 42.757896 -76.559074 486.804260 9.772300 -79.833237 488.751007 75.743492 -73.284904 484.857483
637 196 654 191 672 193 687 203 670 205 653 203 785 214 801 207 818 209 832 217 816 221 800 219 566 628 15.346605 139.323807 3.410570 -0.216756 0.028283 0.119685 49.094902 -67.728767 485.365906 16.139896 -71.560631 486.723846 82.049911 -63.896908 484.007996
591 211 606 204 623 206 637 216 622 219 606 218 734 222 750 213 767 214 782 221 766 227 750 226 1126 893 -95.636192 191.882721 13.935383 0.169886 0.058971 0.064056 26.595526 -63.650940 488.365906 -6.483811 -65.930840 490.132050 59.674862 -61.371040 486.599792
583 199 597 192 614 194 627 203 612 207 597 205 724 209 740 200 758 200 773 208 757 214 740 213 1400 526 -150.506271 119.309135 9.028224 -0.150620 0.094564 0.073676 22.386118 -69.723114 490.537567 -10.580848 -71.918694 493.841858 55.353085 -67.527534 487.233307
658 195 675 191 693 194 708 203 691 204 674 202 804 214 820 209 836 210 850 218 834 221 819 219 143 795 99.598000 172.286499 2.895334 -0.162726 -0.005120 0.121120 58.647308 -68.156807 489.412720 25.685654 -72.164833 489.569977 91.608963 -64.148781 489.255463
605 210 622 204 640 206 655 216 638 219 621 218 753 222 769 213 788 214 803 222 786 228 769 227 787 868 -28.297152 186.865555 10.306202 0.302512 0.059022 0.059191 34.087631 -61.792637 474.774078 0.997871 -64.019951 476.407043 67.177391 -59.565323 473.141144
641 193 658 188 676 190 691 200 674 203 657 201 789 210 804 203 822 204 836 213 820 217 804 215 323 504 63.494911 114.734123 -1.338867 -0.164568 0.011886 0.106022 51.022434 -69.423363 486.098969 18.005983 -72.888924 486.779846 84.038879 -65.957809 485.418091
604 202 619 195 637 197 651 208 635 210 619 209 749 214 765 206 783 206 798 215 782 220 765 220 918 679 -54.546127 149.489075 7.685980 0.268888 0.051511 0.071984 32.865410 -66.120903 480.802551 -0.210187 -68.707733 482.171021 65.941010 -63.534069 479.434082
592 206 607 199 624 201 638 212 623 215 607 214 735 217 751 208 769 208 783 217 767 222 751 222 1314 753 -133.156448 164.215118 12.832454 0.181103 0.056254 0.059786 27.117802 -65.681145 487.985260 -5.975498 -67.821854 489.661713 60.211102 -63.540436 486.308807
610 191 625 185 643 187 657 198 641 201 624 199 756 206 772 198 790 198 804 208 788 213 771 212 941 231 -59.628941 60.833927 -1.173614 0.218054 0.054890 0.086248 35.641411 -70.107002 480.496124 2.609285 -73.141014 481.990448 68.673538 -67.072998 479.001831
629 189 646 183 664 186 679 196 662 198 645 196 777 207 793 200 811 201 825 210 809 214 792 212 709 355 -13.383094 85.326073 -0.800006 -0.195342 0.020260 0.118475 45.352459 -70.642448 483.302795 12.386450 -74.476585 484.352203 78.318466 -66.808311 482.253418
593 204 607 197 625 199 639 208 623 212 607 211 736 214 752 206 770 206 785 214 769 220 752 219 1157 683 -102.036720 150.329773 9.968709 -0.128703 0.075589 0.072443 27.525883 -66.907974 488.102325 -5.497359 -69.141258 490.755188 60.549122 -64.674683 485.449493
622 180 639 174 657 177 672 187 655 190 637 188 769 196 785 189 803 190 817 199 801 203 784 202 669 182 -5.631884 51.080894 -4.671545 -0.156851 0.032793 0.108583 42.107536 -75.668343 485.625610 9.115658 -79.166214 486.989594 75.099411 -72.170464 484.261627
540 219 559 211 580 213 598 225 578 228 558 227 712 230 730 220 752 220 769 230 750 236 731 236 746 277 -20.825069 69.897354 -2.038561 0.295882 0.006176 0.053417 10.251786 -49.873749 408.227325 -22.905382 -51.650940 408.168915 43.408955 -48.096558 408.285767
496 259 509 252 526 253 540 261 525 265 510 265 636 261 651 252 669 251 685 258 669 264 652 265 1331 649 -136.653656 143.636856 10.883183 -0.248356 0.055065 0.008475 -18.425743 -44.760822 495.985199 -51.579300 -44.813374 497.828705 14.727813 -44.708271 494.141693
523 240 537 233 554 235 567 244 552 248 536 247 664 248 679 240 696 240 711 248 696 254 679 253 1272 231 -125.406761 60.901905 1.875648 -0.268098 0.058766 0.056605 -5.886239 -51.867634 498.603821 -38.981239 -53.462818 500.779999 27.208765 -50.272449 496.427612
540 239 555 233 573 234 587 243 571 246 555 245 685 248 700 241 718 241 732 250 717 254 700 253 936 188 -58.684475 52.323135 -2.090375 -0.319300 0.023113 0.063890 3.587012 -51.363773 493.085938 -29.541842 -53.326290 494.175537 36.715866 -49.401253 491.996338
514 258 528 251 544 252 558 261 543 265 528 264 654 264 668 256 686 255 701 263 685 268 669 268 1333 625 -137.078537 138.887619 10.415636 -0.256821 0.051537 0.039482 -10.468232 -44.443001 502.049713 -43.603477 -45.520245 503.908386 22.667013 -43.365757 500.191010
592 233 608 227 626 229 640 239 624 241 607 239 734 247 748 241 764 243 777 251 763 255 748 253 132 252 101.163216 64.823723 -8.201117 -0.256089 -0.055663 0.090991 27.704729 -53.931618 506.825836 -5.312396 -57.149487 505.385559 60.721855 -50.713745 508.266113
525 238 539 231 556 232 569 242 555 246 539 245 665 245 680 236 697 236 712 245 697 250 680 250 1165 96 -104.297569 34.163227 -1.843658 -0.273529 0.062928 0.052592 -5.048754 -53.693493 503.310944 -38.142658 -55.132339 505.609375 28.045149 -52.254642 501.012482
563 260 579 254 596 256 611 265 594 268 578 266 707 271 722 265 738 265 752 273 737 277 721 276 533 813 22.116005 175.928818 6.852599 -0.309981 -0.006740 0.070049 14.088904 -41.431854 498.974823 -19.034380 -43.753242 499.112274 47.212189 -39.110466 498.837402
563 252 579 246 597 248 612 257 596 259 579 258 708 263 724 256 741 257 755 265 739 269 723 268 484 554 31.557421 124.662262 1.156750 -0.306360 -0.012873 0.069526 14.785947 -45.034767 495.621735 -18.336542 -47.370449 495.552032 47.908436 -42.699085 495.691437
518 241 531 234 548 235 561 244 546 248 531 247 656 247 671 239 688 239 703 247 687 252 671 252 1354 103 -141.848511 35.587349 0.039203 -0.250947 0.080787 0.053441 -9.271799 -52.854324 506.149109 -42.321777 -54.272934 509.020691 23.778179 -51.435719 503.277496
526 252 540 246 556 247 570 256 555 259 540 259 666 260 680 252 698 252 712 260 697 265 681 265 1173 460 -105.471245 106.201019 5.600616 -0.259946 0.053711 0.054090 -4.885068 -46.846695 504.714600 -37.993999 -48.390480 506.708344 28.223864 -45.302906 502.720856
529 259 543 252 559 254 573 263 558 266 543 266 669 267 684 259 701 259 716 266 701 272 684 272 1135 728 -97.613335 159.230820 10.677237 -0.291410 0.033636 0.050103 -3.170200 -43.559853 503.884491 -36.314999 -45.037540 505.225555 29.974596 -42.082169 502.543396
564 244 580 238 599 239 613 249 597 252 580 251 709 256 724 248 741 250 755 258 740 263 724 261 513 350 25.561199 84.296310 -2.706856 -0.299709 -0.017035 0.073353 15.184328 -48.562000 497.085022 -17.927082 -51.043190 496.890442 48.295738 -46.080814 497.279633
526 258 540 252 556 253 570 262 555 265 540 264 666 267 681 259 698 259 713 266 697 271 681 271 1154 634 -101.496567 140.631973 8.948879 -0.269652 0.036175 0.053676 -4.721359 -43.683270 503.289978 -37.857056 -45.281895 504.714569 28.414339 -42.084644 501.865356
593 233 610 227 628 229 642 238 626 241 609 239 735 246 749 239 765 241 778 249 764 253 749 251 85 139 110.374092 42.451199 -10.922212 -0.238459 -0.055990 0.080445 28.555468 -54.645920 508.970459 -4.490740 -57.508018 507.448578 61.601677 -51.783817 510.492340
569 255 586 249 603 251 618 259 602 262 585 261 713 265 729 258 745 259 759 267 744 270 728 269 284 622 71.380066 138.078491 0.691217 -0.276949 -0.018098 0.061540 17.492155 -44.479618 500.947723 -15.644803 -46.578281 500.635895 50.629112 -42.380959 501.259552
513 267 527 261 544 262 557 271 543 274 527 273 653 274 668 265 685 265 700 272 684 278 668 278 1222 814 -114.804062 176.268219 13.220103 0.194594 -0.020202 0.038845 -10.731828 -39.615376 498.846497 -43.904919 -40.831615 498.055023 22.441263 -38.399132 499.637939
545 243 561 236 578 238 593 248 577 251 560 250 689 253 704 245 722 246 736 254 721 259 704 258 754 189 -22.515467 52.483662 -3.746760 -0.286701 0.012323 0.067015 5.916321 -49.681606 497.127869 -27.211966 -51.816513 497.847839 39.044609 -47.546696 496.407928
586 241 602 236 620 238 634 248 618 250 601 248 729 256 743 250 760 251 773 259 758 263 743 262 179 327 91.908905 79.675987 -6.249477 -0.245229 -0.038609 0.091891 24.996527 -49.566517 504.319702 -8.044309 -52.738499 503.424561 58.037365 -46.394531 505.214813
553 265 569 259 587 260 602 269 586 272 569 271 698 273 714 266 731 266 746 274 730 278 714 278 542 744 20.248604 162.275467 5.538341 -0.306091 -0.004904 0.049302 10.091641 -39.892845 495.521820 -23.072742 -41.528522 495.610138 43.256027 -38.257172 495.433502
545 302 563 296 582 298 598 309 580 311 562 310 702 316 718 309 736 310 751 319 735 324 718 322 464 375 35.327282 89.233788 -2.652036 -0.333828 -0.031801 0.076807 9.204402 -19.043695 461.916168 -23.886805 -21.718575 461.302460 42.295609 -16.368818 462.529907
541 324 559 318 578 321 594 330 576 333 558 331 697 338 714 331 732 332 747 340 730 344 713 343 490 830 30.680593 179.284317 6.800702 -0.333393 -0.027710 0.077451 7.307698 -9.663623 462.669281 -25.785873 -12.337001 462.191650 40.401272 -6.990244 463.146881
514 305 530 298 549 300 564 311 547 315 530 313 668 318 684 309 704 310 719 319 702 325 684 324 923 241 -56.040466 62.809246 -1.136947 0.163766 -0.026439 0.078813 -5.221704 -17.828842 453.927734 -38.312107 -20.359434 452.841064 27.868702 -15.298248 455.014374
578 297 597 291 616 294 632 303 614 306 595 304 731 313 747 307 764 308 778 317 762 321 746 319 51 242 117.248474 62.828072 -9.149799 -0.244694 -0.080725 0.091422 23.231382 -21.096069 470.951691 -9.728011 -24.419968 468.673584 56.190773 -17.772171 473.229797
520 312 536 305 555 308 569 319 553 322 535 320 673 327 689 318 708 319 723 328 707 333 689 332 876 496 -46.408901 113.264481 3.593529 -0.300183 0.012425 0.082241 -3.004009 -14.876157 465.851227 -36.094894 -17.501591 466.663727 30.086874 -12.250723 465.038757
525 329 541 323 560 325 575 336 558 339 541 337 678 345 695 336 714 337 729 346 712 351 694 350 814 849 -33.684437 183.110977 10.170206 0.172227 -0.005680 0.086087 -0.586312 -6.867797 455.225952 -33.667931 -9.692461 454.793121 32.495308 -4.043134 455.658783
512 307 528 300 547 302 562 313 545 317 527 315 665 319 682 310 701 310 717 320 700 326 682 325 817 243 -34.973381 63.183281 -2.072950 0.159671 -0.029696 0.071644 -6.214570 -17.148344 453.641724 -39.319786 -19.436287 452.471405 26.890646 -14.860401 454.812042
510 323 526 316 545 318 559 329 543 332 526 330 662 335 679 326 697 326 713 335 696 341 679 340 934 652 -57.756588 144.149017 7.286658 0.131979 -0.014304 0.068934 -7.408427 -10.551297 459.105164 -40.531105 -12.800429 458.481201 25.714251 -8.302166 459.729095
473 322 487 315 505 316 519 326 504 329 487 328 623 329 639 321 657 321 674 328 657 334 639 334 1363 502 -143.180893 114.551903 8.201398 -0.236622 0.046127 0.042813 -25.023817 -12.693583 467.243927 -58.163200 -13.920712 468.927643 8.115567 -11.466453 465.560181
504 310 519 304 537 306 552 317 535 320 519 318 656 325 672 317 691 317 706 326 690 332 672 331 1165 421 -103.926033 98.481216 4.737213 0.143834 -0.025192 0.091338 -10.445561 -15.208818 457.466949 -43.501698 -18.166700 456.416992 22.610575 -12.250937 458.516907
585 308 597 304 612 307 624 316 611 318 597 316 716 322 730 314 746 314 759 319 745 325 730 326 346 477 58.893383 109.395508 -1.673703 0.072195 0.178367 0.052910 20.780054 -18.601452 515.705872 -11.851983 -20.559753 521.526062 53.412090 -16.643152 509.885651
504 310 519 303 537 305 552 315 536 319 519 317 656 322 673 314 691 314 707 323 690 328 673 328 986 393 -68.386353 92.903214 2.521249 0.173447 -0.042240 0.081831 -10.236854 -16.098583 455.871979 -43.301323 -18.677082 454.243530 22.827616 -13.520083 457.500427
552 295 569 289 589 292 604 302 586 305 568 303 706 310 722 303 741 304 755 313 739 318 722 316 445 214 38.918995 57.367741 -6.087132 -0.312491 -0.038348 0.082812 11.642554 -22.030354 466.374115 -21.425203 -24.929014 465.549011 44.710312 -19.131693 467.199219
497 296 512 289 529 291 543 302 528 305 511 304 647 308 662 299 681 299 697 308 680 314 663 313 1260 16 -123.267853 18.350615 -2.588399 -0.273934 0.059761 0.073046 -14.583048 -22.883488 468.819611 -47.641014 -25.005276 471.106201 18.474918 -20.761698 466.533020
523 304 539 298 557 300 572 311 555 314 538 312 676 319 692 311 711 312 726 321 709 326 692 325 929 439 -57.006466 101.994980 2.927596 -0.328123 0.006057 0.085487 -1.819794 -18.216015 465.906281 -34.903831 -20.967804 466.564850 31.264244 -15.464227 465.247742
546 297 564 290 583 293 599 303 581 306 563 304 702 312 718 305 737 306 751 316 735 320 718 318 481 182 31.728329 51.042286 -6.403452 -0.335096 -0.038568 0.087376 9.422749 -21.011913 462.463257 -23.632143 -24.067274 461.689575 42.477638 -17.956554 463.236908
519 308 535 301 554 304 569 315 552 318 535 316 672 322 689 314 708 314 723 323 706 329 689 328 886 433 -48.468166 100.798737 2.409975 0.192282 -0.023197 0.084003 -3.178802 -16.326088 455.452393 -36.257996 -19.020945 454.420654 29.900391 -13.631232 456.484100
609 256 627 249 648 250 665 260 647 263 627 263 772 261 788 252 807 252 823 260 806 266 789 266 54 155 116.552841 45.611256 -10.883811 -0.330879 0.001506 0.021203 37.190258 -40.038193 441.289581 3.992879 -40.721218 441.454071 70.387642 -39.355167 441.125092
549 243 568 237 589 239 606 250 586 253 567 251 716 257 733 249 752 249 768 258 751 263 733 262 276 389 72.703499 91.965797 -4.100460 0.293762 0.024996 0.057782 12.729419 -41.202465 421.225281 -20.410084 -43.213352 421.763123 45.868923 -39.191574 420.687408
587 246 606 241 626 244 643 253 624 255 605 253 748 261 764 255 782 256 797 264 781 268 764 267 24 416 122.812950 97.257385 -5.875234 -0.290518 -0.039809 0.078955 27.709103 -41.816254 446.658386 -5.366895 -44.588383 445.734680 60.785103 -39.044128 447.582123
443 281 458 274 476 276 493 285 476 289 459 288 601 285 618 275 639 274 657 281 639 288 619 289 1290 794 -128.340195 172.324142 13.441562 0.227320 -0.021887 0.009785 -33.179569 -29.781153 436.789307 -66.374878 -30.020992 436.032104 0.015744 -29.541313 437.546509
513 188 533 179 556 182 573 195 553 199 532 197 694 203 713 192 735 193 753 204 734 211 713 210 782 106 -28.174639 36.063587 -5.169470 0.328565 -0.005962 0.069439 1.971535 -57.754482 387.570953 -31.153391 -59.984859 387.001434 35.096462 -55.524109 388.140472
353 219 372 210 394 213 413 226 393 230 372 228 545 230 566 219 590 218 611 227 589 235 567 235 1192 630 -109.052666 139.848175 9.217950 0.198545 -0.055059 0.042794 -51.049709 -44.931297 366.125305 -84.174088 -46.160980 364.169983 -17.925333 -43.701618 368.080597
428 188 449 180 473 183 493 198 471 202 448 199 623 207 644 195 669 196 689 207 667 215 644 214 813 201 -34.226498 54.870598 -2.960250 0.272220 -0.036028 0.077101 -23.780447 -52.646046 359.894501 -56.865829 -55.009869 358.368225 9.304935 -50.282227 361.420776
374 217 392 208 415 209 434 221 414 225 393 225 564 218 584 206 608 204 628 212 607 221 585 222 955 527 -62.072701 119.415649 4.949012 0.199583 -0.052882 -0.005415 -44.955101 -48.406231 370.617126 -78.113167 -48.053104 368.891541 -11.797038 -48.759357 372.342712
460 203 480 196 504 199 524 212 502 215 480 213 651 221 671 210 694 210 713 221 692 228 671 227 594 569 9.714870 127.653374 2.473833 0.279703 -0.043902 0.071276 -14.296742 -49.037846 368.316864 -47.386036 -51.168655 366.551117 18.792551 -46.907036 370.082642
355 207 378 195 404 194 427 205 403 211 379 213 572 195 595 180 623 177 650 185 625 195 599 197 1384 375 -147.499298 89.422722 5.823254 0.097889 0.120969 -0.045877 -39.175514 -47.349438 319.879486 -72.103043 -46.028931 323.953033 -6.247989 -48.669941 315.805908
356 196 375 188 397 190 416 203 396 207 375 206 545 206 565 194 589 194 610 203 589 212 566 212 1338 214 -138.542023 57.551132 2.139427 0.064906 -0.007319 0.036330 -51.983562 -54.282383 374.963593 -85.165588 -55.479710 374.681671 -18.801542 -53.085056 375.245514
502 170 509 166 517 166 523 170 516 171 509 172 563 171 570 167 578 168 585 172 578 173 570 173 327 98 62.235882 34.386936 -9.523044 -0.279918 -0.016971 0.010683 -90.397194 -195.883621 1125.299683 -123.595375 -196.312073 1124.792847 -57.199013 -195.455170 1125.806519
485 182 508 175 532 179 551 193 529 195 506 193 679 203 699 193 722 195 740 205 720 211 699 210 508 338 26.541103 81.920464 -2.995903 0.294888 -0.010939 0.081526 -4.668285 -55.099236 366.004181 -37.761639 -57.711063 365.250549 28.425068 -52.487411 366.757812
509 170 515 167 523 167 530 170 523 172 515 172 568 171 575 168 583 168 589 172 583 173 575 173 148 10 97.706970 16.934841 -12.953938 -0.226082 -0.057234 -0.000677 -86.055222 -199.896423 1149.477905 -119.205887 -200.088013 1147.592163 -52.904552 -199.704834 1151.363770
414 174 433 165 455 168 474 181 454 186 432 184 602 188 622 176 646 176 665 187 644 195 622 194 1019 35 -75.353523 22.061251 -4.423828 0.203739 -0.042888 0.065357 -31.922400 -61.132946 374.723663 -65.026161 -63.141438 373.090637 1.181360 -59.124454 376.356659
513 137 531 129 553 131 570 142 551 146 531 145 686 146 704 136 725 137 743 146 724 152 705 151 684 430 -8.329241 100.163551 0.488349 -0.214302 0.007009 0.042403 -0.099850 -83.011879 413.887695 -33.274117 -84.383850 414.268860 33.074417 -81.639908 413.506531
516 167 535 160 556 162 574 174 555 177 535 175 688 179 707 169 727 169 745 179 726 185 707 184 644 488 -0.313955 111.633621 1.294291 0.359736 -0.007289 0.049227 1.098329 -69.557274 407.484222 -32.065819 -71.113098 406.956696 34.262478 -68.001457 408.011749
499 182 517 175 537 177 553 189 535 192 516 190 664 195 682 185 703 185 720 194 702 200 682 200 957 708 -62.263233 155.236237 8.632475 0.328572 -0.019410 0.062436 -7.514935 -65.788208 420.817566 -40.649433 -67.717926 419.847626 25.619564 -63.858494 421.787506
485 190 501 182 520 185 536 196 519 199 501 198 646 201 663 191 683 190 700 199 682 206 664 205 1102 708 -91.078293 155.266006 9.968254 0.261150 -0.016829 0.051018 -14.919307 -64.734222 431.087067 -48.076488 -66.335739 430.314972 18.237875 -63.132710 431.859161
510 184 527 177 547 179 563 191 545 194 527 192 674 198 692 189 712 189 729 198 710 204 691 204 890 703 -48.954407 154.232971 7.914009 0.316050 -0.010230 0.070877 -3.725806 -65.108452 424.158173 -36.846222 -67.367714 423.455750 29.394609 -62.849190 424.860596
456 165 471 157 489 158 505 168 489 172 471 171 613 169 630 159 649 159 667 166 649 173 631 173 1312 234 -133.352310 61.503822 2.304885 -0.145437 0.063442 0.024979 -28.629957 -78.570030 442.156006 -61.757755 -79.243027 444.313721 4.497840 -77.897026 439.998291
470 194 486 187 504 189 520 200 503 203 486 201 629 205 647 196 667 195 684 204 666 210 647 209 1393 743 -148.867126 162.252319 13.357735 0.247368 -0.006707 0.054057 -21.718012 -63.672176 435.250427 -54.873825 -65.420601 434.809265 11.437801 -61.923748 435.691589
481 193 497 186 516 188 532 200 515 203 497 201 641 207 659 197 679 197 696 206 678 212 659 212 1318 880 -133.806168 189.349426 15.440905 0.291656 -0.015668 0.071535 -16.654715 -62.739658 431.448914 -49.771164 -65.004021 430.592682 16.461735 -60.475300 432.305145
474 190 490 183 510 184 526 196 509 200 491 199 634 200 652 190 673 190 690 199 672 205 653 205 1185 692 -107.590721 152.116638 10.408892 0.241522 -0.012280 0.049714 -19.433031 -65.214973 433.554169 -52.594528 -66.800003 432.952240 13.728467 -63.629940 434.156128
490 163 506 155 525 157 541 168 524 172 506 170 651 174 668 165 688 165 705 174 687 180 668 179 1205 196 -112.132233 53.961590 0.549716 -0.170146 0.042633 0.063901 -13.125781 -76.626564 437.110443 -46.232910 -78.615982 438.697845 19.981348 -74.637146 435.523010
466 190 482 183 500 185 516 195 500 199 482 198 625 198 643 189 664 189 681 197 663 203 644 203 1282 689 -126.870430 151.542847 11.241735 -0.172833 0.021221 0.033858 -23.199768 -66.407066 438.655914 -56.378143 -67.464699 439.453766 9.978606 -65.349434 437.858063
505 171 521 163 541 166 556 178 539 181 521 179 667 185 685 175 705 175 722 185 704 191 685 190 999 405 -70.956047 95.280701 2.883994 0.267260 -0.018262 0.075585 -6.456794 -71.139626 428.056091 -39.561867 -73.536629 427.124298 26.648277 -68.742622 428.987915
515 165 532 157 551 160 567 172 550 175 531 173 678 180 696 170 716 170 732 180 714 186 695 185 950 349 -61.282566 84.188156 1.298658 0.293048 -0.019466 0.079873 -2.130907 -73.122375 427.207092 -35.224373 -75.639809 426.185028 30.962561 -70.604942 428.229126
