579 344 594 333 613 332 629 342 613 348 595 349 716 338 731 326 750 325 766 334 750 341 733 342 270 603 80.588272 142.361664 1.716720 0.002453 0.400982 -0.055316 11.026702 -8.536277 437.348419 -19.494814 -6.765371 450.304535 41.548218 -10.307182 424.392334
575 352 590 341 609 340 625 350 609 356 591 357 712 345 726 334 746 332 761 340 746 348 729 349 832 753 -45.435158 174.870804 4.632496 0.019852 0.431352 -0.070629 8.917593 -5.229045 433.689545 -21.165560 -3.097856 447.582764 39.000744 -7.360234 419.796326
599 337 615 325 635 325 650 336 634 343 616 343 736 334 751 321 770 320 786 330 770 338 753 339 97 243 119.931633 62.156361 -1.417685 0.009740 0.471298 -0.040302 19.518978 -10.647871 429.899139 -10.039891 -9.433813 444.977570 49.077847 -11.861929 414.820709
585 342 600 331 619 330 635 340 619 346 601 347 722 336 736 324 756 323 771 332 756 339 738 340 448 504 40.929993 119.886330 1.595955 0.013257 0.424849 -0.058172 13.534489 -9.533436 436.885010 -16.664000 -7.752640 450.575867 43.732979 -11.314233 423.194153
591 348 605 338 624 337 640 346 624 351 607 353 726 342 741 331 759 330 774 339 759 345 742 346 519 744 24.621708 173.438858 3.539887 0.004731 0.385506 -0.055378 15.989167 -6.882493 448.098145 -14.729035 -5.119701 460.581909 46.707371 -8.645285 435.614380
590 340 605 329 625 328 641 339 625 345 607 346 727 335 741 322 761 321 777 330 761 338 743 339 527 295 23.617958 72.989494 0.365853 0.019481 0.464983 -0.057868 15.513401 -9.907063 430.898193 -14.112551 -8.202869 445.796478 45.139351 -11.611259 415.999939
595 337 610 324 631 324 646 336 630 343 611 344 732 333 746 319 766 318 782 329 766 337 748 338 118 26 115.612473 13.577748 -2.895386 0.013849 0.502007 -0.046925 17.390841 -10.824866 424.980316 -11.682155 -9.444970 440.962067 46.463837 -12.204762 408.998566
575 351 589 340 609 338 625 348 609 354 591 356 711 342 726 330 745 329 761 337 746 345 728 346 973 654 -76.813820 152.464172 4.390157 0.028508 0.447154 -0.081360 8.669661 -6.220284 431.050842 -21.164515 -3.819153 445.428467 38.503838 -8.621414 416.673218
583 342 598 330 617 329 633 340 617 347 599 348 719 336 733 323 753 321 769 331 754 339 736 340 615 229 4.041492 58.062881 0.184579 0.022863 0.481998 -0.066884 12.029011 -9.287439 427.640747 -17.321558 -7.332751 443.044739 41.379581 -11.242127 412.236755
563 354 577 343 595 341 611 351 596 357 579 359 696 345 710 333 730 331 746 339 730 347 713 348 1189 677 -125.189178 157.207825 5.263829 0.018537 0.449575 -0.087359 2.571045 -5.102927 436.475525 -27.211975 -2.438656 450.912720 32.354065 -7.767197 422.038300
564 355 578 344 597 342 613 352 597 359 580 360 698 346 712 334 732 332 748 341 732 349 715 350 1103 711 -106.004211 164.972809 5.223589 0.019232 0.439296 -0.086186 3.276254 -4.374073 435.677643 -26.656591 -1.745015 449.808197 33.209099 -7.003131 421.547089
586 347 601 335 620 334 636 345 620 351 602 353 721 340 736 327 755 326 771 335 756 343 738 344 917 344 -63.739529 83.225853 1.996576 0.028759 0.482509 -0.074671 13.230149 -7.435028 430.522919 -16.095079 -5.279097 445.948303 42.555378 -9.590960 415.097504
592 349 607 338 626 337 642 347 626 353 608 354 728 343 743 331 762 329 778 338 762 346 745 347 729 400 -21.768198 96.101303 1.777992 0.024131 0.468655 -0.068029 16.215622 -6.296055 432.178070 -13.335086 -4.305132 447.189789 45.766327 -8.286978 417.166351
595 348 610 337 630 336 646 347 629 353 611 354 732 343 746 331 766 329 781 339 766 346 748 347 206 370 95.317879 90.361931 -0.154318 0.007513 0.472743 -0.055914 17.634838 -6.363053 432.161133 -11.878199 -4.633636 447.278992 47.147873 -8.092471 417.043274
587 344 602 332 622 331 638 343 622 350 604 351 723 338 738 324 758 322 773 332 758 341 740 343 707 55 -16.240902 18.970879 -0.753340 0.024165 0.493681 -0.072714 13.849521 -8.273185 425.198547 -15.306430 -6.151883 440.946259 43.005470 -10.394486 409.450836
596 347 611 336 631 335 647 346 631 352 613 353 733 343 747 330 767 328 782 338 767 346 749 347 245 269 86.767616 67.697342 -0.746065 0.010119 0.489810 -0.054403 18.046711 -6.630554 430.893341 -11.206811 -4.977019 446.515656 47.300232 -8.284089 415.271027
600 348 615 337 634 336 650 347 634 353 616 354 735 344 749 331 769 330 784 340 769 347 751 348 37 413 133.060287 100.294205 -0.403131 0.003733 0.488531 -0.049640 19.375618 -6.224243 434.481903 -9.905716 -4.671090 450.062378 48.656956 -7.777396 418.901459
595 352 610 341 630 341 646 351 629 357 612 358 732 347 746 335 765 334 781 343 766 351 748 351 272 587 80.168747 138.778992 1.609249 0.003298 0.440285 -0.054145 18.051140 -4.588684 439.676483 -11.939837 -2.872925 453.824158 48.042114 -6.304442 425.528778
588 353 603 342 623 341 639 351 622 357 605 358 725 346 739 334 759 333 774 341 759 349 741 350 561 542 15.577030 128.176514 2.238104 0.014666 0.451627 -0.069729 14.770764 -4.841921 434.944519 -15.026968 -2.714466 449.440338 44.568497 -6.969377 420.448700
597 351 612 340 631 340 647 350 631 356 613 357 733 347 748 334 767 333 782 342 767 350 750 351 251 447 85.113205 107.502106 0.542374 0.003299 0.466983 -0.054751 18.402300 -4.883626 434.440979 -11.199336 -3.156977 449.384918 48.003937 -6.610275 419.497040
612 376 628 364 649 363 664 376 648 383 629 383 748 373 762 359 782 357 798 368 783 377 764 378 663 134 -6.533240 36.723690 -0.334830 -0.012203 0.558915 -0.057859 24.625271 6.227752 425.285583 -3.474142 8.159679 442.871094 52.724682 4.295825 407.700073
612 399 627 389 647 388 662 399 646 404 628 405 746 396 761 384 780 382 795 391 780 399 763 400 545 692 18.894676 161.758957 3.254680 -0.037597 0.504472 -0.059318 25.026999 16.748116 441.583740 -3.986025 18.941828 457.583466 54.040024 14.554403 425.583984
627 399 643 388 662 387 677 396 661 402 643 403 763 394 778 384 798 383 815 392 799 398 781 398 153 773 106.472008 180.605347 2.543982 -0.038920 0.489025 -0.054964 32.066032 16.189381 434.128998 2.800782 18.250866 449.680695 61.331284 14.127896 418.577332
640 392 655 382 674 382 690 392 673 398 656 398 774 391 789 380 808 379 824 388 808 395 791 396 39 621 132.248413 146.816940 1.085995 -0.036346 0.509158 -0.039275 37.650478 14.517658 441.975281 8.681571 16.066135 458.129669 66.619385 12.969182 425.820892
589 391 603 380 622 379 638 391 622 397 605 398 719 386 733 371 754 369 770 378 755 388 737 389 1252 321 -138.663361 77.459030 2.933387 -0.011392 0.528047 -0.088995 13.555023 12.328912 437.167511 -15.001725 15.242204 453.858368 42.111771 9.415620 420.476654
594 382 609 370 629 369 645 381 628 388 611 389 726 376 740 362 760 360 776 370 761 379 743 381 812 38 -39.707344 14.973259 -0.529500 -0.016013 0.523936 -0.076808 16.329330 8.243009 437.384644 -12.327892 10.811840 453.959473 44.986553 5.674177 420.809845
626 389 641 378 661 378 677 389 660 395 642 396 760 386 774 373 793 371 808 380 793 389 776 390 387 406 54.751823 98.078484 0.697010 -0.014136 0.546182 -0.069587 30.908264 12.241023 438.758972 2.610627 14.561555 455.975769 59.205902 9.920491 421.542145
612 393 627 382 646 381 661 391 645 397 628 398 744 387 758 375 777 373 792 381 777 389 760 390 558 556 16.223829 131.313675 2.328033 -0.021081 0.499293 -0.078889 24.617928 13.315739 447.329346 -4.434412 15.995955 463.182983 53.670269 10.635523 431.475708
591 391 605 380 625 378 640 389 625 396 607 397 722 384 736 370 756 368 772 377 757 386 739 387 1205 423 -128.324661 100.362160 3.505975 -0.003844 0.521771 -0.097045 14.699528 11.763265 439.256683 -13.937746 14.868982 455.773987 43.336800 8.657547 422.739410
592 390 606 378 626 377 642 388 626 395 608 396 723 383 737 369 757 367 773 376 758 385 740 387 1063 269 -96.279091 66.178375 1.941730 -0.005921 0.525336 -0.093022 15.139899 11.362490 437.984924 -13.450390 14.357219 454.603790 43.730190 8.367762 421.366058
606 384 621 373 642 372 657 384 641 391 623 391 739 380 753 366 773 364 788 373 773 383 755 384 440 29 43.552158 13.650872 -1.815971 -0.015624 0.541030 -0.074821 21.843336 9.665210 437.892822 -6.530794 12.164724 454.958008 50.217464 7.165696 420.827637
622 395 637 385 656 384 672 395 656 400 638 401 755 391 769 379 787 378 802 386 787 394 771 395 314 638 70.680931 150.108932 2.110764 -0.029245 0.501171 -0.066997 29.524534 15.106185 449.780090 0.474350 17.475103 465.687164 58.574718 12.737267 433.873016
599 400 614 389 633 388 649 398 633 405 615 406 731 393 745 381 764 378 780 387 765 395 748 396 1208 674 -129.435623 156.501495 5.304876 -0.001673 0.516777 -0.098842 18.536390 16.089569 441.329651 -10.177460 19.236288 457.705627 47.250240 12.942850 424.953674
599 395 614 384 633 383 649 394 633 400 615 401 732 388 746 375 765 373 781 381 766 390 749 392 1072 466 -98.638107 110.227577 3.375452 -0.000920 0.529817 -0.095253 18.594662 13.722217 437.258209 -9.914173 16.742428 454.011841 47.103497 10.702005 420.504578
614 392 630 381 649 381 665 392 649 398 631 399 749 388 763 375 782 373 797 382 782 391 765 392 77 353 124.214439 86.798836 -0.699358 -0.027496 0.535805 -0.072267 25.622587 13.290069 436.551636 -2.846558 15.812862 453.454376 54.091732 10.767274 419.648895
613 393 628 383 648 382 664 393 647 399 629 400 747 389 761 376 780 374 795 383 781 391 763 393 238 431 88.050285 103.947289 0.385615 -0.028746 0.521399 -0.074244 25.210609 13.813118 439.865570 -3.494986 16.408772 456.352264 53.916206 11.217463 423.378906
615 392 630 381 651 380 667 392 650 398 632 399 750 388 764 374 784 372 799 382 784 391 766 392 386 245 55.257595 62.067078 -0.453830 -0.022797 0.535301 -0.072717 26.112026 13.129780 435.383514 -2.364520 15.626114 452.277710 54.588573 10.633446 418.489288
604 395 619 384 639 383 655 394 639 400 621 401 738 389 752 376 771 374 787 383 772 391 754 393 1132 460 -112.054008 108.774055 3.529834 -0.004898 0.507180 -0.088551 21.405441 14.156684 441.972321 -7.494896 17.009151 458.071808 50.305779 11.304217 425.872833
619 389 635 377 655 377 671 389 654 395 636 396 754 386 768 372 788 370 803 380 788 389 770 390 223 141 91.914833 39.106529 -1.730694 -0.022521 0.547658 -0.066240 27.814293 11.996278 433.743317 -0.465176 14.285340 450.994141 56.093761 9.707214 416.492462
620 388 636 376 656 376 672 388 655 395 637 395 755 385 769 371 789 369 804 379 789 388 771 389 53 73 130.075424 24.211637 -2.773963 -0.020493 0.571716 -0.068182 28.014557 11.519643 430.493469 0.163012 13.849633 448.421722 55.866100 9.189652 412.565216
591 416 605 406 624 405 639 415 624 422 607 423 723 410 737 397 756 395 771 403 757 412 739 413 1273 660 -143.956375 153.249207 5.418667 -0.022638 0.518661 -0.100588 14.508451 23.253677 436.258392 -14.169166 26.630611 452.652008 43.186069 19.876743 419.864777
591 406 605 394 625 393 641 405 625 413 607 413 723 401 737 386 757 384 773 393 758 403 740 405 946 75 -69.757797 23.000771 0.174523 -0.027087 0.553353 -0.090995 14.404679 18.584085 428.254883 -13.714730 21.691671 445.638824 42.524090 15.476500 410.870941
603 412 618 400 638 400 654 411 637 418 620 419 737 407 751 393 771 391 786 400 771 410 754 411 468 249 36.901165 62.809547 -0.155882 -0.037939 0.539687 -0.084539 20.452848 21.468655 431.973633 -7.920232 24.469082 448.959686 48.825928 18.468227 414.987610
601 409 616 397 637 396 652 409 636 416 618 417 735 405 750 390 770 388 785 397 770 407 752 409 630 23 1.045705 11.955947 -1.234433 -0.033411 0.551632 -0.086672 19.520504 20.123890 427.247131 -8.641106 23.152161 444.576660 47.682114 17.095619 409.917603
612 424 627 414 646 413 662 424 646 430 628 431 747 420 761 408 780 406 795 414 780 423 763 424 23 744 135.613358 174.359894 1.910124 -0.064022 0.511584 -0.073214 24.886734 27.757643 441.515778 -3.983233 30.611891 457.669342 53.756702 24.903397 425.362213
607 408 622 398 641 397 657 406 641 411 623 413 742 402 757 391 775 390 791 398 776 405 758 405 573 720 12.579976 167.970139 3.546257 -0.049931 0.428149 -0.073440 23.149927 20.068659 443.099365 -6.971522 22.779566 456.807343 53.271378 17.357754 429.391388
619 405 634 394 654 393 669 404 653 411 635 412 754 399 768 386 786 385 801 394 787 402 770 404 112 220 116.615318 56.983753 -1.532334 -0.041790 0.533002 -0.086169 27.448172 18.543457 432.369629 -1.033904 21.627733 449.157074 55.930244 15.459181 415.582184
590 412 604 400 623 399 638 409 623 416 606 417 721 403 734 390 753 388 769 396 754 405 737 407 1235 449 -135.083405 106.122261 3.789869 -0.020800 0.508503 -0.109681 13.924374 20.727247 439.435120 -14.888306 24.378565 455.530365 42.737053 17.075930 423.339874
590 407 604 396 623 395 639 406 623 413 606 414 721 401 735 388 754 386 770 395 755 404 738 405 1221 279 -131.652817 68.121826 2.532165 -0.025477 0.520137 -0.093715 14.082827 19.334326 437.475403 -14.591713 22.517855 453.913025 42.757366 16.150799 421.037781
621 417 636 407 656 407 671 417 655 423 637 424 756 414 770 402 788 400 803 409 788 417 771 418 345 580 63.845547 137.077637 1.799219 -0.054165 0.505809 -0.068809 29.101110 25.055721 443.449341 0.128346 27.686430 459.456146 58.073875 22.425013 427.442535
590 404 604 394 622 393 636 403 622 409 605 410 717 398 730 385 749 384 764 392 749 400 733 401 1248 458 -138.008224 108.111282 3.896733 -0.024117 0.503567 -0.093104 13.265219 18.627409 454.434998 -15.680171 21.782511 470.396484 42.210609 15.472308 438.473511
615 409 630 399 648 398 663 408 648 414 631 415 745 403 758 391 776 389 790 398 776 406 760 407 342 339 64.938988 83.175156 0.071595 -0.039821 0.511825 -0.086124 25.572941 21.221226 455.013824 -3.259556 24.284342 471.196045 54.405437 18.158108 438.831604
591 420 605 409 623 408 638 418 623 425 606 426 720 412 733 400 752 397 767 405 753 414 736 416 1216 583 -131.066422 136.131317 4.682545 -0.018948 0.505204 -0.112369 14.046102 25.264400 449.478271 -14.810136 28.986408 465.479004 42.902340 21.542393 433.477509
596 423 610 413 629 412 644 421 629 427 612 429 726 416 740 404 758 402 773 409 759 417 742 419 885 658 -57.128757 153.522324 4.129516 -0.035510 0.491735 -0.101693 16.861063 26.907236 450.990204 -12.245205 30.426937 466.578552 45.967331 23.387533 435.401855
595 414 609 402 629 401 644 412 628 419 611 420 725 407 739 393 758 391 773 400 758 409 741 410 1026 200 -87.878616 50.812824 1.328346 -0.021670 0.531866 -0.105418 16.128326 22.214729 442.034058 -12.314076 25.732529 458.803497 44.570728 18.696930 425.264618
606 415 621 405 640 404 655 414 640 420 622 421 738 409 752 397 770 395 784 403 770 412 754 413 467 451 36.771126 107.995750 1.280620 -0.044568 0.501711 -0.086570 21.947180 23.705503 450.504364 -7.047017 26.819775 466.385101 50.941376 20.591234 434.623657
590 412 604 401 623 399 638 410 623 417 606 418 719 405 733 391 752 389 767 398 752 407 735 408 1024 280 -87.571190 68.711327 1.891987 -0.020124 0.525322 -0.105848 13.654084 21.464821 445.032684 -14.896223 24.984781 461.617310 42.204391 17.944859 428.448090
599 411 614 399 633 398 648 410 632 416 615 417 730 405 743 391 762 389 777 398 763 407 746 409 346 129 64.411713 36.193909 -1.412071 -0.039081 0.532769 -0.089772 18.085585 21.272495 443.911560 -10.390308 24.447031 460.692657 46.561478 18.097961 427.130463
597 421 611 411 630 409 645 419 630 425 613 426 727 414 741 402 759 400 773 408 759 416 743 417 965 785 -75.253082 181.781738 5.297594 -0.032137 0.481945 -0.096966 17.455976 26.260191 456.158936 -11.816974 29.603235 471.471588 46.728928 22.917149 440.846252
596 416 610 406 628 405 643 415 628 421 611 422 725 409 738 398 756 396 771 403 757 411 740 413 1018 769 -87.085052 178.104370 5.357700 -0.021306 0.479618 -0.101333 16.588753 24.302361 458.579620 -12.705884 27.699976 473.838715 45.883389 20.904745 443.320526
559 377 573 366 592 365 608 376 592 383 575 384 692 371 706 358 726 356 742 364 727 373 709 375 1190 517 -125.132706 121.416389 4.126688 0.000166 0.477181 -0.081755 0.849269 5.928771 434.560577 -28.539602 8.537313 449.793762 30.238140 3.320230 419.327423
574 382 589 371 608 370 624 381 608 387 590 388 710 378 724 365 743 363 758 372 743 380 726 382 625 580 1.188969 136.557693 2.719247 -0.007386 0.489606 -0.065719 7.921842 8.547500 434.036987 -21.313173 10.700823 449.633026 37.156860 6.394176 418.440918
569 372 584 360 605 359 621 372 604 379 586 379 705 367 719 353 739 350 755 360 740 370 722 372 709 0 -16.592115 6.664498 -1.138790 0.003446 0.521974 -0.074635 5.914717 3.896368 423.522949 -22.780132 6.232172 440.067108 34.609566 1.560562 406.978790
573 373 588 362 608 361 624 373 607 380 589 381 709 369 723 355 743 353 759 363 744 372 726 374 477 27 35.276043 13.134796 -1.708651 -0.004279 0.527208 -0.068644 7.445072 4.690319 422.039948 -21.176413 6.900332 438.727844 36.066555 2.480305 405.352051
563 380 577 368 597 367 613 379 597 386 579 387 698 374 712 360 732 357 748 367 733 376 715 378 1075 280 -98.983643 68.616623 2.059564 0.010794 0.509187 -0.089797 2.946775 7.082894 424.845215 -25.917685 9.844216 441.024750 31.811234 4.321573 408.665680
587 371 603 360 623 359 638 371 622 378 604 378 724 367 738 353 757 351 772 361 758 370 740 371 190 202 99.192513 52.812584 -1.404339 -0.010903 0.519853 -0.065906 13.799747 3.791372 426.874573 -14.949615 5.972896 443.345001 42.549110 1.609848 410.404144
585 385 601 375 620 375 636 385 620 391 602 392 724 381 738 368 757 367 773 375 757 383 740 385 435 750 43.408173 174.936951 3.306645 -0.013177 0.471424 -0.070719 13.726197 10.040045 433.725647 -15.776816 12.401463 448.777405 43.229210 7.678627 418.673889
578 377 594 365 614 364 630 376 614 383 595 384 715 371 730 357 750 355 765 364 750 374 732 375 685 148 -11.480779 39.814423 -0.162755 0.003174 0.525089 -0.084711 10.130289 5.798568 421.507843 -18.487486 8.453609 438.137146 38.748062 3.143527 404.878540
572 387 587 376 606 375 622 386 606 392 588 393 707 381 722 368 741 366 756 374 741 383 724 384 930 764 -67.384224 177.149353 5.032910 -0.003427 0.473114 -0.083902 7.025660 10.273947 436.461060 -22.419230 12.980325 451.568481 36.470547 7.567568 421.353668
597 387 612 377 632 376 648 387 631 393 613 394 735 383 750 371 769 369 784 378 769 386 751 387 90 689 120.716866 161.932800 1.738252 -0.032045 0.514231 -0.060001 18.509628 10.949662 429.921814 -10.344071 13.121350 446.210052 47.363327 8.777974 413.633545
564 386 579 375 598 373 614 384 598 391 581 392 700 378 714 364 734 362 750 370 735 379 717 381 1096 505 -104.076981 118.906723 3.732290 0.007966 0.502477 -0.102143 3.660182 9.118951 425.002686 -25.274414 12.298861 440.978821 32.594776 5.939042 409.026550
568 386 582 375 602 373 618 384 602 391 584 392 704 379 718 365 737 363 753 371 738 380 720 382 1231 520 -134.312668 122.011314 4.282790 0.011025 0.505804 -0.097197 5.194088 9.208616 425.026917 -23.702917 12.204585 441.106293 34.091091 6.212647 408.947510
567 379 581 367 601 366 618 377 601 385 583 386 703 371 717 357 737 354 753 363 738 373 720 375 1222 226 -131.783768 56.264675 2.157684 0.019396 0.508842 -0.102721 4.855269 6.054173 421.381134 -23.975370 9.153449 437.559784 33.685909 2.954897 405.202515
595 379 611 368 630 367 646 378 630 385 612 385 733 374 747 361 766 360 781 368 766 377 749 378 61 392 127.726501 95.552254 -0.473952 -0.022111 0.516713 -0.065608 17.483114 7.087602 426.979401 -11.318613 9.354193 443.346527 46.284843 4.821011 410.612305
565 392 579 381 598 380 614 390 598 396 581 398 701 383 715 370 735 368 751 376 735 384 718 386 1059 797 -96.308807 184.291412 5.691993 0.003444 0.479190 -0.104076 3.992761 11.572160 428.142578 -25.299278 14.864284 443.429749 33.284801 8.280037 412.855377
560 381 575 369 594 367 611 378 595 385 577 387 696 372 710 358 730 355 746 364 731 373 713 375 1080 418 -100.344215 99.475853 3.059610 0.007664 0.486784 -0.101266 2.050074 6.516161 425.684967 -27.134274 9.681136 441.203217 31.234421 3.351186 410.166687
591 378 607 368 627 367 642 378 626 384 608 385 729 374 744 361 763 360 778 368 763 377 746 378 23 425 136.172089 103.004417 -0.363600 -0.023820 0.509245 -0.062319 15.942684 7.011067 427.805145 -12.987368 9.187594 443.956757 44.872734 4.834541 411.653534
582 373 597 361 617 360 633 372 617 379 598 380 719 367 733 353 753 351 769 360 754 370 736 371 352 126 63.074326 35.511715 -1.413739 -0.008508 0.524866 -0.077329 11.573255 4.168594 422.119110 -17.067188 6.689902 438.730164 40.213696 1.647286 405.508026
567 372 582 360 602 359 618 371 602 378 583 379 703 365 717 351 737 348 753 357 738 367 720 369 960 50 -72.846840 17.382652 0.042333 0.010150 0.511717 -0.092394 4.927283 3.379616 421.505676 -23.888670 6.226796 437.756653 33.743237 0.532435 405.254730
588 367 604 355 624 355 640 366 623 373 605 374 725 361 739 347 758 345 773 354 759 364 741 365 54 72 129.853409 23.986095 -2.777805 -0.008623 0.513665 -0.074989 14.361873 1.576639 427.093689 -14.468610 4.028167 443.383331 43.192356 -0.874890 410.804016
569 389 585 378 606 377 624 388 606 394 587 395 715 382 731 368 752 366 768 374 752 383 733 385 606 674 5.276021 157.619354 3.326817 -0.011122 0.466883 -0.089044 8.395248 10.178828 404.794006 -21.129053 13.109977 419.703186 37.919548 7.247679 389.884827
542 398 557 386 578 385 596 396 579 403 560 405 686 390 702 375 724 372 741 380 725 390 705 392 1186 605 -124.391747 141.108093 4.740779 -0.006460 0.497308 -0.105576 -3.057671 13.138209 396.507477 -32.063038 16.546947 412.307129 25.947697 9.729469 380.707825
555 401 570 390 590 388 608 399 591 405 572 407 699 392 714 379 735 377 753 385 736 394 717 396 814 782 -41.458031 181.391083 4.780054 -0.016511 0.490662 -0.097887 1.850291 14.586774 402.704407 -27.284498 17.834751 418.298462 30.985081 11.338796 387.110382
560 401 576 390 597 389 614 399 597 406 578 407 706 394 722 381 743 378 760 386 743 396 724 397 699 738 -15.647011 171.762497 4.088568 -0.023745 0.477022 -0.087400 4.648846 14.957869 401.910980 -24.727377 17.931652 417.101562 34.025070 11.984084 386.720398
550 396 565 384 587 382 604 394 587 401 568 402 695 387 711 372 732 369 750 378 733 388 714 390 899 477 -59.944557 113.009361 2.885410 -0.004649 0.502586 -0.105627 0.291053 12.071694 395.729858 -28.630283 15.464808 411.686127 29.212389 8.678582 379.773560
553 388 569 375 591 374 609 387 591 395 571 396 699 381 715 365 737 362 755 372 739 383 718 385 887 130 -56.651497 35.412998 0.372681 -0.004556 0.523115 -0.096768 2.005156 9.416259 389.486084 -26.610735 12.518627 406.041016 30.621046 6.313890 372.931152
601 392 618 381 640 381 658 393 639 399 619 399 751 391 767 377 787 376 803 385 786 394 768 395 45 532 131.061661 126.897842 0.471348 -0.040825 0.520478 -0.047294 21.793175 12.886001 397.862396 -6.979860 14.730209 414.332703 50.566212 11.041792 381.392090
558 393 574 381 596 380 614 392 596 400 576 401 705 387 721 371 743 368 760 378 743 388 724 391 1256 324 -139.563705 78.122658 2.967913 0.005227 0.523532 -0.098334 3.920394 11.531857 388.152588 -24.683754 14.600383 404.734100 32.524540 8.463332 371.571075
588 397 606 386 627 385 645 397 627 404 607 404 738 394 754 380 776 378 792 387 775 397 756 398 141 521 109.598679 124.259048 0.708381 -0.041535 0.511705 -0.061432 16.746750 14.251648 395.128845 -12.145580 16.546888 411.331451 45.639080 11.956407 378.926208
585 388 603 375 625 375 643 388 624 395 604 396 735 384 751 369 773 367 789 377 773 387 753 389 269 148 81.608994 40.586906 -1.529653 -0.049470 -0.473914 -0.026831 18.007856 9.968740 385.852600 -11.526663 10.444324 370.685333 47.542377 9.493156 401.019836
566 387 583 374 606 373 624 387 606 394 585 395 715 381 731 365 753 362 771 372 754 383 734 386 864 86 -51.427639 25.613573 -0.016510 0.000151 0.533989 -0.090919 7.793935 9.233476 386.021576 -20.657511 12.105629 402.898346 36.245380 6.361322 369.144806
563 395 580 384 601 383 618 394 601 401 581 402 711 388 726 374 747 372 764 380 748 390 729 392 941 700 -69.733635 162.813095 4.612884 0.001105 0.472262 -0.094968 6.223649 12.639037 400.332031 -23.202496 15.663395 415.415619 35.649792 9.614680 385.248413
576 385 593 373 615 372 633 385 615 392 594 393 725 381 741 366 763 363 779 373 763 383 743 385 435 230 44.318966 58.620815 -0.399740 -0.014798 0.517443 -0.074257 11.583509 9.022509 391.528168 -17.186970 11.501604 407.919434 40.353989 6.543413 375.136932
552 385 569 371 591 370 609 383 591 392 571 393 699 377 715 360 737 357 755 367 738 379 718 381 1241 89 -135.795502 25.584566 1.243625 0.010508 0.534612 -0.104541 1.776795 7.745356 385.737396 -26.622107 10.956434 402.641571 30.175697 4.534278 368.833221
584 381 602 369 624 368 642 381 623 388 603 389 733 378 749 362 771 360 787 370 771 381 751 382 139 134 110.724068 37.696720 -2.056596 -0.025458 0.541146 -0.064839 14.754944 7.638866 389.543427 -13.639366 9.909700 406.607025 43.149254 5.368032 372.479858
584 381 601 368 624 367 641 381 623 388 603 389 733 376 749 361 770 358 786 368 770 379 751 381 185 27 100.617897 13.677019 -2.668109 -0.043167 -0.475402 -0.035842 17.314789 6.969882 387.056793 -12.187956 7.780818 371.842010 46.817532 6.158946 402.271606
571 393 588 381 611 380 629 392 610 399 590 400 721 387 737 372 759 369 776 378 759 388 740 390 546 377 19.222635 91.296371 1.012752 -0.016040 0.508514 -0.087880 9.931886 11.555355 390.545135 -18.948893 14.477922 406.667114 38.812664 8.632788 374.423126
584 398 601 387 623 386 641 398 622 404 602 405 734 393 750 379 771 377 787 386 771 395 752 397 4 645 140.038452 152.250366 1.142055 -0.046067 0.497519 -0.071922 15.097900 14.319039 397.438416 -13.999853 16.979551 413.211853 44.195656 11.658528 381.664948
559 387 576 373 599 372 617 385 599 393 578 395 708 379 724 363 746 359 764 369 747 381 727 383 1041 48 -90.968987 16.784872 0.294228 0.006063 0.538316 -0.101018 4.901481 8.490969 382.356506 -23.446091 11.627169 399.360596 33.249054 5.354768 365.352417
584 387 602 374 625 373 643 387 624 394 603 395 735 382 751 366 773 363 789 373 773 384 753 386 218 166 92.989914 44.707935 -1.568932 -0.021084 0.548246 -0.079070 15.030982 9.340708 385.365509 -13.208890 12.020859 402.624878 43.270855 6.660558 368.106140
589 443 606 432 627 432 644 443 626 449 607 450 739 441 755 429 776 427 793 437 776 445 757 446 243 505 86.801804 120.490685 0.929492 -0.096490 0.375257 -0.054576 17.803604 34.051361 404.729309 -13.044153 36.411163 416.787781 48.651360 31.691561 392.670837
590 447 607 436 628 436 645 447 627 453 608 454 740 445 757 432 777 431 794 441 777 449 758 449 291 546 75.988869 129.572632 1.379445 -0.114413 0.331985 -0.054106 18.674627 35.913242 408.841278 -12.671436 38.296276 419.532623 50.020691 33.530209 398.149902
593 443 610 431 631 431 649 443 631 449 611 450 743 440 759 427 780 426 797 436 780 444 761 445 349 382 63.297253 92.780609 0.401085 -0.099015 0.376275 -0.058355 19.566559 33.693172 404.463501 -11.261989 36.191841 416.543121 50.395107 31.194506 392.383881
593 446 610 434 632 434 649 446 631 452 611 453 743 444 759 431 781 429 797 439 780 448 761 448 186 461 99.633965 110.754395 0.428583 -0.106903 0.374896 -0.056459 19.808697 35.143867 405.971008 -11.040473 37.627293 418.001007 50.657867 32.660442 393.941010
600 455 617 444 638 444 655 455 637 461 618 461 749 453 765 441 785 440 801 449 785 456 766 457 2 731 140.335373 171.490982 1.748463 -0.133459 0.321021 -0.049015 22.862638 39.908016 416.566650 -8.609245 42.206329 426.900940 54.334522 37.609703 406.232330
601 448 618 437 640 436 658 449 639 455 619 456 752 447 768 433 789 432 806 442 789 451 770 452 86 343 122.217995 84.545273 -0.741063 -0.110629 0.419828 -0.054996 22.697134 35.775387 399.072449 -7.578397 38.302670 412.472626 52.972664 33.248108 385.672272
580 460 596 448 618 448 636 459 618 466 598 467 729 455 746 441 767 440 785 449 767 458 748 459 729 586 -22.093983 137.706696 3.103737 -0.076000 0.363647 -0.086064 14.286531 40.115334 405.416382 -16.627777 43.357635 417.093384 45.200840 36.873035 393.739349
593 442 610 430 632 429 650 442 631 449 611 449 743 439 759 424 780 422 797 433 781 442 761 443 411 99 49.918983 29.362663 -1.412323 -0.087650 0.439810 -0.074549 19.070669 32.362267 395.522034 -10.886938 35.382320 409.521362 49.028275 29.342213 381.522736
598 454 616 442 638 442 656 454 637 460 617 461 751 450 767 436 788 435 805 444 788 453 769 455 235 368 88.831955 89.860710 -0.073285 -0.105197 0.387366 -0.072767 22.138248 37.462547 399.908936 -8.522997 40.479515 412.292236 52.799492 34.445580 387.525665
595 459 613 448 635 448 653 460 634 466 614 467 748 456 764 443 785 441 802 451 785 460 766 461 364 675 59.427452 158.292419 2.538778 -0.111677 0.326667 -0.066070 21.515148 40.562344 406.564484 -9.864432 43.310760 417.068176 52.894726 37.813931 396.060791
569 455 585 442 607 440 625 453 607 460 587 462 718 446 734 431 756 428 774 438 757 448 737 450 1039 191 -90.771912 48.775520 1.306912 -0.052185 0.441024 -0.122757 9.126851 35.479298 389.870728 -20.659689 39.788109 403.897675 38.913391 31.170481 375.843750
575 449 592 436 614 435 632 447 614 455 594 456 725 441 741 426 763 424 781 434 764 444 744 445 779 157 -32.531250 41.653038 0.210260 -0.070765 0.405095 -0.105579 12.215343 33.847881 394.794189 -18.123363 37.718060 407.722595 42.554050 29.977703 381.865753
559 462 575 450 596 449 614 460 596 467 577 468 706 453 722 439 743 437 761 446 744 455 725 456 1262 631 -141.444077 146.782761 5.175820 -0.049192 0.401360 -0.121575 4.950831 39.314655 400.059143 -25.377239 43.555580 412.895905 35.278900 35.073734 387.222382
599 453 616 442 638 442 656 454 637 460 617 460 750 451 767 438 788 437 804 446 787 455 768 456 149 479 107.882050 114.849426 0.435306 -0.143971 -0.272893 -0.009717 24.068045 37.868050 403.888611 -7.908613 37.538467 394.947449 56.044701 38.197636 412.829773
581 462 598 450 620 450 638 461 620 467 600 468 733 456 749 442 771 440 789 449 771 458 752 460 698 622 -15.220060 145.816910 3.258473 -0.094965 0.288584 -0.085666 15.764998 40.862869 408.321625 -15.947768 44.111629 417.611694 47.477764 37.614113 399.031555
576 452 593 440 615 438 633 450 614 457 594 459 726 445 743 431 764 428 782 438 765 447 745 449 890 314 -57.645096 76.565445 1.694029 -0.071386 0.372735 -0.099007 12.762791 35.643120 399.469696 -18.004181 39.283108 411.415527 43.529762 32.003132 387.523834
576 448 593 436 615 435 633 447 615 454 595 455 726 441 742 427 764 425 782 435 765 444 745 445 815 119 -40.520538 33.086163 0.057698 -0.072198 0.400484 -0.098461 12.578187 34.077175 397.817261 -17.843864 37.724937 410.613831 43.000237 30.429413 385.020691
583 461 600 450 622 449 640 460 622 466 602 467 735 455 751 442 772 440 790 448 773 457 753 458 590 697 8.816112 162.793823 3.438180 -0.102119 0.269287 -0.082589 16.747803 40.813148 412.504272 -15.149657 43.967793 421.173767 48.645264 37.658504 403.834808
565 451 582 438 604 436 623 449 605 457 584 458 715 441 730 425 752 421 770 431 754 442 734 444 1276 109 -143.662598 29.993271 1.501182 -0.041402 0.345999 -0.143701 8.424394 33.900768 394.691467 -22.477480 38.795177 405.812561 39.326267 29.006357 383.570374
584 463 602 452 624 451 643 462 624 469 603 470 738 457 755 443 776 441 794 450 777 459 757 460 566 635 14.295270 148.969925 2.917405 -0.212766 -0.139613 -0.055328 18.995878 41.300129 410.761932 -13.836615 42.626209 405.984009 51.828369 39.974049 415.539856
621 337 646 328 674 330 695 346 670 350 644 348 807 360 829 350 854 353 871 367 850 373 827 370 486 317 32.754135 77.986694 0.387943 0.011755 0.696162 0.082031 29.820126 -1.832080 303.461914 4.444535 -4.468567 324.714844 55.195717 0.804406 282.208954
520 450 530 442 545 442 556 451 544 456 531 456 621 451 632 442 647 441 659 449 647 454 633 455 1149 610 -116.120880 142.295212 4.654843 -0.110703 -0.476207 0.019621 -33.150902 54.187580 585.120361 -62.658981 52.703831 569.966797 -3.642822 55.671329 600.273926
562 419 575 410 592 411 605 422 591 426 575 426 677 423 690 413 707 413 720 421 706 428 691 428 894 504 -58.872982 119.058136 3.061428 -0.057672 0.431600 -0.008461 -3.465031 32.488911 514.668640 -33.624573 33.167812 528.543091 26.694513 31.810011 500.794189
551 429 564 421 581 421 594 431 580 436 564 435 666 432 679 422 695 421 708 429 695 436 680 436 904 793 -61.616909 183.684494 5.154181 -0.092484 -0.424910 0.027290 -7.672645 38.022221 524.371643 -37.914867 36.502296 510.746033 22.569580 39.542145 537.997253
592 428 606 421 623 422 635 432 621 436 606 435 708 435 721 426 736 426 748 434 735 440 721 440 14 626 137.834000 147.981781 1.039488 -0.094817 0.474920 0.016776 12.164500 38.588715 519.553711 -17.363781 38.786316 534.739258 41.692783 38.391113 504.368164
567 422 581 413 598 414 611 425 596 429 581 429 683 425 695 414 712 414 725 423 711 429 696 430 929 233 -66.230392 58.374546 1.244835 -0.057496 0.466925 -0.022221 -0.721485 33.608738 511.848938 -30.365034 34.757141 526.765381 28.922064 32.460335 496.932465
565 429 579 421 595 421 608 431 594 435 579 435 681 431 694 421 710 421 723 429 709 435 695 435 878 756 -55.733994 175.456436 4.805027 -0.058136 0.397392 -0.020819 -1.688661 37.900639 526.481018 -32.299667 38.951866 539.303650 28.922344 36.849411 513.658325
576 424 589 416 606 417 619 427 604 431 589 430 691 428 704 419 720 419 732 427 719 433 704 433 44 510 131.323975 121.978638 0.311253 -0.063077 -0.436723 0.048188 5.392622 35.526478 518.777893 -24.659391 33.528545 504.797729 35.444633 37.524410 532.757996
556 430 569 422 585 422 598 431 584 435 569 436 669 430 682 420 698 420 710 427 697 433 683 434 1198 757 -127.343262 175.085907 5.863614 -0.109780 -0.434083 0.004087 -5.774320 38.026199 531.679199 -35.902420 37.116936 517.749756 24.353779 38.935463 545.608704
571 427 585 419 602 419 615 430 600 434 585 434 686 431 699 421 716 420 728 429 715 435 700 435 375 447 57.365295 107.271843 0.949814 -0.067011 -0.449425 0.037513 3.202513 37.034252 521.135437 -26.683622 35.339947 506.765045 33.088650 38.728561 535.505798
552 425 565 416 582 415 595 426 581 431 565 431 666 425 679 414 695 413 708 421 695 428 680 429 840 257 -46.356586 63.908249 1.123461 -0.085113 -0.482557 0.004912 -7.259612 34.233387 519.661011 -36.674717 33.408379 504.278198 22.155493 35.058395 535.043823
560 428 573 420 590 420 603 430 588 434 573 434 675 429 688 419 704 419 716 427 703 433 689 433 298 669 74.207016 157.072876 2.279148 -0.078451 -0.409753 0.014290 -3.059790 37.323524 529.574707 -33.514008 36.336708 516.378967 27.394428 38.310337 542.770386
550 428 563 419 579 419 592 429 578 434 563 434 663 428 676 418 692 417 704 425 691 431 677 432 971 630 -76.324234 147.099442 4.212521 -0.091277 -0.456407 0.003715 -9.013074 36.718651 530.295044 -38.821243 35.920460 515.686951 20.795094 37.516838 544.903076
557 426 570 417 587 418 600 427 586 432 571 432 671 427 684 417 700 416 713 424 700 431 685 431 688 468 -12.712589 111.388008 2.127955 -0.077943 -0.457449 0.016099 -4.701259 35.795261 524.941406 -34.489605 34.698303 510.312317 25.087088 36.892223 539.570557
555 422 569 413 585 413 598 423 584 428 569 428 669 422 682 411 698 411 711 419 698 426 683 426 758 214 -27.931845 54.442070 0.547535 -0.086109 -0.459035 0.004813 -5.657804 33.268394 524.527954 -35.427036 32.469917 509.840729 24.111427 34.066875 539.215210
557 416 570 406 587 406 599 417 586 422 571 422 670 416 682 405 698 404 710 413 698 420 683 420 981 5 -77.467262 7.277838 -0.209410 -0.081611 -0.466871 0.004481 -5.319787 29.984407 527.527649 -34.972710 29.220304 512.605225 24.333138 30.748508 542.450134
553 418 566 408 583 408 595 418 582 423 567 424 666 417 678 406 694 405 707 414 694 421 680 421 1151 65 -115.613846 20.383251 0.776838 -0.089186 -0.469518 -0.002396 -7.322834 30.800211 526.336182 -36.936737 30.194695 511.329163 22.291071 31.405729 541.343140
559 423 572 414 588 414 601 424 587 428 572 428 672 424 685 414 701 413 713 422 700 428 686 428 714 519 -18.620028 122.747658 2.576897 -0.081548 -0.409061 0.015831 -4.413260 34.841457 538.421265 -34.875977 33.785099 525.250610 26.049459 35.897816 551.591980
552 419 565 410 581 410 594 420 580 425 565 425 665 418 677 407 693 406 706 415 693 422 678 422 1272 11 -142.595856 8.079581 0.789527 -0.092399 -0.486896 -0.006256 -7.900816 31.144913 521.757874 -37.249008 30.612495 506.234985 21.447376 31.677330 537.280762
563 421 576 412 592 412 605 422 591 427 576 427 676 422 689 412 704 412 716 420 704 427 689 427 502 274 29.249077 68.338531 0.134027 -0.075536 -0.458524 0.024047 -2.140754 33.354759 527.583923 -31.908110 32.020054 512.931824 27.626600 34.689465 542.235962
634 165 647 156 664 157 677 167 663 172 648 172 753 167 765 157 782 156 795 165 781 172 767 172 385 288 55.406052 71.687386 -0.150626 0.170982 0.489270 0.034026 34.171234 -97.967041 497.095215 4.871034 -100.404678 512.526184 63.471439 -95.529396 481.664215
624 144 637 135 654 136 667 147 653 151 637 151 741 147 753 136 770 136 782 145 769 152 754 152 807 60 -38.627010 19.903610 -0.389120 0.201663 0.503197 0.041639 28.643229 -109.185402 499.782654 -0.432203 -112.144539 515.544067 57.718662 -106.226265 484.021240
636 167 649 159 664 159 676 170 663 174 649 174 749 170 761 160 777 160 789 168 776 175 762 175 527 86 23.984028 26.239357 -1.123829 0.191572 0.530120 0.036764 34.134010 -99.721825 512.617065 5.494028 -102.520401 529.184448 62.773994 -96.923256 496.049652
635 168 647 160 661 161 673 169 660 174 647 174 746 169 758 160 773 160 785 168 773 173 759 173 961 732 -74.265152 169.933868 4.906685 0.187372 0.477252 0.025418 34.038441 -103.496979 530.789490 4.543320 -105.756721 545.872314 63.533566 -101.237228 515.706726
632 167 644 160 658 160 670 168 658 173 644 173 743 167 754 158 769 158 781 165 769 171 756 172 1193 630 -126.001945 146.687210 4.941972 0.192931 0.490705 0.014959 32.203976 -104.035133 529.862732 2.908673 -106.044823 545.364502 61.499279 -102.025444 514.360901
629 165 640 157 655 157 667 166 654 171 641 171 739 165 751 155 766 155 779 163 767 169 753 169 1091 281 -102.565765 68.810600 2.119264 0.191836 0.507007 0.014178 30.053770 -104.032051 523.604248 1.016409 -106.055710 539.582214 59.091129 -102.008400 507.626251
623 162 635 153 650 153 662 162 649 167 636 168 733 159 744 149 760 148 773 156 761 163 746 163 1225 29 -132.110031 12.193185 0.763392 0.182971 0.519859 -0.001661 27.024227 -106.701706 523.665833 -1.806102 -108.188927 540.071899 55.854557 -105.214485 507.259705
626 162 637 153 652 153 664 162 652 167 638 168 736 160 747 150 763 150 775 158 763 164 749 164 1110 54 -106.419868 17.998852 0.563715 0.187600 0.518441 0.008056 28.309547 -106.146393 522.687744 -0.543718 -107.974792 539.018860 57.162815 -104.318001 506.356598
637 170 649 162 665 162 677 171 664 175 650 176 749 169 760 159 775 159 788 167 775 172 762 173 46 461 130.962250 111.014366 -0.031431 0.166653 0.491921 0.010301 35.443848 -103.055595 530.524170 6.168772 -104.713188 546.105652 64.718925 -101.398003 514.942749
636 171 648 163 663 163 674 172 662 177 648 177 748 172 759 162 774 162 786 170 774 176 761 176 537 709 20.655088 165.576462 3.349564 0.191883 0.493875 0.019806 34.610207 -101.710289 528.617004 5.367306 -103.874397 544.196716 63.853107 -99.546181 513.037231
637 171 649 163 664 163 676 172 663 177 650 177 749 170 760 160 776 160 788 168 776 174 762 174 40 334 132.527328 82.617523 -0.956359 0.169589 0.513018 0.013414 35.019482 -101.504799 525.484070 6.081788 -103.338470 541.664490 63.957176 -99.671135 509.303589
633 171 645 162 660 162 672 171 659 176 645 176 744 169 756 159 771 158 784 166 772 172 758 173 988 245 -79.454041 60.949207 1.524230 0.187913 0.530526 0.002095 32.398617 -101.041191 519.883484 3.744699 -102.719048 536.577698 61.052532 -99.363342 503.189209
629 169 640 160 656 159 668 169 655 174 641 174 740 166 751 155 767 155 780 163 767 169 753 170 917 62 -63.245594 20.146719 -0.013425 0.186054 0.526746 -0.002951 30.170757 -102.459961 520.324158 1.454048 -103.952187 536.927856 58.887466 -100.967735 503.720398
631 174 643 166 658 165 670 174 657 178 644 179 742 171 754 162 769 162 781 169 769 175 755 175 1026 716 -88.782410 166.234207 5.006220 0.180984 0.496493 -0.000470 31.920513 -101.718307 531.360840 2.713923 -103.160866 547.091492 61.127102 -100.275749 515.630127
639 172 650 164 665 164 677 172 664 176 651 177 749 170 761 162 776 161 787 168 776 174 762 174 210 795 93.678383 185.420578 2.888082 0.167010 0.481606 0.013203 36.340748 -103.813736 538.242554 6.906886 -105.540092 553.514343 65.774605 -102.087387 522.970764
635 167 647 158 662 158 675 167 662 172 648 172 746 165 758 155 773 154 786 162 773 168 759 169 884 306 -56.288445 74.787102 1.617293 0.167357 -0.366971 -0.063909 35.836098 -104.800224 527.682800 4.903066 -101.731079 516.008606 66.769127 -107.869370 539.357056
639 170 651 162 666 161 677 169 665 174 651 175 750 167 761 159 776 158 788 166 776 171 762 171 589 674 9.080171 157.650925 3.270958 0.172848 0.485966 0.007530 36.410931 -104.789543 536.401062 7.041742 -106.392548 551.810181 65.780121 -103.186539 520.991943
639 163 650 155 666 155 677 164 665 169 651 169 749 163 760 154 776 153 788 161 776 167 762 168 30 223 134.959488 57.807076 -1.780388 0.180591 0.518887 0.023240 35.588577 -105.941132 527.976501 6.751084 -108.191452 544.282776 64.426071 -103.690811 511.670258
632 164 644 155 659 155 671 164 658 169 645 170 743 162 754 152 770 152 782 160 770 166 756 167 1193 165 -125.187485 42.673748 1.627608 0.201695 0.530447 0.005199 31.873446 -105.056602 522.452271 3.216504 -106.949211 539.118286 60.530388 -103.164001 505.786194
637 167 649 159 664 159 675 168 663 173 649 173 748 167 760 158 774 157 786 165 774 171 761 171 368 519 58.805599 123.390152 1.440005 0.185721 0.512319 0.018058 34.921337 -104.196671 529.167175 5.972561 -106.307968 545.293823 63.870117 -102.085365 513.040466
672 271 683 264 697 264 708 272 696 276 683 276 772 270 783 262 798 261 809 268 798 274 785 274 441 297 42.858974 73.596558 0.097528 0.069957 0.514013 -0.010417 55.702785 -53.081638 586.307861 26.788719 -53.334778 602.631836 84.616852 -52.828499 569.983887
665 277 675 269 689 269 701 277 689 281 676 281 766 274 777 265 791 265 803 271 792 277 779 278 831 440 -44.663155 104.859291 2.398252 0.074945 0.531597 -0.024945 51.046654 -49.820595 578.479309 22.431841 -49.677292 595.323669 79.661469 -49.963902 561.635010
665 273 676 267 689 267 700 275 689 279 676 279 767 274 778 266 792 265 803 272 792 277 779 278 535 611 21.274284 143.659058 2.644481 0.093074 0.545371 -0.006433 50.646915 -49.990780 573.020386 22.256121 -50.609371 590.229065 79.037712 -49.372189 555.811707
662 271 673 263 687 263 698 271 687 276 674 276 764 268 774 259 789 258 801 265 789 271 776 272 904 2 -60.231449 6.749767 -0.483801 0.079803 0.545781 -0.027423 48.920731 -52.491184 570.975464 20.549131 -52.331112 588.226135 77.292328 -52.651253 553.724792
661 271 672 262 686 262 697 270 686 275 673 275 762 267 773 258 788 257 800 264 788 270 775 271 1066 69 -96.600105 21.435831 0.526054 0.075782 0.532369 -0.031453 48.778164 -53.570362 576.763306 20.182104 -53.229519 593.636597 77.374222 -53.911209 559.889954
661 275 671 268 685 267 696 274 684 279 672 280 761 271 772 263 786 262 798 268 787 274 774 275 1091 661 -103.231346 153.810852 4.827776 0.072647 0.497550 -0.034914 48.993050 -51.903126 586.809143 19.831797 -51.379780 602.680725 78.154305 -52.426472 570.937561
671 267 682 259 696 259 708 267 696 271 683 271 773 265 784 256 799 256 810 263 799 269 785 269 458 291 39.065334 72.222885 0.110621 0.071614 0.493381 -0.010647 55.836998 -55.967670 584.994690 26.592409 -56.203167 600.719177 85.081581 -55.732178 569.270264
671 269 682 262 696 261 708 270 696 274 683 274 773 268 784 259 799 259 811 266 799 272 786 272 663 319 -6.857274 78.105385 0.983788 0.075757 0.526101 -0.007911 55.116211 -53.497681 577.461121 26.400469 -53.893459 594.128723 83.831955 -53.101898 560.793518
668 270 679 263 693 263 704 270 692 275 679 275 770 269 781 260 795 260 807 266 795 272 782 272 763 573 -29.679512 134.735657 3.122795 0.067544 0.464999 -0.015171 54.213406 -54.183723 589.023010 24.536556 -54.210224 603.917419 83.890259 -54.157219 574.128601
670 268 681 261 695 260 706 268 694 273 681 273 772 267 783 258 797 258 808 265 797 270 784 270 1240 445 -136.195267 105.218231 3.777787 0.085632 0.510518 -0.016739 54.430309 -54.553059 581.094421 25.461243 -54.731487 597.321533 83.399376 -54.374630 564.867249
669 264 680 256 694 256 705 264 694 269 681 269 771 262 782 253 796 253 808 260 796 266 783 266 962 71 -73.331169 22.076321 0.198585 0.080594 0.519376 -0.014632 53.928940 -57.066601 580.080750 25.103893 -57.281906 596.561951 82.753990 -56.851295 563.599548
674 268 685 260 699 260 710 268 698 272 686 272 776 267 787 259 801 258 813 265 801 270 788 270 775 634 -32.471638 148.358139 3.597013 0.072226 0.464147 -0.004938 58.234142 -55.849136 592.611755 28.541130 -56.237556 607.468872 87.927155 -55.460716 577.754639
680 264 691 256 705 256 717 264 705 268 692 269 782 264 794 256 808 256 819 263 807 268 794 268 23 396 136.222885 96.517555 -0.570303 0.068520 0.495766 0.011449 61.530010 -57.172855 587.727051 32.323418 -58.089653 603.497070 90.736603 -56.256058 571.956970
677 265 688 258 702 258 713 266 701 270 688 270 779 265 790 257 804 256 815 263 804 269 791 269 817 401 -41.462017 96.161583 2.074271 0.079761 0.493587 -0.000615 59.496357 -56.732540 589.332520 30.252804 -57.353092 605.048462 88.739906 -56.111992 573.616638
680 260 691 253 705 253 716 261 704 266 691 266 782 261 793 252 807 252 819 259 807 265 794 265 123 115 114.337723 33.476418 -2.244595 0.075866 0.522044 0.009118 60.614532 -58.525215 581.867371 31.831738 -59.456547 598.397461 89.397331 -57.593887 565.337341
683 264 694 257 708 257 719 265 707 269 694 269 784 264 796 256 809 256 821 263 809 268 796 268 102 483 118.392403 115.831444 0.309383 0.072465 0.486662 0.011316 63.237576 -57.510715 592.071167 33.888226 -58.445248 607.572876 92.586922 -56.576180 576.569519
681 265 692 258 706 258 717 266 705 269 693 270 783 265 794 257 808 257 820 264 808 269 795 269 405 555 50.462925 131.374100 1.818176 0.076652 0.499902 0.008799 61.904102 -56.509506 587.346863 32.761810 -57.412098 603.236206 91.046394 -55.606915 571.457458
683 265 694 259 707 259 718 266 707 270 694 270 784 266 795 258 809 258 820 265 809 270 796 270 474 702 34.765079 164.127655 3.092664 0.073560 0.481636 0.009383 63.391613 -56.791748 594.817749 33.963924 -57.667774 610.173645 92.819298 -55.915718 579.461853
680 264 690 257 704 257 715 264 703 268 691 268 781 263 792 256 806 256 817 262 806 267 793 267 164 355 104.742638 87.084648 -0.399237 0.074116 0.495594 0.004302 61.112717 -57.784954 591.366028 31.901348 -58.519081 607.136780 90.324089 -57.050831 575.595276
683 266 694 259 708 259 719 266 707 270 694 270 785 266 796 259 810 258 821 265 809 270 796 270 223 757 90.835892 176.896408 2.659946 0.072348 0.477320 0.009332 63.692982 -56.676579 595.440002 34.199261 -57.536831 610.669617 93.186707 -55.816326 580.210449
