609 294 625 286 646 287 662 299 644 303 626 303 753 297 768 285 787 284 800 292 785 300 769 301 374 448 70.897408 94.067238 17.251732 0.041020 -0.210394 -0.018721 28.166807 -31.656849 475.483063 -4.300124 -30.897284 468.563446 60.633736 -32.416412 482.402679
596 287 612 278 632 279 648 291 631 295 613 295 740 288 754 276 773 275 787 284 772 292 755 293 433 248 59.122784 54.500778 13.168589 0.039141 -0.201040 -0.026034 22.294411 -35.573257 478.458710 -10.230550 -34.584766 471.847382 54.819374 -36.561752 485.070007
573 290 589 281 609 282 626 292 608 297 590 297 717 289 733 279 752 278 768 287 752 294 734 294 655 372 14.982853 79.115387 15.358134 0.010594 -0.112340 -0.021594 12.078520 -34.490406 477.271393 -20.909262 -33.755234 473.553131 45.066303 -35.225578 480.989655
584 293 600 284 620 285 636 297 619 301 601 301 727 294 742 283 761 281 776 289 761 297 743 298 536 463 38.673016 97.088402 17.337851 0.037540 -0.127008 -0.023035 16.840574 -33.281364 483.003143 -16.088034 -32.439747 478.812897 49.769180 -34.122982 487.193390
602 295 618 287 638 288 654 299 637 303 619 303 744 296 758 285 776 283 790 291 775 299 759 300 321 507 81.451958 105.727859 18.503338 0.041168 -0.239725 -0.030318 24.653395 -32.300167 482.126038 -7.586892 -31.140495 474.266113 56.893681 -33.459835 489.985992
539 298 553 289 571 288 586 297 571 303 554 304 675 293 691 283 711 282 728 290 711 297 693 297 1229 579 -99.166046 120.271515 18.744236 -0.126449 0.128418 -0.034008 -6.078056 -32.709106 487.229889 -38.990696 -31.317360 491.398926 26.834581 -34.100853 483.060852
573 290 589 281 608 281 625 290 608 295 590 296 715 288 730 278 750 277 766 286 749 292 731 293 646 432 16.784521 90.988129 16.571569 -0.052892 -0.009083 -0.018912 11.287096 -35.492355 486.165863 -21.910410 -34.872692 485.847809 44.484604 -36.112022 486.483917
565 305 581 297 600 296 616 305 600 310 582 311 706 302 722 292 741 291 757 299 741 305 723 306 823 848 -18.348572 173.383041 24.668091 -0.103783 0.025245 -0.030390 7.545126 -29.149582 488.380951 -25.633801 -28.099106 489.165192 40.724052 -30.200060 487.596710
547 272 562 261 581 260 598 269 581 275 564 277 686 265 702 255 721 254 738 263 721 269 703 270 1097 11 -73.013496 7.806153 7.544316 -0.097800 0.094104 -0.037096 -1.368843 -45.519135 488.853485 -34.404064 -44.138878 491.907776 31.666380 -46.899387 485.799225
546 295 560 285 579 285 595 293 579 299 562 300 683 289 698 279 717 278 733 286 717 293 699 293 984 790 -50.387741 161.955185 23.293667 -0.116235 0.054235 -0.040842 -2.826238 -35.486061 499.494720 -35.954636 -34.029488 501.211456 30.302160 -36.942631 497.777985
541 298 555 289 573 289 589 297 573 302 557 303 677 293 692 284 711 283 727 290 711 297 693 297 1083 834 -70.073883 170.695923 24.043852 -0.153556 0.062906 -0.035592 -5.532180 -34.135841 503.774963 -38.650471 -32.799690 505.763214 27.586111 -35.471989 501.786713
611 301 627 293 645 294 660 304 644 308 627 308 745 302 758 292 774 290 786 297 773 305 758 306 86 839 128.263657 171.363968 25.462631 0.007123 -0.292722 -0.027361 27.267151 -30.996469 503.415161 -4.512945 -30.066628 493.838074 59.047249 -31.926313 512.992249
561 290 576 282 595 282 611 291 595 296 577 296 700 289 715 280 733 279 748 287 733 293 716 294 717 682 2.707196 140.492889 21.484049 -0.043489 -0.049043 -0.023315 5.044832 -36.631721 504.234222 -28.111042 -35.893562 502.590210 38.200706 -37.369881 505.878204
574 276 590 267 609 267 625 276 608 281 591 282 715 275 730 265 749 265 764 273 748 279 731 279 532 53 39.391758 15.936860 9.132669 -0.036684 -0.076120 -0.016943 11.718439 -42.434837 493.213654 -21.385471 -41.919285 490.678925 44.822350 -42.950394 495.748413
545 281 560 271 578 270 594 279 578 285 561 286 680 276 695 267 714 266 730 275 714 281 697 281 1044 143 -62.445240 33.915478 10.257787 -0.137287 0.039005 -0.029151 -3.580310 -42.089157 505.617340 -36.745827 -41.035892 506.841614 29.585205 -43.142426 504.393097
594 295 610 286 630 286 646 294 629 299 611 300 734 291 747 282 765 281 778 289 764 296 748 296 18 434 141.715073 91.181419 17.442226 0.004406 -0.286730 -0.039329 20.592003 -33.858814 486.878784 -11.231864 -32.550240 477.493225 52.415871 -35.167385 496.264343
541 284 556 275 574 275 590 284 574 289 557 290 679 281 694 272 714 271 730 279 713 286 696 286 1065 471 -66.561249 98.842453 16.798388 -0.138836 0.036680 -0.023710 -4.757120 -39.365784 496.083801 -37.930317 -38.496891 497.242889 28.416080 -40.234673 494.924713
534 292 549 284 566 284 581 291 566 295 549 295 665 290 682 283 700 283 717 290 700 294 682 294 1140 705 -81.437309 145.181671 21.385168 -0.705796 0.024032 -0.001540 -10.373273 -38.296913 534.813721 -43.568851 -37.979832 535.529724 22.822306 -38.613995 534.097778
494 444 505 436 519 437 529 446 517 449 505 449 589 449 599 441 612 441 622 450 612 454 600 453 1066 49 -66.839424 15.317396 8.346288 -0.287376 -0.369967 0.020091 -58.596588 55.368629 726.416809 -89.563690 52.992638 714.671509 -27.629482 57.744621 738.162170
597 236 613 228 632 228 648 239 631 244 613 244 735 235 749 224 767 222 780 230 766 238 750 239 277 779 90.256104 159.549927 24.008478 0.061125 -0.271592 -0.055367 21.618458 -60.647099 489.402069 -10.319366 -58.559460 480.560303 53.556282 -62.734741 498.243835
594 225 610 217 629 218 645 229 628 233 610 233 733 226 747 215 765 214 778 221 764 229 748 230 271 375 91.373840 79.585304 15.926097 0.057100 -0.265552 -0.043966 20.455530 -65.269829 490.447296 -11.553993 -63.578152 481.781952 52.465054 -66.961510 499.112640
495 444 505 435 519 435 531 443 519 448 507 449 592 436 601 427 615 425 626 431 616 438 604 439 727 870 0.753166 177.706482 25.235624 -0.155813 -0.543784 -0.087213 -50.965385 44.847019 655.276489 -79.270546 46.218643 637.970520 -22.660231 43.475395 672.582458
572 236 588 227 608 228 624 239 607 244 589 244 713 237 728 224 747 223 761 231 746 240 729 241 478 268 50.174534 58.473843 13.509582 0.081163 -0.180636 -0.035598 11.190917 -60.387089 490.530914 -21.453026 -58.970436 484.621094 43.834858 -61.803738 496.440704
556 239 572 230 591 231 607 241 591 246 572 246 699 238 714 227 733 226 748 234 733 242 715 243 573 650 31.347595 134.112762 21.033689 0.088022 -0.117716 -0.031676 3.872829 -58.817871 486.345642 -29.085728 -57.598324 482.497803 36.831387 -60.037415 490.193481
560 233 576 224 595 224 611 234 595 239 577 239 703 232 718 222 737 221 752 229 737 236 719 236 399 216 65.880508 48.156132 12.572741 0.089602 -0.202065 -0.029370 5.935938 -60.820118 480.060394 -26.579536 -59.553623 473.449829 38.451412 -62.086617 486.670929
595 230 611 223 630 224 645 235 628 239 611 239 733 233 747 222 764 221 776 228 762 236 747 237 76 429 130.175995 90.210487 17.265387 0.073435 -0.329066 -0.036446 20.403837 -61.785259 486.781525 -10.998510 -60.200783 476.107178 51.806183 -63.369732 497.455872
578 230 594 220 613 220 628 230 612 234 595 234 711 228 725 217 743 217 757 226 743 231 727 231 150 376 115.444969 79.744209 16.106159 -0.462651 -0.026762 -0.031384 12.593439 -71.930092 550.076721 -20.583633 -71.126953 548.982971 45.770512 -72.733238 551.170532
577 214 593 202 614 202 630 216 612 220 594 220 705 214 720 199 739 198 755 210 740 217 722 218 303 729 85.074448 149.661942 22.972815 0.457232 0.108920 -0.042542 11.105028 -77.637939 537.892822 -21.876957 -77.088791 541.693726 44.087013 -78.187088 534.091980
600 226 619 213 643 215 657 234 638 241 618 239 736 233 751 214 773 212 785 225 771 239 752 240 186 863 108.374817 176.146484 25.810982 0.160783 0.536535 0.002694 20.533138 -58.893032 458.790955 -8.015879 -60.373035 475.682465 49.082153 -57.413033 441.899445
580 236 597 228 616 228 632 238 615 243 597 243 721 238 736 229 754 229 769 238 753 244 737 244 531 681 39.708622 140.234970 21.710030 0.066462 -0.227941 -0.006728 14.750915 -59.176476 487.255554 -17.594587 -58.704823 479.765198 47.096416 -59.648129 494.745941
586 235 602 228 622 229 637 240 620 244 602 243 726 239 740 229 758 229 771 237 757 244 740 245 236 879 98.431152 179.329453 26.065260 0.065321 -0.261828 -0.013145 17.041021 -59.272251 489.537048 -15.029683 -58.558853 480.962646 49.111725 -59.985645 498.111481
565 234 580 225 600 226 615 237 599 242 581 242 705 236 720 224 738 223 752 232 737 240 720 240 646 485 16.794474 101.478287 17.632923 0.070855 -0.144857 -0.025597 7.285924 -61.662472 496.910767 -25.560432 -60.646282 492.152222 40.132282 -62.678658 501.669312
551 238 566 230 584 230 600 241 584 246 567 246 689 239 704 228 723 226 737 234 722 243 705 243 893 718 -32.298321 147.675049 21.972187 0.061835 -0.050622 -0.026410 -0.004199 -60.454296 500.783264 -33.154919 -59.526459 499.131470 33.146523 -61.382130 502.435059
555 303 570 290 591 289 607 303 590 311 572 312 681 299 695 284 715 282 731 294 716 304 698 305 474 854 51.080311 174.458023 25.249838 0.183285 0.229771 -0.068861 -1.106618 -33.648190 542.780579 -33.363419 -32.090153 550.502686 31.150183 -35.206230 535.058472
544 301 558 293 576 293 591 303 576 308 559 308 679 300 693 289 712 287 726 295 711 303 695 304 945 450 -42.693184 94.647270 16.536566 0.023984 0.028044 -0.036074 -4.767387 -32.029926 511.370148 -37.937546 -30.843801 512.315308 28.402771 -33.216053 510.425018
568 302 583 294 602 295 617 305 601 310 584 309 705 302 719 291 737 289 750 297 736 305 720 306 468 423 52.192974 89.149368 16.626766 0.034495 -0.235974 -0.031813 7.816368 -30.373152 498.240326 -24.451691 -29.192474 490.498352 40.084427 -31.553831 505.982269
568 285 583 277 601 277 616 287 600 292 584 292 700 282 714 271 731 269 745 276 731 284 715 286 424 97 60.884827 24.610832 10.156636 0.103308 0.268260 -0.052942 5.545789 -40.248474 512.424500 -26.426535 -38.972309 521.295898 37.518112 -41.524639 503.553131
543 283 559 265 582 265 598 284 581 294 561 295 674 279 687 257 710 253 726 269 711 283 692 286 81 110 129.121429 27.073252 10.870626 0.187610 0.273305 -0.081527 -5.199048 -42.432598 516.322449 -37.066448 -40.620838 525.473694 26.668352 -44.244362 507.171173
511 314 525 305 542 304 557 312 543 318 526 319 642 306 656 296 675 294 690 301 675 309 658 310 1268 696 -106.902473 143.441605 21.035643 -0.054713 0.089234 -0.071505 -21.979877 -28.147327 518.395142 -54.967896 -25.698435 521.285400 11.008139 -30.596218 515.504944
552 301 567 293 585 293 600 302 585 307 568 307 687 298 700 288 717 287 731 293 717 301 701 302 479 174 49.957951 39.868984 11.625858 0.035099 0.156383 -0.044139 -1.319441 -32.357647 513.677673 -34.086899 -30.989693 518.872070 31.448015 -33.725605 508.483215
561 290 577 274 600 275 616 292 598 300 578 301 689 287 702 268 723 265 739 279 724 291 706 293 321 440 81.439377 92.466721 17.161625 0.232940 0.182425 -0.079107 2.945626 -40.123440 541.277405 -29.607895 -38.237568 547.544067 35.499146 -42.009308 535.010681
541 315 556 306 575 306 590 315 574 320 557 321 676 311 690 301 707 300 722 308 707 314 691 315 746 866 -3.027320 176.920898 25.130392 -0.020930 -0.135147 -0.046414 -5.796059 -26.313482 516.629395 -38.662457 -24.824543 512.141357 27.070339 -27.802420 521.117432
544 305 559 297 577 297 592 308 577 313 560 313 676 304 689 292 707 289 721 296 707 306 691 308 694 575 7.262571 119.307236 19.371737 0.070901 0.248360 -0.052799 -5.981071 -29.975857 509.913208 -38.121704 -28.533579 518.126587 26.159559 -31.418135 501.699860
520 304 534 295 552 295 566 304 552 309 535 310 653 299 666 288 684 287 699 294 685 302 668 303 1304 259 -114.146141 56.958927 12.236868 -0.046774 -0.016905 -0.059123 -17.328625 -32.550350 523.237244 -50.470688 -30.602253 522.630554 15.813441 -34.498451 523.843872
551 308 566 299 584 298 600 306 584 312 567 313 685 300 698 291 715 290 728 297 715 304 699 305 7 568 143.928497 117.700150 20.140198 0.004952 -0.265192 -0.067161 -1.222668 -30.835094 515.603699 -33.192726 -28.611061 506.912994 30.747393 -33.059124 524.294434
533 309 547 301 565 301 579 310 564 315 548 316 664 304 678 294 695 292 708 298 695 306 679 308 713 645 3.495981 133.168289 20.748394 0.006817 -0.154855 -0.071709 -11.285633 -30.243153 527.622925 -44.008121 -27.856157 522.514038 21.436855 -32.630150 532.731812
524 315 538 307 556 307 571 316 556 321 539 322 655 311 668 300 686 297 700 304 686 312 670 314 949 750 -43.432583 154.026794 22.538937 0.021919 0.006627 -0.066910 -16.164177 -27.272335 530.601318 -49.293964 -25.054861 530.845520 16.965611 -29.489811 530.357117
527 312 541 303 560 303 575 311 559 317 542 318 659 306 673 296 691 295 706 302 691 309 675 310 775 433 -8.877700 91.227669 16.420977 -0.006388 -0.144293 -0.059457 -13.466470 -28.448286 520.036804 -46.267742 -26.497311 515.258789 19.334803 -30.399260 524.814880
530 310 544 302 561 302 576 311 561 315 545 316 661 306 675 295 692 293 707 300 692 307 676 309 565 346 32.881977 73.940247 14.956506 0.031937 -0.078833 -0.062797 -12.869269 -29.661919 528.713379 -45.905590 -27.538887 526.133850 20.167051 -31.784950 531.292847
528 308 542 298 561 298 576 309 560 315 544 316 656 305 669 292 688 289 702 297 688 307 672 309 955 889 -44.600082 181.540634 25.314552 0.083408 0.229211 -0.061962 -14.835915 -29.988150 520.614746 -47.109665 -28.268114 528.230896 17.437836 -31.708187 512.998535
