536 243 561 235 589 239 611 255 585 257 560 254 748 266 770 255 795 256 815 268 793 275 770 273 341 18 59.362282 18.557690 -11.013979 -0.201329 -0.065826 0.077393 15.976116 -30.946192 336.688232 -17.058041 -33.713379 334.778564 49.010273 -28.179003 338.597870
496 286 504 280 513 281 519 288 511 291 503 290 563 293 572 288 582 289 590 297 581 299 572 298 917 291 -54.790962 72.703087 -0.179779 -0.270764 0.170749 0.143704 -81.303070 -59.908329 993.499390 -113.689430 -63.822960 999.692871 -48.916710 -55.993698 987.305969
588 267 610 262 634 265 653 278 631 281 609 278 780 289 800 280 823 281 841 290 821 296 799 296 24 350 122.737495 84.195892 -7.211657 0.074690 0.311271 0.069506 28.441084 -23.930140 352.506653 -3.089964 -26.579563 362.573090 59.972134 -21.280714 342.440186
501 328 510 323 520 324 527 331 518 333 509 332 575 340 585 336 595 339 602 347 593 348 584 345 807 864 -32.276215 186.078064 10.409452 -0.510186 -0.018601 0.192779 -68.231667 -16.184841 937.303040 -100.829025 -22.426714 938.308411 -35.634304 -9.942969 936.297729
563 286 588 277 616 281 638 298 613 299 587 297 767 310 790 299 815 300 835 313 812 319 789 317 200 448 87.874016 103.626381 -3.605911 -0.088205 -0.089740 0.091620 23.686331 -17.095762 341.023590 -9.245965 -20.256880 338.189728 56.618626 -13.934644 343.857452
563 292 587 284 613 288 634 305 610 307 585 303 762 318 785 306 810 307 829 320 807 326 784 325 244 515 79.206726 116.894814 -1.843899 -0.050209 -0.081460 0.100968 22.734110 -14.939487 345.223450 -10.191730 -18.349094 342.611328 55.659950 -11.529880 347.835571
553 382 575 374 600 378 619 391 597 392 574 390 735 401 755 392 776 393 794 404 775 408 754 407 248 300 78.166046 74.346817 -6.160549 -0.238870 -0.093217 0.085410 17.537107 14.530255 386.641357 -15.403939 11.361197 383.920288 50.478153 17.699312 389.362396
448 353 467 345 488 346 506 358 487 362 466 361 622 362 643 352 666 352 687 362 666 369 643 368 1262 187 -123.469818 52.192184 0.892576 -0.527412 -0.028011 0.031961 -23.687819 1.503790 402.674683 -56.863338 0.251756 402.060760 9.487702 2.755825 403.288574
547 354 568 346 591 349 610 361 589 363 567 361 721 370 740 362 760 363 777 373 759 377 739 376 226 302 82.540268 74.738098 -6.322721 -0.351691 -0.068582 0.077424 13.802492 3.748099 404.727142 -19.226690 0.838476 402.947601 46.831676 6.657722 406.506683
550 360 569 354 590 356 608 368 588 371 568 369 717 377 736 369 756 369 773 378 755 384 735 383 163 441 95.218819 102.233475 -4.088507 -0.178430 -0.069904 0.075540 13.565213 6.588618 415.559692 -19.464354 3.891687 413.477905 46.594780 9.285549 417.641479
512 345 534 336 558 339 577 352 555 356 533 354 694 360 713 350 736 351 754 362 734 368 713 367 468 88 34.204288 32.436874 -8.426602 -0.380589 -0.066442 0.061042 2.423732 -0.074451 392.177948 -30.647640 -2.464558 390.408386 35.495106 2.315656 393.947479
506 342 527 333 551 336 570 349 548 352 526 351 689 356 708 346 730 347 748 357 729 364 708 363 600 16 7.890340 18.215075 -8.668498 -0.395436 -0.065250 0.053962 0.197950 -1.454161 392.502594 -32.889446 -3.620084 390.744019 33.285347 0.711761 394.261200
504 362 525 354 549 357 568 371 546 374 524 372 687 379 706 369 729 369 747 380 727 387 706 386 545 386 19.243170 91.427338 -1.683105 -0.404166 -0.055101 0.066296 -0.547096 6.769642 393.154114 -33.630276 4.265903 391.814697 32.536083 9.273381 394.493561
518 344 540 337 563 340 582 352 561 355 539 353 698 360 717 352 739 353 756 363 737 368 717 367 376 136 52.541821 41.917255 -8.302187 -0.318553 -0.085349 0.067215 4.237999 -0.049135 397.532288 -28.772711 -2.686251 395.103668 37.248711 2.587980 399.960938
538 354 552 348 568 350 582 357 567 360 552 359 665 362 679 355 694 356 706 363 693 367 679 366 490 848 30.701172 182.846542 7.165181 -0.445420 -0.031038 0.051363 -2.852011 2.268916 561.585205 -35.998032 0.394566 560.962402 30.294008 4.143267 562.208008
551 351 566 346 581 348 595 356 580 358 565 357 678 361 691 355 705 356 717 363 704 366 690 365 46 847 118.933723 182.557449 3.054683 -0.404862 -0.038994 0.065555 3.739022 1.568971 566.607361 -29.370558 -0.805119 565.783325 36.848602 3.943061 567.431335
517 351 531 345 547 346 560 354 545 357 530 357 644 357 658 350 674 350 687 357 673 362 658 362 973 526 -65.650887 119.221443 5.094584 -0.432242 -0.029326 0.032691 -13.717892 0.210326 555.757751 -46.891186 -1.048494 555.045288 19.455402 1.469146 556.470215
519 342 533 335 549 337 562 345 547 349 532 348 646 349 660 341 676 342 689 350 675 354 660 353 838 228 -39.163742 60.219070 -2.183225 -0.424976 -0.022631 0.040426 -12.679729 -4.319778 555.839355 -45.849445 -5.778866 555.391479 20.489986 -2.860691 556.287231
506 349 520 342 536 343 549 351 535 355 520 354 634 354 648 347 664 347 678 354 663 359 648 358 1184 354 -107.778389 85.225716 3.555574 -0.443391 -0.021901 0.029538 -19.107672 -1.273937 554.495972 -52.290405 -2.381292 554.006348 14.075059 -0.166583 554.985535
527 354 541 349 557 350 571 358 556 361 541 360 655 362 669 355 684 356 697 362 683 367 668 366 537 764 21.265091 166.232468 5.897255 -0.429110 -0.027453 0.044126 -8.396786 2.404461 558.728699 -41.557453 0.791911 558.154785 24.763882 4.017012 559.302673
528 349 542 343 559 344 572 352 557 355 542 354 656 356 669 349 685 349 698 357 684 361 669 360 564 417 15.502842 97.566185 -0.880358 -0.404445 -0.031655 0.043714 -7.855455 -0.732395 559.179138 -41.012573 -2.353583 558.446411 25.301664 0.888793 559.911865
547 348 562 343 578 345 591 353 576 355 561 354 674 358 687 352 702 352 714 359 701 363 687 363 119 647 104.198196 142.992142 -0.322587 -0.376772 -0.044528 0.060591 1.805669 -0.002305 566.140564 -31.306421 -2.240224 565.072510 34.917759 2.235615 567.208618
534 340 549 334 565 335 578 344 563 347 548 346 661 349 675 341 690 342 702 350 689 354 675 353 637 50 0.576401 24.951324 -7.639184 -0.363916 -0.052845 0.049275 -4.847056 -4.827785 562.260742 -37.966187 -6.742294 560.840332 28.272072 -2.913277 563.681152
506 349 520 342 535 343 548 352 534 355 520 355 633 355 646 348 662 348 675 355 661 360 647 360 1274 448 -125.556145 103.846939 6.288069 -0.392922 -0.025399 0.035261 -19.957844 -1.016425 561.079346 -53.131710 -2.320560 560.484802 13.216022 0.287709 561.673889
534 350 549 344 565 346 578 355 563 357 548 356 662 361 675 355 691 355 703 363 690 367 675 366 356 568 57.010166 127.406601 0.261063 -0.395261 -0.033874 0.074257 -4.748110 1.407485 559.571777 -37.843819 -1.211110 558.958008 28.347597 4.026080 560.185547
530 350 544 344 561 346 574 355 559 357 544 356 657 360 671 352 687 353 699 361 686 365 671 364 611 543 6.306830 122.511429 2.103972 -0.390237 -0.039044 0.057496 -6.888011 0.776354 559.999329 -40.013676 -1.332839 559.104248 26.237654 2.885548 560.894409
540 341 555 335 572 337 585 346 570 348 554 347 667 352 681 345 696 345 709 353 695 358 681 357 30 75 121.230774 29.774206 -12.724812 -0.344622 -0.043440 0.071193 -1.527610 -3.676455 561.627380 -34.618149 -6.237131 560.618103 31.562931 -1.115778 562.636719
513 345 527 338 543 339 556 348 542 351 526 350 641 352 654 344 670 345 684 352 670 357 655 356 1056 261 -82.447968 66.794594 0.493262 -0.392384 -0.034224 0.040559 -15.723298 -2.949926 556.476929 -48.881962 -4.481826 555.630737 17.435366 -1.418026 557.323059
508 342 522 336 538 337 551 345 537 349 522 348 636 349 650 342 666 342 679 350 665 354 650 354 1373 92 -145.636841 33.414337 -0.008501 -0.388327 -0.036182 0.041633 -18.183592 -4.233231 556.857483 -51.338539 -5.810767 555.951599 14.971354 -2.655694 557.763306
531 349 546 343 562 345 575 354 560 356 545 355 658 360 672 352 688 353 700 361 687 365 672 364 620 525 4.497732 118.951050 1.822403 -0.385785 -0.045734 0.065669 -6.310301 0.552728 559.607849 -39.410160 -1.860960 558.543396 26.789560 2.966416 560.672241
517 346 531 339 548 340 561 349 546 352 531 352 645 353 659 345 675 345 688 353 674 358 659 357 1059 94 -83.235054 33.745655 -2.860656 0.191510 -0.014090 0.044566 -13.153552 -2.327745 547.360596 -46.322212 -3.753335 546.754517 20.015108 -0.902155 547.966675
519 344 534 338 550 339 563 348 549 351 533 351 648 352 662 345 677 345 690 353 677 358 662 357 867 121 -45.049076 39.049564 -4.082694 -0.368030 -0.042535 0.044645 -12.035606 -2.736428 555.678894 -45.178020 -4.441596 554.568726 21.106806 -1.031260 556.789001
520 349 534 343 550 345 564 353 549 356 534 355 648 357 661 350 677 350 690 358 676 362 661 362 701 577 -11.539510 129.258560 3.621536 -0.393129 -0.039683 0.044656 -12.039947 -0.189076 558.397888 -45.186283 -1.888718 557.402283 21.106390 1.510566 559.393433
528 341 543 335 559 337 572 346 557 349 542 348 656 350 669 343 685 344 697 352 684 356 669 355 259 68 75.714851 28.435925 -10.756944 -0.356019 -0.042210 0.054374 -7.794944 -3.962117 559.968872 -40.921947 -5.975051 558.915649 25.332062 -1.949183 561.022034
516 402 537 393 560 396 578 411 557 414 536 412 699 417 718 405 740 405 758 416 739 423 718 423 727 405 -16.902975 95.224846 0.378256 0.215805 -0.004192 0.057001 3.547434 20.210854 380.031647 -29.603371 18.348799 379.690247 36.698238 22.072910 380.373047
512 414 532 407 555 410 573 424 553 426 531 424 695 432 714 421 736 422 754 432 734 438 714 438 685 699 -8.220448 153.399261 5.944498 0.232487 -0.006558 0.073250 1.975752 25.283785 379.555420 -31.139711 22.900757 379.058472 35.091213 27.666815 380.052368
457 418 476 410 497 414 515 428 495 431 475 428 636 437 656 425 678 425 697 436 677 443 656 442 1214 677 -113.370880 149.154068 10.372315 0.202083 0.004652 0.075730 -18.833576 27.061707 382.914368 -51.943188 24.551054 382.814575 14.276033 29.572361 383.014191
477 401 496 393 518 396 536 411 516 414 495 411 657 420 677 408 700 408 718 419 698 426 677 426 1005 332 -72.231850 80.835121 1.461103 0.151511 -0.011148 0.079580 -11.278570 20.915821 382.654205 -44.376442 18.314295 382.086151 21.819300 23.517347 383.222229
472 389 491 380 513 383 530 398 510 402 490 399 650 407 670 395 693 395 711 406 691 414 670 413 1243 37 -119.865532 22.503056 -2.319782 0.096343 -0.001459 0.074148 -13.677337 16.491669 386.576477 -46.790947 14.037979 386.409698 19.436274 18.945356 386.743256
482 412 501 404 522 408 540 422 520 425 500 422 659 430 678 419 701 419 718 429 699 437 678 436 954 746 -61.623619 162.755875 9.374294 0.140375 -0.014207 0.079305 -10.427082 25.269861 390.099335 -43.524361 22.681074 389.445251 22.670198 27.858646 390.753448
571 414 592 408 615 411 633 423 612 425 591 423 749 430 768 421 788 421 805 430 786 436 767 435 149 778 98.386215 168.923401 2.606378 0.133252 -0.034854 0.069356 23.283472 26.033869 396.489929 -9.821508 23.816999 395.184082 56.388454 28.250738 397.795807
520 414 540 408 563 411 582 423 561 426 539 423 701 431 720 421 741 422 759 431 739 437 719 437 651 785 -1.365500 170.411804 7.372680 0.174686 -0.014035 0.069620 4.534961 25.728104 387.544769 -28.586359 23.470657 386.880188 37.656281 27.985550 388.209351
503 427 522 422 544 426 561 439 541 441 521 438 680 453 700 444 721 446 738 456 719 462 698 460 815 894 -33.831715 192.016754 11.090615 0.142018 -0.019036 0.125767 -2.790609 32.900764 389.843567 -35.727612 28.794691 388.919647 30.146395 37.006840 390.767487
543 388 564 381 587 384 606 397 585 400 563 398 724 405 742 395 764 396 781 405 762 412 742 412 345 178 58.750294 50.222752 -7.737317 0.049253 -0.034014 0.070691 13.297338 16.382368 392.501251 -19.805374 14.066240 391.315674 46.400051 18.698498 393.686859
500 382 520 375 543 378 562 392 541 395 519 393 680 399 699 388 722 389 739 399 720 406 699 406 722 168 -16.180288 48.321159 -4.466778 0.091535 -0.011128 0.068399 -2.815675 14.201694 389.799225 -35.940845 11.952401 389.326721 30.309498 16.450989 390.271759
565 378 586 372 609 375 627 388 606 390 585 388 742 396 761 387 781 388 798 397 779 403 760 402 13 137 124.679970 42.040607 -11.625993 -0.010864 -0.064078 0.077388 21.159075 13.395396 400.701904 -11.878282 10.818580 398.591766 54.196430 15.972212 402.812042
489 407 507 401 529 405 546 419 526 421 506 418 664 431 683 421 705 422 722 432 703 438 682 437 1365 717 -143.332550 157.101135 12.573321 0.113526 0.021864 0.100685 -8.662174 25.335327 394.945129 -41.691090 21.964050 395.478882 24.366741 28.706604 394.411407
491 408 510 402 531 406 548 420 529 422 509 419 665 432 685 422 706 422 724 433 704 439 684 438 1252 845 -120.730354 182.409317 14.124186 0.118259 0.016667 0.099389 -7.900886 25.642523 396.116455 -40.937424 22.322937 396.472870 25.135653 28.962111 395.760010
530 405 550 398 573 402 592 416 570 418 549 415 710 425 729 415 751 416 768 426 749 432 729 431 336 539 60.951504 121.663345 -0.510398 0.126755 -0.029310 0.089865 8.166614 23.449434 390.129486 -24.890169 20.539463 388.971558 41.223396 26.359407 391.287384
488 394 507 386 529 390 546 405 526 408 506 405 664 418 684 406 706 407 724 419 704 426 683 425 1254 354 -121.689110 85.240089 4.200433 0.086302 0.011313 0.104740 -8.441340 20.186165 392.696533 -41.462177 16.702839 392.921204 24.579496 23.669489 392.471893
534 403 555 397 578 401 597 414 575 416 554 413 714 426 734 417 756 419 773 429 753 434 733 433 664 546 -4.222141 123.116020 2.652969 0.117645 0.004180 0.101232 9.832001 23.379230 389.263458 -23.202724 20.023182 389.204346 42.866726 26.735281 389.322540
495 389 515 381 538 385 555 400 535 403 514 400 674 411 694 399 716 400 734 411 714 418 693 417 1066 105 -84.613548 35.924007 -2.573433 0.204735 0.017432 0.087167 -4.871236 17.354570 384.104553 -37.945400 14.425179 384.383545 28.202930 20.283964 383.825562
567 385 588 378 611 382 630 396 608 398 586 395 744 407 763 397 785 398 801 409 782 415 762 413 73 200 112.828522 54.520725 -9.797580 0.105862 -0.001584 0.094814 21.645487 16.462948 395.751495 -11.410286 13.328047 395.532715 54.701260 19.597849 395.970276
548 383 569 377 592 381 611 394 589 396 567 394 727 404 746 395 768 396 785 406 765 412 745 411 340 141 59.701618 42.899368 -8.532584 0.125755 -0.003957 0.089246 14.704421 15.552721 391.575256 -18.368158 12.609298 391.258423 47.777000 18.496143 391.892120
512 377 530 371 550 374 567 384 548 385 530 383 674 389 693 381 713 380 732 388 713 392 693 392 501 286 27.872730 71.628151 -4.113328 0.605709 -0.001181 0.056084 -2.706922 11.858363 421.500916 -35.861084 10.120379 420.917236 30.447239 13.596347 422.084595
508 401 528 393 551 396 569 410 548 413 527 411 688 419 708 408 731 408 750 419 730 426 708 425 657 562 -2.812778 126.281006 2.912464 0.109702 -0.008744 0.077084 0.181433 20.895309 384.256470 -32.923611 18.359341 383.826782 33.286476 23.431278 384.686127
474 379 494 370 517 373 535 386 515 390 493 388 656 394 676 383 700 383 720 394 699 401 677 400 913 201 -54.098949 54.891132 -2.039023 0.110464 -0.008351 0.071954 -11.562717 12.039689 380.718689 -44.680542 9.672716 380.310425 21.555109 14.406661 381.126953
537 417 557 409 580 413 599 427 578 430 556 427 718 437 737 426 760 426 777 437 758 444 737 443 438 798 40.977688 172.940781 5.673701 0.091092 -0.029322 0.086791 10.831106 27.360340 385.466003 -22.234566 24.530750 384.363983 43.896778 30.189928 386.567993
486 384 505 375 528 378 546 392 525 396 504 394 667 400 687 388 710 388 730 399 709 407 687 406 881 314 -47.610584 77.247429 -0.045698 0.101199 -0.009845 0.072310 -7.775982 14.083678 382.190796 -40.892490 11.705379 381.743439 25.340527 16.461977 382.638184
501 390 521 382 543 385 561 398 541 402 520 400 681 407 701 396 724 396 742 407 722 414 701 413 715 393 -14.532000 92.847557 0.024723 0.086029 -0.003482 0.072982 -2.439006 16.684734 385.893066 -35.555283 14.271488 385.673584 30.677269 19.097979 386.112579
509 387 529 379 552 383 570 398 550 401 528 398 690 408 710 397 734 397 752 409 732 416 710 415 696 319 -10.840830 78.198944 -1.648724 0.078113 0.010221 0.087101 0.829791 16.611448 383.496796 -32.247478 13.712677 383.722565 33.907063 19.510221 383.271027
519 390 538 383 560 386 578 399 558 402 537 400 698 410 718 400 740 400 758 411 738 417 717 416 647 461 -0.940994 106.290894 0.775209 0.074295 -0.005461 0.089247 3.660335 17.459398 387.939606 -29.411892 14.509355 387.648743 36.732563 20.409441 388.230499
511 371 530 363 553 366 571 380 550 384 529 381 689 392 709 382 732 383 751 394 730 401 708 399 605 115 7.009893 37.808350 -6.617802 0.070334 0.008403 0.100575 0.654305 10.885674 388.433350 -32.381611 7.544714 388.594360 33.690220 14.226635 388.272308
571 373 591 367 612 370 630 383 610 385 589 383 742 394 761 385 782 386 799 397 780 402 760 401 10 252 125.407608 64.798668 -9.325014 -0.110675 -0.047025 0.096785 22.383329 12.511596 409.362274 -10.629630 9.224369 407.984497 55.396290 15.798821 410.740082
546 368 567 360 591 364 610 376 588 379 566 376 725 388 745 379 766 381 784 392 764 396 744 394 334 124 60.874531 39.533810 -8.932089 -0.349862 -0.034965 0.099641 14.335297 9.860972 399.204926 -18.686438 6.424729 398.641968 47.357029 13.297215 399.767914
526 400 545 393 567 396 583 408 564 411 544 409 696 418 713 408 733 409 748 419 731 425 713 424 15 359 124.536308 85.975151 -7.112328 -0.172458 -0.144985 0.086207 4.304106 22.239679 408.105164 -28.430616 18.991762 403.583160 37.038830 25.487598 412.627167
439 404 459 395 482 397 500 412 480 416 458 414 623 419 643 406 666 406 685 418 665 426 643 425 685 220 -8.768035 58.604439 -3.754693 -0.018942 -0.026376 0.062524 -23.868410 21.073114 380.836578 -56.996803 18.990454 379.981140 9.259983 23.155775 381.691986
507 415 528 407 551 410 570 422 549 424 527 423 687 429 705 420 726 420 742 430 724 435 705 434 101 486 107.591187 111.126305 -3.748470 -0.214943 -0.099429 0.064964 -0.393394 26.049006 395.705780 -33.365181 23.560480 392.668030 32.578396 28.537529 398.743561
493 278 508 270 527 270 543 280 526 285 509 285 648 280 665 269 685 268 702 276 685 284 666 284 1086 616 -88.003876 137.055786 7.957965 0.268199 -0.061887 0.008714 -13.390653 -32.231747 444.630066 -46.531029 -32.243629 442.562469 19.749722 -32.219868 446.697693
544 327 561 320 580 322 595 332 578 336 560 335 699 339 715 331 733 331 748 341 732 346 715 345 574 471 13.577329 108.254921 0.305202 -0.451504 -0.007418 0.069045 7.990515 -8.827870 462.413086 -25.135620 -11.096235 462.683899 41.116650 -6.559505 462.142303
513 376 528 368 547 370 562 380 546 384 528 383 665 382 681 373 701 373 718 381 700 387 682 387 1251 830 -120.548782 179.440598 13.811240 -0.446375 0.025313 0.030556 -6.143489 10.860725 464.838776 -39.322598 10.064224 465.874115 27.035620 11.657227 463.803436
587 349 604 343 624 346 639 357 621 359 603 357 739 367 755 360 773 361 787 371 771 375 754 373 216 455 84.702423 105.014977 -3.316773 -0.455531 -0.001550 0.110586 26.463987 2.724279 468.603210 -6.541440 -0.826225 469.374756 59.469414 6.274783 467.831665
594 339 612 332 631 335 646 346 628 348 610 346 745 356 761 348 779 350 793 359 777 364 760 362 56 90 116.081085 32.748070 -12.181561 -0.440584 -0.010648 0.107600 29.639874 -2.126544 471.776093 -3.374144 -5.654648 472.208191 62.653893 1.401561 471.343994
585 353 603 347 623 350 638 361 620 363 602 361 739 372 755 364 774 366 788 375 772 380 754 378 383 502 51.569153 114.350639 -0.826628 -0.438761 0.004761 0.117709 26.100283 4.543488 466.035614 -6.878058 0.802140 467.031128 59.078621 8.284836 465.040131
518 362 533 355 551 356 566 366 550 370 533 369 669 368 686 359 705 359 722 367 705 373 687 373 1357 422 -142.080002 98.718544 6.526218 -0.394688 0.056855 0.033055 -4.241997 4.819085 464.368652 -37.375957 4.118167 466.420258 28.891962 5.520002 462.317047
535 366 551 359 570 360 585 371 568 375 551 374 688 376 705 367 724 367 741 375 724 382 705 381 1082 628 -87.195259 139.429779 8.164103 -0.435369 0.050753 0.057779 3.812097 7.459846 461.975616 -29.296114 5.964106 464.017365 36.920307 8.955586 459.933868
548 367 564 359 584 361 599 372 582 376 564 374 704 377 720 368 739 369 755 378 738 384 720 383 607 671 7.248056 147.841995 4.658973 -0.466865 0.025089 0.060829 10.014029 8.019839 458.778778 -23.120224 6.264923 460.044159 43.148281 9.774756 457.513397
558 352 575 345 595 347 610 359 592 362 574 361 715 365 731 356 751 357 766 366 749 373 731 372 564 45 15.077576 23.946825 -8.412924 0.189592 0.003955 0.068402 14.339452 2.484488 446.114441 -18.787685 0.216172 446.030304 47.466591 4.752804 446.198608
530 356 545 349 563 351 578 361 562 365 545 364 681 367 698 358 717 359 733 367 716 373 698 373 1404 380 -151.468063 90.416336 6.108744 0.143124 -0.017449 0.069683 0.879500 3.533605 456.314484 -32.239822 1.271031 455.572357 33.998825 5.796178 457.056641
605 361 623 357 642 361 657 372 639 373 621 370 759 387 776 381 793 384 807 393 791 396 774 394 380 847 52.559727 182.626053 6.131582 -0.441012 0.012513 0.161479 34.562801 10.314753 463.771576 1.785549 5.237912 465.332703 67.340050 15.391594 462.210480
550 358 566 350 585 353 600 364 583 368 565 367 704 372 721 362 741 363 756 373 739 379 721 378 942 494 -59.527008 112.882233 4.161041 -0.430842 0.050189 0.083560 10.458141 5.133141 459.962769 -22.591478 2.801107 462.163635 43.507763 7.465174 457.761871
557 355 574 348 593 351 608 362 591 365 573 363 713 369 729 361 749 361 764 370 747 376 729 375 871 453 -45.464436 104.753685 2.676767 0.212392 0.005753 0.077059 13.695851 3.938192 447.832520 -19.410246 1.380982 447.751343 46.801949 6.495401 447.913696
533 366 549 359 567 361 582 372 565 375 548 374 686 377 703 368 722 368 739 377 722 383 703 383 1397 644 -149.775192 142.660889 11.389950 -0.416382 0.047342 0.063504 2.798780 7.925163 460.214630 -30.303417 6.201486 462.172455 35.900978 9.648840 458.256805
555 348 572 341 591 343 606 354 589 358 571 357 710 362 727 353 746 354 762 364 745 370 727 369 963 261 -63.966587 66.775490 -0.363479 -0.422429 0.036631 0.086855 12.957448 0.994275 459.193146 -20.102131 -1.547618 460.971527 46.017025 3.536169 457.414734
562 367 579 361 598 363 613 374 596 377 578 375 719 382 735 374 754 375 769 383 753 389 735 388 789 771 -28.805490 167.669525 8.360490 0.209975 0.008645 0.080485 15.857227 9.146570 445.603088 -17.239256 6.466568 445.608368 48.953709 11.826571 445.597839
572 359 589 353 608 355 624 366 606 369 588 367 729 376 746 368 765 369 780 378 763 384 745 382 680 643 -7.290844 142.315750 4.764502 0.220756 0.033025 0.088053 20.197842 6.397750 445.103912 -12.860843 3.381480 445.868835 53.256527 9.414021 444.338989
578 363 595 358 613 361 628 370 611 373 594 370 734 380 751 374 768 375 783 383 767 387 750 386 551 821 18.548109 177.515732 7.180411 0.191290 0.028654 0.092357 22.509190 8.191532 449.700348 -10.540971 5.057623 450.352325 55.559353 11.325442 449.048340
571 344 588 338 608 340 623 352 605 355 587 353 727 361 744 352 763 353 778 363 761 368 743 367 729 25 -17.734837 20.022680 -7.297875 0.193451 0.025926 0.086565 19.764275 0.040205 448.198242 -13.305485 -2.895317 448.775604 52.834034 2.975727 447.620880
441 293 464 286 488 289 508 302 485 304 463 302 622 311 642 302 664 303 682 314 662 319 641 317 504 635 27.675529 140.696396 2.981151 -0.324178 -0.111155 0.065189 -24.245054 -19.019638 399.782898 -57.176968 -21.732800 396.513733 8.686859 -16.306477 403.052094
357 271 376 263 398 264 417 276 397 281 375 280 539 282 560 271 585 272 606 282 584 289 561 288 1212 217 -113.499298 58.118961 1.039428 0.033577 -0.015473 0.056569 -54.333553 -28.365965 385.453461 -87.481285 -30.234285 384.908569 -21.185823 -26.497644 385.998383
469 287 490 282 513 285 531 296 510 298 489 296 647 307 665 300 685 301 701 311 683 315 664 313 98 678 108.406845 149.122772 0.111669 -0.225494 -0.138013 0.080382 -15.218534 -20.666185 401.339966 -48.002529 -23.814821 397.114410 17.565460 -17.517548 405.565521
402 271 422 263 445 265 464 279 443 283 421 281 586 288 606 277 630 277 649 288 628 295 606 294 934 131 -58.352188 41.042339 -3.262984 0.159596 -0.038637 0.071197 -36.997162 -26.462542 380.828674 -70.093323 -28.711916 379.364441 -3.901001 -24.213167 382.292938
419 298 439 290 462 293 481 306 460 309 438 307 602 314 622 304 645 304 663 314 643 321 622 320 487 760 31.196745 165.430588 5.355647 0.167115 -0.063489 0.069847 -31.270014 -17.030727 382.921265 -64.327362 -19.160160 380.632874 1.787336 -14.901297 385.209686
412 303 432 295 455 298 473 310 453 313 432 312 594 317 614 307 636 306 655 316 635 323 614 323 639 805 1.042059 174.367371 7.667109 0.155093 -0.062744 0.062294 -34.404751 -15.966764 386.098877 -67.480125 -17.863115 383.866577 -1.329380 -14.070413 388.331207
347 307 366 300 388 302 407 312 387 316 366 315 532 316 553 307 577 307 598 315 576 322 554 321 1389 659 -148.168243 145.627777 11.619984 0.111348 -0.040397 0.044050 -56.588848 -15.269038 380.276459 -89.734428 -16.653254 378.857300 -23.443266 -13.884823 381.695618
365 285 385 276 408 278 428 291 407 296 385 295 553 296 575 285 600 285 621 295 599 303 576 303 939 214 -59.250927 57.469193 -1.536269 0.132775 -0.048188 0.052854 -48.030380 -22.171894 372.171204 -81.150421 -23.814217 370.460907 -14.910336 -20.529570 373.881500
426 282 447 274 470 277 489 291 468 294 446 292 610 300 630 290 652 291 671 301 651 308 629 307 518 348 24.565290 83.901535 -2.701292 0.103986 -0.055660 0.076940 -28.544832 -22.341663 383.581116 -61.600174 -24.792057 381.606415 4.510512 -19.891272 385.555817
421 293 442 286 465 289 484 302 463 305 441 303 605 311 625 301 648 301 667 312 646 318 625 317 554 465 17.544960 107.063408 -0.000537 0.105467 -0.060711 0.077974 -30.189434 -18.290775 382.294739 -63.232391 -20.764767 380.149536 2.853525 -15.816785 384.439911
444 295 466 289 490 292 510 304 487 305 465 303 632 313 651 305 672 307 690 316 671 320 651 319 245 547 79.044586 123.227867 -1.186724 -0.328592 -0.105498 0.065800 -21.314121 -17.465633 384.815216 -54.264900 -20.175488 381.739075 11.636656 -14.755780 387.891327
452 294 474 289 496 292 515 303 494 304 473 302 637 312 656 305 676 306 693 314 674 319 655 318 147 541 98.512726 122.020332 -2.211020 -0.288055 -0.103203 0.067306 -19.581198 -18.094273 389.759552 -52.536026 -20.782318 386.707794 13.373630 -15.406228 392.811340
416 284 438 277 462 279 482 292 460 295 437 293 606 300 627 291 649 292 668 302 648 308 626 307 537 285 20.717505 71.437645 -3.801935 0.165083 -0.057278 0.072927 -29.738989 -21.361996 372.687439 -62.801460 -23.612574 370.597595 3.323484 -19.111420 374.777283
473 347 490 340 510 343 526 353 508 357 490 355 638 361 656 353 677 353 695 361 676 368 656 367 1416 876 -153.285736 188.577942 16.262712 0.171999 -0.037503 0.083979 -18.000145 0.309424 418.715637 -51.064964 -2.354691 417.239166 15.064673 2.973540 420.192078
515 311 533 303 554 306 570 319 551 322 532 320 683 331 701 322 721 324 737 335 719 340 700 338 841 37 -39.978268 22.420500 -6.023115 -0.416340 -0.015855 0.110172 -0.820330 -12.464131 425.044800 -33.822613 -16.118099 425.284302 32.181953 -8.810163 424.805267
515 320 534 312 555 315 571 328 552 330 533 328 683 339 701 330 722 332 738 344 720 348 701 346 636 364 1.134086 87.092194 -1.290262 -0.477954 -0.015571 0.107557 -0.512735 -8.953425 424.254822 -33.525352 -12.504642 424.594818 32.499882 -5.402210 423.914856
508 336 526 329 546 332 562 344 544 348 525 345 675 356 693 347 715 348 731 358 713 364 693 363 1022 684 -75.207764 150.499939 8.745301 0.228590 -0.021287 0.110966 -3.492146 -2.495338 413.000183 -36.486149 -6.059804 411.882111 29.501856 1.069127 414.118225
520 319 539 312 560 315 577 328 557 331 537 328 690 340 708 331 729 333 745 344 727 349 708 347 607 5 6.486693 16.039597 -8.826749 -0.386786 -0.021421 0.108271 1.926743 -8.905939 420.769440 -31.078539 -12.540614 420.763123 34.932026 -5.271264 420.775757
602 318 622 312 642 314 659 326 640 328 620 326 763 335 780 327 798 328 813 338 797 342 779 341 53 454 117.093376 104.783600 -4.838622 -0.378358 -0.005787 0.097411 34.405151 -10.881442 447.942719 1.356433 -14.070164 448.359589 67.453873 -7.692721 447.525879
522 338 538 330 557 332 573 343 556 347 538 346 679 348 695 338 715 338 731 347 714 354 696 353 1248 546 -120.277267 123.235947 8.032935 -0.418563 0.032494 0.055753 -0.947616 -4.806087 454.113434 -34.084320 -6.380065 455.542114 32.189087 -3.232107 452.684753
560 344 578 338 598 340 614 351 596 354 577 352 720 358 736 350 755 350 771 359 754 365 736 364 493 739 29.980391 161.275894 4.985695 -0.444191 0.012734 0.078843 16.236019 -0.803733 453.656097 -16.864683 -3.241408 454.636353 49.336720 1.633943 452.675842
563 346 580 340 600 342 616 352 598 355 579 354 722 360 738 352 757 352 772 361 756 366 738 365 409 874 46.827583 187.975342 6.945457 -0.452932 0.011288 0.076509 17.114511 -0.085399 454.593658 -15.992737 -2.454009 455.520721 50.221760 2.283212 453.666626
583 321 601 314 621 317 637 327 618 330 600 329 739 336 755 328 774 329 789 339 772 343 755 342 173 56 92.791443 26.043446 -11.792185 -0.397782 -0.008526 0.087820 25.544531 -10.578228 460.600922 -7.532811 -13.469781 460.897583 58.621872 -7.686676 460.304291
583 345 601 339 620 342 636 352 618 354 600 352 740 361 757 354 774 355 789 363 773 367 756 366 253 877 77.832039 188.537003 5.569088 -0.390623 0.003868 0.091426 25.571936 -0.032192 459.202972 -7.495709 -2.962429 459.912994 58.639584 2.898045 458.492950
536 339 553 332 573 334 589 345 571 349 552 347 696 353 714 344 734 345 750 355 732 360 714 359 1102 414 -91.414391 97.082970 4.015098 -0.425887 0.015214 0.080635 6.049789 -3.039803 446.698761 -27.044973 -5.528230 447.749542 39.144550 -0.551376 445.648010
525 335 542 328 561 330 577 341 559 345 541 343 684 347 701 337 720 338 736 347 719 353 701 353 1345 326 -139.805054 79.717537 4.471783 -0.399116 0.022007 0.064274 0.920313 -5.349892 450.451263 -32.208916 -7.282425 451.582306 34.049541 -3.417360 449.320221
422 360 437 351 456 351 473 360 456 365 438 365 578 355 595 344 615 342 633 349 615 357 597 358 1012 718 -73.181648 157.226547 9.341639 0.156746 -0.074915 -0.033347 -43.055977 0.395506 446.566833 -76.149445 1.691484 444.178802 -9.962514 -0.900472 448.954865
509 336 528 330 548 333 564 343 545 346 527 344 666 351 682 344 700 344 714 353 698 358 681 357 183 590 91.414665 131.724899 -0.887185 -0.374881 -0.091526 0.066232 -6.358171 -3.911743 462.946167 -39.353771 -6.617620 460.391083 26.637426 -1.205866 465.501221
463 355 480 347 499 348 515 359 498 363 480 363 621 362 638 351 658 350 674 359 657 366 639 367 829 812 -36.707600 175.791702 9.559183 0.189803 -0.056515 0.034431 -24.962753 1.669623 443.077393 -58.095100 0.711538 441.105286 8.169596 2.627709 445.049500
432 355 447 348 466 349 482 358 465 363 447 362 588 359 605 349 625 348 643 356 625 363 606 363 1180 690 -106.599380 151.719803 10.322332 0.154664 -0.058181 0.022302 -38.930664 0.947167 444.926819 -72.071167 0.359126 442.946747 -5.790157 1.535208 446.906891
479 346 496 338 516 340 533 351 515 355 496 354 638 354 655 344 674 344 690 352 673 359 655 359 728 623 -16.852486 138.367569 4.801714 0.222548 -0.033582 0.034031 -18.012558 -1.780768 441.735962 -51.179585 -2.777487 440.505280 15.154468 -0.784049 442.966675
445 329 460 320 479 321 494 331 478 336 460 336 599 333 616 322 636 322 653 331 636 338 617 338 1308 57 -132.759766 26.474434 -1.316007 0.167286 -0.086645 0.035150 -34.408913 -10.232853 450.030701 -67.469017 -11.152964 447.073883 -1.348811 -9.312742 452.987488
466 325 482 317 501 318 517 330 500 334 482 333 622 334 638 324 658 324 675 334 658 340 639 340 1004 129 -72.265190 40.660912 -2.658622 -0.390982 -0.020934 0.039681 -25.268257 -10.579231 457.202637 -58.440079 -11.997233 456.779602 7.903568 -9.161229 457.625671
469 321 486 313 505 314 521 326 503 330 485 329 626 330 643 320 662 320 678 330 662 336 643 336 877 61 -47.104912 27.177528 -5.205501 -0.396506 -0.025152 0.037003 -23.567034 -12.349844 456.990265 -56.739052 -13.709555 456.417450 9.604982 -10.990132 457.563080
529 334 547 328 567 331 583 341 564 344 546 342 684 350 700 343 717 344 732 352 716 357 699 356 33 558 121.186760 125.361252 -2.916989 -0.366774 -0.076764 0.077517 1.736216 -4.646821 465.810211 -31.273403 -7.620153 463.789307 34.745834 -1.673490 467.831085
449 333 464 325 483 326 498 337 482 341 464 341 603 341 620 331 640 331 657 340 639 347 620 346 1412 321 -153.125305 78.741791 4.987761 -0.360320 0.009689 0.038224 -33.289459 -7.455111 458.417053 -66.468742 -8.639404 458.957916 -0.110182 -6.270817 457.876160
516 342 534 336 554 338 570 348 552 351 533 349 673 355 689 347 707 348 722 356 706 361 689 360 141 744 99.937141 162.193115 1.844219 -0.397028 -0.064907 0.060896 -3.386272 -2.063162 460.852356 -36.461376 -4.451857 459.151978 29.688831 0.325533 462.552704
452 330 467 321 486 323 502 334 485 338 467 337 606 336 623 326 643 326 660 335 643 342 624 342 1293 198 -129.617706 54.375465 1.400894 -0.368080 0.000812 0.029794 -31.766483 -9.203218 457.794312 -64.956711 -10.165290 458.000702 1.423748 -8.241146 457.587952
468 295 487 287 509 291 526 306 507 309 486 307 649 315 668 303 691 303 710 314 690 322 668 321 1291 597 -128.764130 133.337753 9.461754 0.258663 0.024149 0.074711 -14.430915 -17.134184 380.738037 -47.534000 -19.687908 381.211273 18.672169 -14.580461 380.264801
491 279 510 271 532 274 550 289 530 292 509 290 672 298 692 287 715 287 734 298 713 306 692 305 1061 380 -83.305550 90.345894 2.948934 0.245055 0.001123 0.080367 -6.023285 -23.122406 381.099792 -39.121437 -25.766037 380.811493 27.074867 -20.478773 381.388062
475 268 493 259 515 262 533 276 513 280 493 278 655 284 674 272 697 272 716 283 696 291 674 291 1208 151 -112.779846 45.056641 -0.333844 0.178260 0.001813 0.068133 -12.372238 -28.239445 385.695068 -45.500160 -30.493437 385.553864 20.755684 -25.985455 385.836273
510 254 530 245 553 249 570 264 550 267 529 265 692 274 712 262 735 263 752 275 733 282 711 281 777 86 -27.203880 32.104530 -5.620508 0.222154 0.004229 0.085900 1.147660 -32.141769 383.587585 -31.934931 -34.982674 383.411346 34.230251 -29.300865 383.763824
554 297 573 291 594 295 610 308 591 310 572 307 727 319 746 310 766 311 783 321 764 327 745 325 285 878 71.473999 188.741486 5.884130 0.168863 -0.019376 0.104266 15.494067 -16.709564 401.963196 -17.524639 -20.094648 401.032715 48.512775 -13.324480 402.893677
598 278 618 271 641 274 659 287 638 290 617 288 777 296 796 286 817 287 834 296 815 303 795 302 451 293 37.816959 73.003197 -4.432200 0.207398 0.029947 0.069298 33.366058 -24.613014 395.564392 0.255482 -26.998117 396.313080 66.476639 -22.227911 394.815704
554 281 572 273 595 276 612 290 592 294 572 292 732 297 751 285 774 285 792 295 773 304 751 303 952 365 -61.661724 87.354988 1.641064 0.197404 0.024914 0.060381 16.279833 -23.594597 390.172272 -16.854401 -25.666492 390.796417 49.414062 -21.522701 389.548157
565 268 584 260 606 262 624 277 604 281 583 278 743 284 762 273 785 273 803 284 783 292 762 291 898 51 -51.289562 25.202826 -5.214532 0.188943 0.025863 0.066578 20.498207 -28.478941 392.440735 -12.622195 -30.755499 393.085541 53.618610 -26.202383 391.795929
605 290 624 282 646 285 664 299 644 302 624 299 782 308 801 297 823 298 840 308 821 315 800 314 434 778 41.749722 168.981934 5.231875 0.228578 0.044575 0.070679 35.575539 -20.310471 397.706757 2.486080 -22.802589 398.905396 68.664993 -17.818352 396.508118
629 257 650 250 672 254 690 267 669 270 648 267 808 277 827 268 848 269 864 280 846 286 826 284 123 13 102.678513 17.523413 -13.123498 0.126750 0.017784 0.083754 45.528103 -32.134312 400.169830 12.444767 -34.941872 400.582153 78.611443 -29.326752 399.757538
586 267 605 259 627 262 644 276 625 280 604 277 762 285 782 274 804 275 822 286 802 293 781 292 812 279 -33.938602 70.306709 -1.390053 0.226872 0.040170 0.077845 28.194874 -28.636732 395.889862 -4.883169 -31.346708 396.918793 61.272919 -25.926756 394.860931
596 279 615 272 637 276 655 290 635 293 614 290 772 300 792 290 814 291 832 302 812 309 791 308 800 573 -31.217812 128.487289 4.452556 0.236660 0.052307 0.086707 31.973499 -23.268406 395.833954 -1.062010 -26.320189 397.212860 65.009010 -20.216625 394.455017
595 289 614 282 636 285 654 299 634 302 614 300 770 308 790 298 812 299 830 309 810 316 790 315 876 783 -46.080807 170.062210 9.404943 0.244911 0.055341 0.076698 31.679079 -20.115652 398.036041 -1.378073 -22.856979 399.542511 64.736229 -17.374327 396.529572
586 279 605 271 627 274 644 288 625 291 604 289 763 297 782 287 805 287 822 298 803 305 782 304 934 381 -58.066391 90.517715 1.799225 0.200722 0.041260 0.076211 28.264374 -24.138157 395.151154 -4.816243 -26.785559 396.257355 61.344990 -21.490753 394.044983
621 280 641 274 664 278 682 290 661 293 640 290 799 301 818 293 839 294 856 304 837 310 817 308 243 618 79.523201 137.278473 0.232518 0.231153 0.054220 0.089382 42.088657 -22.969265 398.884277 9.064321 -26.112417 400.324188 75.112991 -19.826111 397.444366
599 271 619 264 641 268 658 281 638 284 617 281 777 292 796 283 818 284 835 294 816 301 795 299 695 401 -10.548364 94.426666 0.002468 0.237461 0.053204 0.092022 33.262386 -26.278225 394.741272 0.244103 -29.508030 396.127258 66.280670 -23.048418 393.355255
569 273 587 265 608 268 625 281 606 285 586 282 742 290 761 280 783 280 801 290 782 297 761 296 1326 278 -136.084152 70.214363 3.324805 0.180144 0.046036 0.077120 21.056633 -27.145279 400.535980 -12.014704 -29.825989 401.824402 54.127972 -24.464567 399.247528
627 321 639 316 652 317 663 325 651 327 638 326 734 330 746 324 759 324 770 331 758 334 746 334 1124 785 -95.362206 170.508942 11.730084 -0.391904 0.027696 0.081029 43.802948 -17.657461 659.002991 10.718255 -20.098640 660.418335 76.887642 -15.216281 657.587585
628 319 646 310 665 310 680 320 662 326 644 326 784 322 804 313 827 314 847 325 826 331 805 329 731 418 -17.683012 97.798386 0.678340 -0.283086 0.472715 0.100829 39.720470 -12.622545 407.436096 10.294041 -13.633971 422.786072 69.146896 -11.611119 392.086121
617 314 629 308 642 309 653 317 641 320 628 319 725 321 736 314 750 315 761 322 749 325 737 325 828 334 -37.055321 81.194580 -0.128971 -0.430186 0.054164 0.067418 37.637268 -22.506351 654.901733 4.554643 -24.293135 657.116882 70.719894 -20.719568 652.686584
660 313 673 308 687 310 698 318 685 319 672 318 766 325 777 320 790 321 800 328 789 331 777 329 138 450 100.197220 104.009453 -4.136574 -0.377781 -0.014357 0.110408 65.556351 -21.615141 673.259583 32.554695 -25.276064 673.478699 98.558006 -17.954216 673.040527
632 328 649 318 669 319 685 329 667 334 648 334 792 329 812 320 834 320 854 331 834 336 812 335 787 873 -28.291435 187.855072 10.407446 -0.415501 0.246767 0.062928 42.794113 -9.603143 408.712952 10.644885 -9.942062 417.011841 74.943344 -9.264223 400.414032
630 328 647 319 666 319 682 329 664 334 646 335 788 328 807 318 828 318 848 328 828 335 808 334 884 864 -47.578007 186.093872 11.118797 -0.375549 0.253608 0.048088 41.610920 -9.918757 412.190125 9.493303 -9.906757 420.617371 73.728539 -9.930758 403.762909
632 329 649 318 668 318 684 328 667 335 648 335 791 328 808 317 829 316 846 327 829 334 809 334 874 757 -45.713081 164.916367 8.860049 -0.227794 0.303088 0.029321 42.264759 -10.009209 413.434082 10.580894 -9.826984 423.366821 73.948624 -10.191433 403.501373
641 319 653 314 667 316 677 323 665 325 653 324 748 328 759 323 772 323 782 330 771 333 759 332 592 637 10.190056 141.110260 3.832329 -0.368779 0.022480 0.084567 53.240852 -18.864641 669.355835 20.161646 -21.469925 670.596130 86.320053 -16.259357 668.115540
634 313 646 308 659 310 670 317 658 320 645 319 741 322 752 316 765 316 775 323 764 327 752 326 1003 182 -72.005882 51.149487 -1.594646 -0.369656 0.029916 0.075345 48.476139 -22.683971 667.250549 15.379138 -24.945084 668.677307 81.573135 -20.422859 665.823853
640 321 655 314 671 314 685 321 670 325 654 326 773 321 789 314 807 314 824 321 807 325 790 325 468 816 35.036530 176.509171 6.314548 -0.669592 0.172860 0.062884 50.320580 -16.685150 523.961426 17.655296 -16.763733 529.922363 82.985863 -16.606569 518.000488
630 322 648 311 668 311 684 322 666 327 647 328 788 320 808 310 831 310 851 322 830 328 809 327 708 418 -13.112349 97.793663 0.466458 -0.342089 0.334698 0.059074 41.585464 -12.582716 407.973358 10.261563 -12.604738 418.990265 72.909363 -12.560695 396.956451
646 317 664 307 683 308 698 320 680 325 662 325 798 323 817 313 840 314 859 326 839 333 818 331 389 453 50.320789 104.654701 -1.763548 -0.253132 0.573370 0.123883 45.421551 -12.649652 406.397491 17.737928 -14.160196 424.670288 73.105171 -11.139107 388.124695
651 314 663 309 677 311 688 318 675 320 662 319 757 325 768 319 781 320 791 327 780 330 768 329 518 346 24.563004 83.505730 -2.741790 -0.359345 0.008125 0.098206 59.567688 -21.424444 672.353699 26.522236 -24.562519 673.196472 92.613136 -18.286367 671.510986
632 316 649 305 669 305 684 316 666 322 648 322 785 315 804 305 828 305 848 317 827 323 805 322 1016 84 -74.701332 31.757809 -3.459272 -0.265619 0.518638 0.082225 40.279987 -14.642953 404.788605 11.522621 -14.996452 421.385254 69.037354 -14.289454 388.191986
639 316 656 306 676 307 691 318 673 323 655 323 792 319 812 309 835 310 855 322 835 328 813 327 652 267 -2.156396 67.899033 -3.107003 -0.269569 0.538919 0.107672 43.021137 -13.630152 405.218628 14.676065 -14.648706 422.483612 71.366211 -12.611597 387.953674
659 317 671 313 685 314 696 322 683 324 670 322 765 328 776 323 788 324 798 331 787 334 775 333 133 629 101.395470 139.432800 -0.558095 -0.351030 0.008604 0.105119 64.745857 -19.345905 675.540466 31.723675 -22.709162 676.425598 97.768044 -15.982647 674.655334
657 319 669 315 682 316 693 323 681 325 668 324 763 329 774 324 786 325 796 331 785 334 773 333 24 778 123.226784 168.897736 1.454844 -0.356163 0.013464 0.096982 63.306503 -18.642130 675.674805 30.259050 -21.710960 676.678711 96.353951 -15.573298 674.670837
647 323 662 316 679 316 694 322 679 327 662 328 796 321 813 314 833 315 851 322 833 327 814 326 713 724 -13.756155 158.352554 6.708662 -0.677693 0.203538 0.065763 52.961655 -14.672981 474.418213 20.485006 -14.482112 481.331268 85.438301 -14.863850 467.505127
648 323 663 316 679 316 693 322 678 326 663 327 786 322 802 315 820 315 837 321 820 326 803 325 322 850 64.089180 183.207840 5.658017 -0.697819 0.172784 0.059054 53.431671 -15.634939 503.950928 20.756821 -15.513659 509.858459 86.106522 -15.756219 498.043396
653 320 666 315 679 316 690 323 678 325 665 324 759 329 770 324 782 325 792 332 781 335 770 333 369 797 54.688538 172.728714 5.017806 -0.356222 0.009289 0.093376 61.203030 -18.392208 676.776978 28.142759 -21.368755 677.624512 94.263298 -15.415660 675.929443
496 273 514 265 536 268 555 281 535 285 514 283 682 290 703 279 727 279 747 289 726 296 703 296 1379 541 -146.315903 122.273346 9.138498 0.123610 0.052473 0.071040 -3.204398 -25.094156 370.469818 -36.279957 -27.551456 372.059967 29.871162 -22.636856 368.879639
574 270 596 263 621 267 641 280 618 283 595 280 770 292 792 282 815 284 834 294 813 300 791 299 434 558 41.498222 125.443604 0.777132 0.242733 0.042712 0.086883 26.083593 -24.061344 359.455994 -6.966489 -27.084711 360.509979 59.133675 -21.037979 358.401978
538 391 556 385 575 387 591 398 573 400 555 399 702 405 719 397 739 398 755 407 737 411 719 410 833 868 -37.438480 186.875000 10.729967 0.118802 -0.005920 0.073624 7.395547 18.417746 428.061890 -25.718838 15.992700 427.720978 40.509933 20.842793 428.402802
527 369 544 361 563 364 579 376 561 379 543 378 689 385 707 375 727 376 744 386 726 392 707 391 1281 331 -127.080963 80.693901 3.983441 0.063434 0.012303 0.086530 2.454415 9.836271 427.990234 -30.623701 6.955710 428.306915 35.532532 12.716831 427.673553
582 353 601 347 621 350 637 363 618 365 599 363 746 375 763 367 783 368 798 379 781 384 762 382 120 204 103.493034 55.321983 -9.283607 0.122060 0.026594 0.110899 25.592930 5.071888 430.473572 -7.396455 1.352828 431.128326 58.582314 8.790948 429.818848
583 345 601 339 622 342 637 354 619 356 599 354 746 367 763 359 782 361 797 371 780 376 762 374 490 1 29.732891 15.223963 -9.985580 -0.389227 -0.002376 0.126239 26.069366 1.787837 440.083801 -6.874444 -2.303047 440.811554 59.013176 5.878720 439.356049
549 351 567 344 587 347 602 360 584 363 566 360 712 371 730 362 750 363 766 375 748 380 729 378 1070 78 -85.439316 30.581490 -3.083303 -0.420555 0.034323 0.118466 11.908949 3.791436 434.275177 -21.047321 0.218359 436.192719 44.865219 7.364512 432.357635
518 384 535 378 553 381 569 391 552 394 534 392 681 400 698 392 719 392 736 401 717 406 698 405 1282 775 -126.772118 168.562378 12.983135 0.104606 0.002027 0.086576 -1.127381 15.704017 424.421814 -34.207874 12.834589 424.338776 31.953114 18.573444 424.504822
544 367 562 360 582 362 598 374 580 378 561 376 710 384 728 375 749 376 766 386 747 392 728 390 814 401 -34.196583 94.451103 1.098729 -0.417428 0.045866 0.097597 10.368505 9.288487 428.187256 -22.646214 6.460233 430.329437 43.383221 12.116743 426.045074
526 368 538 362 553 363 565 371 552 374 538 373 644 374 657 367 673 367 686 373 672 378 658 378 1162 477 -103.265839 109.563087 5.843511 -0.416972 0.014819 0.037416 -12.925364 9.371488 587.781250 -46.103680 8.266199 588.514343 20.252951 10.476776 587.048218
610 377 623 372 637 373 647 382 635 383 622 382 721 390 733 384 747 386 758 393 746 396 733 394 951 612 -61.180634 136.236450 6.633314 -0.463231 0.041097 0.124328 33.687634 18.520124 635.312683 0.762037 14.859453 637.563049 66.613228 22.180796 633.062256
596 371 608 365 622 366 633 374 620 377 608 376 706 379 718 373 732 374 743 381 731 384 718 383 1207 63 -112.681725 27.641102 -2.124954 -0.427134 0.063273 0.081526 24.947176 13.201767 639.927979 -8.083650 11.022526 642.530884 57.978001 15.381008 637.325073
622 369 635 364 649 365 661 373 648 375 634 374 734 379 745 373 759 374 769 381 758 384 745 383 56 144 116.142815 43.434750 -11.088123 -0.419264 0.025112 0.087913 41.460079 12.611494 641.653625 8.391934 9.953274 643.064697 74.528229 15.269714 640.242493
601 372 614 367 627 368 639 375 626 378 613 377 712 381 724 375 738 376 749 383 737 386 724 385 571 211 13.876273 56.799911 -4.987132 -0.437431 0.044139 0.084448 28.413736 14.017233 637.984558 -4.642833 11.621139 640.004822 61.470306 16.413328 635.964233
599 374 611 369 625 371 636 378 623 380 610 380 710 383 721 377 735 378 746 384 734 388 721 387 1056 282 -82.423958 70.950523 0.918487 -0.427802 0.048865 0.078048 26.827429 15.336972 639.814270 -6.238840 13.168884 641.931091 59.893700 17.505060 637.697449
600 373 612 367 625 368 636 376 624 378 611 377 710 381 722 375 736 376 747 383 735 386 722 385 1083 62 -88.041023 27.417736 -3.287524 -0.422052 0.051869 0.078845 27.189951 14.152560 639.618652 -5.869277 11.973207 641.831665 60.249180 16.331915 637.405640
594 385 606 379 619 380 630 387 618 390 605 389 704 391 716 385 730 386 741 392 729 396 716 395 1368 887 -143.734390 190.745010 16.043261 -0.438543 0.050815 0.062470 23.642822 20.810120 639.995544 -9.456103 19.167761 642.074829 56.741745 22.452477 637.916260
606 372 618 367 632 368 643 376 630 378 617 377 717 381 729 375 743 376 754 384 742 387 729 386 555 103 16.932402 35.423264 -7.321402 -0.413038 0.056968 0.090611 31.010042 14.187305 636.632568 -2.007446 11.653810 639.079285 64.027534 16.720800 634.185852
627 370 640 366 654 367 665 375 652 378 639 376 738 383 750 377 763 378 774 386 762 389 749 387 0 246 127.387993 63.609203 -9.538630 -0.410035 0.038668 0.112834 43.925793 14.517232 640.273621 10.953612 11.142683 642.275452 76.897972 17.891781 638.271790
604 374 616 369 630 370 641 377 629 380 616 379 715 382 727 376 741 377 753 384 740 387 727 386 986 161 -68.651566 46.990063 -2.176481 -0.439941 0.042442 0.073494 30.072245 14.819332 634.976135 -3.014975 12.764663 636.866638 63.159462 16.874001 633.085632
613 376 625 371 639 372 650 380 638 382 625 381 724 386 736 380 750 381 761 388 749 391 736 390 637 426 1.006239 99.362289 -0.025623 -0.426597 0.042276 0.093302 35.462769 16.830751 636.410217 2.429379 14.125766 638.419617 68.496162 19.535738 634.400757
589 379 600 373 614 374 625 381 613 384 600 384 698 384 710 378 724 378 736 385 724 389 711 388 1389 351 -148.520355 84.674110 5.383343 -0.398229 0.075102 0.053780 20.346889 16.784616 640.125854 -12.718224 15.537854 642.901367 53.412003 18.031380 637.350342
604 377 616 372 630 373 642 381 629 383 616 382 716 385 728 379 742 380 753 387 741 390 728 390 574 328 13.413853 79.955002 -2.590381 -0.431841 0.049239 0.079839 30.326004 16.729042 634.879272 -2.735091 14.510764 637.024658 63.387100 18.947319 632.733826
607 379 619 374 633 375 645 383 632 385 619 384 719 387 731 382 745 382 756 389 744 392 731 392 313 551 65.535889 124.033440 -0.479295 -0.442183 0.046998 0.080126 32.002071 18.006308 634.704895 -1.061898 15.774532 636.791199 65.066048 20.238083 632.618652
598 380 610 375 624 376 635 383 623 386 610 385 709 387 721 381 735 382 746 388 734 392 721 391 1206 433 -112.060020 100.864456 5.357902 -0.413098 0.046113 0.065510 26.484863 18.233519 637.175049 -6.614959 16.433525 639.104126 59.584686 20.033510 635.245911
605 380 618 375 631 376 643 384 630 386 617 385 717 389 729 383 743 384 754 390 742 394 729 393 334 633 61.456413 140.265671 1.374567 -0.435101 0.046289 0.080574 30.935575 18.721838 635.832947 -2.128227 16.462685 637.892273 63.999378 20.980989 633.773621
618 374 631 369 645 371 656 379 644 381 630 380 730 385 742 379 755 380 766 387 754 390 742 389 103 308 106.990250 75.900246 -7.334338 -0.398415 0.041347 0.092685 39.038113 16.018929 639.211426 6.001909 13.296986 641.150452 72.074318 18.740873 637.272400
585 386 596 380 610 381 621 388 609 391 596 390 694 389 706 383 720 383 732 389 720 393 707 393 1378 490 -146.175476 112.180161 8.096596 -0.391739 0.075550 0.035380 17.987215 20.263622 640.057617 -15.103590 19.604836 642.726746 51.078018 20.922411 637.388489
588 389 602 380 621 378 636 385 620 392 603 393 742 382 760 374 782 375 801 384 781 389 761 388 1386 283 -148.001923 71.216194 3.978786 -0.474463 0.245329 0.017109 25.417055 12.636797 434.216492 -6.807335 13.982302 442.111938 57.641445 11.291292 426.321045
558 398 574 392 593 393 607 403 591 406 574 405 704 408 719 400 737 400 751 408 736 413 719 413 272 713 73.868790 156.085068 2.423313 -0.468663 0.006609 0.055081 12.460431 23.128607 491.996338 -20.694227 21.417269 492.628418 45.615089 24.839947 491.364258
565 385 581 378 599 380 614 390 597 393 580 392 710 394 724 386 741 387 755 395 740 400 724 399 29 144 121.508377 43.429207 -11.336855 -0.408571 -0.011375 0.051546 15.335855 17.047916 496.610687 -17.823347 15.308261 496.588287 48.495060 18.787571 496.633087
562 398 578 392 596 394 611 403 595 406 578 405 707 407 722 400 739 400 753 407 738 412 722 412 190 729 90.182495 159.234650 1.991888 -0.444271 0.001550 0.049790 14.099516 23.074265 494.884216 -19.064781 21.486763 495.295166 47.263813 24.661766 494.473297
559 404 575 398 592 399 607 408 591 411 574 410 704 412 719 405 736 405 749 413 735 418 719 417 48 717 118.387657 156.830673 0.440760 -0.449337 0.001148 0.049683 12.508833 25.579891 496.741852 -20.655670 23.994217 497.143066 45.673336 27.165567 496.340637
545 392 560 385 578 386 593 396 577 400 560 399 690 401 705 392 722 392 736 401 721 407 705 406 610 266 6.188892 67.692505 -3.514167 -0.454280 -0.001265 0.050059 5.935286 19.990765 495.246277 -27.228615 18.376436 495.576721 39.099186 21.605095 494.915833
554 404 570 397 588 399 603 408 586 411 569 410 699 412 714 404 731 404 745 412 730 417 714 417 159 633 96.233208 140.229736 -0.237580 -0.460546 -0.007284 0.044898 10.252290 25.508699 497.040314 -22.918783 24.015804 497.144196 43.423363 27.001595 496.936401
534 408 550 401 567 402 582 412 566 415 549 414 679 415 694 407 712 407 726 415 711 420 695 420 618 623 5.007214 138.344986 3.788364 -0.474555 0.006991 0.040802 0.995328 26.995468 495.267792 -32.181568 25.745352 495.806671 34.172222 28.245584 494.728912
535 403 550 396 569 397 583 407 567 410 550 410 681 410 696 401 713 401 728 409 713 415 696 415 711 398 -13.731386 93.836243 0.089118 -0.469723 0.003865 0.036695 1.567610 24.419680 493.064911 -31.615015 23.275414 493.469452 34.750237 25.563948 492.660370
509 412 524 406 540 407 554 415 539 419 524 419 651 417 665 408 683 407 698 414 682 420 666 421 1271 721 -124.647881 157.873428 11.788363 0.088868 -0.035267 0.023517 -11.867375 28.078005 493.612427 -45.042381 27.350386 492.408630 21.307631 28.805624 494.816254
535 393 550 386 568 387 583 397 567 401 550 400 679 400 694 391 712 391 726 400 711 406 695 405 568 200 14.459872 54.622379 -5.237505 -0.465612 0.010107 0.040852 1.141809 20.129017 495.987732 -32.034134 18.898136 496.621338 34.317749 21.359896 495.354156
513 397 528 389 546 390 560 399 544 403 528 403 656 401 671 392 689 392 704 401 688 406 672 406 1165 325 -104.035782 79.482674 2.793325 -0.459014 0.015095 0.022638 -9.505777 21.224159 499.589844 -42.698513 20.611700 500.243103 23.686958 21.836617 498.936615
530 403 545 396 563 397 578 406 562 410 545 410 675 409 690 400 708 400 723 408 707 414 691 414 638 545 0.943554 122.912773 2.393201 -0.475222 0.011487 0.031182 -0.911501 24.398972 495.002716 -34.098324 23.491240 495.611267 32.275322 25.306704 494.394165
527 411 542 404 560 405 575 414 559 418 542 417 672 416 687 407 704 407 719 415 704 420 687 420 724 819 -15.833523 177.155457 8.733636 -0.497301 0.006808 0.021496 -2.426484 27.826365 495.642853 -35.623028 27.196781 496.033539 30.770061 28.455950 495.252167
561 392 577 386 595 387 609 396 593 399 577 398 705 401 719 394 735 394 749 402 734 407 719 406 32 355 121.153419 85.187042 -7.036714 -0.449306 -0.012120 0.053108 13.240760 20.528793 502.366791 -19.915623 18.736074 502.367401 46.397144 22.321512 502.366180
519 405 534 398 552 399 567 408 551 412 534 411 664 410 679 402 696 402 711 410 696 416 679 415 872 468 -45.646011 107.722412 2.989712 0.174265 -0.040572 0.039433 -5.921850 24.774490 485.506042 -39.073666 23.589508 484.052582 27.229967 25.959471 486.959473
550 397 566 390 584 391 599 400 583 404 566 403 695 404 710 397 727 397 740 405 726 410 710 409 305 341 66.885612 82.472481 -4.805248 -0.468970 -0.009103 0.046239 8.447021 22.231112 498.284637 -24.721598 20.682415 498.346863 41.615639 23.779808 498.222443
508 406 522 399 539 400 553 409 538 413 522 412 649 411 664 402 681 402 696 409 681 415 664 415 1243 393 -119.458557 92.955994 4.888803 0.102925 -0.049783 0.038876 -12.574443 25.216885 493.555206 -45.713097 24.014111 491.839844 20.564213 26.419659 495.270569
555 396 571 390 589 392 604 401 587 404 571 403 700 406 714 399 731 399 744 407 730 412 714 411 181 394 91.588043 92.935799 -4.874381 -0.444946 -0.017593 0.054568 10.664696 22.671846 499.183807 -22.486450 20.792292 499.015411 43.815842 24.551401 499.352173
507 420 521 413 538 414 552 424 537 428 521 427 648 426 663 417 681 417 695 424 680 430 664 430 1398 864 -149.722412 186.199432 15.853905 0.091167 -0.027252 0.032004 -12.886293 32.205311 493.421936 -46.061794 31.185608 492.470154 20.289209 33.225018 494.373718
532 417 548 411 565 412 580 421 564 424 548 424 677 424 692 417 709 417 724 424 709 429 692 429 560 863 16.807602 185.829437 8.113772 -0.488791 0.004338 0.039189 -0.003678 31.555328 496.048889 -33.183193 30.340094 496.498901 33.175838 32.770565 495.598877
419 313 436 307 456 309 473 319 455 322 436 320 591 325 610 317 631 317 650 325 630 330 610 330 1354 832 -141.015121 179.857544 14.800602 0.077837 -0.018436 0.066936 -36.992874 -13.410362 407.669434 -70.117729 -15.605145 406.971954 -3.868017 -11.215579 408.366882
431 267 450 258 472 261 489 275 470 278 449 276 609 283 629 272 652 273 670 284 650 291 629 290 1338 33 -138.748932 21.730959 -1.525611 0.095983 -0.018306 0.085874 -29.346209 -29.100142 393.324738 -62.423206 -31.914423 392.581970 3.730789 -26.285862 394.067535
472 255 493 247 515 250 533 263 512 265 491 263 653 273 672 264 694 266 711 277 692 282 672 281 496 174 28.738316 49.462154 -6.427259 -0.382346 -0.051552 0.087708 -13.366049 -33.217667 398.295715 -46.401253 -36.377594 397.177795 19.669155 -30.057739 399.413635
442 260 460 252 482 254 499 266 480 270 459 269 619 274 638 264 660 265 679 275 659 281 638 280 1043 288 -79.833679 72.135262 0.920221 -0.323817 -0.013180 0.064775 -26.085487 -32.858208 402.015137 -59.218414 -35.040325 401.930481 7.047440 -30.676090 402.099762
451 249 470 241 492 243 510 256 490 260 469 258 629 265 648 255 671 256 689 267 669 273 648 272 800 27 -31.841991 20.433065 -6.603306 -0.334936 -0.017193 0.074706 -22.132257 -36.301884 400.257080 -55.240459 -38.828644 400.108704 10.975945 -33.775124 400.405457
449 267 468 260 489 262 507 274 487 277 467 276 627 283 646 274 668 275 686 285 667 291 646 289 962 469 -63.530079 107.938797 3.839066 -0.359924 -0.030820 0.071284 -23.005930 -29.439589 400.422638 -56.111736 -31.935524 399.843414 10.099876 -26.943653 401.001892
425 274 443 266 464 268 481 279 462 283 443 282 601 285 620 275 641 275 660 284 640 291 620 290 1369 616 -144.242920 137.113907 10.565039 -0.312173 -0.015070 0.044520 -33.032848 -28.534552 404.671844 -66.201286 -30.065849 404.408539 0.135590 -27.003254 404.935150
453 265 472 258 494 261 512 272 492 275 471 274 632 281 652 272 673 273 691 283 672 288 651 287 813 469 -33.920124 107.908203 2.466437 -0.360219 -0.034486 0.069161 -21.171041 -30.221285 399.691986 -54.277813 -32.670074 398.981567 11.935731 -27.772495 400.402405
453 260 473 252 495 254 513 267 492 271 472 269 633 276 653 266 675 267 693 278 673 284 652 283 760 169 -23.730679 48.526863 -4.096463 -0.337568 -0.036763 0.071279 -20.745390 -32.060730 398.394409 -53.844479 -34.584297 397.593536 12.353701 -29.537159 399.195312
457 253 477 245 499 248 517 261 496 264 475 262 637 270 657 260 679 261 697 272 677 278 656 277 658 70 -3.573951 28.913668 -7.040750 -0.355000 -0.031451 0.076347 -19.238106 -34.388470 397.833344 -52.330971 -37.051128 397.257019 13.854758 -31.725815 398.409698
437 278 455 272 475 274 492 284 474 287 455 285 613 291 632 282 653 283 671 291 652 296 632 296 1078 865 -86.129425 186.331619 12.926227 -0.368258 -0.026507 0.051536 -28.583477 -26.442963 403.913727 -61.733173 -28.275030 403.365295 4.566218 -24.610897 404.462189
507 266 525 258 547 262 563 275 544 279 524 276 676 285 695 274 718 275 735 286 716 292 695 291 1106 218 -92.433350 58.295094 0.083176 0.197121 -0.001260 0.090412 -3.061902 -29.739319 408.401550 -36.131508 -32.713840 408.065308 30.007702 -26.764797 408.737823
509 274 527 267 547 270 564 283 545 286 526 283 677 293 695 283 717 283 734 294 715 300 695 299 1162 672 -103.042915 148.153870 9.792033 0.204171 0.003405 0.090671 -2.944221 -27.013842 412.469360 -36.012917 -30.011061 412.275421 30.124475 -24.016623 412.663300
517 275 535 268 555 271 572 284 553 287 534 285 685 294 704 284 725 285 742 295 723 302 703 301 809 872 -32.664520 187.661682 10.589868 0.243596 -0.014469 0.096037 0.236058 -26.280117 410.772064 -32.813049 -29.374390 409.910950 33.285168 -23.185844 411.633209
528 264 547 256 568 259 585 273 565 276 545 273 699 284 718 274 739 275 756 286 737 292 717 291 683 396 -8.169385 93.434692 -0.209323 0.230332 -0.010306 0.103864 5.286623 -30.210636 406.971222 -27.738287 -33.583572 406.237579 38.311535 -26.837700 407.704865
510 277 528 270 548 273 564 285 546 288 527 286 677 295 696 285 717 286 734 296 715 302 696 301 1320 756 -134.345367 164.810059 12.948474 0.201932 0.000733 0.089334 -2.685529 -26.103642 413.573090 -35.758373 -29.048370 413.298950 30.387316 -23.158913 413.847229
537 261 556 255 577 258 594 272 574 274 554 271 706 285 725 275 746 277 763 288 744 294 724 292 732 474 -17.817719 108.881073 1.821487 0.227495 0.001685 0.119721 8.470330 -30.509798 410.229797 -24.497780 -34.447796 409.835449 41.438442 -26.571802 410.624176
521 274 539 267 560 271 577 284 558 287 538 284 689 296 708 286 729 287 747 298 727 304 707 302 1167 741 -103.957664 161.810104 11.235264 0.225339 -0.000918 0.107519 1.947166 -26.100256 411.081818 -31.066698 -29.630009 410.651489 34.961033 -22.570505 411.512115
521 274 539 267 560 270 576 283 557 286 538 283 688 294 707 285 728 286 745 296 726 302 706 301 1329 846 -136.031006 182.623032 14.853779 0.227369 0.005042 0.103625 1.684181 -26.655050 413.184021 -31.342859 -30.079121 412.960571 34.711220 -23.230982 413.407471
517 263 536 255 556 259 572 272 554 275 534 273 685 283 704 273 725 274 742 285 723 291 703 290 1284 250 -127.769737 64.664497 2.370923 0.163718 0.006363 0.104566 0.338168 -30.956970 413.544006 -32.685013 -34.424488 413.470612 33.361351 -27.489456 413.617371
572 292 589 284 609 287 624 300 606 303 588 301 736 311 754 301 775 302 792 314 774 320 754 318 1109 72 -93.196434 29.402090 -2.845517 0.209901 0.010561 0.112780 20.823162 -20.164053 418.191742 -12.169637 -23.910112 418.147919 53.815960 -16.417994 418.235535
505 385 525 370 550 370 572 383 551 391 527 392 689 372 706 355 731 350 753 360 733 371 711 375 846 28 -40.982178 20.640413 -6.159293 -0.697092 -0.002657 -0.110787 0.673950 7.053233 352.360535 -32.335300 10.404448 351.049591 33.683197 3.702018 353.671448
509 371 522 365 538 366 551 374 536 377 522 377 633 378 646 371 662 371 674 378 661 383 646 382 1145 27 -100.401955 20.503916 -3.425073 -0.441390 -0.036468 0.037344 -19.860819 11.345057 574.160034 -53.021141 9.882616 573.257751 13.299500 12.807496 575.062317
517 386 531 380 547 381 560 390 545 392 531 391 642 393 655 387 670 387 683 394 669 398 655 398 766 850 -24.144514 183.299026 9.748265 -0.484544 -0.049898 0.041550 -15.144473 19.595873 573.733643 -48.280670 17.877037 572.469604 17.991724 21.314709 574.997620
532 370 546 364 562 366 575 375 560 377 545 376 656 381 669 374 684 375 697 383 683 387 669 386 324 14 62.736027 17.762592 -11.251583 -0.431112 -0.039090 0.073925 -7.285122 12.212969 576.186096 -40.375690 9.561129 575.450134 25.805445 14.864809 576.922119
511 396 530 382 554 382 575 395 554 400 532 401 695 390 715 375 739 373 760 384 740 392 717 393 1394 693 -149.123001 152.357452 12.354506 -0.621382 0.009696 -0.043592 2.468444 12.619066 358.855957 -30.704317 14.071529 358.722137 35.641205 11.166603 358.989777
501 381 515 375 532 377 545 386 530 389 515 387 628 392 641 384 657 385 669 393 656 397 641 396 276 194 72.480576 53.375004 -8.048982 0.226586 -0.020692 0.069997 -22.127476 17.389196 551.625549 -55.244251 15.164321 550.682861 10.989301 19.614073 552.568237
489 385 503 378 519 379 532 388 518 391 503 390 616 392 630 385 646 385 659 393 645 397 630 397 1274 310 -125.713898 76.536530 3.493730 -0.480020 -0.074213 0.036891 -28.732693 18.587431 561.452087 -61.825710 16.830523 559.372437 4.360325 20.344337 563.531799
491 386 505 380 522 381 535 389 520 392 505 391 619 393 633 386 649 386 662 394 648 398 633 397 980 104 -67.524384 35.708447 -3.385937 -0.459685 -0.066400 0.035584 -27.168427 18.977865 559.495300 -60.280712 17.340931 557.636047 5.943857 20.614801 561.354492
508 383 522 377 538 379 551 388 537 391 522 390 635 393 648 386 663 386 676 394 662 398 648 398 128 275 101.984406 69.374634 -7.772243 0.209414 -0.026397 0.066612 -18.719591 18.384069 554.964233 -51.839516 16.281666 553.864197 14.400333 20.486475 556.064209
478 396 497 382 523 380 546 394 524 400 500 402 665 384 685 367 711 364 734 375 712 384 688 387 1411 23 -153.267258 19.766935 -1.055604 -0.655583 -0.044834 -0.102643 -7.136754 11.012323 349.656738 -40.140842 13.704542 347.198761 25.867334 8.320105 352.114746
509 391 524 386 540 387 553 396 538 399 523 397 636 401 650 394 665 394 677 402 664 406 650 406 46 623 118.677650 138.227524 -1.481055 0.203108 -0.028031 0.065500 -17.823456 22.586458 554.531677 -50.944321 20.522442 553.388062 15.297408 24.650473 555.675293
499 389 513 383 529 385 543 393 528 396 513 395 626 397 640 390 655 390 668 397 654 402 640 401 548 350 18.605841 84.303497 -2.384426 -0.460432 -0.071473 0.035856 -23.549484 21.166040 563.566223 -56.650059 19.481825 561.547546 9.551091 22.850254 565.584900
471 387 484 381 500 382 513 390 499 394 484 393 597 393 611 385 627 385 640 392 626 397 611 397 1375 108 -146.016006 36.581169 0.333905 -0.446655 -0.061337 0.017221 -38.758667 19.183249 562.160706 -71.897232 18.183449 560.317993 -5.620103 20.183048 564.003418
476 388 490 381 506 382 519 391 504 394 490 393 603 394 616 386 632 386 646 393 632 398 617 398 922 205 -55.882900 55.684586 -1.875117 -0.441275 -0.053266 0.026219 -35.838573 19.563026 562.842896 -68.985825 18.337080 561.320984 -2.691317 20.788973 564.364807
476 391 490 385 506 386 519 394 505 398 490 397 603 397 616 389 632 389 646 396 632 401 617 401 956 525 -62.273712 119.020050 4.917727 -0.456428 -0.059622 0.021058 -35.797836 21.382032 563.583496 -68.937439 20.263420 561.829895 -2.658235 22.500643 565.337158
504 390 518 384 534 386 547 395 533 397 518 396 631 399 644 392 660 393 672 400 658 404 644 404 357 634 56.886894 140.468307 1.606699 -0.473935 -0.070088 0.049109 -21.157396 22.182495 565.200317 -54.242943 20.073235 563.341003 11.928151 24.291758 567.059692
502 383 516 377 533 378 546 388 531 390 516 389 630 392 643 384 658 384 671 392 657 397 643 396 266 42 74.294060 23.291924 -11.218927 -0.437931 -0.068159 0.041992 -21.842730 18.101263 562.630371 -54.942883 16.265099 560.741455 11.257425 19.937429 564.519287
494 388 508 382 524 383 537 392 523 395 507 394 621 396 635 388 650 389 663 396 649 401 635 400 547 335 18.787418 81.334770 -2.697371 -0.459345 -0.074152 0.036649 -26.232992 20.596128 562.327454 -59.326263 18.867598 560.228088 6.860281 22.324659 564.426758
483 398 497 391 513 392 526 401 512 404 497 403 611 403 624 395 640 395 653 402 639 407 625 407 779 747 -26.845682 162.917831 7.782395 -0.488519 -0.078083 0.013131 -31.617369 24.586081 559.898987 -64.720200 23.547184 557.515137 1.485465 25.624977 562.282837
458 397 478 376 507 373 532 390 509 401 483 405 662 368 681 343 711 336 737 348 715 365 688 371 1391 176 -149.117859 50.041759 1.858222 -0.612312 0.085964 -0.153931 -9.616832 6.572321 325.575531 -42.322792 12.189392 326.728058 23.089128 0.955250 324.423004
467 346 483 339 501 341 516 351 500 354 483 353 617 356 633 348 652 348 668 356 651 362 634 361 1062 338 -83.552292 82.034241 2.107696 -0.332254 -0.036376 0.048915 -27.449385 -1.240345 475.780945 -60.593090 -3.032598 474.863190 5.694319 0.551907 476.698700
524 335 542 329 562 332 577 343 559 345 541 343 676 355 692 348 710 350 725 360 708 363 691 361 619 252 4.384366 64.923729 -3.714740 -0.360243 -0.075287 0.113279 -1.091499 -3.079831 474.470215 -33.992939 -7.193732 472.700836 31.809940 1.034069 476.239594
484 334 501 327 519 328 535 339 518 343 500 341 636 346 652 337 671 338 686 347 669 352 652 351 871 79 -45.891987 30.738523 -4.896296 -0.346995 -0.039355 0.059904 -19.252428 -6.083168 473.362762 -52.372841 -8.255258 472.424683 13.867983 -3.911079 474.300842
518 329 536 322 556 324 571 335 553 338 535 336 670 344 686 336 705 338 719 348 703 352 686 350 546 25 18.631754 19.985100 -8.983721 -0.370709 -0.069779 0.083967 -3.693230 -7.187405 474.126831 -36.702599 -10.330770 472.377441 29.316141 -4.044041 475.876190
507 363 525 357 543 360 559 370 542 372 524 370 661 379 677 372 695 373 710 381 694 385 677 384 738 843 -18.588230 181.907959 9.348580 -0.439425 -0.055381 0.083903 -8.335845 8.269202 469.770355 -41.375683 5.179366 468.594910 24.703993 11.359039 470.945831
526 360 544 355 564 358 579 368 561 370 543 368 680 378 697 371 715 372 729 381 713 385 696 384 333 722 61.756882 157.878708 3.167501 -0.417909 -0.047519 0.097881 0.367460 7.550694 470.112335 -32.643837 4.076031 469.251709 33.378757 11.025355 470.972931
520 360 538 355 557 358 573 368 555 370 536 368 674 378 690 370 708 371 723 380 706 385 689 383 427 727 43.082493 158.887512 4.134699 0.200788 -0.000931 0.092851 -2.462260 7.358061 458.494141 -35.524506 4.303137 458.155212 30.599987 10.412986 458.833099
490 366 507 359 526 361 542 372 524 375 506 373 643 379 660 370 679 371 694 380 677 385 660 384 1030 701 -76.778130 153.865906 9.163229 0.179133 -0.012079 0.071655 -15.523423 8.426884 456.960297 -48.640842 6.098186 456.349304 17.593996 10.755581 457.571320
479 358 495 351 515 353 530 365 513 368 495 367 632 371 648 361 668 361 684 371 667 377 648 376 1164 312 -103.851913 76.909744 2.520878 0.159129 -0.010645 0.062618 -20.334833 5.047132 455.520905 -53.472832 3.006122 455.004150 12.803164 7.088142 456.037659
530 365 548 360 567 363 583 374 565 375 547 373 684 385 700 378 718 379 732 388 716 392 699 390 189 899 90.575562 192.877701 5.424977 -0.426568 -0.042195 0.109443 1.812459 10.271763 470.089050 -31.167637 6.461133 469.495758 34.792557 14.082394 470.682373
501 370 519 364 539 366 555 377 537 379 518 377 658 384 675 376 694 377 709 386 692 390 675 389 773 770 -25.627041 167.468338 8.192844 -0.469880 -0.057301 0.068024 -9.668841 10.604983 461.599884 -42.744801 7.992813 460.289520 23.407120 13.217154 462.910217
506 363 524 356 544 359 560 371 542 373 523 371 663 380 680 371 700 372 715 381 698 387 680 385 548 435 18.703012 101.125130 -0.663275 0.209276 -0.002978 0.086990 -7.105200 8.124793 447.844360 -40.184769 5.271277 447.445374 25.974369 10.978310 448.243347
510 362 528 357 547 359 563 370 545 372 527 370 666 380 683 372 701 374 716 383 699 387 682 385 731 618 -17.454374 137.378677 4.728107 -0.430645 -0.054400 0.090904 -6.259250 8.268763 462.872620 -39.280769 4.965662 461.764282 26.762268 11.571862 463.980988
540 344 559 338 579 341 594 353 576 355 557 353 694 366 711 358 729 360 743 370 727 374 710 372 121 180 103.266876 50.572552 -9.760367 0.145654 0.009593 0.114009 6.624457 1.467539 457.789307 -26.363649 -2.319630 457.831116 39.612564 5.254708 457.747498
524 347 543 341 563 343 579 355 560 357 542 355 679 365 696 357 715 358 730 368 713 373 696 371 521 114 23.701611 37.593201 -7.411882 -0.335910 -0.069642 0.093799 0.190202 1.668397 464.731476 -32.790398 -1.765235 462.985077 33.170803 5.102029 466.477844
521 356 539 350 559 353 575 364 556 366 538 364 677 375 694 367 712 368 727 377 710 382 693 380 489 465 30.462055 107.050056 -0.599334 0.190058 0.007674 0.097599 -1.297589 5.686677 451.399658 -34.343884 2.446439 451.345764 31.748705 8.926915 451.453583
530 351 548 345 567 348 583 359 565 360 546 358 685 369 702 363 720 364 734 373 718 377 701 375 44 327 118.736717 79.648262 -7.493134 -0.377412 -0.048757 0.104617 2.191059 3.483463 464.410828 -30.795433 -0.202417 463.480621 35.177551 7.169343 465.341034
477 368 494 360 513 362 529 373 512 377 494 375 632 377 648 366 668 366 684 375 667 381 649 381 854 594 -41.924931 132.654312 5.375244 0.177342 -0.029657 0.039730 -20.374529 7.910040 452.161377 -53.538651 6.685342 451.065521 12.789590 9.134739 453.257233
502 352 520 345 540 347 556 359 538 362 519 360 659 366 676 356 696 357 711 367 694 372 676 371 413 51 45.091839 25.103226 -9.682484 -0.345760 -0.057262 0.064600 -9.008793 2.430324 460.954895 -42.091187 0.005176 459.460419 24.073601 4.855473 462.449371
497 366 514 359 534 361 550 372 532 375 514 373 654 379 671 370 690 371 705 379 689 384 671 383 466 486 35.056728 111.201263 -0.385991 -0.415398 -0.053796 0.057864 -11.406351 8.254345 459.330017 -44.509064 6.024223 457.989624 21.696360 10.484467 460.670410
438 448 454 441 473 441 489 451 472 456 454 455 586 451 601 441 620 439 635 447 619 454 602 455 628 212 2.550118 57.009521 -4.441783 0.067962 -0.052106 -0.000214 -41.033543 42.796078 477.222809 -74.193306 42.861931 475.494995 -7.873778 42.730228 478.950623
419 452 433 446 451 448 465 458 450 461 433 460 561 464 577 455 596 455 612 463 595 469 578 469 1305 325 -131.857208 79.511421 4.083043 0.059212 -0.009801 0.060867 -52.344467 48.081497 485.490509 -85.486214 46.072517 485.105652 -19.202719 50.090473 485.875366
484 443 501 436 519 437 534 447 517 450 500 450 629 448 643 439 660 438 674 446 659 452 643 452 41 226 119.217422 59.659592 -9.565903 0.044002 -0.059459 0.017736 -22.254190 42.794899 495.167419 -55.395115 42.249954 493.182068 10.886735 43.339840 497.152802
438 433 453 426 471 428 486 439 470 442 453 441 581 444 597 434 615 434 630 443 614 449 597 449 969 235 -65.188660 61.631283 -0.834675 0.056743 -0.035476 0.059129 -43.757652 39.481209 489.376526 -76.883575 37.553852 488.144440 -10.631728 41.408566 490.608582
423 426 437 419 455 420 469 431 453 434 437 433 564 435 579 426 598 425 613 434 597 440 580 440 1398 173 -150.512360 49.449493 1.861961 0.052478 -0.035027 0.051612 -51.876057 35.780308 493.358154 -85.016312 34.098953 492.151459 -18.735804 37.461662 494.564880
424 435 439 429 456 430 470 440 455 443 438 442 566 445 581 436 600 436 615 444 599 450 582 449 1349 437 -140.473053 101.685425 6.756252 0.068353 -0.031025 0.055641 -50.900543 40.189117 491.474243 -84.038025 38.379444 490.382477 -17.763060 41.998791 492.566010
422 429 436 422 454 424 468 434 452 438 436 436 563 439 579 429 597 429 612 437 596 443 579 443 1355 155 -141.987778 45.878433 1.101355 0.041131 -0.031595 0.052499 -52.305092 37.449429 493.750580 -85.447601 35.729355 492.666595 -19.162584 39.169502 494.834564
455 431 471 423 489 425 504 435 488 438 471 437 599 438 614 430 632 430 645 438 630 444 614 443 463 427 35.585453 99.524460 -1.608309 -0.455099 -0.111234 0.029402 -36.489819 38.468334 502.544342 -69.478859 36.702381 499.203094 -3.500773 40.234283 505.885620
429 432 444 425 461 426 476 437 460 440 444 439 571 441 586 432 604 431 619 440 604 446 587 446 1042 444 -79.456619 103.007690 4.069827 0.082125 -0.049755 0.055053 -48.722694 38.628441 493.280396 -81.836182 36.871918 491.556671 -15.609209 40.384964 495.004120
421 434 436 427 453 429 468 438 452 442 436 441 563 442 578 433 596 432 612 440 596 446 579 446 1253 480 -121.346344 110.175476 6.742574 0.077345 -0.046920 0.043538 -52.423546 39.329376 494.186951 -85.560394 37.946346 492.575745 -19.286695 40.712410 495.798157
428 431 443 423 461 424 475 435 459 438 443 437 570 438 586 429 604 428 619 437 603 443 586 442 931 329 -57.529663 80.226219 0.718648 0.082493 -0.054250 0.046234 -49.089394 37.588554 493.739532 -82.209946 36.130642 491.878479 -15.968849 39.046467 495.600586
416 443 431 437 447 438 461 448 446 451 430 450 557 453 572 444 590 444 605 451 589 457 573 457 1190 813 -108.446014 176.063736 12.905062 0.099452 -0.035638 0.057126 -55.270374 44.016579 494.483307 -88.400009 42.183044 493.208588 -22.140738 45.850113 495.758026
445 430 461 422 479 424 494 434 477 438 460 437 589 437 604 428 622 428 636 436 621 442 605 442 377 236 52.457413 61.707611 -6.268092 0.105907 -0.059361 0.044727 -40.350811 37.049702 490.599091 -73.464035 35.672920 488.554993 -7.237586 38.426479 492.643219
449 426 465 418 484 419 499 429 482 433 465 432 594 432 609 423 627 423 641 431 626 437 609 437 215 58 84.447304 26.447874 -11.364772 -0.416227 -0.106122 0.018237 -38.912750 35.641754 502.064209 -71.928017 34.332569 498.772095 -5.897487 36.950935 505.356323
446 429 462 421 480 422 495 432 479 436 462 435 591 435 606 426 623 426 638 435 623 440 606 440 368 207 54.212780 55.966618 -6.938218 -0.429267 -0.107979 0.021833 -40.452732 37.036839 502.005585 -73.459335 35.578339 498.689423 -7.446134 38.495335 505.321716
434 436 449 429 467 430 482 440 466 443 449 443 577 442 592 432 610 432 624 440 609 446 593 446 743 589 -19.872223 131.641998 4.251438 0.116908 -0.055385 0.032335 -45.953274 39.562344 492.463715 -79.089905 38.599171 490.567444 -12.816648 40.525517 494.359985
455 429 471 421 489 422 504 432 488 436 470 435 599 436 614 427 631 427 645 436 630 441 614 440 161 317 95.474510 77.693275 -6.617787 -0.448209 -0.113797 0.023883 -36.792545 37.451859 504.139191 -69.776871 35.855091 500.668762 -3.808216 39.048630 507.609650
439 442 454 435 472 436 487 446 471 450 454 449 581 450 596 440 614 440 628 448 613 454 597 454 773 809 -25.582457 175.186493 8.982550 0.101961 -0.050822 0.044380 -44.116089 43.102375 495.250641 -77.245415 41.718334 493.492279 -10.986765 44.486416 497.009003
423 444 438 437 455 438 470 448 454 452 438 451 566 452 581 443 599 442 613 450 598 456 581 456 1321 834 -134.454926 180.246567 14.537095 0.109704 -0.037350 0.041321 -51.288422 43.755337 492.966553 -84.441795 42.454697 491.654297 -18.135052 45.055977 494.278778
421 446 436 439 453 440 467 450 452 453 436 452 562 453 578 444 595 443 610 451 595 457 578 457 1262 899 -122.655869 193.098053 15.309745 0.097123 -0.042528 0.036468 -52.831825 44.561855 495.381195 -85.984589 43.421967 493.913269 -19.679066 45.701748 496.849121
504 426 516 420 531 420 542 428 529 431 516 431 619 431 632 424 646 424 659 431 646 435 632 435 1140 262 -99.139687 67.009743 1.287341 -0.551493 -0.037497 0.029911 -27.227486 43.182171 610.955261 -60.395065 41.904278 610.039734 5.940094 44.460068 611.870789
508 468 520 463 534 463 545 471 533 474 520 473 616 473 628 466 641 466 652 473 641 477 628 477 699 377 -11.370698 89.677849 -0.446655 -0.568865 -0.059705 0.024064 -29.627983 72.614494 656.571411 -62.765858 71.309731 654.916626 3.509892 73.919258 658.226257
523 474 536 469 550 470 561 478 548 481 535 480 631 483 643 476 656 477 666 483 655 487 643 487 354 588 57.430481 131.364212 0.647615 0.131870 -0.013530 0.064991 -20.054594 77.327271 652.309937 -53.186375 75.206650 651.720276 13.077187 79.447884 652.899597
493 468 504 462 518 462 529 470 517 473 504 473 600 470 611 463 625 463 637 470 625 474 612 474 1412 211 -153.251068 56.972626 2.760389 -0.508648 -0.050794 0.005150 -39.890434 72.086098 662.723572 -73.052910 71.502747 661.152039 -6.727962 72.669449 664.295105
506 466 518 461 531 461 542 469 530 471 517 471 614 470 625 464 638 464 650 470 638 474 625 474 729 252 -17.475332 64.946320 -2.701391 -0.526478 -0.054474 0.020189 -31.510216 71.713654 662.299927 -64.660294 70.609085 660.746887 1.639863 72.818230 663.852966
498 475 510 469 523 469 535 476 523 480 510 479 606 477 617 470 630 470 641 476 630 480 618 480 1300 757 -130.369736 165.003845 12.784477 -0.528421 -0.067102 -0.000614 -36.553398 76.536263 665.764832 -69.685204 75.980804 663.635315 -3.421596 77.091721 667.894287
505 472 516 466 530 467 541 474 529 477 516 477 613 475 624 468 637 468 648 475 637 479 624 478 514 544 25.584253 122.689407 1.230630 -0.528939 -0.055083 0.011160 -32.309113 75.043594 663.847351 -65.462708 74.217850 662.199036 0.844484 75.869339 665.495605
505 473 517 467 530 468 542 475 530 478 517 478 613 476 624 469 637 469 649 475 637 479 625 479 618 622 5.006071 138.147079 3.768116 -0.529543 -0.056505 0.008242 -32.077736 75.591438 664.537903 -65.229683 74.845390 662.819885 1.074209 76.337494 666.255920
498 467 509 461 523 461 534 468 522 472 509 471 606 469 617 462 630 462 642 469 630 473 618 473 1328 24 -136.771973 19.947792 -1.799973 -0.510165 -0.057614 0.004054 -36.516422 71.430984 662.491882 -69.667061 70.824844 660.695374 -3.365786 72.037125 664.288391
503 474 515 468 529 469 540 476 528 479 515 479 611 476 622 470 636 470 647 476 635 480 623 480 588 864 11.244458 186.033081 8.391965 -0.554554 -0.060290 0.003438 -33.086197 75.930527 662.652954 -66.232018 75.281349 660.784058 0.059625 76.579704 664.521790
525 466 537 461 550 462 562 469 549 471 537 471 632 471 643 465 656 466 666 472 655 476 643 475 4 444 126.819450 102.794525 -5.492512 -0.512786 -0.082503 0.032348 -20.312883 73.145050 671.487122 -53.390232 71.432098 669.138855 12.764465 74.858002 673.835449
479 478 490 472 503 471 515 478 503 481 491 482 586 474 597 467 611 466 623 471 611 476 599 477 1243 488 -119.349953 111.756638 6.812442 -0.490229 -0.053867 -0.056613 -48.634056 76.113335 666.047058 -81.739548 77.487411 663.879578 -15.528565 74.739250 668.214539
497 479 508 473 522 473 533 480 521 483 508 483 605 479 616 472 629 472 640 478 629 482 617 482 747 861 -20.356173 185.472031 9.795969 -0.551544 -0.062210 -0.019429 -37.223785 78.111565 662.466980 -70.359871 78.168884 660.332520 -4.087697 78.054245 664.601501
502 472 514 466 527 466 539 473 526 476 514 476 610 473 621 466 635 466 646 472 634 477 622 477 604 316 7.438398 77.586349 -2.556999 -0.518448 -0.059457 -0.003441 -33.798908 74.203484 662.335510 -66.946159 73.812363 660.420715 -0.651659 74.594604 664.250305
493 471 505 465 518 465 530 472 518 475 505 475 601 471 612 464 626 464 637 470 626 474 613 474 1116 330 -94.292557 80.462112 2.443168 -0.512784 -0.065231 -0.017281 -39.350258 73.156952 664.035950 -72.481140 73.162460 661.821411 -6.219377 73.151451 666.250549
514 475 526 470 539 470 551 477 538 480 526 480 621 479 632 472 645 472 656 478 645 483 632 482 212 881 85.984322 189.320190 5.272381 -0.501103 -0.067619 0.018299 -27.071766 77.853981 669.095459 -60.196831 76.721313 667.093750 6.053299 78.986656 671.097107
505 466 517 460 531 461 542 469 530 472 517 471 613 471 624 464 638 464 649 471 637 475 625 475 1131 140 -97.490631 42.863911 -1.265926 -0.502524 -0.059856 0.027205 -31.984987 72.171761 664.380920 -65.119553 70.817810 662.699524 1.149580 73.525711 666.062256
547 462 560 458 574 460 585 468 572 470 559 468 653 475 665 470 677 471 687 478 676 481 664 480 284 451 71.184578 104.237335 -2.771334 -0.481235 -0.082381 0.105548 -6.274761 74.292252 673.357971 -39.188080 70.286858 671.560730 26.638557 78.297646 675.155151
572 104 582 98 595 99 604 105 593 109 581 109 673 112 685 109 698 111 708 119 696 121 684 119 155 780 97.196152 169.320435 2.702149 0.085465 0.381816 0.164768 6.129189 -147.019455 636.788025 -24.247402 -152.861343 648.858398 36.505779 -141.177567 624.717590
498 473 510 467 523 468 534 475 522 478 509 478 605 477 616 470 630 470 641 476 630 481 617 481 1251 483 -120.945465 110.768768 6.784896 -0.484304 -0.038826 0.018801 -36.946705 76.368134 666.771301 -70.121223 75.462067 665.680542 -3.772184 77.274208 667.862122
523 414 536 409 551 411 563 420 549 422 535 420 646 426 660 419 675 419 688 426 674 430 660 430 1383 730 -146.894730 159.677551 13.002378 0.188154 -0.003735 0.077055 -12.343642 35.259003 557.130920 -45.449989 32.729645 556.767883 20.762703 37.788361 557.493958
535 409 550 403 565 405 578 414 564 416 549 415 662 421 675 414 691 415 703 423 690 427 675 426 861 566 -43.348011 127.114502 4.872763 -0.492440 -0.029999 0.081825 -4.577683 33.067135 562.439514 -37.659004 30.221800 562.139587 28.503635 35.912468 562.739502
535 411 555 399 579 399 599 412 578 417 556 418 718 407 738 392 762 389 784 398 763 407 740 410 644 215 -0.626045 57.606510 -4.233640 -0.613384 0.036736 -0.041520 10.453401 18.057806 357.554810 -22.701979 19.713381 358.289307 43.608780 16.402231 356.820312
473 418 488 406 508 405 525 417 508 424 489 425 648 412 665 399 687 398 706 409 688 417 667 418 1262 486 -123.128006 111.364731 6.946977 -0.178612 0.270298 -0.034116 -15.190407 21.671474 377.187836 -47.173771 23.578823 385.904846 16.792959 19.764124 368.470856
495 414 509 408 525 409 538 418 523 421 508 420 623 421 636 413 652 414 666 421 652 426 637 425 971 562 -65.212280 126.345490 5.805118 -0.467226 -0.051451 0.033949 -25.270531 33.824505 558.289795 -58.413418 32.346706 556.902405 7.872355 35.302303 559.677185
516 405 530 399 546 401 559 410 545 412 530 411 644 415 657 407 673 408 685 416 672 420 657 419 422 343 43.637131 82.892311 -3.686914 -0.451585 -0.045923 0.058216 -14.366131 30.051008 559.871887 -47.481247 27.846401 558.828613 18.748985 32.255615 560.915161
490 418 504 412 519 413 532 422 518 425 504 424 617 426 631 418 647 418 660 425 646 430 631 430 952 725 -61.250175 158.599533 8.930644 0.152288 -0.043113 0.052671 -27.714857 35.442947 549.710388 -60.842930 33.810860 548.152588 5.413216 37.075039 551.268188
511 401 525 395 542 396 555 405 540 408 525 407 639 410 652 402 668 402 681 410 667 415 652 414 457 121 36.427982 38.965366 -7.859725 -0.424416 -0.045875 0.049127 -16.856310 27.454653 559.917114 -49.987259 25.554821 558.781189 16.274639 29.354486 561.053101
519 415 533 410 549 411 562 420 548 422 533 421 647 425 660 418 675 418 688 425 674 429 660 429 276 890 73.276237 191.114456 6.044206 0.162795 -0.026451 0.062817 -12.618342 34.711746 551.545471 -45.746227 32.708046 550.502380 20.509542 36.715446 552.588623
506 414 521 408 537 409 550 418 535 421 520 420 635 423 648 416 664 416 677 423 663 428 648 427 948 661 -60.528442 145.933014 7.597869 -0.462447 -0.061590 0.048824 -19.108160 34.305012 558.748779 -52.212284 32.278351 557.145874 13.995964 36.331676 560.351624
495 408 509 401 524 403 537 412 523 415 508 414 622 415 636 408 652 408 664 415 651 420 636 420 1039 296 -79.029640 73.717651 1.045362 0.126900 -0.032805 0.052022 -25.275843 30.249922 551.456360 -58.417961 28.597250 550.261292 7.866277 31.902596 552.651428
532 413 546 408 562 410 575 419 560 421 545 419 659 425 672 419 687 419 699 426 686 430 671 430 284 791 71.573265 171.523849 4.113269 0.128132 -0.015481 0.078334 -6.266432 34.817085 555.604980 -39.365593 32.258770 554.926575 26.832729 37.375401 556.283386
473 412 486 405 501 406 514 414 500 418 486 418 598 414 611 405 628 405 642 411 628 417 612 417 1143 352 -99.632973 84.821495 3.137373 0.083579 -0.045350 0.010152 -37.921349 30.722841 557.336487 -71.090332 30.449150 555.818909 -4.752362 30.996531 558.854126
539 394 553 388 570 390 582 400 567 402 552 401 665 408 679 401 694 402 706 410 693 414 678 413 347 64 58.222523 27.662390 -10.027259 -0.400976 -0.055250 0.090680 -2.700213 25.931009 565.467773 -35.720493 22.643021 564.280396 30.320068 29.218998 566.655090
526 417 540 411 556 413 569 422 554 424 539 423 653 429 666 422 682 423 694 431 680 435 666 434 615 888 5.906332 190.788269 9.126668 -0.462541 -0.049148 0.079794 -9.414926 37.396465 563.215271 -42.476612 34.473713 562.244690 23.646761 40.319221 564.185852
494 413 508 407 523 408 536 417 522 420 507 419 621 422 635 414 651 415 665 423 650 427 635 426 1257 404 -122.228127 95.135780 5.240511 -0.440478 -0.037932 0.053346 -26.019335 34.005074 558.826050 -59.154182 32.018856 557.991455 7.115510 35.991291 559.660645
505 408 520 402 536 403 548 412 534 415 519 414 633 418 647 410 663 411 676 419 662 423 647 422 1075 346 -86.126564 83.620117 2.389446 -0.432052 -0.038808 0.060772 -19.702913 31.449261 558.763611 -52.822777 29.221312 557.944763 13.416952 33.677208 559.582397
490 415 504 408 520 410 532 419 518 422 504 421 617 423 631 415 647 415 661 422 646 427 631 427 1246 464 -119.973564 107.007614 6.354106 0.118526 -0.032007 0.054328 -27.743586 33.861721 550.390747 -60.882488 32.126060 549.224365 5.395314 35.597382 551.557068
485 422 499 416 514 417 527 425 513 428 499 428 612 428 626 420 642 420 656 427 642 432 627 432 1245 696 -119.509621 152.920563 11.042624 0.132457 -0.034538 0.043974 -30.144005 36.958805 548.978577 -63.297001 35.579502 547.739136 3.008989 38.338112 550.217957
524 420 538 414 554 416 567 425 553 427 538 426 652 430 665 423 680 423 692 430 679 435 665 434 184 823 91.482300 177.836166 3.840005 0.116884 -0.027746 0.064949 -10.078968 37.555222 554.281067 -43.201092 35.459061 553.236755 23.043158 39.651379 555.325317
391 442 404 437 420 439 432 448 418 450 404 449 509 453 521 446 536 446 548 453 535 457 521 457 980 369 -67.221436 88.152344 1.980003 0.193730 -0.090623 0.088718 -89.555405 53.565907 599.599731 -122.494385 50.936485 596.333313 -56.616425 56.195328 602.866089
491 382 505 375 521 376 534 385 519 388 505 387 617 388 631 379 647 379 660 387 646 392 631 392 1072 398 -85.470947 93.910385 3.414748 0.282308 -0.037464 0.039101 -27.416328 15.940896 549.529175 -60.572792 14.834750 548.120300 5.740134 17.047041 550.938110
535 361 548 355 563 356 575 363 562 366 548 366 653 365 665 358 680 357 692 364 679 369 666 369 1071 209 -85.488281 56.506794 -0.421493 0.285655 -0.014751 0.024769 -7.994181 4.764458 590.612671 -41.185291 4.022743 590.012939 25.196928 5.506174 591.212463
557 357 571 349 587 349 600 359 585 362 570 362 680 361 693 353 708 353 722 363 709 367 694 366 531 388 22.027599 91.820267 -1.771579 -0.479978 -0.014884 0.033407 6.132812 2.896589 563.674744 -27.050220 1.713335 563.460510 39.315845 4.079843 563.888977
575 359 589 354 604 356 616 364 602 366 588 364 695 368 708 362 722 362 733 369 721 373 707 372 10 886 126.132393 190.268219 3.512746 0.272971 0.013494 0.057245 14.807250 5.552742 583.373962 -18.340508 3.615792 583.558472 47.955006 7.489692 583.189453
566 346 579 341 594 342 606 351 593 353 579 352 685 355 698 348 713 349 725 356 712 360 698 359 844 351 -40.215481 84.562187 0.362655 0.283030 0.013291 0.054205 9.612453 -1.589885 582.763977 -23.541004 -3.426919 582.946289 42.765907 0.247149 582.581726
587 345 600 340 616 341 628 350 614 353 600 351 706 357 718 350 733 351 744 358 731 362 718 361 267 293 74.382271 72.965408 -6.127258 0.260896 0.042264 0.073980 21.166567 -1.321958 587.238342 -11.918477 -3.929663 588.305725 54.251614 1.285746 586.170959
552 357 565 351 580 352 592 360 579 363 565 362 671 363 684 356 699 356 712 363 699 367 685 367 1198 545 -110.342186 123.027779 7.552073 -0.466171 0.005192 0.044856 1.998011 3.405608 588.991150 -31.173563 2.009478 589.498169 35.169586 4.801738 588.484131
579 346 593 341 608 342 620 351 606 354 592 352 699 357 712 350 727 350 739 357 726 362 712 361 263 162 75.027412 47.039486 -8.816704 0.223715 0.020598 0.065261 17.286407 -1.073329 581.711365 -15.841004 -3.296769 582.147766 50.413818 1.150111 581.274902
548 356 561 350 576 351 588 359 575 362 561 361 666 362 679 354 694 355 706 362 693 366 679 365 944 543 -59.868443 122.579811 5.171658 -0.450135 -0.008883 0.034442 -0.589153 2.818535 597.653320 -33.773315 1.648102 597.621338 32.595009 3.988967 597.685364
558 349 572 343 587 345 599 353 585 356 571 355 677 357 689 349 704 349 715 356 703 361 689 361 726 358 -16.757980 85.923264 -0.582651 0.237435 0.007857 0.042968 5.173699 -0.494796 591.546936 -27.999590 -1.938543 591.636719 38.346989 0.948950 591.457092
562 351 576 346 591 347 603 355 589 358 575 357 681 359 693 352 708 352 720 358 707 363 693 363 824 526 -36.040932 119.190842 3.721956 0.234490 0.014897 0.040775 7.474925 0.560035 590.121948 -25.698750 -0.838809 590.453918 40.648598 1.958878 589.789978
559 352 573 347 588 348 600 356 586 359 572 358 679 360 691 353 706 353 718 360 705 365 691 364 910 564 -53.087799 126.728760 5.283667 0.250782 0.015232 0.044610 6.046924 1.366833 584.545532 -27.121197 -0.161499 584.861084 39.215046 2.895164 584.229919
576 348 589 342 604 344 617 352 603 355 588 354 695 357 707 350 722 351 733 357 721 362 707 361 202 471 87.502853 108.178528 -3.121763 0.230274 0.016826 0.056010 15.075342 -0.703573 588.310364 -18.072954 -2.609941 588.650696 48.223640 1.202794 587.970032
555 363 568 357 584 358 596 366 582 369 568 368 675 369 688 362 703 363 715 369 702 374 688 373 1096 865 -89.706467 186.335312 13.092048 0.240141 0.009066 0.038106 4.041614 6.718282 581.213623 -29.137854 5.429471 581.360474 37.221081 8.007092 581.066711
549 358 562 352 577 353 589 361 576 364 562 364 669 364 682 356 697 356 709 363 696 368 682 367 1336 549 -137.761597 123.847725 8.904362 -0.436058 -0.006650 0.030560 0.500402 3.947710 589.128357 -32.688427 2.917602 589.132263 33.689232 4.977817 589.124451
576 342 590 337 605 338 617 347 603 349 589 348 696 351 708 344 723 345 734 352 722 357 708 356 184 109 90.666061 36.534485 -10.617661 -0.386802 -0.005201 0.063852 15.516597 -3.653273 594.915466 -17.620947 -5.752531 595.151978 48.654140 -1.554015 594.678955
569 343 582 337 597 338 610 347 596 350 582 349 689 350 701 343 716 343 728 351 715 355 701 355 535 88 20.889744 32.450634 -7.809380 0.223876 0.014846 0.045066 11.427978 -4.032590 585.461121 -21.739620 -5.570919 585.783020 44.595577 -2.494261 585.139221
565 346 579 340 594 341 606 350 593 353 578 352 685 353 698 346 713 346 725 353 712 358 698 357 599 236 8.340566 61.753201 -4.222967 -0.400779 -0.008357 0.046879 9.656404 -2.294131 592.175232 -23.511272 -3.863677 592.212952 42.824078 -0.724584 592.137573
543 356 557 348 572 349 585 357 571 361 556 361 664 359 677 352 693 352 706 361 692 364 678 364 1252 645 -120.958992 142.829025 10.074419 -0.456829 0.006529 0.031256 -1.994103 2.050253 581.743896 -35.182281 1.096966 582.186157 31.194077 3.003540 581.301697
576 416 588 411 601 412 612 419 600 422 587 421 683 423 695 417 708 418 719 424 707 428 695 427 1408 557 -152.060623 125.445724 9.729636 -0.462612 0.011862 0.059096 12.120385 41.379742 660.402283 -21.025196 39.577339 661.227722 45.265968 43.182144 659.576843
581 410 593 404 606 405 617 413 605 415 592 415 689 417 700 411 714 412 725 419 713 422 700 421 1190 143 -109.211952 43.469730 -0.661656 -0.447403 0.014931 0.064931 15.366452 37.532150 658.258057 -17.765911 35.557926 659.211243 48.498817 39.506378 657.304871
594 404 606 399 620 400 631 408 618 410 605 409 701 413 712 406 726 407 736 414 725 418 712 417 777 76 -27.215311 30.125515 -5.822996 -0.432949 0.011342 0.076129 23.473206 34.728554 666.346741 -9.634826 32.361626 667.249756 56.581238 37.095486 665.443665
596 412 609 407 622 408 633 416 621 418 608 417 703 420 715 414 728 415 738 421 727 425 715 424 596 473 9.207675 108.655243 0.548369 -0.418338 0.008221 0.067305 25.017366 39.576397 666.921631 -8.112253 37.464108 667.647034 58.146984 41.688683 666.196228
605 412 617 407 631 408 642 416 629 418 616 417 712 421 723 415 736 415 746 422 735 425 723 425 331 530 61.934841 119.881203 -0.738699 -0.422194 0.000119 0.073605 30.340956 39.909832 668.967773 -2.775280 37.540752 669.479675 63.457191 42.278915 668.455872
574 417 586 412 600 413 611 419 599 422 586 422 682 422 693 416 707 416 718 422 706 426 694 426 1387 483 -147.972000 110.796700 8.037765 -0.440601 0.010477 0.037872 11.336638 41.158463 661.629089 -21.842955 40.016937 662.238281 44.516232 42.299988 661.019897
578 415 590 409 603 410 615 417 602 420 590 420 686 420 697 414 711 414 722 420 710 424 698 424 1195 338 -109.982651 82.061554 3.332928 -0.445465 0.015421 0.041755 13.652742 39.820606 661.212280 -19.519722 38.592136 662.011108 46.825207 41.049076 660.413452
577 423 589 418 602 419 614 426 601 428 589 428 685 428 696 422 709 422 720 428 709 432 696 432 1244 896 -119.082260 192.500656 15.083178 -0.458543 0.004262 0.037723 13.083649 45.002266 662.692322 -20.097656 43.825298 663.111023 46.264954 46.179234 662.273560
576 421 588 416 602 416 613 423 601 426 588 426 684 426 696 420 709 420 720 426 708 430 696 429 1370 725 -144.317032 158.685379 12.781374 -0.454941 0.006621 0.035178 12.563204 43.476559 660.579712 -20.620703 42.397732 661.053101 45.747108 44.555386 660.106323
584 421 597 415 611 415 622 422 610 425 596 425 694 425 705 419 719 420 731 427 719 430 706 429 959 646 -62.731560 142.966751 7.395472 -0.475929 -0.001684 0.041160 18.240442 43.004856 652.362244 -14.936728 41.676483 652.627502 51.417614 44.333225 652.096924
609 417 622 413 636 414 647 421 634 424 621 423 716 426 728 420 740 421 751 427 739 431 727 430 163 645 95.452026 142.605377 0.042255 -0.404333 0.000423 0.072154 33.312424 43.565414 670.279785 0.192841 41.239140 670.771057 66.432007 45.891689 669.788513
581 430 593 425 606 425 618 431 605 434 593 434 690 433 701 427 714 427 726 433 714 436 701 436 932 881 -57.097347 189.468063 11.905216 -0.464543 0.009791 0.021294 15.644935 48.032520 656.512634 -17.550922 47.424828 656.987427 48.840790 48.640213 656.037781
583 419 595 413 609 414 620 421 608 424 595 423 692 423 703 417 716 417 727 423 716 427 703 427 897 341 -50.759312 82.594055 0.648417 -0.427389 0.003381 0.031886 17.201633 41.952744 660.205200 -15.986369 40.949711 660.536865 50.389637 42.955776 659.873535
577 422 590 416 604 415 615 421 602 425 589 425 689 422 701 417 716 417 729 423 716 427 702 426 1196 395 -110.116219 93.342140 4.496324 -0.491693 0.051479 0.018361 14.398768 40.402382 629.120361 -18.757454 40.229015 630.907654 47.554989 40.575745 627.333069
586 417 598 412 612 413 623 420 610 422 598 422 694 422 706 416 719 416 730 423 718 427 706 426 597 254 8.758593 65.315018 -3.876913 -0.438275 0.009296 0.040746 18.750101 41.234570 658.909485 -14.426180 39.991447 659.500061 51.926380 42.477688 658.318970
588 421 600 416 614 417 625 424 613 427 600 426 696 427 708 421 721 421 732 427 720 431 708 431 509 528 26.559586 119.521957 0.860588 -0.420965 0.014148 0.042442 20.188185 44.084335 661.678894 -12.983891 42.814178 662.427002 53.360260 45.354496 660.930786
585 426 597 421 611 421 623 428 610 431 597 430 694 430 705 424 718 425 730 431 718 434 706 434 736 827 -18.209072 178.741119 9.006174 -0.464464 0.005032 0.036558 18.458647 46.480049 659.088074 -14.723963 45.347706 659.526001 51.641258 47.612392 658.650085
577 428 589 422 602 423 614 430 601 432 589 432 686 431 697 425 710 425 721 431 710 435 697 435 1121 712 -94.849487 156.061523 10.224283 -0.456601 -0.000229 0.025641 13.155180 46.892643 656.982788 -20.038906 46.068893 657.166443 46.349266 47.716389 656.799133
574 425 585 420 599 421 610 427 598 430 585 430 682 429 694 423 707 423 718 429 707 433 694 432 1337 564 -137.943176 126.816452 9.217306 -0.444927 0.004339 0.024417 11.148175 45.533478 657.265625 -22.046595 44.780800 657.582336 44.342945 46.286160 656.948853
581 423 593 418 607 419 618 426 606 428 593 428 690 428 701 422 715 422 726 428 714 432 702 432 886 565 -48.317268 126.921738 5.082821 -0.445111 0.003443 0.035841 15.971013 44.676361 658.006226 -17.212631 43.550461 658.377258 49.154659 45.802261 657.635132
