643 436 659 425 678 426 692 438 675 444 657 444 788 446 806 437 827 440 843 454 825 459 805 456 512 38 69.132477 14.536610 41.034496 -0.710473 0.184965 0.141409 42.454159 39.677414 491.857513 10.108192 37.489346 499.034576 74.800125 41.865486 484.680450
644 439 659 430 677 429 690 438 675 443 658 444 789 442 806 435 825 437 840 447 823 451 806 449 303 516 111.534302 107.931252 56.871746 -0.724193 0.193715 0.098117 42.097752 38.699364 490.075287 9.639199 37.963287 497.036621 74.556305 39.435436 483.113953
641 442 658 433 677 433 691 443 674 449 655 449 789 458 808 452 828 457 844 470 826 472 806 468 1296 322 -86.182808 72.760498 43.282047 -0.837383 0.111934 0.176310 42.049252 43.838024 486.537018 9.524698 40.145782 492.112000 74.573807 47.530270 480.962036
642 442 657 433 674 431 689 438 673 444 656 446 796 438 813 432 832 434 849 444 832 448 813 445 1373 870 -100.499901 180.785370 58.941746 -0.775111 0.230535 0.082647 41.622318 36.769451 470.570709 9.359631 37.124435 478.416260 73.885010 36.414463 462.725189
643 438 658 429 675 428 689 436 673 442 657 443 791 439 808 432 827 435 843 445 826 448 808 446 664 592 39.919270 123.967491 56.280838 -0.694785 0.214667 0.090344 41.773090 37.458412 485.108459 9.429276 37.087280 492.611755 74.116905 37.829544 477.605164
643 435 659 422 680 423 694 436 676 444 658 444 792 444 810 433 833 436 850 452 830 458 810 454 296 186 112.331047 42.998302 47.131168 -0.697033 0.225151 0.143026 42.968475 38.163548 482.907104 10.891089 36.329994 491.287964 75.045860 39.997105 474.526215
642 440 658 430 675 429 689 437 674 443 657 444 793 439 810 432 829 434 846 445 828 448 810 446 960 707 -18.706161 147.479446 57.360210 -0.749136 0.225237 0.094480 41.627460 37.024830 477.086273 9.362921 36.861744 484.930542 73.891998 37.187916 469.242004
647 438 662 429 679 429 692 437 677 443 661 443 790 441 807 434 826 436 841 447 824 450 807 448 57 629 160.632584 129.418030 62.166054 -0.742525 0.189526 0.102033 42.765499 38.499401 489.506287 10.292334 37.661304 496.387482 75.238663 39.337498 482.625092
641 439 657 427 677 428 691 440 674 447 656 447 789 447 807 437 828 440 845 454 826 459 807 457 770 391 18.488686 84.749390 49.478382 -0.755507 0.185684 0.130853 41.820660 39.811321 484.304291 9.429022 38.114029 491.407867 74.212296 41.508617 477.200745
645 439 660 429 677 429 690 437 675 443 659 444 790 442 806 434 826 436 841 447 824 451 807 449 238 549 124.513084 114.226746 58.363926 -0.690323 0.220341 0.103108 42.601723 38.875332 493.131470 10.336374 38.163845 500.941772 74.867073 39.586815 485.321198
645 436 661 425 679 425 693 436 677 442 660 443 792 441 809 432 829 434 845 447 827 452 809 450 138 276 143.897110 60.225861 51.048759 -0.667313 0.250426 0.123474 43.065472 37.873947 488.617462 11.099503 36.777905 497.535706 75.031441 38.969990 479.699219
643 437 659 428 678 429 692 439 675 444 657 443 794 455 813 451 833 456 849 469 830 470 811 465 966 9 -21.156307 10.199061 36.593334 -0.822589 0.119761 0.202748 42.726986 41.537354 478.217010 10.387956 37.135239 484.329956 75.066017 45.939468 472.104065
643 436 659 426 679 427 692 438 675 444 657 443 787 452 805 444 826 448 842 462 823 465 804 461 620 147 47.862904 36.302345 43.418365 -0.752401 0.129280 0.172217 42.367237 41.403347 492.500214 9.893806 37.785198 498.411621 74.840668 45.021492 486.588776
647 440 661 431 678 431 691 439 676 444 660 445 790 442 806 435 825 437 840 447 824 451 806 449 31 727 165.976883 148.616623 65.280144 -0.698265 0.230492 0.100290 42.904167 39.263432 494.858276 10.701102 38.782337 502.938538 75.107231 39.744522 486.777985
641 439 658 427 679 428 693 441 675 448 656 448 787 453 806 443 828 446 844 462 825 467 805 463 836 295 5.197636 66.064636 46.108212 -0.786953 0.137036 0.156195 42.058357 41.856647 487.694855 9.531656 38.917923 493.689636 74.585060 44.795368 481.700104
640 441 656 431 674 430 688 438 672 445 655 446 791 442 809 434 829 437 845 449 827 452 809 450 1437 525 -113.842064 113.115639 48.195988 -0.720884 0.205728 0.093795 41.477322 38.356274 481.570831 9.081635 37.877102 488.840607 73.873009 38.835445 474.301056
641 443 658 434 676 435 689 445 673 450 655 449 788 461 806 456 825 461 841 474 822 475 804 471 783 342 15.816537 75.150093 47.921337 -0.814613 0.113173 0.192870 41.664253 45.291073 491.246277 9.241465 41.063545 497.029907 74.087044 49.518604 485.462646
643 445 659 433 679 434 692 447 675 454 657 454 783 457 801 447 822 450 837 466 819 471 800 468 233 766 125.897850 156.896164 64.844826 -0.736231 0.148218 0.144374 42.806656 46.099644 508.946045 10.278660 43.484638 515.082092 75.334648 48.714649 502.810028
640 446 656 438 675 438 688 448 672 453 654 453 787 464 805 459 825 464 841 477 823 478 804 474 1197 559 -66.078674 119.080971 51.097931 -0.837781 0.108137 0.191908 41.397762 46.624809 490.527191 8.949403 42.432484 496.191833 73.846123 50.817135 484.862579
642 444 658 434 676 435 689 446 673 452 656 452 783 459 800 451 820 455 835 468 818 472 799 468 429 380 86.245644 81.559029 51.841038 -0.733759 0.122923 0.156774 42.065773 46.241280 508.160645 9.488737 42.949600 513.679810 74.642807 49.532959 502.641449
757 495 769 488 785 489 797 498 784 503 769 503 882 502 894 494 909 494 921 502 909 509 895 508 446 567 83.203667 118.393608 57.257915 -0.105689 0.738222 -0.043610 90.885559 69.114464 516.447693 66.345711 71.667793 538.670105 115.425407 66.561142 494.225250
753 511 765 506 779 505 790 511 778 516 765 517 875 512 886 507 900 507 911 513 900 518 887 518 733 739 26.469759 153.090515 60.100266 -0.129139 0.712948 -0.074129 90.604225 77.688889 533.056335 65.559090 81.400589 554.539429 115.649368 73.977196 511.573242
752 512 765 505 779 505 791 513 778 518 765 518 873 515 885 508 899 508 910 516 899 522 885 521 681 24 35.517002 12.291570 39.286156 -0.114570 0.711802 -0.068183 91.179451 79.429283 538.332703 66.099068 82.796341 559.831421 116.259842 76.062233 516.833923
754 513 766 507 780 507 792 513 780 519 766 519 876 515 888 509 902 509 913 515 901 521 888 520 381 570 96.128395 118.788025 57.859570 -0.138323 0.717835 -0.066557 91.494499 78.940445 534.312988 66.537659 82.533043 555.918762 116.451332 75.347839 512.707214
757 505 769 499 783 499 795 505 783 511 769 511 882 507 894 501 908 501 919 507 908 513 894 512 555 235 60.940781 53.416489 46.543175 -0.120960 0.687557 -0.064045 93.706673 74.837822 533.637573 68.099518 78.119591 554.519714 119.313828 71.556046 512.755493
759 503 771 497 785 497 797 503 785 508 771 509 883 505 894 499 908 500 919 506 908 511 894 510 737 537 25.310780 113.368622 54.072517 -0.123192 0.721028 -0.063149 93.333328 73.326172 528.994202 68.442253 76.649292 550.718628 118.224403 70.003044 507.269775
763 501 775 493 791 493 803 503 790 509 775 509 886 505 898 496 914 496 927 505 914 512 899 512 1059 31 -39.601246 14.806508 36.512974 -0.136901 0.711983 -0.050531 95.808197 72.842896 528.585510 70.696045 75.925179 550.089905 120.920349 69.760620 507.081146
762 502 774 496 788 496 800 503 788 508 774 507 887 506 899 500 912 501 924 507 912 512 899 511 382 818 96.376465 167.573288 65.213364 -0.126725 0.728458 -0.046760 94.469772 72.753769 524.994080 69.714027 75.632019 546.935547 119.225517 69.875511 503.052612
762 505 774 499 789 499 800 506 788 512 774 512 885 508 896 501 911 501 923 508 911 515 897 514 820 423 8.608397 91.194405 50.033966 -0.131928 0.699876 -0.058186 96.262558 75.789322 536.897034 70.903687 79.029922 558.086365 121.621429 72.548729 515.707764
760 503 772 496 787 496 799 504 786 510 772 510 884 507 896 500 911 500 923 508 911 514 897 514 1280 816 -82.112617 169.883438 58.072212 -0.112832 0.725019 -0.055203 93.414986 73.320465 524.050659 68.598892 76.290474 545.911560 118.231079 70.350456 502.189728
761 508 773 501 788 501 800 509 787 515 773 515 884 511 896 504 910 504 922 511 910 517 896 517 934 563 -13.797877 119.075989 53.290730 -0.141433 0.702394 -0.055034 95.931252 77.116547 536.873779 70.619041 80.370216 558.116760 121.243454 73.862877 515.630737
462 407 486 397 512 398 535 408 511 413 486 414 664 406 691 395 720 395 747 405 719 411 692 411 871 213 -1.906665 50.040390 43.398094 -0.901343 0.031444 0.003403 -15.736242 16.555103 360.258118 -48.925545 16.896328 361.213898 17.453058 16.213879 359.302368
531 404 553 392 581 392 605 405 581 413 555 414 743 402 767 388 795 387 818 397 794 409 768 409 665 218 39.046673 50.403713 45.171066 -0.387693 0.036259 -0.017035 7.956250 13.963500 334.959625 -25.222254 14.745378 336.025055 41.134754 13.181623 333.894165
477 418 498 406 523 404 545 414 523 423 499 424 679 410 703 399 732 400 758 411 733 419 705 418 901 340 -7.640615 75.111946 46.931400 -0.897120 0.058999 -0.003961 -11.745027 19.144487 367.605988 -44.895596 20.080120 369.256470 21.405540 18.208855 365.955536
477 414 498 400 525 399 548 411 525 420 499 422 678 408 703 394 734 394 760 407 734 416 705 416 967 187 -21.034363 45.215141 41.869232 -0.882623 0.059758 -0.000942 -11.445685 18.022003 368.561279 -44.594963 18.869381 370.283722 21.703594 17.174625 366.838806
470 410 493 396 520 397 543 411 519 419 494 419 670 408 696 392 726 391 753 403 726 414 698 414 1431 60 -113.487305 21.630842 34.440159 -0.876172 0.033330 -0.012215 -13.568624 17.149227 366.372437 -46.753822 17.959360 367.176086 19.616575 16.339092 365.568787
476 414 497 402 523 400 545 412 523 420 498 421 678 409 704 397 733 397 759 409 733 417 705 416 710 307 30.262877 68.045731 47.458080 -0.900393 0.059844 0.006709 -11.766717 18.186050 365.879333 -44.915298 18.827810 367.701202 21.381866 17.544291 364.057465
481 416 502 406 527 406 550 417 527 423 503 424 683 414 708 403 736 403 761 413 735 421 709 421 181 396 135.566681 83.959641 54.271755 -0.922092 0.062122 0.013497 -10.437010 19.726500 366.417755 -43.579369 20.224682 368.391418 22.705351 19.228317 364.444092
479 421 500 412 524 412 546 421 524 425 501 426 670 421 694 412 720 412 744 421 719 427 695 426 867 807 -0.041415 166.869720 61.062042 -0.942942 0.017165 0.010743 -14.040417 22.859203 384.704437 -47.238911 22.802448 385.349670 19.158079 22.915956 384.059235
474 411 495 397 523 396 545 409 522 418 497 420 677 406 703 392 734 393 761 406 734 416 705 415 882 61 -4.366872 20.174706 38.799351 -0.874815 0.064541 0.007524 -11.812886 17.115004 363.883575 -44.951984 17.774805 365.864624 21.326210 16.455204 361.902527
481 416 502 404 527 403 549 414 527 422 503 423 682 410 707 399 735 399 761 410 735 418 708 418 313 254 109.074661 56.425266 49.015629 -0.885271 0.068166 0.006725 -10.751642 19.036324 371.364777 -43.883545 19.778994 373.434814 22.380260 18.293655 369.294739
476 420 497 410 521 409 542 417 521 423 498 425 669 418 692 410 718 412 741 422 717 427 692 425 1410 683 -108.190903 144.113373 53.099014 -0.924021 0.007256 0.012496 -15.133471 22.370441 386.508789 -48.335056 22.115719 386.895294 18.068115 22.625162 386.122284
481 422 503 414 526 414 548 422 526 428 503 429 677 421 702 411 729 411 754 420 728 426 703 426 47 675 162.703049 138.436249 63.610390 -0.943441 0.049294 0.011627 -11.819252 22.313974 373.386292 -44.984554 22.699205 374.959198 21.346050 21.928741 371.813385
506 421 529 412 553 411 577 420 553 426 529 426 706 414 730 403 756 401 781 409 757 416 731 417 605 601 51.662262 125.560188 57.013279 -0.946538 0.053377 -0.028582 -2.215051 20.237421 369.687531 -35.363426 21.828247 370.789398 30.933325 18.646595 368.585663
540 429 562 421 587 421 609 431 586 439 561 439 748 442 771 437 797 441 819 453 795 458 770 454 528 565 66.901833 118.247078 56.551884 -0.848912 0.025136 0.099564 10.550666 28.560875 376.963104 -22.489489 25.976477 379.019470 43.590820 31.145273 374.906708
629 469 638 462 651 463 660 471 650 476 638 475 734 474 744 468 757 468 767 476 756 481 744 480 1267 256 -80.537712 59.690815 41.551590 -0.091502 0.609154 -0.012269 26.220747 64.257866 590.893860 -1.013447 65.536453 609.847046 53.454941 62.979286 571.940613
626 445 642 436 662 438 675 449 658 454 640 453 766 466 784 460 804 465 820 478 801 480 782 476 1194 793 -65.060791 165.100357 58.067688 -0.122080 0.279920 0.152952 33.232380 47.811901 495.819244 1.700497 43.393166 505.241272 64.764267 52.230637 486.397217
657 419 675 411 694 413 707 422 690 428 672 427 805 444 822 441 840 446 854 459 837 461 820 455 1147 247 -56.702858 57.559216 42.230774 0.255457 0.119182 0.167124 50.378124 37.352894 501.196808 17.866613 31.401394 504.381287 82.889633 43.304394 498.012329
655 424 673 414 692 415 706 426 688 432 670 431 799 444 816 440 835 445 849 459 832 461 815 455 1148 606 -56.254807 128.178482 52.879509 0.168606 0.095684 0.151016 50.558289 39.655235 517.628235 17.881443 34.424591 520.352905 83.235130 44.885880 514.903564
650 417 668 406 689 408 704 421 685 427 665 426 792 437 809 430 828 435 843 450 826 453 808 449 1218 350 -70.629166 78.033340 44.728325 -0.137939 -0.183210 0.137146 49.159966 36.214802 520.760193 16.819540 31.297825 515.061096 81.500389 41.131775 526.459351
656 412 673 406 692 409 705 419 688 422 670 420 794 439 811 437 829 442 843 454 826 454 809 449 249 447 122.142960 94.196198 55.249390 -0.121037 0.364649 0.195360 45.410564 34.084255 487.341248 15.003276 28.517836 499.464447 75.817848 39.650673 475.218079
648 416 665 407 684 408 698 418 681 424 663 424 792 430 806 423 825 427 839 439 824 443 807 439 1412 311 -109.258652 70.946007 42.040726 -0.070389 -0.223228 0.105163 46.484688 32.952541 507.110138 14.285263 29.239380 499.901184 78.684113 36.665707 514.319092
665 422 680 413 698 413 710 423 695 429 678 428 796 436 811 429 828 433 841 445 826 448 810 444 20 566 167.873154 116.914375 60.587742 -0.103588 0.452596 0.107299 51.314716 37.534058 533.865540 21.634468 34.868301 548.512573 80.994965 40.199818 519.218506
655 421 674 411 694 412 708 424 690 430 671 429 800 442 818 437 837 442 852 457 835 459 816 453 992 296 -25.806948 66.730995 44.907654 0.162542 0.110824 0.148555 51.000751 38.373638 515.196045 18.363359 33.193146 518.439941 83.638145 43.554131 511.952179
661 422 677 411 696 412 709 424 693 430 675 429 798 439 814 431 833 435 847 449 830 452 813 448 1416 595 -109.542007 126.821594 50.439491 0.042981 -0.028325 0.124630 53.195656 38.560162 534.301086 20.261633 34.454540 533.274597 86.129677 42.665779 535.327576
652 416 671 406 692 408 706 420 687 426 668 425 793 437 809 430 829 435 843 449 826 452 808 448 1292 350 -85.337318 78.256134 44.144749 -0.155450 -0.224710 0.138401 49.884163 35.981712 521.409912 17.826685 30.882229 514.418945 81.941635 41.081200 528.400818
662 418 679 406 700 408 713 421 695 427 677 426 800 436 817 428 837 433 851 448 834 451 816 447 301 69 111.126457 19.999147 43.618687 0.040212 -0.178318 0.156005 53.214386 36.009609 517.396729 20.937069 30.997692 511.428894 85.491699 41.021526 523.364563
655 417 671 409 689 410 702 419 686 424 669 423 793 431 807 426 823 430 837 440 822 443 807 440 909 637 -8.695579 133.556717 55.684513 -0.134681 -0.324514 0.108673 48.250622 33.829975 513.388550 16.968452 29.584818 503.094666 79.532791 38.075134 523.682434
655 406 674 401 695 408 708 427 689 427 669 421 812 457 833 449 855 456 871 473 850 475 829 469 240 424 123.890350 89.644936 54.637630 -0.121584 0.346234 0.275743 43.250069 32.991833 418.640808 13.241155 24.840717 430.284882 73.258980 41.142948 406.996765
660 421 675 412 692 412 705 421 690 426 674 426 800 431 815 426 832 429 846 440 831 442 815 439 1431 648 -112.427895 137.291992 51.894459 0.005828 -0.180959 0.100166 51.245342 34.726856 516.198059 18.748240 31.441996 510.222443 83.742439 38.011719 522.173645
653 417 673 409 693 410 708 422 689 427 669 426 804 443 821 438 840 444 855 458 837 460 819 454 1196 127 -66.658249 34.102421 38.282249 0.223086 0.200894 0.146770 49.268982 36.377811 495.344086 17.082329 30.857378 501.352722 81.455635 41.898243 489.335419
658 421 673 415 690 414 703 421 688 425 672 425 800 430 814 427 831 430 845 438 830 440 815 437 693 882 34.677757 181.098572 64.660553 -0.002880 0.350298 0.058310 48.999935 34.335495 514.428040 17.866915 32.456329 525.819458 80.132950 36.214661 503.036682
655 420 672 412 690 412 704 420 687 425 670 425 797 433 813 428 831 432 845 443 829 445 812 441 810 595 10.905879 124.997154 55.218510 0.008732 0.349537 0.082456 48.169521 34.984028 511.807251 17.083076 32.254478 523.153748 79.255966 37.713581 500.460815
662 420 677 414 693 414 704 422 690 427 675 426 793 433 806 428 822 430 834 439 821 442 807 440 197 552 132.667603 114.693420 58.776310 -0.000466 0.548415 0.045943 47.528896 34.906921 516.164490 19.226814 33.461384 533.469482 75.830978 36.352459 498.859528
576 421 592 413 610 414 623 424 607 429 590 429 724 442 741 438 759 442 772 455 756 457 739 452 768 621 19.300596 129.984970 56.321514 0.143710 0.047888 0.150331 11.918337 37.193310 500.982971 -20.874767 32.125595 502.203705 44.711441 42.261028 499.762207
577 423 592 415 610 416 623 426 607 432 590 431 722 445 738 440 755 445 769 457 753 459 736 455 1307 823 -87.466499 171.341644 58.067078 0.154405 0.063298 0.152340 11.498228 38.964970 510.189301 -21.256681 33.787895 511.884399 44.253139 44.142044 508.494202
577 413 591 404 609 405 621 415 606 420 590 420 718 426 733 420 750 423 764 434 749 437 732 434 1143 772 -54.961926 160.816055 57.846516 -0.035854 0.376810 0.078783 9.034172 30.490225 494.671356 -21.740780 28.160446 506.920197 39.809124 32.820004 482.422516
575 402 592 397 612 404 625 422 607 423 588 416 728 451 749 443 771 449 788 465 767 468 746 463 1213 373 -69.593933 82.542450 45.450493 -0.098670 0.429112 0.241203 10.228712 29.386759 400.590302 -19.036863 22.398197 414.634705 39.494289 36.375320 386.545868
586 412 600 404 617 404 629 415 615 420 599 419 720 426 735 420 752 423 765 434 750 438 734 435 397 375 92.596924 80.479179 51.944977 -0.070423 0.440179 0.085199 11.636272 30.986034 504.442261 -18.288073 28.759024 518.659607 41.560616 33.213043 490.224884
581 402 598 395 620 403 633 423 614 424 594 417 735 451 757 441 780 448 797 465 775 469 753 464 86 306 154.286621 65.970390 52.349365 -0.150657 0.432021 0.251736 12.796550 29.178377 398.845398 -16.350929 22.250572 413.162872 41.944027 36.106178 384.527924
582 414 598 403 617 405 630 418 613 424 596 423 723 433 739 425 758 429 772 442 755 447 738 443 401 792 92.553200 162.516220 64.291733 0.023841 0.174916 0.124918 13.065128 34.115047 513.914246 -19.375641 29.930473 519.627869 45.505898 38.299622 508.200653
579 407 595 403 614 409 626 426 609 425 592 420 729 454 748 448 769 454 784 468 764 470 745 465 1385 883 -102.861588 183.378632 59.233006 -0.103546 0.398401 0.244518 10.959918 31.799938 414.100952 -18.685844 24.659346 427.242493 40.605682 38.940529 400.959412
583 415 600 405 620 406 633 417 616 423 598 423 727 432 744 426 764 430 778 444 761 447 743 443 363 255 99.138519 56.772499 48.651005 0.074753 -0.176825 0.153310 15.764324 33.479351 502.384888 -16.535728 28.658144 496.383026 48.064377 38.300560 508.386749
585 412 601 403 619 404 632 415 616 421 599 420 723 429 739 421 757 425 771 437 755 441 738 438 482 315 75.594315 68.932922 49.493599 -0.041316 0.355277 0.101775 13.067864 31.890419 506.574432 -17.895409 28.829264 518.170349 44.031136 34.951576 494.978546
586 420 601 412 618 413 631 422 615 428 599 427 732 441 748 438 765 443 779 454 763 456 746 451 1109 496 -48.701397 106.423767 49.921810 0.183326 0.033621 0.163143 15.879557 37.041973 507.129181 -16.866955 31.578241 507.740173 48.626068 42.505703 506.518219
580 413 597 402 617 403 630 417 613 423 595 422 723 432 740 424 760 428 774 442 757 447 739 443 1047 686 -36.036022 143.610611 56.050747 0.070861 0.142541 0.120473 13.248134 33.470196 507.771362 -19.380306 29.329281 512.331787 45.876572 37.611115 503.210968
581 406 597 402 617 409 629 426 612 426 594 419 733 455 754 448 775 455 791 469 771 472 750 466 493 889 74.442146 181.873352 66.445572 -0.118529 0.373577 0.254293 12.375085 31.576023 410.074280 -17.500341 24.157990 422.523834 42.250511 38.994053 397.624725
579 399 596 393 618 401 631 421 612 421 592 415 733 449 754 440 778 446 795 463 773 467 751 462 955 169 -18.681686 41.638367 41.429550 -0.111078 0.422010 0.247109 12.062153 28.443396 398.071045 -17.254631 21.339888 411.950012 41.378937 35.546906 384.192047
584 414 601 404 621 405 634 416 617 423 599 422 726 430 742 423 762 428 776 442 759 445 741 441 275 587 117.227470 121.812843 59.200134 -0.039365 0.281028 0.124320 14.164197 33.012405 508.600250 -17.485317 29.132309 517.863770 45.813713 36.892502 499.336731
586 415 602 404 620 405 633 418 617 424 600 423 724 431 740 423 759 426 772 440 756 444 739 441 689 549 34.872826 115.584541 54.807262 -0.027641 0.300535 0.106025 13.818875 33.460812 513.403931 -17.714085 30.136738 523.262024 45.351837 36.784882 503.545776
583 417 600 408 620 409 634 420 616 426 598 425 734 439 752 434 772 440 786 454 769 456 750 450 622 234 47.622135 53.421497 45.985119 0.209964 -0.010307 0.175929 16.573057 35.051208 489.808197 -16.119350 29.318098 488.860779 49.265465 40.784321 490.755615
582 419 599 410 618 411 632 422 615 428 596 427 732 440 749 435 769 441 783 454 766 457 747 452 1262 126 -79.778137 34.104420 37.732079 0.216902 0.019746 0.163295 15.722293 35.891762 494.129883 -17.036104 30.465616 494.193024 48.480690 41.317909 494.066711
539 315 555 306 575 306 591 315 574 320 556 321 687 314 703 306 722 307 738 316 721 321 703 320 764 222 19.376751 51.488575 44.509071 -0.383304 -0.010286 -0.000816 -4.441055 -19.080149 479.614380 -37.644123 -19.118374 479.276001 28.762012 -19.041925 479.952759
568 307 585 299 604 300 619 310 602 314 584 314 713 314 728 306 746 308 761 317 745 322 728 321 537 266 64.574295 59.460079 47.605335 -0.450229 -0.013909 0.050964 7.747990 -20.940706 491.593048 -25.411278 -22.677782 491.521301 40.907257 -19.203630 491.664764
567 299 583 291 603 292 618 302 601 306 583 306 711 308 726 300 745 302 759 312 743 316 726 314 492 184 73.370705 43.194984 45.526112 -0.312218 -0.026558 0.063082 7.100100 -24.516899 497.975433 -26.027596 -26.712540 497.432739 40.227795 -22.321259 498.518158
565 303 582 296 601 296 617 304 600 309 582 309 709 307 724 300 743 301 758 309 742 313 725 312 573 444 57.739677 94.581535 52.605217 -0.549684 -0.015520 0.026944 6.270824 -23.710842 489.689514 -26.918339 -24.699097 489.439606 39.459988 -22.722588 489.939453
513 317 530 310 549 310 565 316 548 321 530 321 666 315 680 309 696 310 712 316 697 321 681 320 1146 791 -55.523972 164.562439 58.386856 -0.635547 -0.060976 -0.023653 -14.784117 -17.866571 461.857239 -47.920296 -17.755335 459.726288 18.352062 -17.977806 463.988159
558 307 573 300 591 301 606 309 590 313 573 313 700 313 715 306 733 307 748 316 732 320 715 319 898 559 -6.649764 118.180794 53.455894 -0.570735 -0.010823 0.040772 2.005284 -21.103743 488.620422 -31.170782 -22.484667 488.656281 35.181351 -19.722816 488.584595
549 314 565 306 584 306 599 315 583 320 565 320 693 319 710 311 728 313 744 322 727 326 710 325 1253 734 -76.893867 153.672531 55.851036 -0.498171 -0.015234 0.039694 -0.911265 -18.042698 483.020081 -34.086685 -19.429901 482.856537 32.264156 -16.655495 483.183594
551 319 566 313 584 314 599 321 583 325 566 325 693 325 709 319 726 320 741 327 725 331 709 330 1277 878 -81.404640 182.069962 59.936291 -0.511548 -0.022103 0.038476 -1.077919 -15.776893 491.100067 -34.250755 -17.182709 490.717621 32.094917 -14.371076 491.482483
556 316 572 310 589 311 605 319 588 323 571 323 698 323 714 317 731 318 746 326 730 330 714 329 89 797 154.574982 162.560425 66.900642 -0.478826 -0.004383 0.048493 1.244827 -16.734161 492.910370 -31.921379 -18.317081 493.148499 34.411034 -15.151241 492.672211
555 313 572 306 591 307 606 316 589 320 571 320 699 320 715 313 734 314 749 323 733 328 715 327 294 327 112.982605 70.727356 51.332409 -0.465851 -0.010131 0.049291 1.826026 -17.935671 488.880951 -31.337509 -19.590076 488.931030 34.989559 -16.281265 488.830872
553 312 570 304 589 305 605 315 588 320 569 319 699 319 716 311 735 312 750 322 734 327 716 326 876 128 -3.053604 33.335720 40.835506 -0.452362 -0.022758 0.045236 1.592602 -18.232676 482.649109 -31.570370 -19.851366 482.253174 34.755573 -16.613985 483.045044
551 314 568 306 587 307 603 316 586 321 567 320 696 321 713 313 731 314 747 323 730 328 712 327 1112 358 -49.546310 79.287834 45.801735 -0.479805 -0.025144 0.045664 0.357800 -17.721668 485.263123 -32.802765 -19.376198 484.816986 33.518364 -16.067139 485.709259
555 316 572 309 591 310 606 319 589 323 571 323 699 323 715 316 733 317 749 326 732 331 715 329 213 456 129.314499 95.858139 55.800449 -0.447901 -0.010680 0.048860 1.725715 -16.691992 490.196106 -31.438267 -18.338099 490.210571 34.889698 -15.045886 490.181610
546 308 562 301 581 302 596 312 579 316 561 316 689 318 705 311 724 313 739 322 723 327 705 325 989 225 -25.338593 52.756077 42.823734 -0.345044 -0.018549 0.068015 -2.732233 -19.603672 493.744843 -35.855377 -21.920877 493.527191 30.390913 -17.286467 493.962463
551 310 567 302 586 304 602 314 584 318 566 317 695 321 712 313 731 315 746 325 729 330 711 328 711 172 29.820887 41.493881 43.442829 -0.338352 -0.022673 0.072918 -0.094762 -18.389008 488.408875 -33.203732 -20.888079 488.076569 33.014206 -15.889936 488.741180
554 313 570 306 589 308 604 317 588 321 570 320 697 324 714 317 732 319 747 329 731 333 713 331 212 551 129.684418 114.541878 58.628334 -0.365651 -0.004530 0.080395 1.013614 -16.981731 491.710175 -32.084805 -19.616468 492.045624 34.112030 -14.346992 491.374725
554 312 571 305 590 306 605 316 588 320 570 319 697 322 714 315 733 317 748 327 731 331 714 330 489 142 73.891312 34.924438 44.303032 -0.363807 -0.012233 0.075381 1.268465 -17.455139 490.958740 -31.840633 -19.973942 491.011932 34.377563 -14.936338 490.905579
558 306 573 298 592 299 607 309 590 314 573 313 700 316 716 309 734 310 749 321 733 325 715 323 786 207 14.977030 48.604271 43.890312 -0.375907 -0.039111 0.067436 2.299650 -20.614073 494.641846 -30.805498 -23.039780 493.790588 35.404800 -18.188364 495.493103
556 304 572 297 592 298 607 308 590 313 572 312 700 315 717 308 736 310 751 320 734 325 716 323 590 77 53.699551 22.442842 41.577057 -0.358582 -0.033741 0.074689 2.299343 -20.918760 489.407440 -30.795206 -23.541847 488.751831 35.393894 -18.295673 490.063049
565 310 582 303 600 305 615 314 599 318 581 317 708 322 724 315 742 317 757 327 741 331 724 329 308 566 110.630592 117.781441 58.316525 -0.392101 -0.026954 0.083887 6.059588 -18.179829 496.809113 -27.018057 -21.064014 496.476807 39.137234 -15.295643 497.141449
