585 247 594 241 606 241 616 247 606 250 595 250 672 246 682 240 694 240 704 245 694 249 683 249 1196 42 -98.904037 14.707783 18.514278 -0.446703 0.016035 -0.007359 10.564507 -77.001610 782.444824 -22.635223 -76.648361 782.906006 43.764236 -77.354866 781.983582
584 249 593 245 605 244 614 249 604 252 594 252 671 248 681 243 692 243 702 248 692 251 681 251 1020 872 -63.724293 178.823807 36.357056 -0.459525 0.023841 -0.009370 9.594607 -75.704018 788.482422 -23.599503 -75.225052 789.176208 42.788715 -76.182976 787.788696
583 251 593 246 604 246 614 251 604 253 593 254 671 250 680 245 692 245 702 249 692 252 681 252 53 605 128.489746 126.555801 24.085739 -0.466766 0.025015 -0.007414 9.311460 -74.619263 787.531555 -23.882256 -74.191605 788.275818 42.505177 -75.046921 786.787292
583 252 593 247 604 247 614 251 604 254 593 254 670 250 680 246 691 245 701 250 691 253 680 253 582 757 23.339849 156.322418 30.934458 -0.466495 0.021933 -0.009158 9.134095 -74.244087 789.881714 -24.061508 -73.784134 790.514160 42.329700 -74.704041 789.249268
583 252 592 247 604 247 613 252 603 255 593 255 670 251 680 246 691 246 701 251 691 254 680 253 20 655 135.062424 136.453812 25.017691 -0.467132 0.024245 -0.010294 8.794391 -73.576859 788.583618 -24.399113 -73.062767 789.281250 41.987896 -74.090950 787.885986
579 252 589 247 600 246 610 251 600 254 589 255 666 250 676 245 687 244 697 249 687 252 677 252 1264 472 -112.329094 99.649963 28.773832 -0.449252 0.018909 -0.020818 6.040861 -74.165314 786.298584 -27.151041 -73.358490 786.752747 39.232761 -74.972145 785.844360
579 250 589 245 601 244 611 250 600 253 590 253 667 248 677 243 688 242 698 247 688 251 677 251 1358 7 -131.123108 7.707804 18.748211 -0.431401 0.015648 -0.020207 6.528852 -75.226814 785.214050 -26.665285 -74.466179 785.575134 39.722988 -75.987450 784.852966
580 252 589 247 600 247 610 252 600 255 590 255 667 250 676 245 688 245 698 250 688 253 677 253 1187 466 -97.020126 98.503799 28.145407 -0.459356 0.019995 -0.020645 6.438185 -73.815712 787.414429 -26.753155 -73.004326 787.900513 39.629524 -74.627106 786.928345
579 253 589 248 600 248 610 253 600 255 589 256 666 251 676 246 687 246 697 250 687 253 677 253 962 734 -52.222584 151.581879 32.833614 -0.471015 0.021630 -0.020068 6.176959 -73.266914 788.318726 -27.013666 -72.458984 788.856567 39.367584 -74.074837 787.780945
578 252 588 247 599 247 609 252 599 255 588 255 666 251 676 245 687 245 697 250 687 253 676 253 818 411 -23.662247 87.824226 24.534107 -0.458282 0.021465 -0.019115 5.710530 -73.554329 785.198181 -27.480806 -72.781219 785.743286 38.901867 -74.327438 784.653137
579 252 588 247 600 247 610 252 600 255 589 255 666 251 676 245 688 245 698 250 688 253 677 253 238 138 91.601295 34.171646 14.595073 -0.454930 0.024701 -0.016663 6.165484 -73.327667 783.298523 -27.024843 -72.609985 783.966919 39.355812 -74.045357 782.630127
580 254 589 249 600 248 610 253 600 256 590 256 667 252 676 247 688 246 698 251 688 254 677 254 263 500 86.711014 105.697678 23.026426 -0.470683 0.025303 -0.017087 6.390354 -72.742493 787.224243 -26.799267 -72.001839 787.902527 39.579975 -73.483147 786.545959
579 255 588 250 599 250 609 255 599 257 589 258 666 253 675 248 687 248 696 252 686 255 676 255 325 848 74.460709 174.438004 31.373966 -0.474012 0.024642 -0.019272 5.579107 -71.952690 789.326965 -27.609760 -71.146248 789.965881 38.767975 -72.759140 788.687988
579 254 589 249 601 249 611 254 600 256 590 257 667 252 677 247 688 247 698 251 688 255 677 255 155 453 108.174728 96.464966 21.263329 -0.465236 0.026058 -0.016545 6.560709 -72.410851 785.730347 -26.628571 -71.683502 786.439087 39.749989 -73.138191 785.021606
576 255 586 250 597 250 607 255 597 257 586 258 664 253 674 247 685 247 695 252 685 255 674 255 1012 321 -62.256279 69.938637 23.715456 -0.461682 0.020911 -0.027987 4.224374 -71.729210 785.162109 -28.960533 -70.675308 785.621216 37.409283 -72.783112 784.703064
576 254 585 249 597 248 607 254 597 257 586 257 664 252 674 246 685 246 695 251 685 254 674 254 1137 72 -87.166092 20.666733 18.823320 -0.440391 0.020036 -0.024827 4.101842 -72.249443 782.120728 -29.086346 -71.307480 782.586060 37.290031 -73.191406 781.655457
576 256 585 251 597 251 607 256 597 258 586 259 663 254 673 248 684 248 695 252 685 256 674 256 1415 451 -142.357864 95.422333 29.257481 -0.463709 0.019780 -0.031099 3.776653 -71.152618 785.597351 -29.406012 -70.007271 785.995544 36.959316 -72.297966 785.199097
576 258 585 253 597 252 607 257 597 260 586 260 663 255 673 250 684 250 694 254 684 257 674 257 661 769 7.634553 158.653290 31.712748 -0.477388 0.025370 -0.026397 3.771401 -70.037918 786.012878 -29.411579 -68.997261 786.618225 36.954384 -71.078575 785.407532
577 257 587 251 598 251 608 256 598 259 587 259 665 254 675 249 686 249 696 253 686 257 675 257 100 364 119.090843 78.904945 18.878700 -0.465779 0.026715 -0.021299 4.924972 -70.541702 784.537720 -28.260811 -69.657051 785.231140 38.110752 -71.426353 783.844238
576 258 585 253 596 253 606 257 596 260 586 261 663 255 673 250 684 250 694 254 684 257 674 257 1214 730 -102.329903 150.661926 34.350185 -0.471660 0.022760 -0.030856 3.652350 -69.802834 785.484436 -29.528507 -68.641159 785.975159 36.833210 -70.964508 784.993774
562 264 574 259 588 259 600 265 588 268 574 268 670 267 682 261 696 261 708 267 696 271 682 270 219 724 95.509621 149.987427 27.864151 -0.498673 -0.006238 0.017791 3.084942 -51.175488 642.438782 -30.114092 -51.792606 642.384399 36.283974 -50.558365 642.493225
573 264 585 258 599 259 611 266 598 268 585 268 682 268 694 262 708 263 720 269 708 272 694 272 294 756 80.604118 156.272781 29.073927 -0.506296 0.005359 0.037258 9.950341 -50.199352 635.004272 -23.231449 -51.339951 635.481140 43.132133 -49.058750 634.527344
569 269 581 264 595 264 607 271 594 273 581 273 678 273 690 267 704 267 716 273 703 277 690 276 749 861 -9.842449 176.789215 34.376495 -0.505082 0.002983 0.031603 7.417706 -47.288090 636.050293 -25.770731 -48.268757 636.404541 40.606144 -46.307426 635.696045
565 266 577 260 592 260 604 268 591 271 577 271 675 270 688 263 703 263 715 270 702 274 688 274 79 338 123.260590 73.777580 18.150593 -0.484022 0.010415 0.031332 5.858639 -48.489799 628.377625 -27.328426 -49.407772 628.956970 39.045704 -47.571831 627.798340
565 267 578 261 592 261 604 269 592 272 578 272 676 270 688 263 703 263 715 270 702 274 689 274 241 401 91.063339 86.144478 20.623861 -0.471119 0.015478 0.021167 6.100075 -48.457771 629.552795 -27.093533 -49.015999 630.210388 39.293682 -47.899544 628.895142
564 268 577 262 592 263 604 270 591 273 577 273 675 272 687 265 702 266 715 273 702 277 688 276 943 315 -48.537998 68.788361 23.138077 -0.479750 -0.002173 0.027963 5.656420 -47.172535 629.549622 -27.535582 -48.082703 629.698669 38.848423 -46.262371 629.400513
565 271 578 265 592 266 605 273 592 276 578 275 676 275 689 268 703 269 715 275 702 279 689 278 279 604 83.552803 126.242058 25.504957 -0.499530 0.005669 0.030747 6.159801 -45.649601 629.418518 -27.029119 -46.582405 629.848694 39.348721 -44.716797 628.988342
563 273 575 267 589 267 602 275 589 278 575 277 672 276 685 270 699 270 712 277 699 281 685 280 1140 678 -87.627686 140.423645 32.689785 -0.490691 -0.002505 0.025599 4.212859 -44.721531 631.624451 -28.981190 -45.557739 631.748962 37.406906 -43.885326 631.499939
565 270 578 263 593 264 605 272 592 276 578 275 676 275 689 267 704 268 716 275 703 279 689 279 275 55 84.225922 17.750074 12.934583 -0.477357 0.005607 0.036383 6.417787 -45.641193 626.090149 -26.764954 -46.760071 626.552246 39.600529 -44.522320 625.628113
565 273 577 267 591 268 604 275 591 277 577 277 675 277 688 270 702 271 714 277 702 281 688 280 227 701 93.913818 145.438034 27.389641 -0.503616 0.003409 0.032733 5.656065 -44.357044 628.159912 -27.531145 -45.370464 628.536316 38.843273 -43.343620 627.783508
566 271 578 264 594 265 606 273 593 277 578 276 676 275 689 267 704 267 717 274 704 279 690 279 501 125 39.304790 31.467438 15.976177 -0.454094 0.011622 0.028186 6.689375 -45.594456 627.299683 -26.500271 -46.412277 627.881226 39.879021 -44.776630 626.718140
567 269 579 263 595 263 607 272 594 275 580 275 677 273 690 265 705 265 717 273 704 278 690 277 308 10 77.654350 8.840165 12.116884 -0.463644 0.011790 0.024884 7.210629 -46.414268 626.679199 -25.981821 -47.122005 627.244934 40.403076 -45.706532 626.113525
569 274 581 269 595 270 608 277 595 280 581 279 679 278 692 272 706 272 718 278 705 283 692 282 591 856 21.572374 175.882294 33.254070 -0.488376 0.012017 0.030876 7.981601 -43.564121 630.765137 -25.205349 -44.453396 631.393799 41.168549 -42.674847 630.136475
566 270 578 264 593 264 606 273 592 276 578 276 677 275 689 268 705 268 717 275 704 280 690 279 980 139 -55.934074 33.988022 19.352503 -0.480313 0.008185 0.037504 6.637297 -45.183521 622.332886 -26.543520 -46.317204 622.887634 39.818115 -44.049839 621.778198
566 273 579 268 593 268 605 276 592 278 578 278 677 279 689 272 704 273 716 280 703 283 689 282 170 711 105.249641 147.443527 27.254436 -0.524285 0.004616 0.045853 6.419913 -43.101818 623.518433 -26.750446 -44.515766 624.054749 39.590271 -41.687870 622.982178
565 274 578 267 593 268 605 276 592 279 578 279 676 279 689 272 704 273 717 280 703 284 689 283 458 294 47.892319 64.887512 19.563513 -0.502011 0.003812 0.044889 6.424177 -42.794827 621.913025 -26.747648 -44.191952 622.400574 39.596001 -41.397697 621.425476
566 276 578 270 593 271 605 278 592 281 578 281 676 281 689 275 703 276 715 282 702 286 689 285 465 739 46.599541 152.825348 29.776592 -0.510793 0.001257 0.042263 6.338646 -41.758163 626.771301 -26.837132 -43.090424 627.161865 39.514423 -40.425907 626.380676
567 277 579 272 594 272 606 280 593 282 579 282 677 283 690 277 704 277 716 284 703 287 690 287 1028 862 -65.317200 176.843491 36.179600 -0.499312 -0.003343 0.045623 6.769337 -41.096275 627.723267 -26.401455 -42.575630 627.987183 39.940128 -39.616924 627.459351
565 273 578 266 593 267 605 276 592 279 577 279 676 278 689 270 704 271 717 278 703 283 689 283 537 28 32.125134 12.279685 13.989402 -0.447845 0.005140 0.038725 6.287275 -43.408638 622.831177 -26.892626 -44.614044 623.279236 39.467175 -42.203232 622.383057
564 276 577 270 591 271 604 279 591 281 577 281 675 281 688 274 703 275 715 282 702 286 688 285 228 395 93.646858 84.965431 20.403809 -0.485125 0.006886 0.043130 5.617968 -41.719585 623.521545 -27.555796 -43.041363 624.081787 38.791733 -40.397804 622.961243
651 325 662 320 674 320 685 326 674 329 662 329 746 328 757 323 769 324 779 330 768 333 757 332 188 609 101.647903 127.276924 25.038553 -0.497999 0.072462 0.061045 59.979877 -15.265654 734.417297 26.920944 -16.620546 737.215637 93.038811 -13.910759 731.618896
655 319 666 313 679 314 689 320 678 323 666 323 751 321 762 316 775 317 785 323 774 326 762 325 95 422 120.097931 90.369537 20.172117 -0.495832 0.075157 0.049679 62.515381 -19.633381 723.427368 29.442493 -20.608303 726.218994 95.588264 -18.658457 720.635681
648 320 659 314 672 315 683 321 671 324 659 324 745 322 756 316 769 317 780 323 768 326 756 326 136 69 111.867111 20.588190 12.367552 -0.472603 0.073636 0.039508 57.833374 -18.964319 720.611328 24.742290 -19.659620 723.267700 90.924461 -18.269020 717.954956
643 328 654 322 666 322 677 328 666 331 654 331 739 329 749 324 762 324 772 329 761 333 750 332 899 885 -39.662361 181.455063 35.882030 -0.498484 0.071025 0.033530 54.261806 -14.323909 727.639404 21.157255 -14.815168 730.170654 87.366356 -13.832649 725.108215
645 325 656 320 669 320 680 326 668 330 656 330 742 328 753 322 766 322 777 328 766 332 753 331 21 2 134.718216 7.406658 10.102781 -0.480948 0.076668 0.040582 55.512089 -15.174668 717.254150 22.429737 -15.869078 720.017395 88.594437 -14.480259 714.490906
645 329 656 324 669 324 679 330 668 332 656 333 742 331 753 326 765 326 776 332 764 335 753 334 65 681 126.120644 141.568848 25.898937 -0.503233 0.077056 0.038982 55.694309 -12.944580 723.073303 22.610638 -13.553541 725.840881 88.777977 -12.335618 720.305664
642 329 653 323 666 323 677 329 665 332 653 332 738 330 749 324 762 325 773 331 762 334 750 334 1091 124 -78.008102 30.966671 19.718019 -0.470409 0.065814 0.029892 53.576641 -13.355226 721.577698 20.456949 -13.806376 723.910522 86.696327 -12.904076 719.244873
641 330 651 325 664 325 675 331 664 334 652 334 737 332 748 326 761 326 771 332 760 335 748 335 1369 265 -133.252853 58.688423 24.713795 -0.469509 0.061468 0.025910 52.654514 -12.332943 723.214722 19.522202 -12.691155 725.378296 85.786827 -11.974731 721.051086
643 330 654 325 667 325 678 332 667 334 654 334 740 333 751 327 764 327 775 333 764 337 752 336 344 148 70.527008 36.093395 15.499945 -0.491971 0.072857 0.039386 54.539253 -11.762830 718.426941 21.445978 -12.434213 721.062134 87.632523 -11.091447 715.791809
641 334 652 329 664 329 675 335 664 337 652 338 737 335 748 330 760 330 771 336 760 339 748 338 1059 774 -71.500679 159.436890 34.366573 -0.505862 0.068414 0.030052 52.897644 -9.719808 725.424866 19.783527 -10.112606 727.845764 86.011757 -9.327009 723.003967
641 336 652 331 664 331 675 336 664 339 652 339 737 337 748 332 761 332 771 338 760 341 748 340 92 885 120.797508 181.869705 30.732695 -0.512711 0.077182 0.036143 52.679867 -8.531335 723.338074 19.592955 -9.035813 726.087830 85.766777 -8.026855 720.588257
639 336 649 331 662 331 672 337 661 339 649 339 734 337 745 332 758 332 769 338 758 341 746 340 1426 590 -144.514099 122.886024 32.503872 -0.483076 0.063677 0.028892 50.966385 -8.425656 723.815674 17.841150 -8.846732 726.074280 84.091614 -8.004581 721.557068
638 337 648 332 661 332 672 338 660 341 649 341 734 338 745 333 757 333 768 339 757 342 745 342 686 615 2.629393 128.206772 28.353312 -0.502689 0.073043 0.030699 50.268421 -7.606132 721.746826 17.165604 -7.985502 724.319641 83.371239 -7.226761 719.174072
636 337 647 332 659 332 670 338 659 341 647 341 732 339 743 333 756 333 766 339 755 342 743 342 1026 632 -64.970734 131.391632 30.911253 -0.535340 0.072455 0.032783 48.978165 -7.481335 720.248108 15.875813 -7.889104 722.822510 82.080513 -7.073565 717.673645
635 337 646 331 659 331 670 338 658 341 646 341 732 338 743 332 756 332 767 338 756 342 743 342 688 258 2.152246 57.654976 20.208492 -0.513010 0.082290 0.029178 48.597134 -7.816514 715.674500 15.516050 -8.057015 718.528198 81.678215 -7.576014 712.820740
636 339 647 334 659 334 670 340 659 343 647 343 733 341 744 335 756 335 767 341 756 344 744 344 29 632 133.267792 131.903900 24.549559 -0.538455 0.080459 0.036243 49.124123 -5.992653 717.108032 16.045422 -6.435659 719.965088 82.202827 -5.549647 714.250977
635 340 646 335 658 335 669 341 658 344 646 344 731 342 742 336 755 336 766 342 755 345 743 345 1147 569 -89.043800 118.879333 30.243761 -0.512681 0.073600 0.029565 48.624954 -5.442056 721.456787 15.522265 -5.767789 724.038513 81.727646 -5.116324 718.875000
635 335 645 330 658 330 669 336 658 339 646 339 731 337 742 331 755 332 766 337 754 341 742 340 463 415 46.925079 88.797112 22.360312 -0.512715 0.078660 0.036944 48.222279 -8.634069 719.585266 15.140051 -9.151633 722.388428 81.304504 -8.116507 716.782043
632 340 642 335 655 335 665 341 654 343 643 343 728 341 739 336 751 336 762 341 751 345 739 344 1224 608 -104.345413 126.546997 31.626249 -0.505750 0.074690 0.029313 46.231152 -5.676250 722.584290 13.130905 -5.994037 725.198181 79.331398 -5.358464 719.970459
632 342 643 337 655 338 666 343 655 346 643 346 728 344 739 338 751 339 762 344 751 347 739 346 883 815 -36.496586 167.629791 34.180408 -0.520030 0.078293 0.030928 46.408169 -4.010727 723.756104 13.318309 -4.330354 726.498169 79.498024 -3.691101 721.014099
533 277 543 271 556 271 566 277 555 280 544 280 631 278 642 273 655 273 666 279 654 281 642 281 621 858 15.607768 176.262115 33.491196 -0.493075 -0.010996 0.009197 -20.865906 -47.915054 699.200134 -54.067375 -48.296421 698.923401 12.335565 -47.533688 699.476807
529 280 540 274 552 274 563 280 552 283 540 283 628 281 639 276 652 276 663 282 651 285 639 284 667 898 6.470261 184.143341 34.698730 -0.490421 -0.016363 0.007621 -22.919230 -45.612854 696.108093 -56.118740 -45.986450 695.647156 10.280282 -45.239258 696.569092
529 278 540 272 554 272 565 279 553 282 541 282 629 280 641 274 654 274 666 280 654 284 641 283 496 190 40.313435 44.315384 17.429548 -0.467180 -0.014478 0.012546 -21.697363 -46.032448 688.668640 -54.896194 -46.544289 688.300781 11.501467 -45.520607 689.036438
530 281 541 275 553 275 564 281 553 284 541 284 629 282 641 277 654 277 665 283 654 286 641 286 124 622 114.376244 129.878876 24.927235 -0.478810 -0.013201 0.011957 -21.774916 -44.416534 690.910767 -54.974564 -44.901493 690.582275 11.424730 -43.931576 691.239258
525 280 536 274 550 274 561 281 549 284 537 284 626 282 637 276 651 276 663 282 651 286 638 285 882 90 -36.459152 24.354935 17.607513 -0.455534 -0.020443 0.006670 -23.970888 -44.587547 687.175354 -57.168156 -44.953377 686.569397 9.226379 -44.221714 687.781311
525 282 536 276 549 276 560 282 549 285 536 286 625 283 636 277 650 277 661 284 649 287 637 286 970 470 -53.872036 99.405777 26.852165 -0.490654 -0.019940 0.003156 -24.563951 -43.650475 688.118530 -57.762135 -43.910286 687.507935 8.634231 -43.390663 688.729126
525 282 535 276 549 277 560 283 548 286 536 286 625 284 636 278 650 278 661 284 649 287 637 287 930 360 -45.943123 77.687996 24.083393 -0.482836 -0.021306 0.003976 -24.698114 -43.297283 687.253967 -57.895279 -43.591709 686.604980 8.499049 -43.002857 687.902954
526 282 537 277 550 277 561 283 550 286 537 286 626 284 638 278 651 278 663 285 651 288 638 287 247 300 89.847847 66.181656 18.354259 -0.475135 -0.014430 0.009587 -23.664330 -43.090092 687.225586 -56.864254 -43.508259 686.838501 9.535594 -42.671921 687.612671
528 285 539 279 551 280 562 286 551 288 539 288 627 287 639 281 652 282 663 287 651 291 639 290 272 720 84.970474 149.169708 28.110935 -0.480064 -0.017319 0.013237 -23.190641 -41.687763 691.829773 -56.387714 -42.245968 691.380066 10.006433 -41.129559 692.279480
524 288 535 282 548 282 558 288 547 291 535 291 623 289 635 283 648 283 659 289 648 292 635 292 1137 794 -87.005356 163.349243 35.321285 -0.486742 -0.024231 0.001912 -25.666555 -40.190498 691.676819 -58.861752 -40.443485 690.918884 7.528641 -39.937511 692.434814
524 287 535 281 548 282 559 288 548 290 536 291 624 288 636 283 649 283 660 289 649 292 636 292 1017 601 -63.188122 125.270004 30.145464 -0.482366 -0.022641 0.003666 -25.152798 -40.348373 689.646240 -58.349045 -40.643261 688.952148 8.043451 -40.053486 690.340393
525 285 536 278 550 279 561 286 549 289 536 289 625 287 637 280 651 281 663 287 651 291 638 290 300 197 79.286659 45.799438 16.338856 -0.462078 -0.017713 0.011069 -24.059446 -41.336269 685.647217 -57.257145 -41.824322 685.163208 9.138251 -40.848217 686.131226
523 285 534 279 548 279 559 286 547 290 535 290 624 287 635 281 649 281 661 287 649 291 636 291 633 8 13.032517 8.277935 14.144955 -0.460665 -0.019819 0.005991 -25.105961 -41.046795 685.412720 -58.303783 -41.387661 684.822754 8.091860 -40.705925 686.002747
524 288 535 282 548 282 559 288 547 291 535 292 624 289 635 283 649 283 660 289 649 293 636 292 632 544 13.350678 114.203415 26.386372 -0.480253 -0.019371 0.002710 -25.216663 -39.761421 688.333679 -58.415245 -39.999474 687.736145 7.981920 -39.523373 688.931213
524 289 534 283 547 284 558 290 547 292 535 293 623 290 635 284 648 284 659 290 648 294 635 293 850 707 -29.959072 146.303665 31.502003 -0.485060 -0.021261 0.000096 -25.757315 -39.195198 690.179688 -58.954769 -39.366150 689.501892 7.440140 -39.024246 690.857483
522 287 533 281 547 281 558 288 546 291 534 291 623 289 634 282 648 282 660 289 648 293 635 292 614 29 16.815058 12.437742 14.503577 -0.460139 -0.021226 0.003578 -25.790636 -39.985916 685.317200 -58.987892 -40.259888 684.663940 7.406619 -39.711948 685.970459
521 291 531 285 544 285 555 291 544 294 532 294 620 291 632 285 645 285 656 291 645 294 632 294 1352 800 -129.753555 164.424500 36.830265 -0.485833 -0.024336 -0.007645 -27.731537 -38.337772 690.067078 -60.925758 -38.286266 689.230042 5.462686 -38.389278 690.904053
522 289 533 283 547 284 558 290 546 293 534 293 623 291 634 285 648 285 660 291 648 294 635 294 550 488 29.642685 103.178757 24.583521 -0.472070 -0.020764 0.003755 -25.923162 -38.661091 686.788818 -59.120720 -38.940926 686.153625 7.274395 -38.381252 687.423950
522 289 533 284 546 284 557 290 546 293 534 293 623 291 634 285 648 285 659 291 647 295 635 294 36 458 131.837219 97.514221 20.618261 -0.466507 -0.015949 0.005062 -26.162643 -38.488567 686.546936 -59.362892 -38.771912 686.074890 7.037604 -38.205223 687.018982
537 290 548 285 560 285 571 291 560 294 548 294 635 292 646 287 659 287 670 293 658 296 646 296 704 712 -0.928043 147.366776 30.684652 -0.480380 -0.016593 0.018103 -18.161766 -38.688740 704.092712 -51.356758 -39.396732 703.704346 15.033226 -37.980747 704.481079
526 246 537 241 550 241 562 246 550 249 538 250 628 246 638 241 650 241 661 246 650 249 638 249 192 260 100.774872 58.305065 17.089298 -0.372259 -0.068610 -0.025670 -23.482491 -67.257835 683.634460 -56.599274 -66.844742 681.253784 9.634291 -67.670921 686.015137
569 265 582 260 595 261 607 268 594 270 581 270 675 273 687 268 700 269 711 275 699 278 686 277 656 484 8.565281 102.333809 25.168489 -0.442381 -0.016922 0.070576 6.595417 -49.354778 654.623840 -26.523399 -51.742760 654.590271 39.714233 -46.966797 654.657349
563 237 576 232 591 235 603 244 589 246 575 244 675 256 689 251 704 253 715 262 702 264 688 262 488 52 41.873394 17.047770 14.225150 -0.492221 -0.038308 0.157704 5.139787 -56.990826 600.731201 -27.637453 -62.302151 600.775574 37.917027 -51.679497 600.686829
519 224 534 220 550 224 562 234 547 234 532 231 641 249 655 245 669 248 680 256 667 258 653 255 350 126 69.329102 31.742643 15.035522 -0.433109 -0.112360 0.173287 -15.712570 -58.080105 560.970764 -48.222721 -64.408348 558.603760 16.797583 -51.751865 563.337830
621 286 633 281 646 282 656 289 645 291 632 290 721 292 733 287 745 288 756 295 745 297 732 296 338 632 71.827766 131.745132 26.521238 -0.510204 0.029096 0.073492 38.456490 -38.377434 684.351013 5.353119 -40.469692 685.883606 71.559860 -36.285175 682.818359
613 291 624 285 637 285 648 292 636 295 624 294 714 294 726 289 739 289 751 296 739 299 726 298 1198 533 -99.192398 111.738762 29.746571 -0.515085 0.048557 0.052704 33.320759 -36.169117 676.063843 0.199301 -37.435341 678.045105 66.442215 -34.902889 674.082581
616 294 627 289 640 289 651 296 639 298 627 298 717 299 729 294 742 295 753 302 741 304 729 303 52 777 128.726868 160.547165 28.009621 -0.498594 0.050619 0.072828 35.375477 -33.476532 679.425537 2.298493 -35.382603 681.625488 68.452461 -31.570465 677.225586
587 293 598 286 611 286 622 292 611 296 598 296 689 292 701 285 715 285 727 291 715 295 701 295 1020 155 -63.883915 37.129410 19.973343 -0.495092 0.063590 0.005699 16.625004 -36.494774 666.439636 -16.513529 -36.164310 668.510437 49.763535 -36.825233 664.368896
600 292 611 286 624 286 635 292 623 295 611 296 701 292 713 286 726 286 738 292 726 296 713 295 175 338 104.172432 73.728256 18.763153 -0.507529 0.059252 0.019006 24.765247 -36.693752 674.789062 -8.376671 -36.809227 676.828552 57.907166 -36.578278 672.749512
595 295 606 289 619 288 630 295 618 298 606 299 696 294 707 288 721 288 733 294 721 298 708 298 725 124 -5.234481 31.154724 17.382635 -0.493855 0.055291 0.008050 21.520643 -35.232601 674.335266 -11.633397 -35.044933 676.161194 54.674683 -35.420273 672.509338
594 299 605 293 618 293 629 299 618 302 606 302 695 298 707 293 721 293 732 298 720 302 708 301 461 759 47.399334 156.779831 30.208076 -0.518576 0.052413 0.008825 21.169470 -32.610355 675.195557 -11.989494 -32.449162 676.932434 54.328434 -32.771549 673.458679
592 301 603 295 616 294 627 301 616 304 603 304 693 300 705 294 719 294 731 300 719 304 706 304 941 346 -48.133427 74.915649 23.833677 -0.510430 0.048635 0.005253 19.729790 -31.188967 670.925964 -13.436159 -30.952662 672.514526 52.895737 -31.425272 669.337341
591 304 601 299 614 299 625 304 614 307 602 307 692 303 703 298 717 298 728 303 716 306 704 306 266 889 86.201103 182.570786 31.934361 -0.518887 0.051029 0.006840 18.559380 -29.225922 674.879700 -14.602413 -29.013168 676.555969 51.721172 -29.438675 673.203491
587 305 598 299 611 299 622 304 611 308 599 308 689 303 701 297 714 297 726 302 714 306 702 306 1126 507 -84.882065 106.637604 28.693041 -0.505214 0.049456 -0.003576 16.874697 -29.132652 671.342590 -16.290167 -28.612944 672.885803 50.039558 -29.652361 669.799377
585 307 596 301 609 301 620 307 609 310 596 310 687 306 699 299 712 299 724 305 712 308 699 308 844 533 -28.804798 111.920654 27.487755 -0.520264 0.049248 -0.003895 15.348857 -27.584829 669.917603 -17.816351 -27.045500 671.446594 48.514065 -28.124159 668.388672
586 309 596 303 609 303 620 308 609 311 597 312 687 307 699 302 712 302 724 307 712 310 700 310 486 833 42.444931 171.390961 32.058525 -0.527939 0.049729 -0.001995 15.635795 -26.593086 671.427490 -17.528849 -26.104139 672.985352 48.800438 -27.082031 669.869629
588 309 598 303 611 303 622 308 611 311 599 312 690 308 701 302 715 302 727 307 714 311 702 310 79 675 123.335617 140.375931 25.851166 -0.517437 0.051881 0.004246 16.847660 -26.257320 669.628113 -16.313171 -25.956287 671.309875 50.008492 -26.558353 667.946411
585 312 596 306 608 306 619 311 608 314 596 315 686 310 697 304 711 304 722 309 711 312 698 312 1275 862 -114.429451 176.716583 37.755665 -0.541347 0.043153 -0.012034 14.944736 -25.021744 676.032959 -18.227568 -24.263119 677.290894 48.117039 -25.780369 674.775024
585 312 596 307 608 307 619 313 608 315 596 316 687 311 698 305 712 305 724 310 712 314 699 314 756 701 -11.269914 145.166229 30.765102 -0.554539 0.047052 -0.005247 15.106133 -24.009508 670.068604 -18.062420 -23.422033 671.504456 48.274685 -24.596985 668.632751
590 311 600 306 613 306 624 312 613 314 601 314 691 311 703 306 716 306 728 311 716 314 703 314 246 852 90.169571 175.269073 30.961281 -0.542864 0.046750 0.009366 18.148500 -24.451462 674.012695 -15.019496 -24.336266 675.571655 51.316498 -24.566660 672.453735
581 326 592 320 605 320 616 325 604 328 592 329 683 324 694 319 707 319 718 324 707 327 694 327 256 756 88.159851 156.292297 28.831455 -0.459710 0.025295 -0.007596 12.496986 -15.828224 680.236816 -20.696449 -15.395142 680.990417 45.690422 -16.261307 679.483215
625 338 636 333 648 333 659 339 648 342 636 342 722 341 733 335 746 336 757 342 745 345 733 345 1201 137 -99.877060 33.479229 20.716967 -0.486837 0.051968 0.044435 40.949253 -6.012249 706.576050 7.820509 -7.017348 708.584961 74.077995 -5.007149 704.567139
647 339 657 334 670 335 680 340 669 342 657 342 741 344 751 339 762 340 772 345 762 348 751 347 311 490 77.164703 103.696800 23.104202 -0.553593 0.029931 0.066651 56.148830 -4.874333 734.162537 23.030367 -6.706209 735.702332 89.267296 -3.042458 732.622742
644 346 655 341 667 342 677 349 666 350 654 350 738 353 748 348 760 349 769 355 759 358 748 357 49 439 129.248123 93.752739 20.267056 -0.538844 0.034238 0.089583 54.496208 1.146626 738.495972 21.440321 -1.382932 740.358521 87.552101 3.676184 736.633362
641 342 652 338 663 339 673 344 662 346 651 346 732 347 742 342 753 343 763 348 753 350 742 350 733 845 -6.664650 173.635498 33.908794 -0.551337 0.039469 0.058800 52.589100 -2.705714 758.263916 19.465429 -4.207071 760.032532 85.712769 -1.204356 756.495300
622 347 632 342 644 342 654 348 643 350 632 350 714 350 724 345 736 346 746 352 736 354 724 354 1401 565 -139.548782 117.958344 31.773090 -0.547605 0.045220 0.054537 38.301994 0.198654 743.844788 5.178413 -1.120827 745.754517 71.425575 1.518134 741.935120
625 347 636 342 648 342 658 349 647 351 636 351 718 352 729 346 742 347 752 353 741 356 729 355 661 263 7.521905 58.656956 20.150461 -0.568447 0.051890 0.064604 41.182213 0.751920 733.747803 8.088295 -0.800791 735.970703 74.276131 2.304630 731.524902
624 348 634 343 646 344 656 350 645 352 634 352 717 352 727 347 740 348 750 353 739 356 728 356 956 459 -51.090794 97.239136 26.511480 -0.550773 0.056435 0.057706 39.949024 1.239641 736.733276 6.849609 -0.076183 739.026062 73.048439 2.555464 734.440430
624 349 634 344 646 345 656 351 645 354 634 354 718 353 728 347 741 347 751 352 740 356 728 356 1038 194 -67.454262 44.827385 20.979362 -0.520754 0.069368 0.043317 39.880775 1.705767 731.315308 6.784453 0.919120 733.879333 72.977097 2.492414 728.751221
626 350 636 345 648 346 658 352 648 355 636 354 720 354 730 349 742 349 753 354 742 358 730 357 519 457 35.799671 97.068428 23.677355 -0.537564 0.074223 0.055735 41.561920 2.460762 733.675598 8.496632 1.346697 736.504944 74.627213 3.574826 730.846252
626 353 637 349 648 349 658 355 648 357 637 356 719 357 730 352 741 353 751 358 741 360 730 360 69 865 125.366264 177.929092 30.128927 -0.567292 0.058622 0.057340 41.572643 4.657143 738.992493 8.476447 3.392905 741.359619 74.668839 5.921380 736.625427
627 352 637 347 649 348 659 354 648 356 637 355 720 357 730 352 742 353 752 359 741 361 730 360 4 730 138.260483 151.283630 26.629374 -0.586083 0.058688 0.078330 41.921650 4.617956 736.325195 8.871262 2.721841 738.901306 74.972038 6.514070 733.749084
625 350 636 345 648 346 658 352 647 354 636 354 719 354 729 349 742 349 752 355 741 358 730 357 798 123 -19.749660 30.919596 17.825584 -0.535380 0.050922 0.051241 41.115501 2.777427 734.242676 7.995245 1.599273 736.296997 74.235756 3.955582 732.188416
630 351 640 346 652 347 662 353 652 355 640 354 723 355 734 350 745 351 755 356 745 359 733 359 278 585 83.747406 122.487770 25.064421 -0.558027 0.052366 0.061471 44.399071 3.420643 739.559448 11.299684 1.958385 741.762146 77.498459 4.882901 737.356750
637 343 647 339 658 339 668 345 657 347 646 346 727 350 737 346 749 347 758 352 748 354 737 353 913 841 -42.455849 172.752533 34.965946 -0.572477 0.047133 0.098354 48.440220 -1.115451 751.459961 15.427365 -3.764076 753.846558 81.453072 1.533173 749.073364
626 345 636 341 648 341 658 346 647 348 636 348 718 349 728 344 740 345 749 350 739 353 728 352 691 684 1.650579 141.840073 29.961891 -0.577460 0.050408 0.059197 41.280922 -0.992936 746.440125 8.173664 -2.379452 748.572449 74.388176 0.393579 744.307800
623 345 633 340 645 340 655 347 644 349 633 349 716 349 726 344 739 344 749 350 738 353 726 352 1018 40 -63.511848 14.403997 17.332788 -0.545308 0.050257 0.052804 39.097729 -0.962598 735.334412 5.978937 -2.185182 737.386414 72.216522 0.259986 733.282471
622 346 632 341 644 342 655 348 644 350 632 350 715 350 726 345 739 345 749 351 738 354 726 354 44 31 130.151474 13.125855 10.912201 -0.542303 0.059544 0.057199 38.683170 -0.106851 732.800171 5.588730 -1.389519 735.181824 71.777611 1.175818 730.418518
620 346 630 341 642 342 652 348 641 350 630 350 713 350 723 345 735 345 745 351 735 354 723 353 441 138 51.237785 34.067341 15.890383 -0.540831 0.053827 0.053742 37.121178 -0.247681 738.085327 4.010056 -1.473358 740.255798 70.232300 0.977997 735.914856
618 350 628 345 640 346 650 351 639 353 628 353 710 352 720 348 732 348 742 353 732 356 721 355 1088 894 -77.240181 183.136536 37.293659 -0.573056 0.047707 0.042974 35.464470 1.814799 741.155212 2.326228 0.907071 743.050659 68.602715 2.722527 739.259827
577 323 586 318 597 317 607 322 597 326 587 326 666 322 677 317 689 317 699 322 689 325 677 325 1213 594 -102.161346 123.785950 31.236155 -0.498895 0.055193 0.000806 5.269890 -19.571777 761.066406 -27.885389 -19.149801 762.829651 38.425171 -19.993755 759.303162
590 332 600 327 611 327 621 333 611 335 600 335 681 333 691 329 703 329 713 334 703 337 692 336 76 892 123.980431 183.261261 30.790554 -0.507528 0.034105 0.023845 15.275876 -11.465090 752.731079 -17.900803 -11.941867 754.011841 48.452553 -10.988313 751.450317
584 335 593 330 605 330 615 335 605 337 594 338 675 335 685 330 697 330 707 335 697 338 685 337 1318 868 -122.978027 177.880203 38.167145 -0.507175 0.030512 0.008313 10.792190 -10.206211 751.626526 -22.396374 -10.219080 752.665161 43.980751 -10.193342 750.587952
583 333 593 328 606 328 616 334 605 337 594 337 676 334 687 328 699 328 710 334 699 337 687 337 436 166 52.238194 39.603306 16.498289 -0.487217 0.034862 0.012883 11.418046 -10.863239 742.435608 -21.764286 -10.997770 743.649841 44.600376 -10.728708 741.221375
577 339 587 334 599 334 609 339 599 342 588 342 670 338 680 333 693 333 703 338 692 341 681 341 1110 650 -81.668869 134.905655 31.858549 -0.514646 0.035130 -0.003873 6.905104 -7.412382 743.305969 -26.279427 -6.995839 744.388977 40.089634 -7.828924 742.222900
580 339 590 333 602 333 612 339 602 341 591 342 673 339 684 333 696 333 707 339 696 342 684 341 548 577 30.060167 120.768074 26.604443 -0.510971 0.036129 0.007818 9.279401 -7.353550 740.421387 -23.903217 -7.302077 741.634155 42.462021 -7.405024 739.208679
579 340 589 335 600 335 610 340 600 343 589 343 671 339 682 334 694 334 705 339 694 342 683 342 401 593 59.292480 124.005539 26.032066 -0.507960 0.036847 0.002103 8.031381 -6.693618 740.773926 -25.151302 -6.456382 741.962585 41.214062 -6.930853 739.585266
580 339 590 334 602 334 612 339 602 342 590 342 673 339 684 334 696 334 707 339 696 342 684 342 557 472 28.247278 100.013222 24.262581 -0.510333 0.035509 0.007415 9.160940 -6.838787 739.467102 -24.022499 -6.780044 740.656860 42.344379 -6.897530 738.277344
576 339 586 334 599 334 609 339 598 342 587 343 669 339 680 333 693 333 704 338 693 342 681 342 776 107 -15.378853 27.768959 17.319601 -0.482387 0.033727 -0.000210 6.725492 -7.166387 738.102234 -26.460800 -6.894798 739.177368 39.911785 -7.437975 737.027161
579 340 589 335 601 335 612 341 601 344 590 344 672 340 683 335 695 335 706 340 695 343 683 343 549 141 29.764269 34.604713 16.648064 -0.487407 0.036997 0.004583 8.575510 -6.125311 739.701172 -24.606684 -5.978032 740.917664 41.757706 -6.272590 738.484680
575 343 585 338 597 337 607 343 596 346 585 346 668 342 678 336 691 336 702 341 691 344 679 344 1033 475 -66.397530 100.361511 27.368410 -0.542022 0.033705 -0.009667 5.381929 -4.794798 736.830017 -27.802969 -4.193436 737.810059 38.566826 -5.396161 735.849915
575 342 585 337 597 337 607 342 597 345 586 345 668 341 679 336 691 336 702 340 691 344 679 344 711 642 -2.335472 133.529694 29.129793 -0.571481 0.027329 -0.006574 5.728719 -5.410137 734.775391 -27.463331 -4.951282 735.573425 38.920769 -5.868992 733.977356
578 343 588 338 599 338 609 343 599 346 588 346 670 342 681 337 693 337 704 341 693 345 681 345 808 796 -21.588186 163.913528 33.267689 -0.574092 0.030489 -0.007151 7.258643 -4.711082 740.995728 -25.930332 -4.203830 741.886902 40.447617 -5.218334 740.104492
577 337 586 333 598 334 608 340 598 342 587 342 671 342 682 336 694 336 705 340 694 344 682 344 279 654 83.563934 136.123123 26.647476 0.388831 0.016081 0.021705 6.832393 -6.333942 715.072510 -26.360458 -7.139045 715.454712 40.025246 -5.528840 714.690308
577 342 587 336 599 336 610 342 599 345 588 345 670 342 681 336 693 336 704 341 693 344 681 344 146 107 109.887222 28.092657 13.299674 -0.545939 0.032176 0.001028 7.085469 -5.256728 734.736145 -26.102562 -5.004740 735.761169 40.273502 -5.508716 733.711121
578 342 588 336 600 336 611 342 600 345 588 345 671 341 681 335 694 335 705 341 694 344 682 344 381 51 63.148518 16.905127 13.519550 -0.552753 0.034592 -0.004746 7.777614 -5.264124 734.683289 -25.407473 -4.805065 735.731628 40.962700 -5.723183 733.634949
578 340 588 335 600 335 610 341 600 344 588 344 671 341 682 335 694 335 705 340 694 344 682 344 709 259 -2.023067 57.841808 20.365341 -0.541522 0.031460 0.001914 7.743517 -6.086460 735.668396 -25.445204 -5.870955 736.679321 40.932240 -6.301963 734.657471
573 345 583 340 595 340 605 345 594 348 583 348 665 344 676 338 688 338 699 343 688 346 676 346 755 795 -11.050152 163.743134 32.906654 -0.570983 0.029438 -0.015677 3.803488 -3.354254 742.138550 -29.383354 -2.590079 742.918945 36.990330 -4.118429 741.358093
573 345 582 339 595 339 605 345 594 348 583 348 665 343 675 337 688 336 699 342 688 346 676 346 1327 208 -124.914474 47.445595 23.143328 -0.534562 0.029162 -0.020720 3.795318 -3.837422 739.850891 -29.388752 -2.929185 740.593994 36.979389 -4.745658 739.107788
572 347 582 342 594 342 604 347 594 350 583 350 664 345 675 340 687 339 698 344 687 348 675 348 943 506 -48.495476 106.534012 27.502497 -0.548952 0.030609 -0.021899 3.233450 -2.201213 742.784729 -29.948433 -1.238202 743.555969 36.415333 -3.164224 742.013489
565 306 575 300 588 300 598 304 588 308 576 309 660 301 671 295 683 295 694 300 683 303 672 304 420 155 55.417107 37.437691 16.144840 -0.533796 0.029491 -0.045328 -0.435965 -31.641867 718.012268 -33.593380 -29.952787 718.553040 32.721451 -33.330944 717.471497
561 314 571 307 583 307 594 312 584 315 572 316 655 309 666 303 679 302 690 308 679 311 667 311 1321 152 -123.733925 36.381889 21.825422 -0.540312 0.019229 -0.047114 -3.416722 -26.589941 720.929443 -36.579590 -24.932903 721.124695 29.746145 -28.246977 720.734192
565 315 575 309 587 308 598 313 587 316 576 317 659 310 669 304 682 304 693 309 682 312 670 313 894 240 -38.811779 53.991951 21.111639 -0.552440 0.017928 -0.043251 -1.081820 -25.758297 721.761047 -34.251163 -24.234335 721.939697 32.087521 -27.282261 721.582458
565 316 575 311 587 310 597 315 587 318 576 319 659 313 669 308 681 308 692 313 681 316 670 316 490 719 41.624214 148.860077 29.479107 -0.595888 0.019835 -0.022410 -1.247513 -23.737597 720.182434 -34.437893 -22.846363 720.587463 31.942867 -24.628832 719.777466
567 317 577 312 590 311 600 316 589 319 578 319 662 314 673 309 685 309 696 313 685 317 673 317 141 619 110.995377 129.277283 24.967157 -0.610228 0.017669 -0.023732 0.776944 -23.122339 715.017029 -32.413780 -22.208920 715.334839 33.967670 -24.035761 714.699158
569 318 579 313 591 312 602 317 591 320 580 320 663 315 673 310 685 310 696 314 685 317 674 317 753 791 -10.653373 162.953674 32.802494 -0.599229 0.011786 -0.028229 1.560108 -22.757977 723.589783 -31.629629 -21.762108 723.685547 34.749847 -23.753847 723.494019
568 317 578 312 590 311 601 316 590 319 579 320 663 314 674 309 686 308 697 313 686 317 674 317 402 281 59.024185 62.347214 18.909132 -0.584154 0.017562 -0.025112 1.384812 -23.120646 715.677979 -31.804850 -22.168034 715.991699 34.574474 -24.073259 715.364197
602 306 613 302 625 303 635 309 624 311 613 310 696 313 706 309 717 310 726 316 716 318 705 317 226 362 94.037186 78.444962 19.636984 -0.547237 -0.030166 0.070395 24.558418 -26.840464 739.820129 -8.551467 -29.327948 739.492126 57.668301 -24.352978 740.148132
603 308 614 304 626 304 636 310 625 312 614 312 697 314 706 309 718 309 727 315 717 318 706 317 333 161 72.717087 38.668121 15.726810 -0.535425 -0.025425 0.053719 25.274059 -26.388794 739.974670 -7.873517 -28.308073 739.636780 58.421635 -24.469513 740.312561
599 311 610 307 622 307 632 313 621 315 610 315 693 316 702 312 713 312 723 318 713 320 702 319 947 712 -49.244957 147.241928 32.235195 -0.562590 -0.032748 0.047992 22.446989 -24.420694 740.824768 -10.703257 -26.228468 740.230835 55.597237 -22.612923 741.418640
599 312 610 307 622 308 633 314 621 316 610 315 693 317 703 312 714 313 724 319 714 321 703 320 1380 424 -135.404648 90.104538 28.417192 -0.556369 -0.034302 0.046861 22.607121 -23.883345 736.942566 -10.543145 -25.668133 736.283752 55.757385 -22.098558 737.601379
601 313 612 309 623 310 633 315 622 316 611 316 694 318 703 315 714 315 723 320 713 322 703 321 509 168 37.723682 39.961040 17.009790 -0.555301 -0.029753 0.052997 23.300810 -23.148170 747.752930 -9.844254 -25.085049 747.291565 56.445873 -21.211290 748.214233
596 311 607 306 619 307 630 313 618 315 607 315 690 316 700 311 711 312 720 318 710 320 700 319 1437 109 -146.808365 27.824575 21.583035 -0.546966 -0.037483 0.043926 20.434443 -24.434753 738.367920 -12.716392 -26.152756 737.574097 53.585278 -22.716751 739.161804
608 319 619 315 631 315 641 321 630 323 619 322 702 325 712 321 723 322 732 328 722 330 711 329 713 786 -2.701084 161.986130 32.433006 -0.562856 -0.017069 0.071318 28.917768 -18.284229 740.681396 -4.200135 -20.682459 740.793335 62.035675 -15.885998 740.569458
605 316 617 311 629 312 640 319 628 321 616 321 700 323 711 318 723 319 732 325 722 328 711 327 882 90 -36.459152 24.354935 17.607513 -0.547915 -0.018436 0.065266 27.496399 -19.704876 729.718811 -5.633972 -21.927082 729.716064 60.626770 -17.482672 729.721619
605 322 616 317 628 318 638 324 627 326 616 325 699 327 709 322 720 323 730 328 719 331 709 330 1357 841 -130.738602 172.524399 37.799034 -0.565147 -0.010748 0.053564 26.671926 -16.748003 736.938416 -6.484652 -18.530712 737.089600 59.828506 -14.965295 736.787231
607 321 618 317 630 318 640 324 629 326 617 325 701 327 711 322 722 323 731 328 721 331 711 330 415 795 56.553761 163.917831 30.737171 -0.559413 -0.004022 0.056790 27.913811 -16.794477 736.565491 -5.238594 -18.618746 736.952576 61.066212 -14.970210 736.178467
605 321 616 316 629 317 639 323 628 325 616 325 700 327 710 322 722 323 731 329 721 331 710 330 379 609 63.670414 127.178787 26.257294 -0.569744 -0.008655 0.064322 27.197598 -16.678858 731.475525 -5.939179 -18.779163 731.795593 60.334373 -14.578550 731.155518
601 324 612 319 624 320 634 326 623 328 611 327 695 328 705 323 717 323 727 329 716 331 705 331 1421 871 -143.457367 178.420151 38.892921 -0.568791 -0.003286 0.041681 23.931808 -15.770111 731.234192 -9.244761 -17.110495 731.513916 57.108376 -14.429729 730.954468
604 320 615 315 627 316 637 322 626 324 615 323 698 326 708 321 719 322 729 328 719 330 708 329 237 348 91.846886 75.672607 19.387268 -0.558227 -0.019088 0.061857 26.105118 -17.855019 737.314453 -7.031932 -19.974861 737.271790 59.242168 -15.735178 737.357056
