547 184 566 172 591 172 611 186 590 194 567 194 726 182 746 166 771 163 793 174 772 185 748 187 1359 158 -119.677704 22.640732 53.556541 0.282273 0.100367 -0.047081 11.806013 -68.220650 383.606476 -21.196312 -67.147957 387.107269 44.808338 -69.293343 380.105713
577 206 596 193 621 192 640 207 620 215 597 215 749 204 768 188 793 187 813 200 793 210 770 210 912 140 -30.742960 19.308182 53.358566 0.249646 0.083739 -0.034747 22.496857 -63.507980 405.581512 -10.572290 -62.712757 408.472656 55.566006 -64.303200 402.690369
573 196 592 184 616 183 635 196 615 204 593 205 745 192 764 178 789 176 809 187 789 198 767 199 936 407 -35.666199 72.016273 59.821636 0.291313 0.097645 -0.042883 20.812243 -67.556091 404.624329 -12.205253 -66.623383 408.020630 53.829739 -68.488800 401.228058
581 190 600 177 624 177 644 190 624 198 601 199 754 187 773 172 798 171 818 183 798 193 775 193 528 77 45.683842 7.059008 52.035522 0.262646 0.070139 -0.032612 24.121090 -69.623726 404.073578 -8.985008 -68.858284 406.514862 57.227188 -70.389175 401.632294
575 190 594 177 618 176 637 190 617 197 595 198 747 186 766 171 791 170 811 182 791 192 768 192 744 13 2.749167 -5.685080 50.367954 0.259925 0.079919 -0.037053 21.624987 -69.957161 404.640350 -11.451800 -69.084946 407.419739 54.701775 -70.829376 401.860962
570 182 588 170 613 169 633 183 612 191 590 191 744 179 763 163 788 162 808 173 788 184 765 185 905 6 -29.275745 -7.147070 50.112236 0.281611 0.090051 -0.041729 19.770901 -71.888962 399.312927 -13.271583 -70.941772 402.452454 52.813385 -72.836143 396.173401
571 191 589 177 614 176 634 189 613 197 591 199 743 185 762 170 787 169 808 181 788 190 765 191 1029 614 -54.282646 112.842972 64.792618 0.328560 0.087270 -0.047189 20.002731 -69.859932 402.810577 -13.040265 -68.794991 405.906708 53.045727 -70.924873 399.714447
575 189 593 176 618 176 637 189 617 197 595 198 747 185 766 171 791 170 811 181 791 191 768 192 716 170 8.231923 25.328947 54.190815 0.302471 0.077882 -0.038439 21.536066 -70.196022 404.359161 -11.544541 -69.328499 407.094208 54.616676 -71.063545 401.624146
567 188 585 175 609 174 629 186 609 195 587 196 738 182 756 167 781 165 801 177 781 187 759 187 1234 377 -94.932632 65.944946 58.934940 0.302969 0.084817 -0.051861 18.189934 -71.814476 406.851379 -14.852174 -70.544487 409.878906 51.232040 -73.084457 403.823853
566 189 584 177 607 176 626 187 606 195 585 196 736 182 755 169 778 168 798 179 779 187 757 188 1022 788 -52.987034 147.203293 69.016594 0.339836 0.083677 -0.049940 17.443361 -71.702835 408.164215 -15.605433 -70.546127 411.164032 50.492153 -72.859550 405.164398
564 188 581 176 604 175 623 187 604 195 583 196 733 182 751 169 775 167 795 177 775 187 754 188 1295 570 -107.175301 104.023163 63.583447 0.309250 0.089477 -0.050318 16.373507 -72.152763 409.705658 -16.657894 -70.966728 412.880493 49.404907 -73.338806 406.530823
571 185 589 172 612 171 632 184 612 191 590 192 743 180 762 166 786 166 806 177 786 186 764 186 379 527 75.074699 95.986801 63.029461 0.336130 0.058316 -0.037143 19.721098 -72.328171 405.117798 -13.405126 -71.441154 407.221649 52.847321 -73.215187 403.013977
570 183 588 170 612 169 632 182 611 190 589 191 743 178 761 163 786 162 806 174 786 183 764 184 931 385 -34.659260 67.674789 59.290710 0.313251 0.089027 -0.044613 19.450890 -72.622841 402.516998 -13.590770 -71.626846 405.650085 52.492550 -73.618843 399.383881
572 185 590 172 614 172 634 184 614 192 592 193 744 180 763 166 788 166 808 177 788 186 765 187 144 637 121.763542 117.823151 65.822868 0.353807 0.052314 -0.037419 20.335125 -72.096451 404.545013 -12.801742 -71.184570 406.462372 53.471992 -73.008324 402.627686
569 183 587 171 611 170 631 182 611 190 589 191 741 177 760 163 784 162 804 173 784 182 762 183 658 394 19.645451 69.587212 59.654724 0.344309 0.073627 -0.047736 19.101961 -73.287193 405.757965 -13.976357 -72.151756 408.421631 52.180283 -74.422630 403.094299
561 181 579 168 602 167 622 179 602 187 580 188 731 173 750 159 774 157 794 169 774 178 752 179 763 501 -1.302519 90.662643 62.193878 0.358370 0.043800 -0.053565 15.612861 -75.148926 407.859100 -17.513344 -73.667274 409.596558 48.739067 -76.630577 406.121613
561 188 578 176 601 175 619 186 601 194 580 195 728 180 746 167 769 166 789 176 770 185 748 186 1122 891 -72.938087 167.491394 71.461395 -0.168658 0.041724 -0.045607 15.419671 -76.085602 427.849579 -17.721878 -74.462845 429.100189 48.561218 -77.708351 426.598938
582 180 600 168 624 167 643 180 623 187 601 188 752 177 770 164 794 163 813 175 794 184 772 184 122 382 126.282219 67.483505 59.649780 0.349070 0.052673 -0.024816 23.867207 -74.788139 411.833038 -9.281905 -74.283318 413.688080 57.016319 -75.292969 409.977997
568 183 586 171 609 169 628 181 609 189 588 190 737 176 755 162 778 161 798 172 779 181 757 181 1420 497 -132.001724 89.547112 61.746166 0.335362 0.077852 -0.055874 18.187511 -75.244789 413.952240 -14.866385 -73.855980 416.793152 51.241405 -76.633591 411.111328
576 186 594 174 616 173 635 184 616 192 595 193 745 180 763 168 786 168 805 178 786 186 765 186 375 808 75.713882 151.473114 69.847031 -0.178198 0.051374 -0.024773 21.956932 -76.622063 429.064972 -11.194031 -75.652718 430.687836 55.107895 -77.591408 427.442139
550 223 570 209 595 208 615 222 594 230 571 232 728 218 748 203 773 202 794 214 773 224 750 225 696 92 12.254115 9.937516 52.309662 0.277926 0.066718 -0.040937 13.136522 -55.749176 392.195892 -19.967270 -54.714405 394.568207 46.240314 -56.783951 389.823608
553 230 571 216 596 215 616 228 596 237 573 238 730 224 749 210 774 209 795 220 774 230 751 231 987 581 -45.908916 106.347839 64.014648 0.327028 0.076717 -0.047235 13.729147 -53.532948 392.785431 -19.342197 -52.406986 395.538269 46.800491 -54.658913 390.032623
558 227 578 214 602 213 622 226 602 234 579 235 736 223 755 209 780 208 801 220 780 229 757 230 673 371 16.674215 65.038353 59.088867 0.307805 0.066455 -0.035848 16.004835 -54.221180 393.802094 -17.106113 -53.387466 396.153625 49.115784 -55.054897 391.450562
552 232 571 220 594 219 614 231 594 238 572 240 728 226 747 213 771 212 791 223 771 232 749 232 1117 763 -71.872093 142.219864 68.359528 0.333811 0.068515 -0.047548 13.071959 -53.328537 397.655670 -20.018517 -52.156658 400.147003 46.162434 -54.500420 395.164368
552 231 570 218 594 217 614 229 594 237 572 239 726 225 745 211 770 210 790 221 770 230 748 231 1152 471 -78.672188 84.546196 61.258610 0.305947 0.077857 -0.049962 12.808246 -53.940056 398.414062 -20.255692 -52.701309 401.207123 45.872185 -55.178799 395.621002
554 231 573 217 597 216 617 229 597 237 574 238 730 225 749 211 774 211 794 223 774 231 751 231 251 395 100.612137 69.986443 59.896225 0.322104 0.044917 -0.037523 14.047370 -53.758751 397.014984 -19.101078 -52.773026 398.678833 47.195820 -54.744480 395.351166
554 236 572 224 596 222 615 233 595 241 574 242 728 228 747 216 771 216 791 226 771 234 749 234 757 688 -0.213086 127.589355 66.732620 -0.244297 0.028709 -0.038103 14.168140 -55.042324 416.359314 -18.999079 -53.674316 417.149017 47.335361 -56.410332 415.569580
555 233 573 221 597 220 616 231 597 239 575 240 729 227 748 215 772 214 792 225 772 233 750 234 431 630 64.672600 116.298691 65.499886 0.345575 0.049471 -0.038644 13.978673 -53.316666 400.379517 -19.161385 -52.340633 402.208069 47.118729 -54.292698 398.550934
554 236 572 223 596 222 616 233 596 241 574 243 729 228 748 215 772 215 792 226 772 234 750 235 533 596 44.399998 109.534721 64.620796 -0.247485 0.036170 -0.035717 14.233046 -54.860302 415.088379 -18.929096 -53.539070 416.130676 47.395187 -56.181538 414.046082
547 224 565 210 590 209 609 221 589 230 567 231 721 216 740 202 765 201 785 213 765 222 743 223 848 91 -17.983709 9.664706 52.204273 0.299434 0.050942 -0.049425 11.117811 -57.164364 399.776398 -22.004019 -55.800259 401.685120 44.239643 -58.528465 397.867706
551 234 569 222 593 220 612 231 592 239 571 241 724 227 742 214 766 214 786 226 766 233 744 233 286 857 93.391953 161.192444 71.083000 -0.305215 0.043915 -0.027902 12.633197 -55.997440 419.605469 -20.527031 -54.864948 420.900208 45.793423 -57.129936 418.310699
547 224 565 212 589 211 608 223 588 231 567 232 719 220 737 206 761 205 781 216 761 225 739 226 736 313 4.173516 53.554832 57.648495 0.304604 0.057679 -0.038724 10.460425 -57.175941 405.964081 -22.664909 -56.200275 408.042542 43.585758 -58.151608 403.885620
544 233 561 221 583 219 602 228 583 236 563 238 714 223 732 212 755 212 774 221 755 229 734 229 1353 822 -118.854027 153.752609 69.664551 -0.245243 0.013484 -0.050509 8.920161 -57.842762 424.013824 -24.239515 -56.128540 424.252289 42.079838 -59.556984 423.775360
546 231 564 218 587 216 606 227 586 235 565 237 718 222 736 209 759 209 779 220 760 228 738 228 863 511 -21.201763 92.587593 62.383041 -0.221606 0.015290 -0.047306 10.338344 -58.141769 421.017334 -22.825609 -56.528431 421.347351 43.502296 -59.755112 420.687286
554 223 572 210 596 209 615 221 595 229 574 231 727 217 746 204 770 203 789 215 770 224 748 224 312 13 88.689835 -5.470908 50.598549 0.297095 0.039725 -0.036610 13.420346 -57.624153 404.741943 -19.736382 -56.621376 406.220245 46.577076 -58.626930 403.263611
557 231 576 218 599 216 619 227 599 235 577 237 731 223 750 211 773 211 793 222 773 229 751 229 503 692 50.314613 128.505096 66.965218 -0.277668 0.035176 -0.031487 15.285596 -57.357075 418.267456 -17.882460 -56.164242 419.275879 48.453651 -58.549908 417.259033
557 232 576 219 599 217 618 228 599 236 577 238 730 223 749 211 772 211 792 222 772 230 750 230 504 493 50.226547 89.211418 62.138092 -0.266692 0.033963 -0.034853 15.176833 -57.472000 421.203003 -17.988901 -56.179371 422.163574 48.342567 -58.764629 420.242401
555 229 574 216 597 214 616 225 596 234 575 235 728 221 746 208 770 208 790 220 770 227 748 227 298 553 91.174088 101.160736 63.703308 -0.240008 0.040710 -0.033143 14.319011 -58.518017 420.967377 -18.840281 -57.267143 422.174164 47.478302 -59.768890 419.760559
556 229 574 216 598 214 617 226 597 234 575 235 728 221 746 209 770 209 790 220 770 228 748 228 399 488 71.117691 88.276207 62.072868 -0.234389 0.030263 -0.032546 14.515317 -58.505451 421.511841 -18.656860 -57.317783 422.381165 47.687496 -59.693119 420.642548
555 234 573 221 596 219 615 229 596 238 575 240 727 224 745 212 769 212 788 224 769 231 747 231 274 812 95.804268 152.313004 69.997963 -0.295860 0.043557 -0.033461 13.979175 -56.963627 421.596405 -19.175928 -55.656902 422.857880 47.134277 -58.270351 420.334961
536 277 555 263 578 262 597 272 577 280 556 282 710 269 729 257 753 257 773 270 753 277 731 276 1041 589 -56.655956 107.900696 64.179855 -0.330511 0.038678 -0.023026 6.932164 -38.834110 416.696472 -26.239321 -37.873356 417.831909 40.103649 -39.794861 415.561005
503 290 523 275 547 274 566 287 546 295 523 297 677 287 697 275 721 276 740 290 720 297 698 296 750 141 1.484232 19.585949 53.469296 0.260812 0.003136 0.000749 -5.611115 -31.039705 404.707214 -38.815758 -31.077785 404.806946 27.593527 -31.001623 404.607483
594 120 616 109 642 109 664 120 641 128 617 129 782 120 803 109 827 110 846 121 826 129 803 128 88 110 133.197617 13.793100 53.070778 -0.121795 -0.039892 -0.012444 32.183552 -93.215179 392.656494 -0.992309 -92.883659 391.310394 65.359413 -93.546692 394.002594
510 183 527 170 551 169 570 180 551 188 529 190 688 176 708 163 733 163 755 174 734 183 710 183 1089 587 -66.203804 107.481995 64.105728 -0.153066 0.053931 -0.023338 -2.268642 -73.382927 402.246307 -35.416252 -72.474701 403.969879 30.878969 -74.291145 400.522736
513 181 531 167 555 165 575 178 555 187 532 188 691 174 711 160 737 160 758 174 737 182 713 182 959 196 -40.124187 30.342258 54.691715 0.369138 -0.010438 -0.024243 -0.936012 -71.090698 389.044678 -34.129391 -70.240723 388.852844 32.257366 -71.940674 389.236542
520 185 539 172 563 171 582 182 562 190 540 192 700 180 720 168 745 168 766 180 745 188 722 187 807 546 -10.080807 99.526222 63.261833 -0.265114 0.033894 -0.012546 2.227508 -71.655098 400.697021 -30.955748 -71.095154 401.754211 35.410763 -72.215034 399.639832
516 192 535 179 558 177 578 188 558 196 536 198 695 185 714 173 739 174 760 186 739 193 716 192 925 534 -33.548653 97.098282 62.907795 -0.282196 0.029463 -0.019398 0.257816 -69.958572 404.548004 -32.926476 -69.185989 405.422913 33.442108 -70.731148 403.673126
504 177 522 163 546 161 565 173 546 183 524 185 680 169 700 155 725 155 746 168 726 177 702 177 1206 43 -89.176315 0.009470 50.848976 0.326906 -0.004782 -0.033044 -4.714774 -73.877693 394.422180 -37.901245 -72.774384 394.443970 28.471697 -74.980995 394.400360
524 189 543 175 567 174 587 184 566 193 544 195 703 182 722 171 747 172 767 185 747 192 724 190 629 467 25.373945 84.015671 61.440762 -0.283354 0.020564 -0.014345 3.395983 -71.493668 407.161499 -29.798462 -70.927635 407.768127 36.590427 -72.059708 406.554871
518 182 537 167 561 165 581 177 561 187 538 189 696 175 716 161 741 162 761 176 741 184 718 183 897 122 -27.748880 15.761462 52.929996 -0.227063 0.018017 -0.023674 1.062041 -74.084541 405.415405 -32.128143 -73.237686 405.919617 34.252224 -74.931396 404.911224
528 181 547 169 571 168 591 179 570 188 548 189 706 179 726 167 751 167 771 179 750 187 727 186 455 242 60.114292 39.674969 56.076439 -0.186778 0.021257 -0.006523 4.821731 -74.066246 408.590820 -28.374897 -73.785217 409.272339 38.018360 -74.347275 407.909332
535 194 554 181 577 180 597 189 577 197 555 199 714 188 733 178 756 180 775 192 755 197 734 195 643 700 22.459015 130.015320 67.084526 -0.343010 0.008870 -0.006638 7.361391 -69.557823 408.401550 -25.841404 -69.291695 408.652893 40.564186 -69.823959 408.150208
528 189 547 176 571 174 591 184 570 193 548 195 707 182 726 171 750 172 770 185 750 192 728 190 1216 336 -91.328926 57.858288 57.950127 -0.256640 -0.003336 -0.022512 4.999913 -71.254227 406.434479 -28.196348 -70.529099 406.229553 38.196175 -71.979362 406.639404
539 183 558 170 582 169 602 181 581 189 559 190 717 181 737 170 762 171 781 184 761 191 738 190 209 331 109.003143 57.370258 58.366375 -0.250794 0.017600 0.006450 9.064304 -72.697914 407.481720 -24.134706 -72.836922 408.086700 42.263313 -72.558907 406.876740
544 180 563 167 588 166 607 179 587 187 564 187 722 179 742 167 766 168 786 181 765 189 743 188 141 50 122.687393 1.919635 51.587234 -0.125488 0.021308 0.010644 11.092246 -74.095146 409.167603 -22.103161 -74.403267 409.895355 44.287655 -73.787018 408.439880
542 192 561 179 585 177 605 187 585 196 562 198 721 187 741 177 764 179 784 192 764 197 742 195 743 655 2.590414 121.080345 65.939705 -0.342643 0.006118 -0.002062 10.424861 -69.936951 408.566895 -22.779266 -69.835342 408.754486 43.628990 -70.038551 408.379303
546 190 565 177 589 176 608 186 588 194 566 196 724 186 744 176 767 178 785 190 766 196 744 194 542 619 42.596752 114.071678 65.173843 -0.325507 0.010368 0.003487 11.678173 -71.233353 412.158722 -21.524672 -71.291565 412.515625 44.881016 -71.175148 411.801819
563 196 583 184 606 183 626 193 605 201 583 202 740 194 760 186 783 188 801 200 781 205 760 203 146 877 121.231949 165.210922 71.642815 -0.361679 0.012639 0.023168 18.272093 -68.400307 414.411407 -14.921284 -69.077766 414.959534 51.465469 -67.722839 413.863251
553 196 572 184 596 182 615 191 595 199 573 201 729 190 748 181 771 183 789 195 770 200 749 198 1365 665 -121.153801 122.746506 65.850235 -0.337663 -0.007749 -0.008724 14.092210 -69.895805 416.422150 -19.110365 -69.654617 416.121277 47.294785 -70.136986 416.723053
569 193 587 184 610 183 629 192 609 199 588 200 742 194 762 186 784 188 803 198 783 204 762 202 100 860 130.392517 161.877014 71.255043 -0.370687 0.022376 0.027833 19.562120 -69.609055 417.770905 -13.621762 -70.375900 418.666138 52.746002 -68.842216 416.875641
554 158 575 145 600 145 620 157 598 165 575 165 735 159 755 148 779 150 798 163 778 170 755 168 397 351 71.591896 61.226120 58.751106 -0.157267 -0.007639 0.017883 15.772345 -81.351593 406.617004 -17.426203 -81.962799 406.411011 48.970894 -80.740379 406.822998
572 154 593 142 617 142 637 155 615 161 592 162 752 158 772 148 795 150 814 163 794 169 772 167 44 510 141.727966 92.796181 62.795956 -0.113346 -0.002847 0.034970 22.493921 -82.847946 409.574127 -10.690478 -84.011734 409.545563 55.678322 -81.684151 409.602722
541 158 561 145 586 144 606 156 585 164 562 165 720 156 740 144 764 145 783 158 763 165 741 164 1219 125 -91.808174 16.194183 52.830883 0.370696 0.064406 -0.009987 9.908219 -79.590469 394.870026 -23.226898 -79.658356 397.019226 43.043335 -79.522591 392.720825
553 162 573 151 597 151 616 162 595 169 573 170 732 163 751 153 775 154 793 166 774 172 752 171 702 711 10.715619 132.158051 67.319824 -0.215268 -0.010631 0.010451 14.762829 -80.899666 412.076416 -18.438309 -81.281860 411.763367 47.963966 -80.517471 412.389465
543 158 564 146 588 145 608 157 587 165 564 166 722 159 742 146 766 147 785 160 765 168 743 167 922 192 -32.761299 29.570789 54.614449 0.392390 0.067120 -0.000174 10.685256 -78.940346 394.826416 -22.445744 -79.366249 396.997833 43.816257 -78.514442 392.654999
555 166 575 155 598 154 618 164 597 171 575 172 732 167 752 157 775 159 793 171 773 177 752 175 48 860 140.737213 161.902802 71.282799 -0.273522 0.005856 0.025357 15.058232 -79.594734 413.211853 -18.135406 -80.399742 413.518280 48.251869 -78.789726 412.905426
544 162 564 151 588 150 607 161 587 168 564 169 721 162 741 152 764 153 783 164 763 171 741 170 747 432 1.918911 77.046303 60.528877 -0.184080 -0.015265 0.003814 11.027905 -81.706390 414.252472 -22.172810 -81.878845 413.760101 44.228619 -81.533936 414.744843
544 169 563 158 586 156 606 166 585 173 564 175 721 166 740 157 763 158 782 169 762 175 741 174 1290 808 -106.313217 151.019485 69.358620 -0.287215 -0.018466 -0.005208 10.659323 -79.123802 412.139648 -22.539421 -79.040695 411.510254 43.858067 -79.206917 412.769043
545 157 565 145 590 144 609 156 588 164 565 165 725 157 744 146 768 147 787 160 767 167 745 165 719 286 7.570483 48.232025 57.002705 -0.197165 -0.013295 0.007086 11.876775 -82.285095 407.789337 -21.324282 -82.562241 407.373871 45.077831 -82.007942 408.204803
552 154 572 141 596 140 616 152 595 160 572 161 730 153 749 141 774 142 793 155 773 162 751 161 1112 50 -70.480164 1.438244 51.068932 0.376608 0.055000 0.000311 13.696589 -81.156792 396.452454 -19.458603 -81.506645 398.233032 46.851780 -80.806938 394.671875
559 164 579 151 603 151 623 162 602 170 579 171 737 164 756 154 780 156 798 169 779 175 757 173 97 758 131.046143 141.738281 68.782715 -0.257611 0.009653 0.025715 16.915287 -80.496567 412.995575 -16.277069 -81.299866 413.421875 50.107647 -79.693260 412.569244
551 159 571 146 596 146 615 157 594 165 572 166 730 158 749 147 773 149 792 161 772 168 750 166 465 408 58.032440 72.447235 60.097301 -0.209705 0.001197 0.009739 14.065845 -82.113091 409.532745 -19.137375 -82.429947 409.605988 47.269066 -81.796227 409.459503
560 157 580 145 604 145 623 157 602 164 580 165 737 159 757 148 780 150 799 162 779 169 757 167 27 378 145.183441 66.740791 59.603474 -0.171091 0.012866 0.022649 17.082241 -82.685310 411.953796 -16.111334 -83.397156 412.443054 50.275818 -81.973457 411.464569
545 159 564 145 589 144 608 157 587 165 565 166 721 156 741 144 765 145 784 158 764 166 742 164 1084 121 -64.949493 15.471300 52.805927 -0.123293 -0.009687 -0.008137 11.289629 -83.557877 413.722870 -21.912531 -83.308197 413.385406 44.491787 -83.807556 414.060364
547 160 567 147 591 146 610 157 589 165 567 166 725 157 744 146 768 148 787 161 767 167 745 166 459 480 59.185944 86.666840 61.846809 -0.236608 0.004670 0.004610 12.215663 -82.725243 412.156677 -20.988438 -82.858643 412.328308 45.419765 -82.591850 411.985046
544 167 563 156 586 155 605 163 585 171 564 172 720 163 739 154 761 155 780 166 761 172 740 170 824 817 -13.613718 153.027603 69.825653 -0.307541 -0.000935 -0.005986 10.456075 -81.177467 417.203552 -22.748133 -80.986549 417.142700 43.660282 -81.368385 417.264435
544 167 563 156 586 155 605 163 585 171 564 172 720 162 739 154 761 155 780 166 761 171 740 170 937 855 -36.114738 160.474792 70.686996 -0.310605 -0.001855 -0.006664 10.385115 -81.220238 416.899292 -22.818911 -81.012001 416.804596 43.589138 -81.428482 416.993988
541 167 560 156 582 154 601 163 582 170 560 172 715 162 734 153 756 154 774 165 756 170 735 169 1247 753 -97.728294 140.180893 68.047592 -0.271403 -0.014811 -0.015834 8.770241 -81.962662 419.342926 -24.426815 -81.509689 418.786285 41.967297 -82.415642 419.899597
547 167 566 155 589 154 608 163 588 171 566 173 722 163 741 154 763 155 782 167 763 172 742 171 185 670 113.588745 124.318779 66.601372 -0.297840 0.016839 0.005048 11.240868 -81.149727 417.430511 -21.958853 -81.232224 418.006165 44.440590 -81.067223 416.854828
547 166 566 154 589 153 608 162 588 170 567 171 723 162 742 153 764 155 782 166 763 171 742 170 5 809 149.319916 151.854004 70.068787 -0.312562 0.017988 0.007896 11.411159 -81.480011 416.961487 -21.787298 -81.645355 417.589722 44.609615 -81.314667 416.333252
494 207 510 196 531 194 548 203 531 211 511 212 656 200 674 189 696 189 715 200 696 206 675 206 1318 174 -111.530212 25.820309 53.966496 -0.340750 0.033838 -0.027381 -13.795281 -69.180962 436.222504 -46.968945 -68.100021 437.170746 19.378384 -70.261909 435.274261
529 175 550 163 574 162 595 172 573 180 550 182 709 172 728 162 751 163 769 175 750 182 729 180 333 501 84.240273 90.875824 62.423405 -0.212976 -0.057248 -0.014583 5.759334 -76.669693 411.098480 -27.387774 -76.391014 409.161652 38.906441 -76.948364 413.035278
505 192 525 180 548 178 568 187 547 196 526 198 682 184 700 174 722 175 741 186 722 192 701 191 1149 743 -78.226921 138.254944 67.857361 -0.278593 -0.043250 -0.043521 -4.746311 -72.344902 417.228149 -37.889046 -71.118011 415.611511 28.396423 -73.571785 418.844788
515 196 535 184 558 182 578 191 558 200 536 202 691 189 710 179 732 180 751 191 732 198 711 197 869 536 -22.409311 97.520950 62.986195 -0.245521 -0.033950 -0.030420 -0.812904 -70.834518 418.761230 -33.983398 -69.972557 417.522278 32.357590 -71.696480 420.000214
510 197 528 185 551 183 571 192 551 201 530 203 682 188 700 178 723 178 742 189 723 196 702 196 1068 422 -61.934204 74.912636 60.114990 -0.235286 -0.036630 -0.047115 -3.990738 -71.905609 424.732330 -37.136711 -70.498856 423.344818 29.155233 -73.312363 426.119843
506 191 525 177 548 175 568 187 548 196 526 198 679 182 697 170 720 170 739 182 721 190 699 190 786 33 -5.617318 -1.756839 50.830620 -0.127856 -0.032002 -0.049588 -5.222209 -74.160393 422.978394 -38.369289 -72.587074 421.814178 27.924871 -75.733711 424.142609
496 196 515 182 538 179 558 190 538 200 516 202 667 185 685 172 709 172 728 184 709 192 688 192 1127 73 -73.477028 5.972230 51.618771 -0.177111 -0.030911 -0.063591 -9.508658 -73.110710 424.665161 -42.630722 -71.102570 423.458557 23.613405 -75.118843 425.871735
504 202 522 190 545 188 564 196 545 205 523 207 675 192 693 182 715 183 734 193 715 200 695 199 565 772 37.935963 144.270615 68.872459 -0.324884 -0.017148 -0.047229 -6.866457 -70.496040 426.999023 -40.029728 -69.047554 426.187347 26.296818 -71.944519 427.810699
502 198 519 185 542 183 561 192 542 201 521 204 671 187 689 177 711 177 730 188 711 195 690 195 1343 320 -116.584976 54.636074 57.494267 -0.234291 -0.032748 -0.058541 -8.264206 -72.745583 429.605347 -41.394688 -70.947693 428.302124 24.866276 -74.543480 430.908600
503 192 521 179 544 178 563 188 543 197 522 199 673 184 690 172 713 171 732 182 714 191 692 191 1063 10 -60.709976 -6.435589 50.124916 0.345257 0.004062 -0.045610 -7.369247 -72.018082 415.268127 -40.539600 -70.557098 415.659119 25.801105 -73.479057 414.877136
514 201 532 188 554 186 573 195 553 203 533 206 682 192 700 182 722 184 741 195 722 201 701 200 139 886 122.619492 166.991470 71.864838 -0.327596 -0.004780 -0.027804 -3.693234 -71.870125 434.107178 -36.884953 -70.989220 433.801422 29.498484 -72.751030 434.412933
516 201 533 189 555 186 574 194 555 203 534 205 683 190 701 181 722 182 740 193 722 199 702 198 884 627 -25.444063 115.481750 65.185326 -0.332043 -0.019658 -0.043278 -3.252718 -72.525291 435.680298 -36.420372 -71.222404 434.803375 29.914934 -73.828171 436.557220
516 192 534 180 557 179 575 188 556 197 536 198 684 185 702 174 724 175 743 185 724 193 703 192 612 185 28.912985 28.342304 54.610142 -0.224405 -0.010351 -0.035585 -2.710552 -75.233727 434.687286 -35.892662 -74.100700 434.214539 30.471558 -76.366753 435.160065
510 198 528 184 551 182 570 191 551 200 530 202 677 186 695 176 717 177 736 189 717 195 697 194 994 347 -47.171101 60.140331 58.335423 -0.300026 -0.019134 -0.049020 -5.362336 -74.466141 438.189056 -38.521530 -72.958069 437.321228 27.796858 -75.974213 439.056915
516 197 534 185 556 182 575 191 556 200 535 202 682 187 700 177 722 178 741 190 722 196 702 195 630 266 25.286995 44.327087 56.565128 -0.313356 -0.012729 -0.039982 -3.220660 -74.276535 438.127930 -36.396484 -73.036621 437.505981 29.955166 -75.516449 438.749878
517 200 535 188 557 185 576 193 557 202 536 205 683 190 701 181 723 182 741 193 723 199 702 198 705 540 10.214082 98.392067 63.170753 -0.326689 -0.013121 -0.035017 -2.819293 -73.506729 440.935242 -36.001099 -72.435349 440.319153 30.362513 -74.578102 441.551331
520 202 537 192 557 190 576 197 558 205 538 207 680 194 698 186 719 186 736 195 718 202 699 201 1119 776 -72.277206 144.785767 68.673767 -0.319556 -0.015519 -0.042164 -3.481620 -73.764084 450.426697 -36.653210 -72.469841 449.698517 29.689968 -75.058327 451.154846
515 198 533 186 555 184 573 192 554 200 534 202 680 189 698 179 720 180 738 191 720 197 699 196 1047 361 -57.722546 62.878403 58.646690 -0.317106 -0.018743 -0.040238 -3.951433 -74.339882 441.011139 -37.123814 -73.124359 440.189331 29.220945 -75.555412 441.832947
516 201 534 189 555 187 574 194 555 203 535 205 681 192 698 183 720 184 738 194 720 200 699 199 996 543 -47.678177 98.840164 63.088184 -0.349140 -0.015196 -0.038526 -3.795706 -73.530327 443.665253 -36.972336 -72.364449 442.949982 29.380924 -74.696213 444.380524
523 191 541 179 563 178 581 187 562 195 542 197 687 185 705 175 727 176 745 186 727 194 706 193 16 67 147.545013 5.338309 52.066277 -0.212623 0.009892 -0.018215 -1.017980 -77.240570 444.930359 -34.215687 -76.605568 445.192261 32.179726 -77.875580 444.668457
552 220 571 207 595 207 614 219 594 227 572 227 724 219 743 207 766 207 785 219 766 227 744 226 161 257 118.593330 42.782524 56.597183 -0.035257 0.001708 -0.005359 13.223443 -61.046154 424.426483 -19.980844 -60.867256 424.480042 46.427731 -61.225048 424.372894
531 226 550 212 573 211 592 223 573 231 551 232 702 220 720 207 744 207 763 219 744 227 722 227 1029 273 -54.092659 45.511448 56.521927 -0.189945 -0.004105 -0.031586 4.453082 -59.946541 425.361053 -28.734940 -58.917118 425.126282 37.641102 -60.975967 425.595825
535 232 554 220 576 219 596 229 576 236 555 238 705 226 724 215 746 216 765 227 746 234 725 233 753 763 0.540875 142.400330 68.553825 -0.324391 0.007762 -0.022665 5.698672 -57.430805 428.008698 -27.496696 -56.649986 428.140930 38.894039 -58.211628 427.876495
529 228 547 216 569 214 588 224 569 232 548 234 697 222 715 210 738 210 756 221 738 228 717 228 1410 560 -130.047455 101.991615 63.279518 -0.227979 -0.011469 -0.036203 2.722473 -59.890579 430.996338 -30.458502 -58.742344 430.482483 35.903446 -61.038818 431.510193
531 231 549 218 572 217 591 227 571 235 550 237 700 224 718 212 741 213 760 224 741 231 720 231 957 609 -39.956417 111.891403 64.709778 -0.294886 0.005939 -0.029889 3.676588 -58.493996 429.427185 -29.512920 -57.487144 429.476257 36.866096 -59.500847 429.378143
532 234 550 222 572 221 591 229 572 237 551 239 701 225 719 216 741 216 760 226 741 232 720 232 852 786 -19.166676 146.892670 69.058823 -0.377942 0.001213 -0.037348 3.964960 -57.521511 429.365784 -29.216948 -56.303448 429.173553 37.146870 -58.739571 429.558014
536 224 554 213 577 211 595 221 576 229 555 231 705 219 723 208 746 208 765 219 746 227 725 226 125 510 125.614098 92.756020 62.752720 -0.329942 0.014582 -0.021434 5.683775 -60.537777 428.252136 -27.509981 -59.759842 428.611206 38.877533 -61.315708 427.893097
534 226 552 214 575 212 594 222 574 230 553 232 703 219 721 208 744 208 762 219 744 226 723 225 946 473 -37.692341 85.043228 61.417076 -0.306112 -0.005908 -0.039250 4.916059 -60.468811 429.270477 -28.262806 -59.215916 428.879517 38.094921 -61.721703 429.661469
535 226 553 214 576 212 595 222 575 230 554 232 704 219 722 208 745 208 764 219 745 226 723 226 755 381 0.355832 66.972229 59.287640 -0.295584 0.005562 -0.030353 5.294579 -60.362316 428.511566 -27.894541 -59.342117 428.545685 38.483696 -61.382515 428.477417
533 229 551 217 573 215 592 225 573 233 552 235 700 222 718 211 741 211 759 221 741 228 720 228 1289 589 -105.992264 107.777748 64.047478 -0.291179 -0.011269 -0.040886 4.095108 -59.890911 432.874420 -29.080059 -58.606899 432.309387 37.270275 -61.174927 433.439453
536 224 554 212 576 211 594 222 576 230 555 231 701 219 718 208 741 207 760 218 741 226 720 226 1404 182 -128.643234 27.357298 54.114624 0.286900 0.045233 -0.033917 4.573097 -59.926826 425.011475 -28.579025 -59.030514 426.652527 37.725220 -60.823139 423.370453
532 227 550 214 572 213 591 223 572 231 551 233 700 220 718 208 741 208 759 219 741 227 719 226 1117 393 -71.665947 69.162201 59.385460 -0.257279 -0.005876 -0.039326 3.835708 -60.627117 431.641876 -29.343002 -59.360950 431.281952 37.014420 -61.893288 432.001831
535 230 553 219 575 217 594 226 575 234 554 236 701 224 719 214 741 214 759 224 741 231 720 231 1081 556 -64.595039 101.364914 63.358116 -0.305943 -0.007310 -0.029906 4.578356 -59.547131 436.734802 -28.610846 -58.606514 436.345184 37.767555 -60.487751 437.124451
534 226 552 214 574 212 593 222 574 230 553 232 701 220 719 209 742 209 760 221 742 228 721 227 315 312 87.926430 53.566097 57.848965 -0.292510 0.012517 -0.023601 4.480981 -60.935108 434.977448 -28.712069 -60.102295 435.273315 37.674030 -61.767918 434.681580
532 233 550 222 570 220 589 228 571 236 551 238 696 225 713 216 735 217 753 226 735 232 715 232 1259 862 -100.176262 161.697327 70.684898 -0.345904 -0.012522 -0.038889 2.627330 -59.478485 441.775391 -30.550049 -58.284306 441.146881 35.804710 -60.672665 442.403931
532 235 549 225 570 223 588 230 570 238 550 240 695 227 713 218 733 218 751 228 734 233 714 233 1411 844 -130.404617 158.067825 70.167183 -0.358025 -0.013979 -0.045185 2.367330 -58.659996 442.594452 -30.800743 -57.274231 441.874634 35.535404 -60.045761 443.314270
537 235 555 224 576 222 594 231 576 238 556 240 702 228 720 219 742 220 760 230 742 236 721 235 417 713 67.411469 132.694244 67.520462 -0.369557 0.013383 -0.022024 5.082397 -57.985291 439.835480 -28.111515 -57.189426 440.136200 38.276310 -58.781158 439.534790
538 223 556 211 578 209 596 220 577 228 556 229 702 218 720 207 743 208 762 219 743 226 722 226 64 30 138.016663 -1.991254 51.143250 -0.166585 0.017300 -0.014575 5.445594 -62.625908 439.270386 -27.750744 -62.096489 439.801880 38.641930 -63.155331 438.738861
529 236 546 224 567 222 585 231 567 239 547 241 692 227 709 217 731 217 749 228 731 234 711 234 1411 876 -130.422440 164.386322 70.943321 -0.352705 -0.007968 -0.045722 1.129239 -58.579845 442.834229 -32.040188 -57.139656 442.310272 34.298668 -60.020035 443.358185
520 237 537 226 558 224 576 233 558 241 538 243 684 229 702 219 723 219 742 229 724 236 703 235 442 626 62.486526 115.503426 65.397003 -0.359500 0.009662 -0.036768 -2.435380 -57.423283 439.496765 -35.616459 -56.171795 439.593567 30.745701 -58.674770 439.399994
565 210 581 201 600 200 617 206 600 213 582 215 718 202 734 194 752 194 768 202 752 208 734 208 1118 56 -71.677124 2.619989 51.211254 -0.212122 -0.019320 -0.048180 13.604140 -71.764771 460.132874 -19.556112 -70.245407 459.327454 46.764393 -73.284134 460.938324
548 216 566 205 589 203 608 212 589 221 568 222 717 208 735 197 758 197 777 206 758 214 737 214 1019 560 -52.263191 102.185463 63.488228 -0.216220 -0.008410 -0.050303 10.881804 -65.571480 432.689880 -22.280003 -63.944965 432.233093 44.043610 -67.197998 433.146667
543 217 561 203 584 200 603 210 584 220 563 222 711 204 729 192 752 192 771 203 753 211 731 211 1137 86 -75.473633 8.534164 51.928738 -0.195594 -0.002654 -0.063032 8.654352 -66.307457 432.084320 -24.484615 -64.237793 431.792847 41.793320 -68.377121 432.375793
552 219 569 207 592 205 611 214 592 223 571 225 719 210 737 198 760 198 779 208 760 216 739 216 737 313 3.974579 53.554337 57.647961 -0.210270 0.009440 -0.048429 11.941328 -65.292099 436.277344 -21.223223 -63.663673 436.419952 45.105881 -66.920525 436.134735
556 233 574 220 596 217 614 225 596 234 575 237 724 220 741 210 763 210 781 221 763 227 743 227 1275 729 -103.285149 135.428131 67.450546 -0.356786 0.006184 -0.055467 13.578717 -60.090252 436.764252 -19.574942 -58.252022 436.640137 46.732376 -61.928482 436.888336
554 232 572 219 594 217 613 225 594 234 573 237 721 221 739 210 762 211 780 222 762 229 741 228 342 433 82.487724 77.444542 60.769314 -0.315563 0.017771 -0.041630 12.783159 -60.068890 436.496307 -20.387924 -58.617550 436.860168 45.954243 -61.520226 436.132416
557 250 575 238 596 236 615 243 596 252 576 255 722 239 740 230 761 230 779 240 761 246 741 246 547 690 41.562511 128.088379 66.893227 -0.365805 0.012722 -0.044003 13.523782 -53.367096 443.736603 -19.646591 -51.862476 443.885315 46.694157 -54.871719 443.587891
559 240 577 227 599 225 618 235 599 244 578 246 725 231 742 220 765 220 783 232 765 239 744 238 131 170 124.609901 25.618971 54.503078 -0.255875 0.014379 -0.035525 14.592598 -56.730530 440.869415 -18.587965 -55.503296 441.191498 47.773163 -57.957764 440.547333
558 240 575 227 598 225 616 235 597 243 577 246 723 230 741 219 764 219 782 231 764 238 743 238 369 192 77.250710 29.844948 54.909630 -0.257531 0.018968 -0.038701 14.055903 -56.849659 439.974487 -19.118244 -55.498520 440.432648 47.230053 -58.200802 439.516327
554 250 571 238 593 235 611 243 593 252 572 255 719 238 736 228 757 228 776 239 758 245 738 244 990 790 -46.622169 147.614059 69.082184 -0.370904 0.005878 -0.053614 12.001925 -53.467625 442.223602 -21.155155 -51.692997 442.087952 45.159004 -55.242252 442.359283
555 237 573 224 595 222 614 232 595 240 574 243 722 227 739 216 762 216 780 228 762 235 741 234 116 70 127.649673 5.881092 52.085663 -0.235407 0.018207 -0.038371 13.053245 -57.630219 437.120483 -20.121763 -56.297424 437.570038 46.228252 -58.963013 436.670929
558 242 576 229 598 226 617 236 598 245 577 248 725 231 742 220 765 220 784 232 765 239 744 238 554 350 40.359386 60.950829 58.643051 -0.291204 0.015893 -0.043872 14.410680 -56.041218 438.313568 -18.758245 -54.529186 438.623108 47.579605 -57.553246 438.004059
547 238 564 225 586 223 605 233 586 242 566 244 710 228 728 215 750 215 769 225 751 233 730 234 1321 133 -112.104179 17.723242 52.970470 0.294491 0.058504 -0.065794 8.658586 -56.262745 428.450348 -24.418543 -54.396111 430.681671 41.735714 -58.129379 426.218994
545 223 562 210 585 208 604 217 585 226 564 228 715 212 733 200 756 200 775 211 756 218 735 218 656 581 19.939138 106.511940 64.191330 -0.299140 0.001591 -0.052103 9.613314 -62.868347 428.689484 -23.546734 -61.156918 428.484711 42.773361 -64.579781 428.894257
540 187 558 175 581 173 601 183 582 191 560 193 715 177 734 166 757 165 776 175 757 183 735 184 1052 429 -58.755116 76.302734 60.293308 -0.161041 -0.007195 -0.057279 8.746264 -74.947395 415.631592 -24.403355 -73.073906 415.241058 41.895882 -76.820885 416.022095
543 211 562 198 585 195 604 205 585 214 563 216 716 199 734 188 757 188 776 199 758 206 736 206 315 412 87.870720 73.311417 60.274387 -0.256701 0.008546 -0.050011 9.567243 -66.986069 423.113129 -23.595078 -65.308144 423.181732 42.729565 -68.663994 423.044525
539 214 557 200 580 197 599 207 580 217 559 219 709 201 726 188 750 187 769 199 750 207 729 207 1438 20 -135.316818 -4.646971 50.167290 0.307989 0.047914 -0.073091 6.972357 -64.568100 414.592560 -26.106724 -62.425282 416.527069 40.051437 -66.710930 412.658051
544 220 562 207 585 204 605 213 585 222 564 225 714 207 732 196 755 195 774 207 755 214 734 214 1350 596 -118.131302 109.129677 64.184700 -0.270833 -0.010263 -0.064795 9.437117 -64.369057 427.942535 -23.696707 -62.291149 427.316681 42.570938 -66.446968 428.568359
533 238 551 225 574 224 593 234 573 242 552 244 706 233 725 223 747 225 765 237 746 243 726 241 356 367 79.739388 64.405693 59.161060 -0.292696 -0.026756 -0.011807 5.294405 -53.277390 417.845062 -27.896311 -53.020065 416.912415 38.485119 -53.534714 418.777679
525 253 541 242 561 240 579 248 561 256 542 258 686 246 703 238 725 239 743 250 724 255 704 254 905 871 -29.757679 163.649918 71.092148 -0.348868 0.014675 -0.015500 -1.487912 -50.968922 446.249969 -34.685238 -50.380535 446.638550 31.709414 -51.557312 445.861389
543 264 559 254 580 253 597 260 580 267 560 269 706 260 724 252 744 254 762 264 744 269 724 267 595 76 32.355637 6.828339 51.975506 0.127098 0.032531 -0.008426 6.484374 -44.114136 434.306091 -26.701717 -43.903706 435.400940 39.670467 -44.324562 433.211273
539 248 557 236 579 234 597 243 579 252 558 254 707 243 725 234 748 235 766 248 747 254 726 252 120 584 126.567551 107.370033 64.550201 0.273642 0.036367 -0.011867 6.472266 -49.546242 421.738800 -26.708405 -49.321358 422.984650 39.652935 -49.771130 420.492950
507 258 522 246 542 244 559 254 542 262 523 264 667 251 685 239 707 239 726 250 707 257 687 257 1026 273 -53.495846 45.512936 56.523529 -0.238532 0.051643 -0.030931 -8.952686 -47.641113 431.041595 -42.097641 -46.420895 432.617279 24.192266 -48.861336 429.465912
545 227 561 215 582 213 600 222 582 230 562 233 710 221 729 211 752 212 771 225 751 230 730 229 803 166 -9.073343 24.496002 54.047359 -0.284042 0.081376 0.004814 8.046210 -59.871662 431.570038 -25.049078 -59.648216 434.255493 41.141499 -60.095104 428.884583
537 242 554 231 575 229 592 238 574 246 555 248 703 238 721 230 743 232 761 243 742 248 721 246 273 319 96.277878 54.969093 58.041161 -0.256915 0.035775 0.010391 4.822106 -53.306576 433.205597 -28.359795 -53.496010 434.424255 38.004005 -53.117146 431.986908
550 253 565 244 583 243 599 249 583 256 566 257 700 248 716 241 735 242 752 251 735 255 717 254 723 134 6.859423 18.217163 53.313927 -0.136349 0.052378 -0.006798 6.094741 -53.201481 470.555359 -27.063839 -52.858192 472.273010 39.253323 -53.544765 468.837708
533 271 548 259 568 257 584 264 568 272 550 275 689 261 706 253 727 253 744 263 727 269 707 268 1399 751 -127.965561 139.710617 67.917946 -0.269219 0.028933 -0.032872 0.517253 -45.786388 459.885834 -32.655918 -44.579838 460.688690 33.690426 -46.992943 459.083008
530 272 546 262 565 260 582 266 565 274 547 276 687 264 704 257 724 258 741 267 724 272 705 271 760 461 -0.683423 82.766006 61.225311 -0.322685 -0.000745 -0.027849 -0.478222 -44.008041 454.348541 -33.670261 -43.103352 454.176331 32.713818 -44.912731 454.520752
521 271 535 260 553 258 569 265 554 273 537 275 671 261 687 252 707 253 725 262 708 268 689 267 1396 366 -127.154251 63.692646 58.581673 -0.273017 0.058854 -0.036299 -6.724581 -46.181725 465.550629 -39.850536 -44.727272 467.315674 26.401373 -47.636177 463.785583
533 264 549 253 570 251 587 258 570 267 550 269 695 258 713 250 734 251 752 262 733 267 714 265 602 858 30.527391 161.233231 70.938576 -0.419878 0.008979 -0.008070 2.253680 -45.688736 441.386902 -30.948750 -45.366898 441.620941 35.456108 -46.010578 441.152893
547 253 564 242 586 241 604 250 585 257 565 259 711 250 729 241 751 243 768 254 750 259 730 258 146 261 121.575157 43.579773 56.702206 -0.414828 0.004285 0.003169 8.813412 -48.514149 433.588196 -24.390936 -48.587284 433.747955 42.017761 -48.441010 433.428436
531 255 548 243 569 241 587 250 569 258 549 260 693 248 711 238 732 239 751 251 732 257 712 255 877 88 -23.751204 9.057970 52.116028 -0.377272 0.002853 -0.022882 1.700082 -49.314690 437.483368 -31.496008 -48.555202 437.434235 34.896172 -50.074177 437.532471
520 276 534 267 551 265 566 272 551 279 535 280 669 268 685 260 704 260 721 268 704 274 686 273 1183 893 -85.074348 167.856064 71.477348 -0.206123 0.055225 -0.033755 -7.704671 -43.479343 466.244202 -40.840206 -42.178974 467.948639 25.430862 -44.779716 464.539764
527 265 544 253 565 251 582 259 565 267 545 270 691 257 708 248 730 249 747 260 729 266 709 264 401 519 70.702545 94.396263 62.823685 -0.353518 0.012373 -0.020735 0.232301 -46.266296 445.294464 -32.962933 -45.520241 445.576294 33.427536 -47.012356 445.012604
522 268 538 256 559 254 576 262 559 270 539 272 684 260 701 251 723 251 741 262 722 268 702 267 821 649 -12.923307 119.856956 65.752541 -0.363891 0.007215 -0.026818 -2.393437 -45.068111 444.546570 -35.585587 -44.154163 444.620636 30.798714 -45.982056 444.472534
520 269 537 258 557 256 575 264 557 272 538 274 681 262 698 254 719 255 737 265 719 271 699 269 422 834 66.349373 156.583603 70.452553 -0.374921 0.016566 -0.016248 -3.509521 -44.728920 450.963959 -36.705498 -44.100086 451.401215 29.686457 -45.357758 450.526703
517 271 533 260 552 258 569 265 552 272 534 275 675 262 692 254 712 254 729 264 712 269 693 268 823 799 -13.404753 149.473938 69.389610 -0.375688 0.008471 -0.031405 -6.024290 -44.965019 454.152954 -39.211742 -43.894547 454.234039 27.163164 -46.035496 454.071899
519 266 534 258 552 256 568 263 552 270 535 271 669 261 686 253 705 253 721 261 705 267 686 267 1393 829 -126.815399 155.114944 69.812981 0.140643 0.021500 -0.022172 -7.671917 -47.261410 466.266876 -40.860920 -46.577839 467.029999 25.517086 -47.944977 465.503754
