602 309 612 302 626 301 636 309 625 313 613 314 697 305 707 296 720 295 731 301 720 307 708 308 977 689 -77.770218 160.285706 4.652768 0.061640 0.401448 -0.062501 12.657673 -34.239758 632.559265 -17.844982 -32.627434 645.580322 43.160328 -35.852081 619.538208
597 308 608 300 622 299 633 307 622 312 609 312 693 303 703 293 717 292 728 298 717 305 705 306 714 224 -18.103327 56.760624 0.474236 0.061651 0.421839 -0.065963 10.029819 -34.797337 620.155090 -20.195036 -33.099461 633.798218 40.254673 -36.495213 606.511902
596 311 606 303 620 302 631 309 620 314 607 315 691 305 701 296 715 295 726 301 715 307 703 308 930 683 -67.242355 159.030884 4.455569 0.063534 0.389596 -0.073693 9.035420 -33.804352 630.083313 -21.594126 -31.828093 642.751587 39.664967 -35.780609 617.415100
603 308 613 300 627 300 638 308 627 312 614 313 699 304 709 295 722 294 733 301 723 307 710 308 17 436 137.495468 105.476089 -0.304911 0.044502 0.391046 -0.049109 13.628805 -34.502201 628.483398 -17.030807 -33.199120 641.166077 44.288418 -35.805283 615.800720
600 309 610 302 623 301 634 308 623 313 611 314 695 304 705 296 718 294 729 300 719 306 707 307 912 794 -63.408848 183.893326 5.187595 0.064707 0.375936 -0.067433 11.569064 -34.529373 633.802307 -19.244003 -32.744694 646.046875 42.382130 -36.314053 621.557739
603 308 613 301 627 300 638 308 627 312 614 313 699 304 709 296 722 295 733 301 722 306 710 307 573 779 12.476635 181.167557 3.966790 0.055170 0.376540 -0.056174 13.714510 -34.745457 633.527649 -17.113516 -33.266518 645.775269 44.542538 -36.224392 621.279968
601 306 611 298 625 297 636 305 624 310 612 310 696 301 706 292 719 290 730 297 720 303 707 304 660 164 -5.914466 43.439804 -0.130858 0.063133 0.420026 -0.064313 11.873364 -36.255634 623.874634 -18.379572 -34.618748 637.462830 42.126301 -37.892517 610.286377
598 304 609 296 622 296 634 303 622 308 610 309 694 299 704 290 717 289 729 295 718 301 706 302 996 166 -81.105858 43.263248 0.987431 0.071140 0.416306 -0.070312 10.561248 -37.089729 622.335938 -19.729052 -35.309940 635.822571 40.851547 -38.869522 608.849304
604 306 614 299 628 299 639 306 627 310 615 311 699 302 709 294 723 293 734 299 723 305 711 306 99 579 118.895576 137.310760 0.983782 0.049846 0.387160 -0.053810 14.112204 -35.801613 630.816101 -16.588604 -34.377010 643.385498 44.813011 -37.226215 618.246643
600 309 610 302 624 301 635 308 624 312 611 313 695 304 705 295 718 294 729 300 719 306 707 307 1035 779 -90.906715 180.309647 5.484835 0.066132 0.376255 -0.069210 11.688014 -34.906570 634.401489 -19.117271 -33.073696 646.658508 42.493298 -36.739445 622.144409
598 305 608 297 622 296 633 304 622 309 610 310 693 300 703 291 717 289 728 296 718 302 705 303 454 309 39.928902 76.256638 0.225776 0.059228 0.393779 -0.068020 10.501186 -37.040997 628.149597 -20.088274 -35.225327 640.938171 41.090645 -38.856667 615.360962
599 306 610 299 623 298 634 305 623 310 611 311 695 301 705 293 719 291 730 297 719 303 707 304 326 567 68.120010 134.205017 1.644129 0.053898 0.369033 -0.064209 11.494079 -36.390858 632.543457 -19.408953 -34.635639 644.563538 42.397110 -38.146076 620.523438
597 305 607 297 620 296 632 304 620 309 608 309 692 299 702 290 715 289 726 295 716 301 704 302 1167 530 -120.008682 124.367004 4.143775 0.068269 0.374143 -0.075818 9.594419 -37.478031 632.002991 -21.221077 -35.441914 644.202148 40.409916 -39.514145 619.803894
600 302 610 295 623 294 634 301 623 306 611 306 695 298 705 289 719 288 730 294 719 300 707 301 246 633 85.906288 149.116776 1.851690 0.037465 0.343739 -0.055393 11.590128 -38.929996 634.407043 -19.622547 -37.339684 645.623047 42.802803 -40.520309 623.190979
598 303 608 296 622 295 633 302 622 307 609 307 693 298 703 290 717 289 728 295 717 300 705 301 794 777 -36.973801 180.309799 4.678699 0.014185 -0.316493 -0.069791 11.643931 -38.666008 637.272278 -19.832228 -36.315155 626.962830 43.120090 -41.016861 647.581726
597 304 607 296 620 295 631 302 620 307 608 308 692 298 702 290 715 288 726 295 716 300 703 301 993 658 -81.296295 153.321777 4.484384 0.008689 -0.314458 -0.075266 10.637083 -38.680840 636.803406 -20.847050 -36.180016 626.553772 42.121216 -41.181660 647.053040
600 304 610 297 623 296 634 303 623 307 611 308 695 299 705 291 718 290 729 296 718 301 706 302 198 777 96.395195 181.416534 2.720355 0.020142 -0.285231 -0.064713 12.489094 -38.365967 640.862854 -19.305622 -36.153133 631.548401 44.283810 -40.578800 650.177307
598 303 608 295 622 294 633 301 622 306 609 307 693 298 703 289 717 288 728 294 717 300 705 301 89 473 121.318970 113.618736 0.195391 0.040282 0.359092 -0.056783 10.520153 -38.687916 633.059326 -20.514656 -37.081699 644.756348 41.554962 -40.294132 621.362305
594 301 604 293 618 292 629 300 618 305 605 306 689 295 699 286 713 285 724 292 713 298 701 299 897 110 -58.854198 30.920731 0.262986 0.062261 0.397981 -0.070965 7.727538 -39.432400 624.412781 -22.801651 -37.546856 637.334534 38.256725 -41.317944 611.490967
593 302 603 294 616 293 628 301 616 306 604 307 688 296 698 287 711 286 723 292 712 298 700 299 881 229 -55.482254 57.568939 1.058605 0.059946 0.386584 -0.073308 6.948647 -39.058697 626.392883 -23.719517 -37.067970 638.965088 37.616810 -41.049427 613.820679
627 208 639 201 654 202 665 211 652 215 639 215 729 213 740 204 754 204 765 211 754 217 741 217 277 270 79.605118 67.861603 -0.633792 0.144585 0.481807 0.043331 29.062130 -87.531746 577.826538 -0.339296 -90.042389 593.051880 58.463554 -85.021103 562.601135
604 222 616 215 631 216 642 224 629 228 616 228 705 225 716 217 730 216 741 223 730 229 717 229 455 686 39.044800 160.583969 2.916191 0.131227 0.431596 0.025018 15.810567 -81.847305 593.077637 -14.343668 -83.574486 606.872498 45.964802 -80.120132 579.282715
601 219 613 211 627 211 639 220 626 224 613 224 702 220 713 211 727 211 738 218 727 224 714 224 636 503 -1.137671 119.313538 2.206561 0.137087 0.412346 0.014797 13.985171 -84.873009 594.842407 -16.437363 -86.272812 608.073792 44.407707 -83.473206 581.611023
603 217 615 210 629 210 640 219 628 223 615 223 704 219 715 211 729 211 740 218 728 223 715 224 34 694 133.239426 163.155212 1.589885 0.127429 0.419185 0.026027 15.011442 -85.519928 595.515381 -15.311529 -87.229355 608.937500 45.334412 -83.810501 582.093201
595 210 606 203 621 203 633 212 620 216 607 216 695 211 706 202 721 201 732 209 721 215 707 215 1130 31 -110.855049 12.816962 0.465495 0.114950 -0.393900 -0.040537 11.558764 -89.571541 590.044128 -19.079456 -87.522171 577.408508 42.196983 -91.620903 602.679749
597 211 609 204 623 204 635 213 622 217 609 217 697 213 708 204 723 203 734 211 722 217 709 217 795 285 -36.335823 70.254990 1.175174 0.148743 0.420612 0.013155 11.347909 -89.098930 593.343506 -18.965311 -90.542946 606.818787 41.661129 -87.654915 579.868225
601 211 613 203 627 203 638 212 626 216 613 216 701 212 712 203 726 203 736 211 725 216 712 216 119 484 114.586502 116.023560 0.372370 0.133093 0.394454 0.021995 13.739430 -91.220505 604.742065 -16.911432 -92.788948 617.415833 44.390293 -89.652069 592.068298
601 213 612 205 626 205 637 214 625 218 612 218 700 214 711 206 725 206 736 213 725 218 712 218 367 699 58.714096 163.655289 2.719699 0.136781 0.377123 0.018349 13.526389 -90.686058 608.946594 -17.343245 -92.124062 621.093933 44.396023 -89.248062 596.799255
596 208 607 200 622 200 633 209 621 214 607 214 695 209 706 200 720 200 732 207 720 213 707 213 1042 42 -91.182251 15.440906 0.254748 0.155206 0.426264 0.011673 10.203485 -91.442894 594.677551 -20.033838 -92.897018 608.321228 40.440807 -89.988777 581.033936
597 211 609 204 623 204 634 212 622 216 609 216 697 212 708 205 721 204 732 211 721 216 708 216 834 788 -45.944008 182.696060 4.888536 0.146034 0.366970 0.014296 11.390915 -91.747604 610.219727 -19.603708 -93.088234 622.055969 42.385540 -90.406975 598.383545
597 210 608 203 622 203 633 211 621 215 608 216 696 211 707 203 721 203 732 210 720 215 708 215 993 606 -81.205215 141.690155 4.113745 0.150409 0.380180 0.011818 10.962392 -92.036583 608.128174 -19.873739 -93.354355 620.373840 41.798523 -90.718811 595.882507
596 211 608 204 622 204 633 212 621 216 608 216 696 212 707 204 720 204 731 210 720 216 707 216 653 740 -5.356934 172.295288 3.951676 0.143250 0.364269 0.012805 10.754994 -92.077774 610.571777 -20.272144 -93.347488 622.330322 41.782131 -90.808052 598.813171
595 211 606 204 620 204 631 211 620 215 607 216 695 211 705 203 719 203 730 210 719 215 706 215 832 768 -45.461430 178.226074 4.739411 0.142993 0.334084 0.007716 10.145283 -92.961693 614.213013 -21.225830 -93.996712 625.045471 41.516396 -91.926674 603.380615
597 206 608 199 623 199 634 208 622 212 609 212 696 208 707 200 722 199 732 207 721 212 708 212 529 231 23.282509 58.669949 -0.083746 0.141419 0.404793 0.025612 11.068173 -93.064255 600.582336 -19.447063 -94.824684 613.554688 41.583408 -91.303825 587.610046
594 206 605 198 619 198 631 207 618 211 605 211 693 207 704 198 718 198 729 205 718 211 705 211 967 182 -74.644455 46.896057 1.006185 0.151290 0.400112 0.015048 9.022289 -93.762070 600.376343 -21.561283 -95.236359 613.222839 39.605862 -92.287781 587.529907
594 206 605 198 619 198 630 206 618 211 605 211 693 206 704 198 718 197 729 205 718 210 705 210 973 252 -76.109703 62.542854 1.524836 0.155372 0.404348 0.011740 8.928350 -93.982201 600.381592 -21.601971 -95.386757 613.361816 39.458672 -92.577644 587.401367
595 205 606 197 621 198 632 206 620 210 607 210 694 206 705 197 719 197 730 205 719 210 706 210 674 110 -8.952712 31.334826 -0.469750 0.148893 0.405779 0.016999 9.774156 -94.235764 600.745605 -20.734594 -95.770317 613.761780 40.282906 -92.701210 587.729431
598 207 609 200 623 200 634 208 622 212 609 212 697 208 707 200 721 200 732 207 721 212 708 212 344 506 64.198929 120.526817 1.268486 0.140528 0.372026 0.021634 11.320086 -94.514145 610.757751 -19.609444 -96.070236 622.737000 42.249615 -92.958061 598.778503
595 207 606 200 620 200 631 207 619 212 607 212 694 207 705 199 718 199 729 206 718 211 706 211 860 523 -51.297962 123.371284 3.085136 0.151874 0.372795 0.011891 9.759035 -94.809204 610.278870 -21.167137 -96.120827 622.296021 40.685207 -93.497581 598.261780
596 205 607 197 621 197 632 206 620 210 607 210 695 206 706 198 719 198 730 205 719 210 706 210 223 367 91.518990 89.659309 -0.119842 0.141652 0.385966 0.022513 10.197381 -95.475761 607.756775 -20.560627 -97.097305 620.161438 40.955387 -93.854225 595.352173
585 357 595 350 608 349 618 356 607 361 595 361 679 354 689 346 702 345 713 352 702 357 690 357 1095 519 -103.877724 122.040169 3.828791 -0.036044 0.327814 -0.040022 1.328120 -2.964967 646.893738 -30.082561 -1.465965 657.555908 32.738804 -4.463970 636.231567
577 352 587 343 600 342 611 350 600 355 588 356 670 347 680 338 694 337 706 345 695 350 682 350 1168 117 -119.509071 31.983297 1.203335 -0.035055 0.353227 -0.051123 -3.850691 -7.212742 639.789856 -34.963207 -5.347972 651.239502 27.261826 -9.077513 628.340271
578 354 588 347 601 346 612 353 601 357 589 358 672 350 682 342 696 342 707 348 696 353 684 353 722 373 -20.154491 90.074814 1.562544 -0.048535 0.312310 -0.045775 -2.911591 -5.246466 646.901611 -34.476273 -3.502701 657.059875 28.653091 -6.990232 636.743408
589 353 600 346 613 345 623 352 612 356 600 357 684 351 694 343 707 343 718 350 707 355 695 355 324 557 68.585075 131.971878 1.566281 -0.050128 0.302460 -0.020885 4.642448 -5.208508 649.978821 -27.048275 -4.276130 659.847351 36.333172 -6.140886 640.110291
582 354 592 347 604 346 615 353 604 357 592 358 675 350 685 343 699 342 710 349 699 354 687 354 1196 520 -126.480598 122.076302 4.167786 -0.042853 0.300601 -0.041915 -0.757828 -5.094916 652.357727 -32.445198 -3.512617 662.153992 30.929543 -6.677216 642.561523
583 354 594 346 607 345 617 352 606 357 594 358 678 350 688 342 701 342 712 349 701 354 689 354 723 374 -20.380016 90.296638 1.572958 -0.049056 0.306409 -0.034245 0.642870 -5.371874 648.807312 -30.996504 -4.005635 658.789490 32.282246 -6.738113 638.825195
582 354 592 346 605 346 615 352 605 357 593 358 676 350 686 342 699 342 710 349 700 353 687 354 884 489 -56.608974 115.721436 2.921655 -0.047201 0.304505 -0.039654 -0.438417 -5.305178 651.944458 -32.090248 -3.772858 661.862793 31.213413 -6.837498 642.026123
581 355 591 347 603 347 614 353 603 358 591 358 675 351 685 343 698 343 709 349 698 354 686 354 735 595 -23.452387 139.708710 3.187601 -0.058275 0.283667 -0.038018 -1.313451 -4.917165 653.999451 -33.167965 -3.400161 663.248657 30.541063 -6.434168 644.750244
580 355 590 348 602 347 613 353 602 358 590 359 673 351 683 343 696 343 707 349 697 354 685 354 1276 648 -144.606674 150.559418 5.342992 -0.048227 0.286698 -0.045534 -2.142388 -4.809824 656.230469 -33.958199 -3.091688 665.577271 29.673422 -6.527960 646.883728
579 353 589 345 602 344 612 351 602 356 590 357 673 349 683 341 696 340 707 347 697 352 684 352 1185 275 -123.589966 67.293938 2.385365 -0.036130 0.330952 -0.045614 -2.510884 -6.086457 645.005127 -33.880077 -4.403534 655.761597 28.858311 -7.769380 634.248718
584 353 594 345 607 345 617 352 606 356 594 357 678 350 688 342 702 342 713 349 702 353 689 353 610 360 4.930908 87.374886 1.101874 -0.051180 0.299565 -0.030634 0.863665 -5.664797 649.758484 -30.847353 -4.410768 659.525696 32.574684 -6.918828 639.991272
607 348 618 341 631 341 641 349 630 353 617 353 702 350 712 343 725 344 735 351 725 356 713 355 164 207 105.001869 53.979290 -1.454131 -0.037777 -0.294712 0.025592 17.098402 -6.310392 645.580322 -14.664265 -7.331113 635.954773 48.861069 -5.289671 655.205872
599 353 609 346 622 346 632 353 621 357 609 357 694 353 704 346 717 346 727 353 717 357 705 357 829 520 -44.355732 122.757797 2.961893 -0.024946 0.303097 -0.006545 10.863476 -4.251384 650.443054 -20.827133 -3.912836 660.350159 42.554085 -4.589932 640.536011
587 349 597 341 610 341 620 347 609 352 598 353 681 346 691 339 704 338 715 345 704 350 692 350 1086 332 -101.536232 80.227814 2.466346 -0.033848 -0.245930 -0.018842 3.550164 -8.251239 657.643433 -28.649822 -7.769528 649.550964 35.750153 -8.732949 665.735901
581 340 591 332 604 331 615 338 604 343 592 344 675 336 685 328 699 328 710 335 699 340 687 340 1029 171 -88.499146 44.320393 1.131501 -0.068388 0.241131 -0.027483 -0.839235 -14.797728 658.860229 -33.071350 -13.622477 666.751343 31.392879 -15.972979 650.969177
566 333 576 326 589 325 599 332 588 337 577 337 660 330 671 322 684 322 696 329 685 334 672 334 1167 59 -119.183716 19.011433 0.786645 -0.024680 0.260689 -0.029738 -10.860066 -18.872580 656.906555 -42.928516 -17.790333 665.450684 21.208385 -19.954824 648.362366
588 339 598 331 611 331 622 337 611 342 599 342 683 337 694 330 707 330 718 338 707 342 695 341 364 458 59.807537 109.752808 0.992075 -0.053091 0.299959 -0.001651 4.073496 -14.153617 642.671875 -27.648981 -13.837270 652.477234 35.795971 -14.469964 632.866577
579 370 590 363 604 363 615 370 603 374 591 374 674 370 685 362 699 362 710 369 699 373 686 373 780 115 -32.681458 32.256416 -0.085816 -0.202484 -0.003871 -0.006350 -0.886103 6.874133 665.381714 -34.090000 7.070560 665.232788 32.317795 6.677707 665.530640
582 387 592 380 605 379 615 386 604 390 593 390 674 384 684 377 697 376 708 382 698 387 686 387 862 304 -51.361923 74.380585 1.530749 -0.067581 0.227282 -0.043149 -0.935189 17.209764 670.555603 -33.255753 18.882456 677.981445 31.385374 15.537072 663.129761
574 386 584 379 597 379 607 385 596 390 585 390 666 383 676 376 689 375 700 381 689 386 677 387 1144 503 -114.814606 118.370224 3.875754 -0.056653 0.287649 -0.045615 -6.561939 16.627434 661.133362 -38.368790 18.388529 670.502563 25.244913 14.866339 651.764099
