588 476 604 470 624 472 640 483 622 485 604 483 734 488 751 479 771 479 787 487 769 493 751 492 903 1027 -13.979450 206.888931 19.884201 -0.079206 0.024301 0.053275 14.811652 54.855034 438.709167 -18.336281 53.120838 439.584778 47.959587 56.589226 437.833557
612 459 630 451 652 453 669 466 650 470 630 468 760 470 777 458 798 458 814 468 797 475 778 475 546 215 56.586868 46.622818 17.223528 0.103925 0.018965 0.038816 26.244499 46.055088 430.189362 -6.929359 44.736233 430.750854 59.418358 47.373947 429.627838
623 459 641 452 662 455 679 467 660 470 641 469 770 469 786 459 806 458 821 467 805 475 787 475 39 252 156.685883 53.970795 17.690098 0.085529 -0.004274 0.036607 30.928707 46.772469 436.648560 -2.253571 45.564747 436.454895 64.110985 47.980186 436.842194
577 457 594 446 616 447 632 461 614 467 594 466 727 464 744 451 767 451 784 463 766 472 745 471 1243 99 -81.018204 23.663029 16.349787 -0.158991 0.313495 0.006453 9.892899 42.073994 404.117218 -21.696297 42.683132 414.330505 41.482094 41.464851 393.903931
615 460 634 452 655 455 672 468 653 471 633 470 764 471 781 460 801 459 817 469 800 476 781 476 591 197 47.703785 43.065548 17.129627 0.116381 0.022486 0.033465 27.779995 46.803757 431.969818 -5.397864 45.651958 432.650024 60.957855 47.955551 431.289642
620 461 638 454 659 457 675 469 657 472 638 471 768 472 784 461 803 461 819 470 802 477 784 477 90 341 146.607635 71.535881 17.973890 0.146833 0.015729 0.036070 29.712713 47.900669 436.917725 -3.466441 46.669312 437.350250 62.891869 49.132027 436.485199
578 462 595 453 616 455 633 468 614 472 595 471 725 471 743 458 765 457 782 468 764 476 744 476 986 203 -30.286055 44.215878 16.890347 0.124597 0.024216 0.024563 10.998029 46.418217 426.894684 -22.187059 45.554863 427.645782 44.183117 47.281570 426.143585
577 463 594 453 615 455 632 469 614 473 595 472 725 471 742 458 764 457 781 468 763 476 743 476 1199 216 -72.342293 46.763805 16.796144 0.129119 0.035386 0.018672 10.745660 46.488644 426.969879 -22.432615 45.794796 428.101349 43.923935 47.182495 425.838440
576 470 593 461 613 463 630 475 612 479 593 478 724 477 742 466 763 465 780 474 762 482 742 482 1178 580 -68.231819 118.622871 18.108335 -0.170134 0.040464 0.016842 10.241489 50.285297 430.075836 -22.931511 49.842922 431.459991 43.414490 50.727673 428.691650
574 468 591 459 612 461 629 473 611 477 591 476 722 475 740 463 762 462 780 472 761 479 741 479 1329 264 -98.014366 56.228256 16.881559 -0.144912 0.043718 0.010854 9.635567 48.939125 427.187103 -23.535624 48.685097 428.659271 42.806759 49.193153 425.714966
576 470 593 461 614 463 632 475 613 479 594 478 725 477 743 466 764 465 782 474 763 482 743 482 1226 368 -77.688148 76.767799 17.320486 -0.111286 0.036436 0.017437 10.689240 49.891388 429.086182 -22.488516 49.380989 430.325409 43.866993 50.401787 427.846954
638 494 656 488 676 489 693 498 674 503 655 502 788 503 804 496 823 497 838 505 822 511 804 510 22 949 159.973862 191.567062 20.187407 -0.655128 0.035447 0.066743 39.099831 64.401268 450.915131 5.986448 62.714046 452.708649 72.213211 66.088493 449.121582
597 469 614 458 636 460 653 475 634 480 614 478 747 479 765 465 787 465 805 476 786 485 766 485 922 91 -17.638811 22.111485 16.533096 0.144219 0.039527 0.030891 19.847939 49.095097 421.332458 -13.315174 47.978901 422.566040 53.011051 50.211292 420.098877
582 480 599 472 620 474 637 486 619 489 600 488 731 489 749 479 771 478 788 487 769 494 750 494 1273 678 -86.998360 137.960846 18.395189 -0.077629 0.051124 0.030708 13.209454 54.497501 427.323029 -19.936359 53.545319 429.057404 46.355267 55.449680 425.588623
662 470 681 463 702 466 719 478 700 481 680 479 811 483 828 474 848 474 864 484 847 490 828 489 92 241 146.222595 51.794704 17.615885 -0.037412 0.017054 0.063955 48.461658 51.892635 431.453156 15.329549 49.781647 432.058594 81.593773 54.003624 430.847717
616 499 634 491 655 493 672 504 653 508 634 507 771 511 788 503 808 504 824 514 806 519 787 517 769 905 12.489657 182.816483 19.537479 0.156996 0.083726 0.050252 28.995728 64.021431 427.966217 -4.051227 62.144714 430.599915 62.042683 65.898140 425.332520
661 485 678 481 697 484 713 495 695 497 677 494 809 506 825 499 843 500 858 508 842 513 825 512 472 831 71.136948 168.233795 19.469540 0.148489 0.155968 0.073459 47.237091 61.654030 436.733337 14.523616 58.852978 441.687347 79.950569 64.455078 431.779327
659 486 678 481 699 484 715 495 696 497 677 495 809 505 826 498 844 500 859 509 842 514 824 512 492 769 67.194221 155.992645 19.235197 0.079799 0.150806 0.074052 48.479881 63.193008 445.696198 15.742341 60.549072 450.577026 81.217422 65.836945 440.815369
667 489 686 485 706 488 722 500 703 501 684 499 816 510 833 503 851 505 865 514 849 518 832 517 40 821 156.432510 166.297028 19.718971 0.151571 0.071074 0.101191 50.288956 63.154324 432.916901 17.337204 59.637390 435.008026 83.240707 66.671257 430.825745
625 483 643 474 665 477 681 491 662 494 642 492 777 500 795 489 816 491 832 502 814 508 795 506 678 516 30.495045 106.031837 18.210033 0.193504 0.074573 0.074696 31.973082 57.209507 420.436279 -1.047518 54.510681 422.653473 64.993683 59.908337 418.219086
614 473 627 464 643 464 656 474 642 479 627 479 731 475 745 466 763 466 777 476 762 482 746 481 1593 212 -150.133713 45.940121 16.521856 -0.208226 0.293963 0.008771 21.081171 61.538910 524.968994 -10.703156 62.259216 534.550110 52.865498 60.818604 515.387939
644 489 659 482 676 482 689 491 674 495 659 495 767 493 781 484 797 484 810 492 796 497 781 497 528 945 60.069038 190.733704 19.839203 -0.253221 -0.017377 0.021632 39.848289 70.790924 528.494446 6.656192 70.007713 528.014160 73.040390 71.574127 528.974792
646 474 660 466 677 466 690 476 675 480 660 480 765 478 778 470 794 470 807 479 794 484 779 483 506 492 64.457283 101.308853 18.237942 -0.296973 -0.001553 0.036100 40.652309 65.023582 545.779663 7.469012 63.835094 545.905518 73.835609 66.212074 545.653809
643 482 657 474 673 474 687 483 672 487 657 487 763 485 776 476 793 477 806 485 792 490 777 490 679 651 30.284330 132.682098 18.690897 -0.273369 -0.011897 0.025128 38.670322 67.823143 537.136292 5.478263 66.945580 536.859558 71.862381 68.700706 537.413086
644 471 658 462 676 463 689 473 674 478 658 478 765 476 778 466 795 467 809 477 795 482 779 481 590 6 47.920006 5.360317 16.449020 -0.234494 -0.058850 0.037338 39.177807 61.607796 527.451782 6.053236 60.152344 525.661804 72.302376 63.063251 529.241821
618 479 631 470 647 470 660 479 646 484 631 485 737 478 750 469 767 468 781 477 767 482 751 482 1268 431 -85.986870 89.201004 17.517479 -0.354999 0.067520 -0.011857 24.503241 64.924454 537.651550 -8.624395 65.703270 539.775879 57.630875 64.145638 535.527222
619 479 632 470 649 470 663 480 648 485 633 485 739 479 753 469 770 469 784 478 770 484 754 484 1395 132 -111.032501 30.164427 16.367180 -0.275581 0.055928 -0.009066 25.399193 64.431351 529.882202 -7.752676 64.982643 531.673645 58.551060 63.880051 528.090759
618 484 631 475 648 475 662 484 648 489 632 489 739 483 752 474 770 474 784 482 769 488 754 488 1418 529 -115.612679 108.534225 17.768038 -0.286314 0.056210 -0.008418 25.143209 66.704926 530.028931 -8.008351 67.245796 531.829224 58.294769 66.164047 528.228638
616 470 629 460 646 460 659 470 644 475 629 475 735 471 749 461 766 461 781 471 766 476 750 476 1510 102 -133.735291 24.232189 16.184278 -0.255781 0.175624 0.007136 23.040865 59.584267 528.629028 -9.655127 60.090923 534.397461 55.736858 59.077606 522.860596
629 473 643 464 660 464 673 474 659 479 643 479 749 475 763 465 780 466 794 476 780 481 764 480 839 93 -1.251393 22.513475 16.595007 -0.270354 0.082364 0.015620 31.044153 62.314999 532.581787 -2.044758 62.170464 535.349915 64.133064 62.459530 529.813599
664 483 679 474 696 475 710 484 695 489 679 489 788 486 801 477 817 477 829 486 816 492 801 491 74 655 149.735825 133.524017 19.104437 -0.228472 -0.156666 0.030518 49.744450 65.741394 516.161682 16.959862 64.150688 511.141693 82.529037 67.332108 521.181641
616 488 628 479 645 479 658 488 644 493 629 494 734 487 748 477 765 477 779 485 765 491 749 491 1303 778 -92.931427 157.699265 18.732075 -0.324847 0.120339 -0.019155 23.056688 69.325066 533.864136 -9.904068 70.590965 537.678040 56.017445 68.059166 530.050293
628 487 641 479 658 480 671 489 657 493 641 493 748 490 762 482 779 482 793 491 779 496 763 495 1112 701 -55.212597 142.515198 18.583479 -0.301051 0.083786 0.018327 30.093685 69.756340 528.391785 -2.989996 69.573044 531.219543 63.177364 69.939629 525.564026
621 492 634 484 651 484 664 495 650 499 635 498 742 496 756 487 774 487 788 496 773 502 757 501 1322 690 -96.674156 140.325531 18.405655 -0.259950 0.107588 0.018482 26.318741 71.577606 519.786987 -6.689533 71.433258 523.391541 59.327015 71.721947 516.182434
615 481 627 471 644 471 657 482 643 487 628 487 733 482 747 471 765 471 780 481 765 487 749 487 1581 7 -147.744263 5.472101 15.798573 -0.209278 0.267261 -0.015186 21.751469 63.982159 515.639709 -10.275036 65.396477 524.291992 53.777973 62.567844 506.987396
638 476 652 467 669 468 682 478 667 482 652 482 759 481 773 472 790 473 804 482 789 487 773 486 791 407 8.194911 84.504379 17.746674 -0.278253 0.081842 0.039340 35.808811 64.659843 530.849243 2.739925 63.747528 533.708618 68.877701 65.572159 527.989868
638 479 652 471 668 472 681 481 666 485 652 485 757 483 771 475 787 476 801 485 787 489 771 489 1111 906 -55.035313 182.984344 19.315342 -0.399124 0.073724 0.040425 35.820107 67.371674 541.176392 2.731045 66.548080 543.821289 68.909172 68.195274 538.531555
656 475 670 467 687 468 700 478 685 482 670 482 776 481 790 473 807 474 820 483 806 488 790 487 346 528 96.044327 108.429443 18.471941 -0.287884 0.022654 0.051682 45.852245 65.326637 536.296997 12.699918 63.742569 537.283752 79.004570 66.910706 535.310303
628 474 642 465 658 465 671 475 657 480 642 480 747 477 761 468 779 469 793 478 778 483 762 483 1291 238 -90.509041 51.098877 16.813900 -0.263732 0.127132 0.026219 30.156610 63.381245 533.805786 -2.770462 63.075798 538.080627 63.083683 63.686691 529.530945
627 475 640 466 657 467 669 477 655 481 640 481 746 479 760 470 777 471 791 480 776 485 761 484 1667 350 -164.757919 73.176315 16.965244 -0.300638 0.118493 0.031271 29.367182 64.177872 533.492126 -3.590472 63.743927 537.512634 62.324837 64.611816 529.471619
610 362 623 355 637 355 648 363 635 366 622 367 713 366 724 359 737 360 748 368 737 372 724 370 456 95 74.368370 22.941389 16.854902 -0.451683 -0.060595 0.031238 16.703974 3.334245 634.512695 -16.425011 1.886137 632.800110 49.832958 4.782352 636.225281
631 336 645 328 662 328 676 337 661 341 645 341 756 338 771 330 788 330 803 338 788 343 772 343 550 323 55.786484 67.942757 17.606108 -0.132780 0.004424 0.011365 32.448685 -11.417490 508.365265 -0.753665 -11.784005 508.536743 65.651031 -11.050976 508.193787
667 330 682 321 700 322 714 332 698 336 682 336 795 334 810 325 827 325 842 334 827 340 811 340 168 73 131.233582 18.623251 16.966499 -0.118205 -0.073667 0.023767 50.248627 -13.130095 488.934326 17.143124 -14.060996 486.542908 83.354126 -12.199193 491.325714
647 338 662 329 680 330 694 340 679 345 662 345 772 343 785 333 803 334 816 344 802 349 786 348 493 295 67.043381 62.420200 17.543854 -0.139909 -0.067282 0.028219 41.319344 -9.414357 516.529968 8.202725 -10.503438 514.370544 74.435959 -8.325276 518.689392
608 349 622 341 638 342 651 352 637 356 622 355 731 355 745 347 763 347 777 356 762 361 746 360 1575 991 -146.656357 199.724106 19.312305 -0.119160 0.084910 0.039265 19.763369 -3.193270 515.293091 -13.296429 -4.324403 518.179260 52.823166 -2.062136 512.406982
669 352 684 345 701 346 715 355 699 359 683 358 796 363 812 356 829 357 844 366 829 370 812 369 101 811 144.389587 164.317657 19.643045 -0.186767 -0.033540 0.077938 51.089806 -0.107028 489.910919 18.004099 -2.780453 489.045868 84.175514 2.566398 490.776001
666 351 681 344 698 345 711 355 696 359 680 358 793 362 807 353 824 354 839 362 824 368 808 367 172 573 130.394653 117.327927 18.747280 -0.142363 -0.068626 0.067397 49.472534 -0.765059 492.949890 16.420948 -3.153774 490.841278 82.524124 1.623657 495.058533
660 356 675 350 691 351 704 360 690 364 674 363 787 366 802 359 819 359 833 367 818 372 802 371 419 968 81.587860 195.283554 19.993176 -0.171367 -0.024141 0.060734 46.737122 1.562632 496.120758 13.603024 -0.511239 495.495941 79.871216 3.636503 496.745544
655 357 671 350 688 351 702 360 686 364 670 363 782 367 797 360 814 361 829 371 814 375 797 373 32 958 157.998566 193.342896 20.212908 -0.195790 -0.091800 0.073613 44.384541 2.369175 493.296875 11.408610 -0.351043 490.513367 77.360474 5.089394 496.080414
580 350 593 341 610 342 623 353 608 357 593 356 701 355 716 345 734 345 749 355 733 360 717 360 1490 496 -129.825195 102.013474 17.602814 -0.082815 0.258737 0.030726 3.998120 -3.137689 501.288605 -28.086576 -3.791741 509.815277 36.082817 -2.483637 492.761932
623 343 638 333 657 334 670 346 655 350 638 349 748 349 762 339 780 340 793 350 779 356 763 355 733 157 19.671076 35.156876 16.893240 -0.046780 0.168947 0.032840 28.038450 -6.012429 506.656616 -4.675873 -6.966248 512.262207 60.752773 -5.058610 501.050995
624 346 640 337 658 338 671 349 656 353 639 352 749 354 763 344 780 345 793 356 779 361 763 360 433 464 78.873238 95.787682 18.186247 -0.070725 -0.172756 0.057462 29.069801 -4.139308 508.215729 -3.586446 -6.237415 502.583069 61.726048 -2.041202 513.848450
591 354 604 346 620 347 633 357 619 361 604 360 711 361 725 352 743 353 757 362 742 367 726 366 1590 976 -149.616501 196.761658 19.248903 -0.091104 0.199717 0.049564 9.655391 -0.398709 517.010498 -22.849380 -1.729811 523.660889 42.160160 0.932393 510.360138
620 356 635 349 652 350 665 361 650 364 634 363 744 367 758 358 775 359 788 369 773 373 758 372 953 847 -23.833811 171.350800 19.209171 -0.099417 -0.100049 0.073586 26.476973 2.055707 514.424500 -6.472294 -0.542183 511.237579 59.426239 4.653597 517.611389
588 351 601 343 618 344 630 355 616 359 601 358 708 358 722 349 740 349 755 359 739 364 723 363 1296 548 -91.526726 112.295555 17.916321 -0.070758 0.252613 0.042099 7.839556 -1.819064 509.207336 -24.282770 -2.905556 517.546143 39.961880 -0.732573 500.868561
636 346 651 338 669 339 683 350 667 354 650 353 759 355 773 345 790 346 803 357 789 362 773 361 281 230 108.907295 49.606865 17.451918 -0.039788 0.209181 0.050264 34.224377 -3.270086 512.463196 1.784910 -4.788174 519.386780 66.663841 -1.751999 505.539581
626 355 641 348 658 349 672 359 657 362 641 362 750 364 764 356 780 357 793 366 779 371 764 369 762 942 13.868108 190.121246 19.674072 -0.105595 -0.120614 0.062054 29.958609 0.958358 517.979126 -2.941496 -1.302942 514.102356 62.858715 3.219659 521.855896
604 350 618 341 635 342 649 353 634 357 618 357 726 356 740 347 758 347 772 358 757 363 741 362 1048 403 -42.547070 83.692528 17.562798 -0.066628 0.194145 0.041180 17.157179 -2.487338 514.312683 -15.396083 -3.630755 520.757629 49.710442 -1.343922 507.867737
614 352 629 344 646 345 659 356 644 359 628 358 737 361 751 353 768 354 781 364 766 368 751 367 474 795 70.745605 161.126862 19.339813 -0.088456 -0.081258 0.073280 23.384060 -0.454756 522.353394 -9.622304 -2.999122 519.771606 56.390423 2.089610 524.935242
557 353 569 343 584 343 597 353 584 358 569 358 674 352 688 342 705 342 720 351 705 357 689 357 1569 607 -145.433960 123.919159 17.946598 -0.122455 0.225349 -0.001786 -9.498103 -3.780081 519.023254 -41.864365 -3.265788 526.420593 22.868160 -4.294374 511.625977
437 312 447 300 464 297 479 304 466 312 451 315 557 287 569 273 588 269 606 274 591 284 574 288 1427 856 -117.421799 173.086533 18.928455 -0.005344 0.180835 -0.205205 -66.425095 -31.661591 481.518188 -98.395607 -24.916531 487.430054 -34.454590 -38.406651 475.606293
504 295 521 285 541 286 556 297 538 303 520 302 643 302 658 292 677 293 693 305 677 311 660 309 194 1002 126.008774 202.014938 20.262938 -0.161645 -0.136922 0.038754 -25.218861 -27.341721 456.404694 -58.088783 -28.984661 451.996887 7.651060 -25.698780 460.812469
550 254 567 246 585 249 599 262 582 264 565 262 679 273 694 265 712 268 724 280 709 284 693 281 197 345 125.481041 72.316277 17.917542 -0.020095 -0.249800 0.128184 -7.497612 -45.396549 487.765350 -39.402256 -49.679684 479.622375 24.407030 -41.113419 495.908325
530 260 547 251 566 253 580 266 563 269 546 268 664 273 680 263 699 264 713 276 697 281 679 279 699 78 26.391842 19.564423 16.633898 0.009008 -0.224465 0.076216 -14.903824 -42.888058 469.213501 -47.180058 -45.361702 461.818512 17.372408 -40.414417 476.608459
528 266 545 257 564 259 579 272 561 276 543 274 661 280 678 270 697 271 711 282 695 288 677 286 461 386 73.352554 80.387276 17.889555 0.009943 -0.203796 0.081971 -15.981507 -39.929077 470.089874 -48.388443 -42.595520 463.363800 16.425426 -37.262634 476.815979
475 289 489 279 507 278 522 289 507 294 490 295 605 284 620 271 639 270 656 278 640 286 622 287 1261 722 -84.633392 146.647934 18.560051 -0.003478 0.096164 -0.057851 -43.362595 -35.654736 473.947662 -76.358536 -33.732281 477.130707 -10.366658 -37.577190 470.764587
481 279 495 268 514 268 529 280 513 285 496 286 612 278 627 266 647 265 663 275 647 282 629 283 1196 284 -71.756660 60.187946 17.040670 -0.001523 0.145732 -0.015291 -39.787312 -38.493526 468.352722 -72.636284 -37.983940 473.174042 -6.938344 -39.003109 463.531403
508 280 524 271 542 271 557 282 541 286 524 286 642 283 658 273 677 273 693 283 676 289 659 288 613 613 43.319183 125.186226 18.598915 -0.047525 0.023547 0.017468 -26.104290 -37.211411 475.124115 -59.294834 -37.772541 475.919373 7.086257 -36.650276 474.328888
492 284 506 275 524 275 538 286 523 290 507 290 622 286 637 275 656 274 671 284 655 290 638 290 1223 712 -77.129646 144.677109 18.549459 -0.022886 0.093392 -0.000636 -35.960815 -36.177876 479.328430 -69.020927 -36.121334 482.424469 -2.900702 -36.234417 476.232391
482 279 496 268 514 268 529 280 513 285 497 285 611 278 626 266 646 266 662 276 646 282 628 283 1591 195 -149.737152 42.584324 16.462540 0.017140 0.197207 -0.011517 -39.906029 -38.369846 466.505646 -72.465088 -38.045856 473.014313 -7.346975 -38.693840 459.996979
533 243 548 233 567 234 581 246 564 250 548 250 662 251 676 242 694 244 707 256 692 260 676 258 355 8 94.318474 5.775442 16.611242 -0.104517 -0.154525 0.050766 -16.690224 -55.864010 499.075775 -49.457184 -57.806499 494.064514 16.076736 -53.921524 504.087036
529 264 545 257 563 260 577 271 560 274 543 272 659 282 674 274 692 276 705 287 690 291 673 288 374 733 90.495819 148.896072 19.184666 -0.176633 -0.082818 0.117565 -18.302685 -41.843552 494.252228 -51.165634 -45.955433 491.869263 14.560266 -37.731674 496.635162
506 271 521 263 540 265 553 277 537 280 521 279 636 284 652 275 670 276 685 287 669 292 652 290 1175 588 -67.640282 120.202415 18.138849 -0.049542 -0.032874 0.084760 -29.156351 -39.153793 486.761871 -62.224068 -41.990231 485.741913 3.911365 -36.317360 487.781830
538 267 555 259 574 261 588 273 571 277 554 275 670 281 686 272 704 274 718 285 702 289 686 288 27 405 159.040146 84.175568 18.243744 -0.002428 -0.239623 0.081616 -11.804053 -39.732281 476.269470 -43.950653 -42.423069 468.400818 20.342545 -37.041489 484.138092
531 266 548 257 567 259 581 272 564 276 546 274 663 280 679 270 698 271 711 283 695 288 679 286 481 253 69.416801 54.130016 17.401966 0.007761 -0.268895 0.079861 -14.989576 -40.140659 473.025116 -46.896626 -42.723339 464.203033 16.917475 -37.557983 481.847229
530 269 546 261 565 263 579 275 563 278 545 277 662 283 677 274 696 275 709 287 694 291 677 290 420 530 81.433479 108.817863 18.430239 -0.004020 -0.233596 0.086237 -16.035076 -38.955452 477.449310 -48.215782 -41.804928 469.778442 16.145630 -36.105972 485.120178
523 268 540 259 560 261 574 274 557 278 539 276 657 281 673 271 692 272 706 283 690 289 673 287 1428 93 -117.544228 22.462584 16.206293 -0.006575 -0.293373 0.064154 -17.707945 -38.981972 466.149109 -49.426720 -41.112095 456.560486 14.010831 -36.851852 475.737732
531 272 547 264 566 266 581 278 564 281 546 280 663 286 679 277 697 279 711 290 695 294 679 293 538 538 58.134640 110.386948 18.380898 -0.003838 -0.221295 0.090194 -15.327181 -37.432331 476.772614 -47.588398 -40.412804 469.500031 16.934034 -34.451859 484.045197
522 276 538 269 557 271 571 283 554 286 537 284 654 292 670 283 688 285 702 295 686 300 670 298 1360 908 -104.198349 183.357635 19.158148 -0.056629 -0.147162 0.092270 -20.116978 -35.494644 482.391388 -52.822281 -38.679413 477.618530 12.588323 -32.309872 487.164246
540 273 557 265 576 268 590 280 573 283 555 281 671 289 687 281 705 282 718 294 703 298 686 296 450 410 75.522049 85.126068 17.982418 0.005468 -0.272713 0.102091 -11.139277 -36.153660 476.318756 -42.946217 -39.471283 467.381683 20.667662 -32.836040 485.255859
479 355 493 346 509 345 522 353 507 359 492 360 594 352 607 344 624 344 638 353 624 358 609 358 1570 640 -145.634644 130.433609 18.063643 -0.251799 -0.025592 -0.019670 -53.561596 -3.147098 548.732849 -86.749199 -2.607349 547.810364 -20.373985 -3.686848 549.655273
548 343 562 334 580 335 593 346 578 350 562 350 669 349 682 339 699 339 712 350 698 355 683 354 367 61 91.943970 16.237137 16.792366 -0.080749 -0.262318 0.030879 -11.986135 -6.474240 521.958557 -44.040043 -7.836033 513.399780 20.067772 -5.112447 530.517334
509 358 522 349 539 350 552 360 538 364 523 364 629 361 643 351 660 350 675 360 660 365 644 365 1418 660 -115.625557 134.394943 18.235292 -0.077134 0.092220 0.004264 -33.574013 0.198444 522.989624 -66.637497 0.175149 526.049866 -0.510527 0.221739 519.929382
547 355 562 347 579 347 593 358 578 362 561 362 669 360 683 350 699 350 712 360 698 365 683 365 145 389 135.743652 81.006813 18.108801 -0.084576 -0.286442 0.021800 -11.855754 -0.515243 515.131287 -43.700676 -1.627552 505.791931 19.989166 0.597065 524.470642
527 355 544 345 563 345 577 355 560 361 543 361 654 358 669 349 688 350 704 360 688 366 670 364 783 102 9.804426 24.295004 16.664066 -0.014690 0.568742 0.014211 -17.806805 -0.844615 423.403442 -45.781399 -1.156423 441.288757 10.167790 -0.532808 405.518127
520 362 534 354 552 354 565 365 550 369 534 369 642 367 657 357 674 357 688 366 673 372 657 372 1140 674 -60.738297 137.182709 18.468697 -0.116787 -0.107749 0.019311 -26.243755 3.202391 519.027527 -59.250053 2.355428 515.502380 6.762540 4.049355 522.552673
515 351 530 341 548 342 562 353 546 357 530 357 639 355 653 344 671 345 685 355 670 360 654 360 897 56 -12.699342 15.204293 16.424757 -0.108020 -0.129464 0.018114 -27.845915 -3.068641 514.189331 -60.767689 -3.898846 509.943481 5.075858 -2.238436 518.435181
514 360 529 353 546 354 560 362 545 366 529 366 639 364 652 356 669 357 682 364 668 369 653 368 1432 1019 -118.425026 205.263931 19.506550 -0.218273 -0.108298 0.013019 -29.295586 1.692300 525.290405 -62.303844 0.873772 521.776917 3.712672 2.510828 528.803894
529 356 543 347 561 348 575 359 559 363 543 362 652 361 666 351 683 351 697 361 682 367 666 366 197 468 125.468948 96.597710 18.356264 -0.096759 -0.130028 0.029519 -21.475004 0.078318 519.565552 -54.385315 -1.105822 515.314819 11.435307 1.262459 523.816345
529 358 544 350 562 350 575 361 560 365 544 365 652 364 666 354 684 355 697 364 683 370 667 369 237 619 117.556458 126.403175 18.868458 -0.115050 -0.110163 0.033123 -21.277208 1.469090 521.294861 -54.262806 0.164135 517.716187 11.708389 2.774046 524.873535
512 360 526 352 543 353 556 365 541 368 526 367 633 371 648 362 666 363 680 373 665 378 648 377 1043 633 -41.582474 129.097275 18.386471 -0.079935 0.105975 0.072627 -30.834764 4.107020 513.343811 -63.766071 1.845031 516.945496 2.096541 6.369009 509.742157
512 366 527 358 545 358 557 368 542 373 525 373 638 374 653 366 672 367 687 378 671 382 654 381 1046 1032 -42.214024 207.863617 19.807661 -0.252656 0.018867 0.060751 -28.013718 6.157672 495.055817 -61.151726 4.241899 495.928619 5.124290 8.073444 494.183014
520 359 535 351 553 353 566 365 551 368 535 367 643 370 658 360 676 361 690 372 675 377 658 376 866 345 -6.607079 72.258476 17.476032 -0.073058 -0.183503 0.075150 -25.039251 4.059540 509.467957 -57.593670 1.360969 503.510834 7.515167 6.758111 515.425049
553 363 568 356 585 357 598 367 583 371 567 370 677 374 692 366 709 367 723 376 708 380 692 379 7 933 162.937057 188.409805 20.140236 -0.182657 -0.132567 0.066220 -8.040469 5.643017 509.138123 -40.882389 3.064258 504.976654 24.801451 8.221776 513.299622
531 365 546 357 564 359 577 370 562 373 546 372 655 376 670 367 687 368 700 378 685 383 669 382 883 824 -10.010670 166.816406 19.173330 -0.097360 -0.153201 0.075304 -19.670795 6.786222 516.772095 -52.393349 4.054996 511.839111 13.051759 9.517449 521.705139
522 354 537 345 555 346 569 358 553 362 537 361 646 363 660 353 679 353 693 364 677 369 661 368 1074 74 -47.648193 18.742380 16.372149 -0.055818 -0.276081 0.058626 -23.284111 0.386260 501.873108 -55.175514 -1.787755 492.885773 8.607292 2.560275 510.860413
527 354 542 345 560 347 573 359 557 363 541 362 650 365 664 354 683 355 696 366 681 372 665 370 736 95 19.084848 22.917196 16.670116 -0.052885 -0.266260 0.072466 -21.356522 1.141383 504.859375 -53.305424 -1.465543 496.197327 10.592381 3.748310 513.521423
511 364 527 355 545 356 558 366 542 371 525 371 638 371 653 363 672 364 687 375 671 379 654 378 1613 765 -154.136902 155.106140 18.481121 -0.213495 -0.000622 0.051571 -27.766554 4.882382 493.038086 -60.927383 3.181501 493.199677 5.394274 6.583264 492.876526
513 356 527 348 545 349 558 361 543 365 527 364 635 366 650 356 668 357 683 367 667 373 651 372 1359 147 -103.926094 33.128689 16.444441 -0.071215 -0.229900 0.063876 -28.805170 2.042746 506.973694 -61.069614 -0.326815 499.493713 3.459275 4.412307 514.453674
539 361 556 352 574 354 588 364 571 368 554 368 666 370 681 362 700 364 715 374 699 379 682 377 506 523 64.454231 107.428566 18.348515 -0.181237 -0.193610 0.070456 -12.922023 4.147872 481.043304 -45.426498 1.258738 474.905579 19.582451 7.037007 487.181030
570 399 586 388 606 388 620 400 603 406 585 407 703 402 718 390 738 390 755 402 739 409 720 408 543 872 57.114597 176.321472 19.568924 -0.077098 0.373455 -0.006569 2.765941 18.807371 443.405792 -28.150587 19.492496 455.499512 33.682468 18.122244 431.312042
589 406 606 396 625 398 640 409 623 415 605 414 724 413 739 403 759 404 774 415 758 421 740 420 97 974 145.163315 196.495834 20.227081 -0.099103 0.289322 0.026590 12.310891 23.985018 452.917877 -19.503416 23.588211 462.417969 44.125198 24.381826 443.417755
577 408 594 399 614 401 629 413 612 417 594 416 712 416 727 405 747 405 761 415 745 422 728 422 676 640 30.877735 130.510849 18.653643 -0.080020 0.296314 0.022293 6.684586 25.389046 461.510406 -25.065784 25.050993 471.224274 38.434956 25.727098 451.796539
580 409 596 401 616 403 631 415 613 419 595 417 714 419 729 409 748 409 763 418 747 425 729 425 535 707 58.710350 143.749512 18.985674 -0.081569 -0.192360 0.061159 8.878107 26.834721 469.845459 -23.652946 24.560478 463.591034 41.409161 29.108965 476.099915
564 409 581 400 602 401 618 412 600 417 581 416 701 416 717 405 737 405 753 416 736 422 718 421 1449 319 -121.712708 67.075439 16.998541 -0.067945 0.258783 0.013128 1.745781 24.931530 451.674011 -30.350983 24.790976 460.179169 33.842545 25.072083 443.168854
557 413 574 404 593 406 609 418 592 422 574 421 692 421 708 409 728 409 743 418 727 425 709 425 1198 666 -72.189095 135.598404 18.401884 -0.092475 0.102110 0.019254 -1.864733 27.817194 469.138916 -34.890579 27.336456 472.548065 31.161110 28.297932 465.729797
557 413 573 404 593 406 608 419 591 422 573 421 691 422 707 411 727 410 742 420 726 427 708 427 836 571 -0.706063 116.875732 18.301937 -0.090306 -0.209536 0.049043 -1.563220 28.030676 465.785492 -34.002651 26.104227 458.964050 30.876211 29.957125 472.606903
565 414 582 406 601 408 616 420 599 424 581 422 699 425 715 415 735 415 749 425 733 431 715 431 534 635 58.914867 129.536072 18.729521 -0.081179 -0.221818 0.072701 2.157568 29.336014 465.616913 -30.147196 26.649048 458.423706 34.462330 32.022980 472.810089
561 419 577 412 596 414 611 425 594 428 576 427 695 430 710 420 729 421 744 429 728 435 710 435 827 988 1.029911 199.196503 19.795250 -0.110333 -0.138743 0.061256 -0.448555 32.211658 474.942627 -33.272598 29.936159 470.474518 32.375488 34.487156 479.410736
539 416 555 407 575 409 591 422 573 426 555 424 674 425 690 413 710 413 725 423 709 430 691 430 1149 322 -62.480659 67.693588 17.207228 -0.106610 -0.260650 0.045253 -9.534789 29.090105 460.200226 -41.585518 27.149548 451.741821 22.515942 31.030663 468.658630
563 421 580 414 600 416 615 429 598 432 580 430 699 435 716 425 735 425 750 434 733 441 715 440 288 758 107.473297 153.838760 19.330591 -0.058023 -0.205342 0.086638 1.891331 33.088131 461.130371 -30.492455 30.039743 454.455231 34.275116 36.136517 467.805511
550 420 567 412 587 414 602 427 585 431 566 429 687 432 704 420 724 420 739 430 723 437 704 437 1408 599 -113.645149 122.353790 18.024315 -0.066305 0.153159 0.036652 -4.646721 31.736853 457.533081 -37.440777 30.693947 462.634247 28.147333 32.779758 452.431915
548 399 565 389 585 392 598 405 581 409 563 407 683 416 699 406 719 408 735 421 718 426 699 424 1207 704 -73.969803 143.099213 18.531485 -0.233005 -0.047387 0.116257 -6.126295 24.045225 461.375549 -39.070957 20.047607 460.267517 26.818369 28.042843 462.483612
552 400 568 392 587 395 601 409 584 411 567 409 683 419 700 409 719 411 733 422 716 427 699 426 1139 662 -60.539677 134.813873 18.426554 -0.086305 0.153208 0.108411 -5.966566 25.722422 474.492035 -38.588623 22.366940 479.697968 26.655491 29.077904 469.286102
580 406 597 399 616 402 630 415 613 417 595 415 713 425 729 416 747 418 760 428 744 433 727 432 292 831 106.676353 168.249344 19.588331 -0.060460 -0.258530 0.136661 8.495461 28.250530 467.475891 -23.300137 23.522289 459.154633 40.291058 32.978771 475.797150
570 410 587 404 606 407 620 420 603 422 585 419 703 429 719 420 737 421 750 431 735 436 718 434 559 958 53.947086 193.297348 19.865112 -0.082656 -0.213866 0.120710 3.838959 30.244862 471.922638 -28.370161 25.989550 465.065186 36.048080 34.500175 478.780090
563 413 580 407 599 410 613 422 596 424 579 422 697 431 713 422 731 423 745 432 729 438 712 436 1011 954 -35.295918 192.468658 19.552546 -0.104076 -0.183799 0.109422 0.763723 31.314505 472.626160 -31.685019 27.399244 466.768707 33.212463 35.229763 478.483582
538 405 554 396 574 399 589 412 571 415 553 414 672 419 688 407 708 408 723 418 707 425 689 424 1574 255 -146.386551 54.430397 16.687769 -0.116334 -0.286960 0.078332 -10.231271 25.337889 457.875916 -41.979515 22.231337 448.658630 21.516972 28.444441 467.093170
563 411 581 403 600 406 615 419 598 421 579 419 698 425 714 414 733 415 747 425 731 431 714 430 192 630 126.440231 128.578568 18.937391 -0.060080 -0.273904 0.091850 1.578228 28.301849 460.109650 -30.250977 25.024803 451.237091 33.407433 31.578896 468.982208
528 405 543 396 562 398 577 412 560 415 543 414 659 417 675 405 695 406 710 417 694 423 676 422 1364 341 -104.932373 71.425804 17.133108 -0.115419 -0.286367 0.067367 -16.080116 25.462633 466.023376 -47.860004 22.718582 456.800110 15.699773 28.206684 475.246643
