493 285 507 276 523 275 535 284 521 289 506 290 614 287 628 279 646 280 660 290 645 294 630 293 1004 475 -23.751703 91.711464 48.967937 -0.151222 0.114037 0.042182 -26.774281 -40.991375 559.784119 -59.734417 -42.097836 563.652527 6.185856 -39.884918 555.915710
493 285 507 276 523 275 535 283 521 289 506 290 614 287 628 279 646 280 660 290 646 294 630 293 532 565 70.121246 109.153015 53.573124 -0.165492 0.132332 0.046477 -26.770378 -41.013256 558.177063 -59.649872 -42.182285 562.663940 6.109114 -39.844227 553.690186
487 288 500 280 516 278 528 285 514 291 499 292 608 287 622 280 639 280 653 289 639 293 623 292 1299 737 -82.348053 143.847870 51.980042 -0.143563 0.139112 0.019355 -30.383289 -40.572514 558.878784 -63.261692 -40.880405 563.512939 2.495112 -40.264618 554.244629
486 290 500 281 515 280 527 287 513 293 499 294 606 290 620 283 637 284 652 293 637 297 621 296 48 757 166.404053 146.788422 60.140915 -0.173359 0.121811 0.038113 -31.206419 -39.495945 564.535767 -64.141815 -40.402489 568.658569 1.728976 -38.589405 560.412964
483 287 497 277 513 276 526 284 511 290 496 291 605 286 619 278 636 279 651 289 636 294 620 292 592 365 58.144257 69.586983 49.497757 -0.124990 0.144374 0.031816 -31.800756 -40.658607 556.486145 -64.643837 -41.409798 561.315979 1.042327 -39.907417 551.656311
480 299 494 291 509 290 521 297 507 302 493 303 600 298 614 291 631 292 646 301 631 305 615 304 1190 698 -60.683712 136.033981 51.937016 -0.172142 0.114719 0.023017 -34.582638 -34.811230 566.329163 -67.560982 -35.243332 570.176453 -1.604295 -34.379128 562.481812
480 291 493 282 510 282 522 291 508 296 493 296 598 293 611 285 628 287 640 296 627 301 612 299 1084 515 -39.649483 99.699753 49.210072 -0.056530 0.044165 0.039016 -36.672405 -39.505753 587.909180 -69.819595 -40.758415 589.410645 -3.525216 -38.253086 586.407715
479 290 492 281 508 281 520 289 506 294 492 295 597 291 610 284 626 285 638 294 625 298 610 297 1397 509 -101.887451 98.766739 47.149788 -0.033058 0.046035 0.031117 -37.630325 -40.422928 587.928772 -70.783897 -41.430183 589.473328 -4.476756 -39.415672 586.384155
480 293 493 284 509 284 521 293 507 298 493 299 597 296 611 288 627 289 640 299 626 303 611 302 674 193 41.799343 35.584999 45.803623 -0.038434 0.116634 0.041768 -36.772179 -37.634518 580.978577 -69.722534 -38.943211 584.867188 -3.821824 -36.325821 577.090027
481 289 494 280 510 281 522 289 508 294 493 295 598 292 612 284 628 286 641 295 627 300 612 298 832 326 10.413826 62.057919 47.281303 -0.046934 0.077530 0.044945 -36.410538 -39.975006 585.055054 -69.482132 -41.404503 587.660034 -3.338944 -38.545506 582.450134
481 288 494 280 509 279 521 286 507 291 493 292 599 287 613 280 630 280 644 289 630 293 614 292 1200 106 -62.810204 18.781744 40.917671 -0.113730 0.238579 0.026223 -34.314789 -39.834705 552.275940 -66.568787 -40.247391 560.154358 -2.060788 -39.422020 544.397583
476 298 489 289 505 289 517 298 504 303 489 303 593 299 606 291 622 292 635 302 622 306 607 305 1204 805 -63.442497 157.239441 53.830246 -0.051837 0.058640 0.027300 -39.614025 -36.182354 591.622437 -72.749413 -37.037357 593.590820 -6.478634 -35.327351 589.654053
477 287 491 278 507 278 520 287 506 292 491 293 595 289 609 281 625 282 638 292 624 296 609 295 701 35 36.393833 4.311185 42.711124 -0.022349 0.158587 0.038739 -37.551456 -40.801350 575.268372 -70.314804 -42.023155 580.524780 -4.788110 -39.579544 570.011963
479 288 493 279 509 279 521 289 507 294 492 294 597 291 611 283 627 284 640 295 626 299 611 298 124 20 151.120377 0.869171 46.026810 -0.026023 0.174981 0.052593 -36.346352 -39.578522 572.575073 -68.998474 -41.239590 578.375000 -3.694228 -37.917454 566.775146
477 287 490 278 506 277 519 287 505 292 490 292 594 288 608 280 624 281 637 291 623 295 608 294 741 147 28.466406 26.528229 44.534981 -0.019555 0.165420 0.033955 -38.006157 -41.119343 574.613159 -70.738663 -42.187809 580.090454 -5.273651 -40.050880 569.135864
481 293 494 284 510 284 522 292 508 297 494 298 598 295 611 287 627 288 640 298 626 302 611 301 47 698 166.589127 135.101181 59.055138 -0.088077 0.092415 0.045391 -36.971745 -38.760643 589.861755 -70.000832 -40.128315 592.987244 -3.942664 -37.392971 586.736206
484 292 497 284 512 283 523 290 510 295 496 296 600 291 614 285 631 285 645 293 631 297 615 296 405 750 95.416939 145.693253 57.788109 -0.174508 0.238592 0.037062 -33.829288 -38.399254 560.226074 -66.073318 -38.925610 568.138367 -1.585252 -37.872902 552.313721
477 294 489 285 506 285 518 293 504 299 489 299 594 295 607 287 623 288 636 298 622 302 607 301 594 529 57.784836 102.072914 52.520706 -0.055145 0.098129 0.033677 -39.161850 -38.260498 588.098145 -72.188171 -39.286419 591.379761 -6.135531 -37.234581 584.816467
473 291 486 282 502 282 515 291 501 296 486 296 590 292 603 283 619 284 632 294 619 299 604 298 948 301 -12.657316 57.200714 46.096191 -0.053394 0.128601 0.030840 -41.014370 -39.791504 585.701904 -73.929314 -40.698265 589.984924 -8.099429 -38.884747 581.418945
471 288 484 279 500 278 512 287 499 293 484 293 588 288 601 279 617 280 631 290 617 294 602 294 1111 230 -45.084618 43.270412 43.766987 -0.037026 0.149333 0.022291 -41.810486 -41.610119 581.599182 -74.637566 -42.255703 586.551514 -8.983400 -40.964535 576.646851
555 326 568 316 584 316 596 325 583 330 568 330 669 326 682 318 697 318 710 328 697 332 682 331 232 183 129.683792 33.243534 48.371128 -0.066834 0.129498 0.025491 4.179379 -21.418915 605.251892 -28.736755 -22.118814 609.564392 37.095512 -20.719015 600.939392
552 332 564 323 580 323 592 332 579 337 565 337 666 332 678 324 694 325 707 334 694 339 679 338 1375 352 -97.549622 67.651009 44.380951 -0.106312 0.114082 0.019431 2.264120 -17.380156 600.601807 -30.718805 -17.821775 604.408569 35.247044 -16.938536 596.795105
553 331 567 321 583 320 595 329 581 334 566 335 669 329 682 321 698 322 712 333 698 336 683 335 1138 78 -50.488728 13.185045 40.785542 -0.087581 0.182066 0.016850 3.810418 -18.020239 582.064514 -28.841242 -18.312098 588.093079 36.462078 -17.728378 576.036011
559 332 572 324 588 324 600 332 586 337 572 337 674 333 687 325 702 326 715 335 702 339 687 339 174 450 141.278732 86.082230 53.674110 -0.064699 0.195888 0.027882 6.494199 -16.873629 593.215149 -26.062981 -17.583117 599.702576 39.051376 -16.164139 586.727783
559 334 572 326 587 326 600 334 586 339 572 339 674 335 686 327 702 328 714 337 701 341 687 340 465 767 83.490570 149.109482 57.729099 -0.063869 0.177072 0.027150 6.446399 -15.984496 596.603333 -26.227222 -16.693380 602.476318 39.120022 -15.275612 590.730408
561 339 574 330 589 330 602 339 588 344 574 344 675 340 688 332 704 333 717 342 703 346 689 345 61 260 163.703201 48.355759 50.861202 -0.066357 0.217856 0.027181 7.349586 -12.952487 590.698792 -25.058489 -13.608173 597.899231 39.757660 -12.296802 583.498352
557 331 570 322 586 322 598 331 585 336 570 336 673 331 686 323 702 324 714 333 701 338 686 337 867 29 3.385180 3.258208 41.566296 -0.031335 0.244518 0.018287 5.567302 -17.324730 581.534363 -26.644390 -17.799221 589.580566 37.778996 -16.850239 573.488159
560 337 572 328 588 328 601 337 587 341 572 342 674 338 687 329 703 330 716 340 703 344 688 343 67 214 162.499451 39.249203 49.972443 -0.061782 0.238269 0.028549 6.650853 -14.101851 586.539551 -25.602753 -14.796988 594.399658 38.904461 -13.406713 578.679443
558 332 571 324 587 323 599 332 586 337 571 338 674 333 686 324 702 325 715 334 702 339 687 338 718 34 33.013340 4.126984 42.586746 -0.035824 0.268004 0.020487 5.926989 -16.621031 579.756714 -26.085701 -17.134554 588.559204 37.939678 -16.107506 570.954224
560 333 572 325 588 324 601 333 587 338 572 339 675 334 688 326 704 327 716 336 703 341 688 340 503 333 75.833450 63.175949 49.459736 -0.050747 0.236616 0.027773 6.786314 -15.990589 585.692810 -25.480822 -16.705332 593.495422 39.053448 -15.275846 577.890198
557 340 570 331 586 331 598 339 584 344 570 345 672 341 685 333 701 334 714 344 700 348 686 346 889 668 -0.840209 129.846085 53.256260 -0.078508 0.167287 0.027186 5.501471 -12.317550 590.927734 -27.227837 -12.997603 596.485535 38.230778 -11.637496 585.369873
556 334 569 325 584 325 597 333 583 338 569 339 671 334 684 326 700 327 712 336 699 340 685 340 1347 360 -91.980270 69.212761 44.703392 -0.036178 0.206932 0.018798 4.773067 -15.969418 587.392761 -27.717604 -16.465136 594.224304 37.263737 -15.473699 580.561218
559 340 571 332 587 332 599 340 586 345 571 345 673 341 686 334 701 335 714 343 701 348 686 346 446 607 87.231186 117.401978 54.886055 -0.073382 0.183789 0.028671 6.059136 -12.350650 595.525085 -26.573137 -13.073172 601.622009 38.691410 -11.628128 589.428223
558 337 571 329 586 329 599 337 585 342 571 342 673 338 685 331 701 332 714 341 700 345 686 344 616 697 53.449570 135.367462 55.493137 -0.069614 0.172306 0.029345 5.920959 -13.978833 596.791870 -26.778139 -14.748942 602.513367 38.620056 -13.208725 591.070374
555 341 568 333 584 332 596 341 583 346 568 346 671 341 683 333 699 334 712 343 699 348 684 347 1319 116 -86.469696 20.859610 40.361675 -0.033598 0.253726 0.014193 4.316948 -11.718506 581.093933 -27.821566 -12.043887 589.434814 36.455463 -11.393124 572.753113
559 335 572 326 588 326 600 335 587 340 572 340 674 336 687 328 703 329 716 339 703 343 688 342 307 314 114.801437 59.252567 50.328678 -0.057751 0.241342 0.034412 6.510785 -14.856713 584.917603 -25.712492 -15.757245 592.880615 38.734062 -13.956182 576.954651
558 345 571 337 586 337 599 345 585 350 571 350 673 346 685 338 701 339 713 348 700 352 686 351 632 736 50.277248 143.105453 56.115330 -0.068046 0.196516 0.025015 5.815363 -9.590978 596.039429 -26.740276 -10.194323 602.545227 38.371002 -8.987633 589.533569
558 337 570 329 586 328 598 337 585 342 570 342 673 338 686 330 701 331 714 340 701 344 686 343 727 485 31.329000 93.466156 50.878059 -0.050127 0.218671 0.025959 5.676099 -14.000626 587.648743 -26.727062 -14.674082 594.869629 38.079258 -13.327169 580.427856
555 339 567 330 583 330 596 338 582 343 568 344 670 339 683 331 699 331 711 340 698 345 683 344 958 233 -14.661569 43.739773 44.775333 -0.041646 0.262130 0.018822 3.970367 -13.209454 581.348145 -28.094528 -13.646903 589.962708 36.035263 -12.772005 572.733582
555 336 568 327 584 327 597 336 583 341 568 341 671 337 684 328 700 329 713 338 699 343 685 342 659 147 44.771194 26.461309 45.045643 -0.044175 0.262464 0.023043 4.483682 -14.489585 579.383301 -27.575460 -15.054307 588.011902 36.542824 -13.924863 570.754761
552 402 564 393 581 393 594 401 580 407 565 408 674 399 687 390 705 390 719 399 705 405 689 405 1373 495 -97.118584 95.974106 47.040131 -0.179800 0.169152 -0.011837 4.729151 19.882481 553.974792 -28.000725 20.773901 559.499268 37.459026 18.991060 548.450256
584 409 598 400 615 399 628 408 614 413 598 414 708 407 722 399 739 399 753 409 739 414 723 413 432 281 89.938881 52.818104 48.939449 -0.148063 0.075401 0.003221 22.984373 24.316076 555.766052 -10.126095 24.394552 558.266113 56.094845 24.237600 553.265991
580 414 594 405 611 404 624 413 610 418 594 419 705 413 718 405 735 405 749 414 735 419 719 418 276 765 121.070656 148.559097 58.869095 -0.145895 0.098533 0.006496 20.800716 26.884306 553.424988 -12.242628 26.907761 556.695557 53.844059 26.860849 550.154419
583 411 597 402 614 401 627 410 613 415 597 416 710 411 725 402 742 402 757 412 742 417 726 416 15 107 172.814102 18.012741 48.315861 -0.171042 0.200862 0.008578 22.388168 24.583420 532.477966 -10.149477 24.868973 539.094604 54.925816 24.297865 525.861328
577 413 591 403 609 403 622 412 607 418 591 418 703 412 717 402 734 403 748 412 734 418 718 417 732 57 30.234961 8.694134 42.925259 -0.104066 0.242971 -0.007923 18.940229 25.517820 535.411011 -13.289123 26.195206 543.371521 51.169582 24.840435 527.450500
583 416 597 407 613 406 626 414 612 419 597 420 709 415 724 407 741 407 756 416 741 421 725 420 285 201 119.149536 36.852139 48.374218 -0.183941 0.238591 0.008958 21.789778 26.690399 530.568542 -10.475741 27.120565 538.398621 54.055298 26.260233 522.738403
583 422 597 412 614 411 627 420 613 425 597 426 710 419 724 410 742 410 757 420 742 425 726 424 510 16 74.367630 0.391885 43.548931 -0.172130 0.227145 -0.009392 22.149359 29.190521 530.286926 -10.203186 30.142920 537.700745 54.501904 28.238121 522.873047
588 414 602 404 619 404 633 413 618 419 602 419 714 413 727 403 745 404 759 414 745 419 729 418 35 246 168.869751 45.561489 50.764000 -0.119123 0.213544 -0.004174 24.711819 26.382689 540.499695 -7.739383 26.940134 547.511719 57.163021 25.825245 533.487671
588 423 601 413 618 413 632 421 617 427 602 427 715 421 729 412 746 412 761 421 746 426 730 426 374 528 101.529160 101.695297 53.872265 -0.154362 0.197455 -0.004799 24.731712 30.085140 536.014771 -7.828799 30.746229 542.490540 57.292225 29.424051 529.539001
589 420 603 411 621 410 634 419 619 425 603 426 714 420 728 411 745 411 759 421 745 426 729 426 402 761 96.016022 147.869629 58.010387 -0.121986 0.135846 0.004751 25.638077 30.353523 549.519592 -7.260831 30.471010 554.014893 58.536983 30.236036 545.024292
589 419 604 410 621 410 635 419 620 424 604 425 715 419 729 411 746 411 759 421 745 426 729 425 581 805 60.434128 156.731003 57.710026 -0.061414 -0.132457 0.017876 26.265621 29.645754 544.640320 -6.643136 28.919519 540.276123 59.174377 30.371988 549.004456
586 420 600 411 617 411 630 419 616 424 600 425 713 419 727 411 745 411 760 419 745 424 729 424 1220 564 -66.680138 109.516418 49.270042 -0.129720 0.203978 -0.002839 23.979897 28.909885 534.648926 -8.537362 29.440407 541.350098 56.497154 28.379366 527.947693
585 416 600 406 618 406 632 415 616 420 600 421 713 416 729 407 748 408 764 418 748 423 730 422 136 102 148.753433 17.121115 47.469780 -0.156118 0.275482 0.011678 23.609886 26.653397 518.821716 -8.343228 26.980175 527.846802 55.563000 26.326616 509.796692
578 422 592 412 609 412 623 421 608 427 592 427 703 422 717 412 735 413 749 422 735 428 718 427 825 160 11.766973 29.171757 44.252476 -0.106874 0.276808 -0.001351 19.122908 30.303257 533.862305 -12.819057 30.835022 542.916992 51.064873 29.771492 524.807556
576 421 590 412 607 412 621 420 606 426 590 427 701 420 715 412 732 412 746 421 732 427 716 426 1366 787 -95.658592 153.806290 52.488224 -0.118710 0.073553 -0.000971 18.833761 30.746208 548.997131 -14.281363 30.923082 551.429565 51.948887 30.569334 546.564636
578 425 592 416 609 415 623 424 608 430 592 430 703 424 717 416 734 416 748 426 734 431 718 430 742 861 28.434130 167.954590 57.743866 -0.127385 0.113884 0.006049 19.917900 32.796265 549.996643 -13.071506 32.836651 553.772461 52.907307 32.755878 546.220764
576 418 591 408 608 408 622 417 607 423 591 424 702 417 716 407 734 408 748 418 734 423 717 423 996 91 -22.250572 15.644135 41.910469 -0.099596 0.274257 -0.008045 18.568951 28.142113 532.959290 -13.394859 28.855736 541.923950 50.532761 27.428492 523.994629
578 422 592 413 610 413 623 422 609 427 592 428 704 422 718 413 735 414 749 423 735 429 718 428 334 586 109.496239 113.151001 55.194862 -0.127714 0.207540 0.005099 19.722231 31.168339 543.524231 -12.770576 31.438587 550.358276 52.215038 30.898090 536.690247
576 424 590 415 608 414 621 424 607 429 590 430 702 424 716 414 733 415 747 424 733 430 717 429 1327 466 -87.978760 90.192390 46.789852 -0.102236 0.211834 -0.008138 18.685131 31.789188 540.079956 -13.777010 32.414841 547.035400 51.147274 31.163536 533.124573
576 427 590 418 607 417 621 426 606 432 590 432 702 426 715 417 733 417 746 427 732 432 716 432 1366 500 -95.725548 96.958771 47.176266 -0.098440 0.208234 -0.009475 18.542330 33.219341 542.305725 -13.944280 33.869991 549.143616 51.028938 32.568691 535.467834
569 265 584 255 601 254 613 263 598 269 583 270 693 264 707 255 725 256 740 267 725 272 708 270 601 256 56.329277 48.004150 47.424274 -0.141496 0.138953 0.033838 14.986864 -51.979961 552.622437 -17.879526 -52.770672 557.284485 47.853252 -51.189255 547.960388
544 282 557 272 573 272 586 281 572 287 557 287 663 282 676 273 693 274 706 283 692 288 677 287 1275 68 -77.731987 11.316101 39.747276 -0.012326 0.171343 0.020101 -0.602476 -44.117531 568.803467 -33.314388 -44.746685 574.468689 32.109440 -43.488380 563.138306
546 280 559 270 576 270 588 279 574 284 559 285 665 280 679 271 696 272 709 283 695 287 680 286 813 588 14.252884 113.938065 52.248871 -0.081069 0.119519 0.032201 0.922604 -45.595303 575.411682 -32.028297 -46.500072 579.409058 33.873505 -44.690536 571.414246
552 282 565 273 581 273 594 281 580 286 565 287 671 284 685 276 701 277 714 287 700 291 685 289 275 458 121.197876 87.749252 53.193195 -0.082610 0.156354 0.048485 4.046875 -43.692883 573.901489 -28.714283 -45.079979 579.130432 36.808033 -42.305790 568.672485
553 298 566 288 582 288 594 297 580 302 566 303 671 299 685 291 701 292 714 302 700 306 685 305 1201 509 -62.915031 98.606789 48.370396 -0.080286 0.126837 0.039403 4.288233 -35.424088 578.184570 -28.624296 -36.558487 582.431702 37.200764 -34.289688 573.937439
551 280 565 271 581 270 593 280 579 285 564 285 671 282 685 273 702 275 715 285 701 289 685 288 1043 572 -31.483791 110.956566 50.520390 -0.061808 0.133697 0.043275 3.979777 -44.475849 571.041138 -28.897823 -45.770206 575.507446 36.857376 -43.181488 566.574829
557 294 571 283 588 283 600 292 585 298 570 299 677 295 691 286 708 287 722 299 708 303 692 301 68 668 162.406509 129.176071 58.369102 -0.099238 0.186980 0.050524 7.189474 -36.551205 560.499084 -25.394964 -37.908791 566.741760 39.773911 -35.193619 554.256409
557 277 571 269 588 269 600 278 586 283 571 283 678 283 692 275 708 277 721 286 707 291 692 289 493 621 77.889023 120.213387 54.852478 -0.018187 0.158472 0.071074 7.447956 -44.346401 566.158630 -25.257317 -46.646698 571.415405 40.153229 -42.046104 560.901917
559 283 573 273 590 274 602 284 587 289 572 289 679 288 693 280 710 281 723 292 709 296 693 295 79 34 160.071381 3.605497 46.566170 -0.018015 0.240815 0.071795 8.023167 -40.447258 556.356262 -24.138798 -42.734417 564.289490 40.185131 -38.160099 548.422974
558 277 572 268 589 269 601 279 587 283 572 283 679 283 693 275 710 277 723 287 709 291 693 290 172 535 141.696243 102.916969 55.259796 -0.024298 0.180231 0.075120 8.006195 -43.847790 563.307739 -24.567671 -46.253605 569.283936 40.580059 -41.441975 557.331543
559 279 573 270 589 271 602 280 587 285 572 285 679 285 693 277 710 278 723 289 709 293 693 291 91 423 157.776062 80.666466 53.691269 -0.039908 0.184817 0.073283 8.195602 -43.017155 564.873779 -24.355200 -45.311840 571.016968 40.746407 -40.722469 558.730530
557 288 571 279 587 278 600 287 585 292 570 293 680 289 694 281 711 282 726 292 711 296 695 295 724 360 31.896357 68.704330 48.583172 -0.084974 0.249575 0.047827 7.606184 -38.279945 541.229919 -24.532927 -39.499119 549.485291 39.745296 -37.060768 532.974609
557 281 571 273 588 273 600 282 586 287 571 287 678 286 692 279 708 280 721 290 707 294 692 293 743 712 28.200533 138.442245 54.979862 -0.033352 0.135997 0.065671 7.509257 -42.271702 567.540283 -25.317642 -44.368465 572.074341 40.336159 -40.174938 563.006226
560 290 573 281 590 282 602 291 588 295 573 295 680 295 693 288 710 290 723 299 709 303 693 302 363 809 103.781937 157.345398 59.141674 -0.038537 0.165041 0.073542 8.447278 -37.619690 569.006226 -24.217060 -39.942471 574.502197 41.111618 -35.296909 563.510315
560 286 573 277 590 278 603 288 588 292 573 292 680 292 694 284 711 285 724 296 709 300 694 299 279 267 120.357964 49.920193 49.633148 -0.006974 0.246923 0.073511 8.325226 -38.645580 556.836670 -23.783693 -41.031120 564.953735 40.434143 -36.260040 548.719666
557 279 571 269 588 270 600 280 586 285 570 285 678 284 692 275 709 277 722 287 708 292 692 290 1142 216 -51.251888 40.522659 43.314812 0.005360 0.208099 0.061695 7.316190 -42.674610 555.427368 -25.109528 -44.725559 562.277649 39.741909 -40.623657 548.577087
556 284 569 275 586 276 598 285 584 290 569 290 677 289 690 280 707 282 720 292 706 296 691 295 1410 198 -104.544907 37.176025 41.312668 0.009191 0.218007 0.054381 6.425864 -40.039684 556.176025 -25.944313 -41.863350 563.345825 38.796040 -38.216019 549.006287
558 281 571 272 588 273 601 283 586 287 571 287 678 287 692 278 709 280 722 291 708 295 692 293 248 522 126.581459 100.404022 54.545887 -0.028048 0.205088 0.071610 7.501570 -41.467144 558.925232 -24.922918 -43.730850 565.714050 39.926060 -39.203438 552.136475
558 284 572 275 589 275 601 286 587 290 571 290 679 290 693 281 710 282 723 293 708 298 693 296 169 28 142.174484 2.490495 45.894638 -0.019359 0.261003 0.071000 7.578343 -39.418884 552.192566 -24.419210 -41.664246 560.775940 39.575897 -37.173519 543.609192
557 286 570 277 587 277 599 287 585 291 570 291 677 290 691 283 708 284 721 294 707 298 691 296 879 870 1.195303 169.849075 57.057266 -0.028095 0.147625 0.062294 7.105351 -40.003410 566.796082 -25.674156 -41.994038 571.705383 39.884857 -38.012787 561.886841
562 305 575 296 591 295 604 303 590 309 575 310 682 302 696 293 713 293 727 302 713 307 697 307 1248 717 -72.211937 139.844742 51.927479 -0.094518 0.217099 0.002022 9.729460 -32.192253 559.956482 -22.696432 -31.919668 567.101196 42.155354 -32.464836 552.811768
572 291 585 283 602 282 615 291 600 297 585 297 694 292 707 283 725 284 739 293 724 299 708 298 1080 228 -38.921078 42.848961 43.923027 -0.022390 0.275351 0.026117 15.027087 -36.983887 545.293762 -16.915762 -37.738297 554.329468 46.969936 -36.229477 536.257996
580 300 593 291 610 291 623 299 609 305 593 305 702 301 716 293 733 294 747 304 732 309 716 307 389 860 98.624023 167.468445 59.923691 -0.083729 0.188615 0.045676 19.898857 -33.008423 558.427734 -12.683004 -34.252590 564.707336 52.480717 -31.764259 552.148071
582 294 596 285 613 285 626 294 611 300 595 300 705 297 719 288 737 289 750 299 736 304 720 303 329 111 110.379631 19.061296 46.434437 -0.029791 0.286321 0.048118 20.610096 -34.572803 541.914795 -11.205120 -36.007343 551.311279 52.425312 -33.138264 532.518311
582 299 596 288 613 288 626 297 611 303 595 304 706 298 720 289 738 290 753 301 738 305 721 304 359 425 104.487709 81.281334 52.059296 -0.075763 0.257292 0.031617 20.939741 -33.022182 536.882568 -11.156174 -33.737644 545.361938 53.035656 -32.306725 528.403198
580 307 593 299 609 298 622 307 608 312 593 312 701 309 714 301 731 302 745 311 731 316 715 315 1121 786 -46.943302 153.408279 53.995472 -0.069194 0.155932 0.037837 19.596775 -29.448372 564.431335 -13.181669 -30.519690 569.626038 52.375221 -28.377056 559.236572
583 299 597 290 614 290 626 300 612 304 597 305 706 302 720 294 737 295 751 305 736 309 720 308 69 356 162.134888 67.377487 52.588203 -0.060805 0.244358 0.052972 21.474211 -32.368099 550.508728 -10.698384 -33.862347 558.586548 53.646805 -30.873854 542.430908
581 307 594 297 611 297 624 307 609 312 594 313 703 309 717 300 734 301 748 311 733 316 717 315 1076 88 -38.158382 15.115197 41.356739 -0.029845 0.274951 0.038040 19.799360 -28.188036 544.706909 -12.134605 -29.299452 553.737244 51.733326 -27.076620 535.676636
583 300 596 290 613 290 626 300 612 305 596 305 705 303 720 294 737 295 751 305 736 310 720 309 570 206 62.481621 38.075100 46.691902 -0.042075 0.258252 0.047817 21.090105 -31.738295 544.801758 -10.976205 -33.128048 553.309448 53.156414 -30.348541 536.294128
582 304 596 293 614 292 626 302 611 308 595 309 706 303 720 293 739 294 753 306 738 311 722 309 438 372 88.767075 70.847824 50.586365 -0.078595 0.284191 0.034291 20.866415 -30.093208 532.803711 -10.987947 -30.847055 542.146667 52.720776 -29.339361 523.460754
583 309 596 300 613 300 626 309 611 314 596 314 705 311 719 303 736 304 750 314 735 318 720 317 1147 838 -52.100983 163.729385 54.795998 -0.060739 0.192063 0.039626 21.427713 -27.723524 555.868103 -11.140835 -28.837090 562.240662 53.996262 -26.609959 549.495605
573 302 587 292 604 291 617 300 602 306 586 307 698 301 713 291 731 292 747 302 731 307 714 306 1342 179 -91.028297 33.357105 41.384480 -0.064217 0.303434 0.020208 16.176296 -30.535570 518.964783 -15.505435 -30.874897 528.900208 47.858028 -30.196243 509.029388
575 312 588 303 605 303 618 312 604 317 588 317 697 315 711 306 728 307 742 317 727 322 712 321 1009 714 -24.690144 139.055466 53.360344 -0.043329 0.222958 0.042497 17.022543 -25.809515 551.446228 -15.330776 -27.048435 558.814270 49.375862 -24.570593 544.078247
577 304 591 295 608 296 621 305 606 310 591 310 700 308 714 300 731 301 745 311 730 315 715 314 586 452 59.357586 86.814613 51.145367 -0.037943 0.261352 0.051979 18.164818 -29.111803 544.600281 -13.868211 -30.653343 553.206604 50.197845 -27.570263 535.994019
577 306 591 297 608 297 621 307 606 312 590 312 700 310 714 301 732 302 745 312 731 317 715 316 438 199 88.726715 36.580853 47.384384 -0.032714 0.297601 0.054018 17.913187 -27.904181 538.298279 -13.784449 -29.509892 548.057495 49.610821 -26.298471 528.539124
575 304 589 294 606 294 619 304 604 309 589 310 699 307 713 297 730 298 744 309 729 314 713 312 946 88 -12.309328 15.009105 42.166321 -0.024086 0.296282 0.041690 17.102495 -29.266447 537.436401 -14.627178 -30.512470 547.143860 48.832169 -28.020424 527.728943
574 304 588 295 605 295 618 305 603 310 588 310 698 307 712 298 729 299 743 309 728 314 712 313 1394 158 -101.372818 29.239967 40.671967 -0.009750 0.294620 0.038490 16.554508 -29.050840 536.313110 -15.195373 -30.262800 545.958618 48.304386 -27.838882 526.667603
577 310 590 301 607 301 620 311 605 315 590 316 700 313 714 305 731 306 744 316 730 320 714 319 1233 742 -69.223518 144.784378 52.483604 -0.040143 0.213848 0.043196 18.145487 -26.521351 549.708069 -14.272341 -27.801981 556.779419 50.563313 -25.240721 542.636658
579 306 592 297 609 297 622 307 608 311 592 312 702 309 716 301 733 302 746 312 732 317 716 315 973 633 -17.550840 122.982018 52.085342 -0.042768 0.225186 0.049328 19.220287 -28.425385 548.404175 -13.106277 -29.889183 555.847961 51.546848 -26.961584 540.960388
576 317 591 307 608 306 621 315 606 321 590 322 701 316 716 307 735 308 750 318 735 323 717 322 743 345 28.114918 65.748711 48.187222 -0.099407 0.313522 0.027923 17.931900 -23.054962 521.948181 -13.642900 -23.452631 532.216309 49.506699 -22.657293 511.680115
559 341 574 334 590 335 602 344 587 348 572 347 677 355 690 349 705 352 717 363 703 365 689 362 455 278 85.364883 52.242649 48.740688 -0.160390 -0.072777 0.128811 8.337805 -7.325640 605.165710 -24.505043 -11.761947 603.109924 41.180653 -2.889333 607.221436
558 364 573 357 589 359 601 369 586 372 571 371 680 382 695 377 711 380 724 390 709 393 694 390 92 285 157.545029 53.332932 51.130859 -0.087800 0.059498 0.159726 8.429767 7.098620 561.186890 -24.294182 1.913847 563.382568 41.153717 12.283393 558.991211
549 351 564 345 580 347 592 357 577 360 562 359 667 370 681 364 697 367 708 378 694 381 680 378 383 664 99.771332 128.640839 56.333382 -0.059480 -0.075732 0.167306 2.560380 0.778688 584.615051 -30.086229 -4.816777 582.280701 35.206989 6.374154 586.949463
527 343 542 335 559 337 571 347 556 351 540 350 647 358 661 351 677 355 689 366 675 369 660 366 830 341 10.815002 65.027412 47.571388 -0.067614 0.011946 0.145761 -9.242391 -5.369949 581.814453 -42.092865 -10.175620 582.372681 23.608082 -0.564277 581.256226
527 337 541 329 558 331 570 341 555 345 539 343 646 352 660 346 676 349 688 360 674 363 659 360 1199 100 -62.612766 17.592478 40.812847 -0.040506 0.024440 0.145173 -9.610564 -8.535499 577.167725 -42.456257 -13.320846 578.073547 23.235130 -3.750152 576.261902
539 341 553 334 569 336 581 346 566 349 551 348 659 358 674 352 690 355 703 366 688 369 673 366 70 44 161.863266 5.578902 46.807304 -0.123253 0.157055 0.163516 -2.757245 -5.511938 558.312805 -35.113358 -10.561794 563.802856 29.598866 -0.462081 552.822754
529 346 543 339 559 340 571 350 556 353 542 352 651 361 665 355 682 358 695 368 680 371 665 368 1271 454 -76.846581 87.769791 46.916492 -0.123836 0.095848 0.140829 -7.508955 -3.789222 559.137756 -40.233753 -8.234582 562.585388 25.215843 0.656138 555.690186
534 348 549 341 565 344 577 355 562 358 546 356 653 367 668 360 684 364 696 375 681 378 666 375 633 142 49.939838 25.449717 45.115017 -0.058767 0.204189 0.161866 -5.832639 -0.824725 560.383667 -37.916939 -5.937725 567.240356 26.251661 4.288275 553.526978
535 347 549 341 564 342 576 352 561 355 547 353 655 364 669 358 686 361 698 371 684 374 668 371 968 777 -16.523052 151.500732 54.781715 -0.134573 0.094873 0.153933 -5.167499 -2.588602 564.704224 -37.831772 -7.445671 568.170288 27.496773 2.268467 561.238098
531 344 546 336 562 338 574 349 559 352 544 351 650 359 664 353 680 356 692 367 678 370 663 367 912 321 -5.494451 61.132832 46.690556 -0.064322 0.074627 0.146441 -7.583917 -4.463946 578.083374 -40.341393 -9.221798 580.704468 25.173559 0.293905 575.462280
533 338 547 330 564 332 575 343 561 347 545 345 651 354 665 347 681 350 693 362 679 365 664 362 257 363 124.754814 68.917435 51.546978 -0.071269 0.141769 0.153224 -6.998739 -7.501761 575.800171 -39.483013 -12.381306 580.650085 25.485535 -2.622216 570.950317
533 342 548 334 564 336 576 347 561 350 546 348 651 358 665 352 681 355 693 366 679 369 664 366 215 619 133.165771 119.590363 56.546726 -0.097537 0.049810 0.158163 -6.574860 -5.514811 584.095642 -39.324574 -10.653827 585.994690 26.174852 -0.375796 582.196594
526 353 541 345 558 346 569 355 554 359 539 358 647 365 662 359 679 362 693 373 678 375 662 372 1020 584 -26.907698 113.314697 50.885727 -0.329124 0.072364 0.125265 -8.998508 -0.866116 562.084900 -41.859596 -4.545305 565.113403 23.862579 2.813073 559.056335
519 345 534 337 551 338 563 347 548 351 532 351 640 356 655 349 673 351 687 363 672 366 656 363 1047 182 -32.370125 33.710579 43.277142 -0.344225 0.044767 0.106499 -12.302288 -5.595375 560.530884 -45.287949 -8.801420 562.586853 20.683371 -2.389329 558.474854
526 353 541 346 557 347 569 355 554 359 539 359 647 365 661 360 678 362 692 373 677 375 661 372 355 825 105.376381 160.508072 59.487629 -0.353736 0.073507 0.127070 -9.126269 -0.772223 561.310059 -41.977650 -4.462722 564.428772 23.725113 2.918277 558.191284
522 348 537 341 553 342 565 352 550 355 535 354 640 361 654 354 670 357 683 367 669 370 654 367 1100 641 -42.801510 124.670258 51.442509 -0.279385 -0.018413 0.116112 -12.545099 -3.438204 585.413208 -45.522202 -7.319679 585.345581 20.432001 0.443271 585.480835
525 348 540 340 557 341 569 350 553 354 538 353 646 360 661 354 678 357 692 369 677 371 661 368 730 556 30.749046 107.531929 52.173485 -0.292087 0.073896 0.136093 -9.484124 -3.437630 561.378784 -42.294392 -7.519613 564.442017 23.326145 0.644353 558.315613
524 344 539 337 555 338 567 348 552 351 537 350 642 358 656 351 672 354 684 365 670 368 655 365 1067 396 -36.296982 76.114952 47.113422 -0.195557 -0.013222 0.130755 -11.550814 -5.370131 586.629333 -44.470200 -9.714489 586.616943 21.368572 -1.025774 586.641785
529 344 544 337 560 339 572 349 557 353 542 351 647 360 661 353 677 356 689 367 675 370 660 367 164 187 143.205780 33.980339 48.868637 -0.120138 0.051414 0.147704 -8.936211 -4.332421 582.938477 -41.736244 -9.102972 584.928284 23.863821 0.438130 580.948669
529 349 543 341 559 343 571 353 556 356 541 355 646 363 660 357 676 360 687 370 673 373 659 370 421 852 92.259315 165.909958 59.576340 -0.185215 0.023355 0.142733 -9.522146 -2.568928 590.551514 -42.381264 -7.193370 591.756775 23.336969 2.055514 589.346252
552 336 566 328 583 329 596 338 581 342 566 342 675 344 688 337 704 339 716 349 703 353 688 351 177 737 140.749176 142.932205 58.967384 -0.102473 -0.038476 0.081726 5.477254 -11.416753 567.539490 -27.592302 -14.187370 566.404724 38.546810 -8.646136 568.674316
499 360 514 352 530 351 543 358 528 363 513 364 624 361 639 354 657 356 672 365 657 368 640 367 1107 897 -44.133663 175.383179 56.137108 -0.233978 0.118730 0.039660 -21.314705 -1.117093 542.893372 -54.260883 -1.960080 546.942810 11.631476 -0.274106 538.843872
517 355 531 346 548 347 561 357 546 362 530 361 639 363 653 355 670 357 683 368 669 372 653 370 557 119 65.046227 20.831966 45.162617 -0.068757 0.158563 0.080206 -13.656887 -1.017292 552.977234 -46.339062 -3.483960 558.301758 19.025288 1.449375 547.652710
522 352 536 344 551 345 562 353 548 358 534 357 643 360 658 353 674 355 688 364 674 368 658 366 790 145 18.722836 26.172068 44.192814 -0.131428 0.255078 0.082016 -11.276541 -2.870939 535.760620 -43.298267 -5.001541 544.282898 20.745188 -0.740337 527.238342
519 349 534 341 551 342 564 352 549 356 533 356 643 358 657 350 674 352 687 363 673 367 657 365 710 42 34.605919 5.705055 42.784637 -0.056616 0.192077 0.085407 -11.831012 -3.704804 545.563721 -44.305092 -6.338543 551.971313 20.643068 -1.071064 539.156128
523 340 539 331 556 331 568 340 553 345 537 345 649 346 664 339 683 340 698 351 682 355 665 353 588 18 58.858662 0.851691 43.100197 -0.152948 0.120209 0.075478 -8.273101 -9.739757 540.971680 -41.144638 -11.923698 545.125244 24.598434 -7.555815 536.818115
536 341 551 332 568 333 580 344 565 348 550 347 657 352 671 344 687 347 699 358 685 362 670 359 437 141 88.912025 25.091684 46.317112 -0.050180 -0.033657 0.104819 -3.566185 -7.977934 578.075806 -36.570023 -11.477966 577.048218 29.437653 -4.477902 579.103455
541 337 556 329 573 331 585 341 570 345 555 344 662 350 676 343 692 346 704 357 690 361 675 358 112 408 153.596954 77.712479 53.282864 -0.065209 -0.055172 0.119763 -0.911831 -9.033209 576.137695 -33.828495 -13.055204 574.441772 32.004837 -5.011214 577.833679
535 341 549 333 566 334 579 344 564 348 548 348 656 352 669 345 686 347 698 358 684 361 669 359 1080 127 -38.944641 22.843388 42.053661 -0.072647 -0.085738 0.097092 -4.314738 -7.696721 573.797241 -37.241508 -11.012024 571.077637 28.612034 -4.381417 576.516785
538 345 552 337 569 338 581 347 566 351 551 351 658 355 671 349 687 352 699 362 686 365 671 363 524 838 71.775642 163.220963 58.675781 -0.099886 -0.035679 0.106548 -3.203326 -5.962746 582.571350 -36.198921 -9.546401 581.567444 29.792269 -2.379092 583.575256
539 342 553 334 570 336 582 346 567 350 552 349 659 354 673 347 689 350 701 360 688 364 673 361 199 284 136.269043 53.222179 50.446003 -0.055198 -0.074037 0.112617 -2.283229 -6.618064 572.246826 -35.187008 -10.412001 569.900146 30.620552 -2.824129 574.593506
536 353 551 346 567 347 579 356 565 360 549 359 656 363 669 357 685 359 697 370 684 373 669 370 756 826 25.642221 161.033401 57.008881 -0.105028 -0.045089 0.100607 -4.238083 -1.463034 583.339722 -37.241486 -4.869252 582.023438 28.765320 1.943185 584.656067
536 346 550 339 565 339 577 347 563 351 549 351 659 355 673 349 690 351 703 359 689 363 673 361 1113 603 -45.395283 117.154022 50.658226 -0.168859 0.066224 0.088032 -3.289526 -6.198319 560.054260 -36.293545 -8.916615 562.484375 29.714493 -3.480023 557.624207
532 349 547 341 563 342 576 351 561 356 545 355 654 358 667 351 683 353 695 363 682 367 667 365 1273 154 -77.314247 28.348919 41.351471 -0.048908 -0.134692 0.086294 -5.516422 -3.924612 568.742188 -38.297394 -6.885750 564.360474 27.264551 -0.963474 573.123840
540 347 554 340 569 340 581 349 567 353 552 352 663 357 677 351 694 353 708 362 693 366 677 364 284 450 119.406464 86.171997 52.989079 -0.149082 0.107391 0.101762 -1.351764 -5.014217 553.832397 -34.194511 -8.103575 557.623108 31.490984 -1.924860 550.041687
536 345 550 337 567 338 580 348 565 352 549 351 657 356 671 348 687 351 699 361 685 365 670 363 915 195 -6.120361 36.177830 44.339794 -0.062579 -0.106749 0.099002 -3.527232 -5.580880 569.643127 -36.380863 -8.965144 566.216003 29.326401 -2.196615 573.070251
534 345 548 337 565 338 577 348 563 352 547 352 655 355 669 348 685 350 697 361 684 365 669 362 1381 227 -98.771812 42.896534 42.030014 -0.070906 -0.105559 0.090319 -4.636312 -5.657832 569.773621 -37.521343 -8.768729 566.388855 28.248720 -2.546934 573.158386
535 348 549 340 566 341 578 350 563 355 548 354 656 358 669 351 686 353 698 364 684 367 669 365 1021 370 -27.156458 70.927460 46.918667 -0.068853 -0.076817 0.096615 -4.376747 -4.314199 573.757385 -37.329037 -7.599285 571.325439 28.575544 -1.029113 576.189331
534 350 548 343 565 344 577 353 562 357 547 356 654 361 668 354 684 357 695 367 682 370 667 368 1406 754 -103.619850 147.302460 51.628338 -0.118911 -0.070525 0.097550 -5.180854 -3.003391 581.553955 -38.145672 -6.365993 579.415466 27.783966 0.359211 583.692505
535 349 550 341 567 342 580 350 564 355 548 355 658 358 673 352 691 354 705 365 690 369 674 366 510 419 74.461639 80.216110 51.007881 -0.135134 0.103845 0.100135 -3.162203 -3.858253 553.559570 -36.022629 -6.929397 557.209229 29.698223 -0.787109 549.909851
579 291 594 282 610 282 623 290 608 295 592 296 700 296 715 289 732 291 747 301 732 305 716 302 393 147 97.662338 26.244226 46.702179 -0.171958 0.045269 0.064265 20.250906 -37.511944 567.873718 -12.851621 -39.504322 569.550842 53.353432 -35.519569 566.196594
555 296 568 287 584 287 597 295 583 301 568 301 674 297 687 289 704 291 716 301 703 305 688 303 581 222 60.298122 41.253277 46.919537 -0.133328 0.046762 0.035196 5.859123 -36.799526 583.543945 -27.288919 -37.860744 585.168945 39.007168 -35.738312 581.918945
573 313 588 304 606 305 618 315 603 319 587 319 697 321 710 313 725 315 738 327 725 330 711 328 42 652 167.572586 125.985649 58.234882 -0.155744 -0.213526 0.065894 17.369724 -23.144192 551.876099 -15.011155 -25.853941 545.042664 49.750603 -20.434443 558.709534
557 331 570 322 586 323 599 331 585 336 570 336 675 335 689 328 705 330 718 339 704 343 689 341 439 317 88.555405 59.954517 49.562164 -0.027667 0.223446 0.056804 6.347133 -15.787910 572.389160 -25.979139 -17.554983 579.768127 38.673405 -14.020836 565.010193
545 341 558 333 574 333 587 341 573 346 558 346 663 343 676 336 692 337 704 346 691 350 676 349 847 726 7.524555 141.300156 54.591312 -0.039474 0.179882 0.033475 -0.353478 -10.946235 580.103394 -33.004097 -11.933751 586.063416 32.297142 -9.958718 574.143433
578 351 592 344 608 345 620 354 606 358 591 358 691 362 704 355 718 357 729 367 717 371 703 369 513 577 73.901985 111.514412 53.913551 -0.180069 -0.175734 0.085141 18.242138 -2.749876 620.348450 -14.333319 -6.066123 614.834656 50.817593 0.566370 625.862244
506 368 518 359 534 357 547 364 534 370 519 372 622 359 634 350 651 349 665 357 651 363 636 363 679 341 40.839672 64.904182 48.511753 -0.141874 0.089924 -0.063870 -22.844902 -0.416778 587.628113 -55.848278 1.903861 590.447937 10.158473 -2.737417 584.808289
569 346 583 338 599 338 611 347 597 352 582 352 688 353 701 346 718 347 731 357 717 361 702 360 128 298 150.389862 55.937286 51.147278 -0.004454 0.329806 0.061217 12.643085 -6.252356 553.458191 -18.711092 -8.222978 564.209534 43.997261 -4.281734 542.706787
578 346 592 338 608 338 621 347 607 352 591 352 697 353 710 345 726 346 739 356 725 360 711 359 296 563 117.046753 108.564270 55.005814 -0.158502 -0.186903 0.041276 19.046515 -6.790542 571.088074 -13.553170 -8.636368 565.053772 51.646202 -4.944716 577.122437
549 336 561 326 577 325 590 333 576 338 562 340 666 332 678 324 694 325 708 334 694 338 680 337 414 24 93.458031 1.898140 44.294846 -0.366638 0.009305 -0.011440 1.767089 -17.099026 601.737488 -31.434155 -16.671633 601.970703 34.968330 -17.526419 601.504272
526 347 539 338 555 337 567 345 554 351 539 352 643 344 656 335 672 336 685 345 672 350 657 349 1169 433 -56.569916 83.526970 47.163025 -0.163458 0.076351 -0.007081 -11.242044 -10.047159 591.521667 -44.349506 -9.606657 594.023987 21.865417 -10.487662 589.019348
530 350 544 342 560 340 572 347 558 352 543 354 648 346 662 339 680 340 695 348 680 352 664 351 1163 141 -55.445000 25.684174 41.795891 -0.179942 0.229503 0.000538 -7.836497 -7.981890 555.123901 -40.173008 -7.318709 562.638550 24.500015 -8.645070 547.609253
531 353 544 344 559 344 572 352 558 357 544 358 647 351 660 343 676 344 689 353 676 357 661 357 1128 889 -48.311146 173.815704 55.858261 -0.137911 0.074249 0.003544 -8.771409 -6.123307 593.420715 -41.884674 -6.070837 595.884155 24.341856 -6.175777 590.957275
534 348 549 338 566 338 578 347 563 352 548 353 657 348 669 340 686 341 699 352 686 356 671 354 358 598 104.726906 115.547493 55.267506 -0.128851 -0.001831 0.028714 -4.225457 -7.876963 570.541870 -37.416546 -8.831537 570.542603 28.965631 -6.922388 570.541199
538 354 550 345 566 345 578 353 565 357 551 358 654 353 666 346 682 347 694 356 681 360 667 359 719 884 33.012791 172.491547 58.312798 -0.148886 0.059625 0.018639 -5.326039 -5.314137 600.933350 -38.466202 -5.783295 602.950562 27.814123 -4.844980 598.916138
537 349 550 340 566 340 579 348 565 353 550 354 654 349 667 341 683 342 696 352 683 356 668 355 870 509 2.900639 98.336655 50.431721 -0.080498 0.085720 0.020204 -4.938149 -7.538795 588.841797 -38.014343 -8.093638 591.708313 28.138046 -6.983952 585.975281
542 348 556 339 572 338 585 344 571 350 555 352 661 344 674 337 692 338 707 347 693 351 677 350 96 468 156.792374 89.583923 54.493015 -0.160541 0.056869 -0.008752 -0.862273 -9.729977 583.125549 -34.012253 -9.289555 584.981445 32.287708 -10.170399 581.269653
539 375 552 368 567 367 580 374 566 379 552 380 659 375 673 367 689 367 703 375 689 379 674 379 503 349 75.837181 66.345146 49.755875 -0.089584 0.221172 -0.001144 -2.885388 6.394709 553.427185 -35.281887 6.759733 560.699951 29.511110 6.029685 546.154419
535 348 549 338 565 337 578 345 563 351 548 352 654 346 668 338 685 338 700 348 686 353 670 352 792 439 18.393742 84.407753 49.621876 -0.182045 0.120097 0.010631 -4.914922 -8.854074 572.018738 -37.879356 -8.842736 576.006958 28.049509 -8.865413 568.030518
550 345 563 336 579 336 591 345 577 350 563 350 666 348 678 340 694 341 707 351 693 355 679 354 22 118 171.424805 20.197279 48.475861 -0.063348 0.102284 0.044603 1.763807 -8.968521 595.726318 -31.234566 -10.338072 599.160156 34.762180 -7.598971 592.292480
547 312 560 304 575 304 586 311 573 316 559 317 656 314 668 307 683 309 694 318 682 321 669 320 1040 608 -30.878876 118.084816 51.205383 -0.191553 0.044134 0.049969 -2.549887 -30.125593 639.472717 -35.681160 -31.633564 641.086548 30.581387 -28.617622 637.858948
585 297 597 289 612 289 623 298 610 302 596 302 692 302 704 295 718 296 729 306 717 309 704 307 386 382 99.109032 72.786140 51.095284 -0.110300 0.017804 0.064254 20.179617 -39.125504 652.057312 -12.951491 -41.220589 652.764343 53.310722 -37.030418 651.350220
567 291 579 283 593 283 604 292 592 296 578 296 674 295 686 289 701 290 713 299 700 303 686 301 1185 24 -59.846752 2.527352 39.493382 -0.092563 0.212028 0.080334 8.422095 -41.693161 632.470764 -23.933455 -44.009827 639.563782 40.777645 -39.376495 625.377747
565 300 578 290 594 290 605 299 591 304 577 304 679 301 692 294 708 296 721 305 707 309 693 307 706 736 35.563171 143.165848 55.654488 -0.193621 0.163755 0.065733 9.706223 -35.471245 598.300659 -22.984600 -37.105606 603.886230 42.397045 -33.836884 592.715088
571 295 583 288 597 288 608 296 595 301 582 300 677 301 690 294 705 296 716 305 704 309 690 307 1037 233 -30.369841 43.804245 44.283356 -0.103001 0.204872 0.091268 10.668911 -38.780392 635.744995 -21.704988 -41.431698 642.634155 43.042809 -36.129082 628.855774
567 296 579 287 594 288 606 296 592 300 579 300 677 300 690 293 705 295 716 304 703 307 690 306 925 40 -8.144909 5.484366 41.408691 -0.129639 0.135911 0.078378 9.614786 -38.396584 624.624695 -23.182768 -40.689678 629.274658 42.412338 -36.103489 619.974792
581 304 595 296 610 295 622 304 608 309 593 309 697 306 709 299 725 301 738 310 725 314 711 313 514 265 73.630363 49.715824 48.132652 -0.049983 0.108630 0.046575 19.561485 -32.426777 595.889160 -13.411716 -33.879017 599.524902 52.534687 -30.974537 592.253418
589 303 601 295 616 295 628 304 615 308 601 308 697 307 709 300 724 302 736 311 723 315 709 313 348 284 106.642044 53.343777 49.518093 -0.043609 0.141935 0.063592 22.685701 -34.600414 638.201111 -10.118382 -36.600281 642.939514 55.489784 -32.600552 633.462708
584 307 597 298 613 298 624 305 610 310 596 311 695 308 708 301 725 303 738 312 725 316 710 314 1125 352 -47.839901 67.446983 45.937847 -0.149910 0.231684 0.056507 19.973246 -31.518955 601.864319 -12.293604 -32.797726 609.595764 52.240097 -30.240183 594.132935
583 304 597 296 613 296 625 304 611 309 596 309 697 308 709 301 724 302 736 312 724 316 709 314 694 234 37.832130 43.722397 46.437923 -0.059749 0.127129 0.064655 20.524082 -32.362663 608.955811 -12.343678 -34.375111 613.224304 53.391842 -30.350216 604.687317
590 307 602 299 617 300 628 307 615 312 602 312 697 311 709 305 723 306 735 315 722 319 709 317 761 873 24.658991 170.347000 57.847645 -0.079661 0.111715 0.070413 23.108706 -32.934959 650.495239 -9.807165 -35.116295 654.282959 56.024578 -30.753624 646.707458
587 303 601 295 617 295 628 303 614 308 599 308 702 307 715 300 731 302 744 311 731 314 716 313 152 11 145.550781 -0.890653 45.685860 -0.086289 0.198420 0.064990 22.220360 -31.703138 583.896423 -10.263759 -33.559772 590.521729 54.704479 -29.846504 577.271118
595 305 608 297 622 298 633 306 620 310 607 310 702 310 714 304 729 305 740 315 727 318 714 316 322 508 111.864113 97.691360 53.825928 -0.075457 0.158738 0.082591 26.191748 -33.468712 647.360718 -6.483143 -35.995682 652.701660 58.866638 -30.941744 642.019775
590 307 604 298 619 298 631 307 616 312 602 312 703 311 715 304 730 306 742 316 729 320 715 317 334 847 109.557129 164.848572 60.025597 -0.089043 0.103533 0.079319 24.285238 -31.187841 616.267273 -8.637745 -33.657940 619.807800 57.208221 -28.717743 612.726746
595 306 607 299 622 299 633 307 620 311 607 311 701 311 714 305 728 307 739 315 727 319 714 317 665 730 43.714165 141.943939 55.798767 -0.059453 0.145148 0.077858 26.138622 -33.136753 649.703430 -6.616920 -35.565910 654.575134 58.894165 -30.707600 644.831787
598 309 611 301 626 301 636 308 623 313 609 313 708 312 721 307 737 308 750 318 736 321 721 318 15 814 172.979034 158.051773 61.401413 -0.203178 0.250063 0.087657 27.666611 -30.052931 612.106689 -4.383254 -32.074062 620.549500 59.716473 -28.031797 603.663879
598 306 611 299 625 299 636 307 623 311 610 311 705 312 717 305 731 307 743 316 730 319 717 318 279 346 120.376396 65.568115 51.095325 -0.072086 0.177665 0.082204 27.960026 -32.573570 646.596924 -4.610848 -35.071514 652.551575 60.530899 -30.075630 640.642273
592 307 606 298 621 297 632 305 619 311 604 311 703 309 716 302 733 303 747 313 733 317 718 315 1242 51 -71.174271 7.921895 39.638142 -0.135638 0.261860 0.063570 24.860865 -31.454634 603.899231 -7.147532 -32.948353 612.604980 56.869263 -29.960913 595.193420
598 303 610 295 625 295 636 304 623 308 609 308 704 308 716 301 731 303 743 312 730 316 716 314 886 202 -0.352401 37.540688 44.649952 -0.046557 0.154839 0.078230 27.698206 -34.806625 644.979980 -5.008300 -37.270931 650.154114 60.404713 -32.342316 639.805908
598 310 612 302 627 301 637 309 624 314 610 314 708 313 721 307 737 309 750 318 737 321 722 319 883 860 0.397615 167.871597 56.847267 -0.191026 0.227439 0.082120 28.369604 -29.865196 616.873535 -3.872089 -31.833401 624.565002 60.611298 -27.896994 609.182007
545 284 558 275 573 275 584 282 571 287 557 288 656 283 668 276 683 276 695 285 683 289 669 288 741 867 28.634369 169.142227 57.861145 -0.158005 0.062016 0.022138 -2.949147 -47.048660 616.854309 -36.082150 -47.617874 618.961426 30.183853 -46.479450 614.747192
553 276 565 269 579 269 590 277 578 282 564 282 659 280 671 273 686 273 698 282 685 286 671 285 883 311 0.269544 59.128414 46.686069 -0.008767 0.204381 0.053009 -0.398214 -50.805756 632.530334 -32.865616 -52.523205 639.274048 32.069191 -49.088306 625.786621
557 273 569 265 584 266 595 275 582 279 569 279 663 278 675 270 690 271 702 280 689 285 676 283 808 98 15.132771 16.877234 43.210815 -0.001263 0.243776 0.063575 2.180516 -51.912220 628.417969 -29.976130 -53.995872 636.428467 34.337162 -49.828564 620.407471
557 276 569 269 583 269 594 277 582 281 568 281 662 280 674 273 689 274 701 283 688 287 675 285 587 473 59.163643 90.974998 51.527821 -0.024484 0.192185 0.058979 1.883391 -51.375221 640.120239 -30.652746 -53.242386 646.482056 34.419529 -49.508060 633.758362
560 276 572 268 587 269 598 277 585 281 572 281 666 281 678 274 693 275 704 284 691 287 678 286 283 737 119.672249 143.018707 58.307262 -0.036767 0.189422 0.070696 3.982883 -51.394211 642.324829 -28.545633 -53.609951 648.613403 36.511402 -49.178474 636.036316
557 278 569 271 583 271 594 280 582 284 568 284 662 283 674 275 689 277 701 285 688 289 675 288 1372 437 -96.933273 84.484940 45.972862 -0.006256 0.182031 0.058805 1.902331 -49.896168 640.091248 -30.696798 -51.818012 646.104797 34.501461 -47.974323 634.077698
559 265 570 257 585 258 596 266 583 270 570 270 663 269 675 262 690 264 702 273 689 277 675 275 791 86 18.510233 14.486459 43.094582 -0.043019 0.182461 0.071840 2.624834 -58.722153 648.608032 -29.943712 -60.961700 654.677124 35.193382 -56.482605 642.538940
561 272 573 264 587 264 598 272 586 277 572 276 665 276 677 269 692 271 703 280 691 283 677 282 442 564 88.016510 108.881493 54.115097 -0.077036 0.143682 0.077649 4.125411 -55.550884 658.389587 -28.637753 -57.931946 663.233704 36.888573 -53.169823 653.545532
558 271 572 262 587 263 598 271 584 276 570 276 668 274 680 267 696 269 708 279 695 282 681 280 692 429 38.275299 82.345390 50.059547 -0.112111 0.141842 0.071125 4.556950 -53.229431 623.518372 -28.231163 -55.313099 628.330627 37.345062 -51.145767 618.706177
567 269 579 261 594 261 604 270 592 274 579 274 671 274 683 268 698 269 709 279 697 282 683 280 274 66 121.305267 10.103036 45.944065 -0.044676 0.184645 0.087490 7.906068 -56.424625 654.401978 -24.608147 -59.172138 660.553162 40.420280 -53.677116 648.250854
566 272 578 264 593 265 603 273 591 277 578 277 670 277 682 270 697 272 708 282 696 285 682 283 953 456 -13.615353 87.906418 48.933880 -0.063585 0.118146 0.080945 7.440638 -55.330688 663.448120 -25.424347 -57.882984 667.440369 40.305622 -52.778393 659.455872
567 275 579 268 593 268 604 276 591 280 579 280 670 280 682 274 696 275 708 284 695 287 682 286 938 661 -10.584947 128.499557 52.821548 -0.076032 0.115853 0.077323 7.740012 -54.018356 670.000793 -25.143375 -56.429165 673.928955 40.623398 -51.607544 666.072632
564 276 577 268 592 268 603 276 589 280 575 281 673 280 684 274 699 276 711 285 698 288 685 286 1437 838 -109.764259 163.966064 52.990002 -0.142255 0.060623 0.073125 7.581873 -51.367893 639.499451 -25.473513 -53.641338 641.674866 40.637257 -49.094444 637.323975
569 275 581 267 595 268 606 275 594 280 581 280 672 279 684 273 699 274 710 283 698 286 685 285 1284 655 -79.384598 127.593475 50.555756 -0.081069 0.120814 0.075250 9.109526 -54.344555 668.126099 -23.759699 -56.669815 672.220825 41.978752 -52.019295 664.031372
573 273 585 265 599 266 610 274 597 278 584 278 676 278 688 272 702 274 713 283 701 286 688 284 441 353 88.166130 67.086853 50.216019 -0.075609 0.148298 0.091208 11.286626 -54.805004 665.827087 -21.416458 -57.629795 670.835876 43.989708 -51.980217 660.818237
572 273 583 266 598 266 608 274 596 278 583 278 675 278 687 272 701 273 712 282 700 285 687 284 975 428 -17.996340 82.378273 48.278633 -0.063239 0.131853 0.077438 10.556417 -55.103882 667.456421 -22.261086 -57.525349 671.895752 43.373920 -52.682411 663.017151
571 272 583 264 598 264 608 273 596 277 583 277 675 277 687 270 701 272 713 281 700 285 687 283 924 60 -7.941404 9.445050 41.785088 -0.023367 0.185022 0.081408 10.323787 -54.811657 656.812012 -22.204983 -57.424648 662.944763 42.852558 -52.198666 650.679199
575 273 586 265 601 266 611 274 599 278 586 278 678 278 690 272 704 273 715 282 703 286 690 284 431 452 90.177612 86.688118 52.110641 -0.060683 0.158337 0.086468 12.300253 -54.909187 664.853333 -20.365828 -57.603992 670.166077 44.966335 -52.214378 659.540649
573 275 585 267 599 268 610 276 597 280 584 280 676 280 688 274 703 276 714 285 702 288 688 286 254 439 125.369064 83.968689 52.972313 -0.102924 0.154218 0.089586 11.427917 -53.518955 664.545959 -21.250654 -56.210068 669.783203 44.106491 -50.827843 659.308777
572 277 584 269 598 269 609 277 596 281 583 281 675 281 687 275 701 276 712 286 700 289 687 287 581 811 60.435528 157.919449 57.821079 -0.100810 0.120060 0.080713 10.740930 -53.274643 670.323792 -22.117313 -55.740406 674.424438 43.599171 -50.808884 666.223083
558 323 569 314 583 313 594 320 582 325 569 327 663 319 675 312 689 312 701 320 689 325 676 324 1322 83 -87.073914 14.325583 39.732208 -0.285941 0.074530 -0.003680 2.538207 -26.851673 658.179077 -30.574831 -26.379986 660.600586 35.651245 -27.323359 655.757507
561 322 574 313 589 311 600 318 587 324 573 325 667 318 679 311 695 312 708 322 695 325 680 323 1306 672 -83.755089 130.978699 50.733395 -0.436658 0.121218 0.027424 5.264464 -26.197884 632.755066 -27.688288 -26.213734 636.838623 38.217216 -26.182034 628.671509
561 326 572 317 586 316 597 323 585 328 572 329 666 322 678 316 693 317 705 325 693 329 679 327 1106 388 -44.053566 74.562180 46.722477 -0.301416 0.115353 0.018074 4.447448 -24.401291 650.422791 -28.532988 -24.418791 654.276367 37.427883 -24.383791 646.569153
559 326 571 318 585 317 596 323 584 329 571 330 665 322 676 316 690 316 702 325 690 328 677 327 1100 616 -42.807343 119.718384 50.979794 -0.255811 0.063454 -0.001335 3.431247 -24.256041 651.688538 -29.707075 -23.944271 653.765564 36.569569 -24.567808 649.611511
587 329 599 322 614 321 625 327 613 332 599 333 698 328 710 322 724 323 737 331 724 335 711 333 481 574 80.264130 110.894066 54.057308 0.064715 0.357589 -0.008189 20.571724 -19.255409 592.278809 -10.532306 -19.369421 603.901428 51.675755 -19.141396 580.656128
578 324 590 316 604 316 615 322 603 327 589 328 688 324 700 318 715 318 728 326 715 330 701 329 459 172 84.544807 31.249964 46.753872 -0.321325 0.084967 0.029037 16.205427 -23.444159 626.421936 -16.866766 -23.941437 629.344666 49.277622 -22.946882 623.499207
578 326 590 318 605 318 616 325 603 330 590 330 685 328 697 321 711 323 722 332 710 335 697 334 334 182 109.402000 33.128700 47.717403 -0.221289 0.004826 0.044041 15.899417 -22.228628 654.799011 -17.272945 -23.660955 655.119019 49.071781 -20.796301 654.479004
579 324 591 316 604 316 616 322 603 327 590 327 688 325 701 318 715 319 728 327 715 331 701 330 187 58 138.602386 8.447435 46.337799 -0.291042 0.096210 0.040398 16.688080 -23.338917 630.873413 -16.337397 -24.197847 634.211060 49.713558 -22.479988 627.535828
576 327 589 318 604 317 616 323 602 329 588 330 687 325 700 319 717 320 731 328 717 332 702 330 349 667 106.532555 129.207321 56.600643 -0.280022 0.142723 0.028826 15.946723 -22.116978 614.434998 -16.909019 -22.400295 619.228699 48.802464 -21.833662 609.641296
578 330 591 322 606 321 618 327 604 333 590 334 688 329 701 323 717 324 731 333 717 336 702 335 550 815 66.600464 158.686462 58.088165 -0.287373 0.112595 0.033334 17.027943 -19.984880 623.721436 -15.949778 -20.541151 627.558167 50.005661 -19.428612 619.884766
577 329 590 321 604 320 615 325 602 331 589 332 687 326 700 321 716 322 730 329 716 333 701 331 1043 809 -31.428503 157.900345 54.906918 -0.310091 0.132321 0.022009 15.939151 -21.195021 617.680603 -16.969763 -21.237246 622.103455 48.848064 -21.152796 613.257812
576 328 588 320 602 320 613 327 601 332 588 332 681 328 693 322 707 323 718 332 706 335 693 334 106 592 154.832901 114.153381 56.725803 -0.274622 0.021700 0.029479 14.169479 -21.867657 663.530212 -19.013229 -22.735733 664.375122 47.352188 -20.999578 662.685303
575 326 586 319 601 318 612 325 600 330 586 331 681 327 692 321 706 322 717 330 706 334 693 333 689 758 38.948563 147.509613 56.167545 -0.256695 0.012370 0.029720 13.530409 -22.779949 661.645081 -19.657295 -23.703392 662.177246 46.718113 -21.856508 661.112976
577 325 589 317 603 316 614 323 602 328 589 329 683 325 694 318 709 319 720 328 708 331 695 330 69 195 162.097336 35.487411 49.608326 -0.241648 0.031993 0.028741 14.994686 -24.025238 662.053772 -18.179573 -24.842321 663.220215 48.168945 -23.208155 660.887329
573 326 585 317 600 316 611 324 598 329 585 330 680 325 691 318 706 319 717 328 705 332 692 331 1031 24 -29.225563 2.401673 40.452431 -0.239782 -0.000594 0.019229 12.962798 -23.602394 659.872803 -20.235901 -24.237106 659.929443 46.161495 -22.967684 659.816162
574 328 587 319 602 318 613 324 600 330 586 331 685 324 698 318 714 318 728 327 715 331 700 330 547 218 67.057716 40.433231 47.057240 -0.263665 0.155958 0.016522 14.604939 -22.142241 616.681396 -18.194715 -22.004934 621.850830 47.404594 -22.279547 611.511902
575 332 589 324 603 323 615 328 601 334 587 335 685 329 698 323 715 324 729 332 715 336 700 335 60 741 164.014252 143.629013 59.770046 -0.316242 0.168705 0.029929 15.202332 -19.445408 621.777161 -17.520315 -19.541643 627.414429 47.924980 -19.349173 616.139893
574 330 587 322 602 320 613 326 600 332 586 333 684 326 697 320 713 321 727 329 713 333 698 331 527 767 71.162560 149.160080 57.342991 -0.313867 0.156701 0.016341 14.357642 -21.228199 621.704468 -18.439281 -20.951515 626.885681 47.154564 -21.504881 616.523254
574 329 586 321 600 320 611 327 599 332 586 333 680 328 692 321 706 322 717 331 705 334 692 333 945 534 -12.006446 103.349739 50.427368 -0.263814 0.034343 0.019485 13.315149 -22.124435 664.391479 -19.863934 -22.614241 665.603210 46.494232 -21.634630 663.179749
572 327 584 318 598 318 610 325 597 330 584 331 678 326 690 319 704 320 715 329 703 332 690 331 933 118 -9.717423 20.940744 42.802536 -0.211627 0.019551 0.017939 12.084666 -23.262808 664.204407 -21.108503 -23.785517 664.911438 45.277836 -22.740099 663.497314
541 367 555 359 571 359 582 367 568 372 553 372 657 373 670 366 686 368 699 378 686 381 671 379 48 357 166.310745 67.558426 52.737492 -0.297953 0.123495 0.089590 -3.271869 4.636140 592.227417 -36.093819 2.321786 596.690918 29.550081 6.950493 587.763916
541 375 555 367 570 366 581 373 567 378 553 379 654 377 668 372 684 373 698 382 683 386 668 384 1085 884 -39.762241 172.790237 56.033504 -0.380514 0.177600 0.076466 -4.096006 7.893116 601.872742 -36.689445 6.535531 608.068237 28.497433 9.250702 595.677246
547 371 559 364 573 364 584 372 571 376 558 376 656 377 668 372 683 374 695 383 682 386 668 384 1026 827 -28.044044 161.451813 55.345943 -0.342871 0.079633 0.097234 -2.956412 7.628352 635.033020 -35.901878 4.919295 638.166199 29.989054 10.337410 631.899841
551 370 563 363 578 364 588 371 576 375 562 375 660 378 673 372 688 374 700 383 687 386 673 384 511 879 74.370110 171.331421 59.515591 -0.329790 0.107389 0.107036 -0.206471 7.470117 631.460388 -33.033783 4.575089 635.528076 32.620838 10.365146 627.392700
548 371 561 363 575 364 586 372 573 376 560 376 657 379 669 373 684 375 695 385 682 387 669 385 1233 651 -69.244751 126.759552 50.799328 -0.271496 0.081856 0.107614 -2.281543 8.221195 637.299133 -35.185165 5.068575 640.457031 30.622080 11.373816 634.141235
550 372 564 365 579 365 589 371 576 376 562 376 662 378 676 373 692 375 706 384 691 386 676 384 758 590 25.189489 114.289330 52.628403 -0.328438 0.252335 0.104845 0.492920 7.412960 590.064026 -31.491011 5.391679 598.753235 32.476852 9.434239 581.374817
549 373 561 366 575 366 586 374 573 378 560 378 658 380 671 375 685 377 697 386 684 389 670 387 1266 697 -75.795700 135.897934 51.445210 -0.279749 0.104621 0.105655 -1.727340 9.185076 632.887573 -34.568157 6.217059 636.790283 31.113476 12.153091 628.984863
552 369 565 361 580 362 590 371 577 375 563 374 661 378 674 372 689 374 701 384 688 387 674 385 134 339 149.206406 64.063255 51.868763 -0.218179 0.146581 0.119367 0.390565 7.341564 628.395386 -32.225079 3.960125 633.624634 33.006210 10.723003 623.166138
546 374 559 366 574 367 585 375 572 380 558 379 656 382 668 375 684 378 695 388 682 391 668 389 1167 591 -56.135380 114.821190 50.099834 -0.233462 0.106669 0.107736 -3.001601 10.129956 633.061157 -35.827263 7.009429 636.972412 29.824060 13.250484 629.149902
543 369 555 361 570 362 581 371 568 375 554 374 652 377 665 370 680 372 692 382 679 385 665 383 1397 108 -101.980995 19.338665 39.727856 -0.159782 0.118087 0.097095 -5.013938 6.940182 627.888000 -37.832298 4.054365 632.033752 27.804422 9.825999 623.742310
538 377 551 369 566 370 577 378 564 383 550 382 648 384 661 377 676 379 688 389 675 392 660 390 712 837 34.393700 163.176315 57.486488 -0.226605 0.130391 0.092688 -7.726255 11.357620 627.436279 -40.508881 8.806670 632.057068 25.056370 13.908570 622.815491
549 373 561 366 574 367 584 374 572 378 560 377 658 380 671 375 685 377 697 385 684 388 670 386 496 765 77.326103 148.738632 57.499027 -0.283284 0.233763 0.111122 -2.115849 8.779341 611.119812 -34.221996 6.265445 619.209045 29.990299 11.293237 603.030640
545 373 557 365 572 366 583 375 570 379 556 379 656 381 669 375 684 377 697 387 683 390 669 388 356 540 105.111053 104.057510 54.206463 -0.269911 0.152444 0.105879 -3.348087 9.284341 614.518372 -35.986050 6.508239 619.960449 29.289875 12.060444 609.076294
545 373 558 364 572 365 583 374 570 378 556 378 657 380 670 374 685 376 698 385 684 389 670 387 754 393 25.938889 75.265289 49.007130 -0.255296 0.161044 0.102086 -2.898861 8.669487 609.337097 -35.505150 6.013631 615.023560 29.707430 11.325343 603.650635
550 372 562 366 575 366 585 373 573 377 560 377 658 380 671 375 686 377 698 385 685 388 671 386 541 587 68.336830 113.518013 53.924263 -0.269288 0.227251 0.110136 -1.714805 8.602520 613.164978 -33.872803 6.032485 621.027405 30.443193 11.172556 605.302551
548 371 560 363 575 364 586 372 573 376 559 376 658 379 671 372 687 375 699 385 685 388 671 385 607 256 55.136246 48.009048 47.386909 -0.222917 0.171750 0.108463 -1.823243 7.950606 614.714355 -34.348179 5.034303 620.729614 30.701694 10.866908 608.699097
549 369 561 362 576 363 587 372 574 376 560 375 659 378 672 372 688 375 699 384 686 387 672 385 335 426 109.260078 81.459816 52.227268 -0.182262 0.177578 0.114467 -1.146836 7.565391 617.161621 -33.615368 4.347544 623.325989 31.321697 10.783237 610.997253
549 371 561 363 576 364 587 373 574 377 560 376 659 380 672 373 688 376 700 385 686 388 672 386 838 232 9.198864 43.443768 45.504135 -0.205630 0.171923 0.110727 -1.207067 8.328234 615.820129 -33.722454 5.285732 621.824524 31.308321 11.370735 609.815796
548 371 560 363 575 363 586 372 572 376 559 376 658 379 671 372 687 374 699 384 685 387 671 385 900 191 -3.138711 35.373291 44.359173 -0.209466 0.175571 0.107806 -1.806429 7.860325 612.729065 -34.311569 4.938130 618.847595 30.698713 10.782519 606.610596
542 374 557 366 573 366 584 375 570 380 555 380 660 382 674 375 691 377 704 388 690 391 674 389 541 305 68.271042 57.660858 48.704849 -0.270407 0.201469 0.108753 -1.706342 9.139767 576.158997 -34.049973 6.498787 583.192749 30.637287 11.780747 569.125183
546 336 561 327 577 328 588 338 574 342 559 342 659 345 672 338 689 341 701 352 688 355 673 353 222 267 131.691788 49.873672 49.988121 -0.112212 0.049108 0.105856 -0.760632 -11.365910 599.744934 -33.739861 -14.774220 601.565247 32.218597 -7.957600 597.924683
536 331 550 323 566 324 578 331 563 336 549 336 652 336 664 330 680 332 693 341 680 344 665 342 1109 2 -44.740128 -1.892322 39.559490 -0.002777 -0.490386 0.066219 -4.260497 -13.595812 513.477234 -33.482265 -15.728113 497.853516 24.961273 -11.463511 529.100952
548 333 561 326 575 326 586 334 573 338 560 338 659 339 672 332 687 334 700 343 686 346 672 345 732 171 30.261555 31.274685 45.035236 -0.164796 0.143871 0.078099 -1.310550 -15.268409 616.756042 -34.072445 -17.446541 621.703125 31.451345 -13.090277 611.808960
544 338 557 331 571 332 582 340 569 344 556 344 652 345 664 339 679 340 690 349 678 353 664 351 589 810 58.844582 157.727905 57.752750 -0.078445 0.092930 0.080681 -4.896211 -12.133479 639.054749 -37.850018 -14.682159 642.234436 28.057596 -9.584798 635.875061
538 336 551 328 567 329 579 337 565 341 550 341 649 343 661 336 677 339 688 349 676 352 662 349 476 622 81.269516 120.397591 54.976856 -0.119497 0.034504 0.091238 -7.055558 -13.104953 628.758484 -40.102715 -16.054184 630.080322 25.991596 -10.155722 627.436707
540 338 553 330 567 330 578 338 565 342 552 342 649 343 661 337 676 338 688 347 675 351 661 349 192 680 137.753296 131.654175 57.818985 -0.131277 0.100671 0.078453 -7.167847 -13.244101 639.535339 -40.102970 -15.615789 643.029968 25.767277 -10.872412 636.040710
528 341 542 332 558 332 570 341 556 346 541 346 642 344 654 337 670 339 682 350 669 353 655 351 910 185 -5.128500 34.193001 44.185844 -0.101310 0.081127 0.065499 -11.513619 -10.980468 608.891357 -44.538254 -13.011480 611.685669 21.511017 -8.949454 606.097107
541 335 552 329 565 329 576 336 564 340 551 340 647 341 660 335 675 336 687 344 674 348 660 346 86 66 158.686981 9.949610 47.114853 -0.167388 0.220911 0.079468 -7.737848 -14.205043 620.525635 -40.033913 -16.197666 627.979065 24.558216 -12.212420 613.072205
530 340 544 331 560 331 571 339 557 345 542 345 641 342 654 335 671 336 684 347 670 351 655 349 1365 21 -95.638451 2.080025 38.316895 -0.108862 0.175556 0.052026 -11.058550 -12.015689 605.912903 -43.708843 -13.414057 611.791870 21.591743 -10.617320 600.033875
534 344 546 336 560 336 571 343 559 348 545 348 642 346 655 339 670 340 683 349 669 353 655 352 607 579 55.211594 111.987274 53.365173 -0.212713 0.136189 0.052899 -10.842922 -10.582398 631.818298 -43.695309 -11.841173 636.476135 22.009462 -9.323623 627.160400
531 344 543 336 558 336 569 344 556 348 543 349 639 347 651 340 666 341 678 350 665 354 651 352 604 372 55.759823 70.983299 49.552586 -0.124779 0.125706 0.052990 -13.086319 -10.363479 638.049744 -45.983040 -11.853308 642.309509 19.810404 -8.873650 633.789978
527 347 538 339 553 339 564 347 551 352 538 352 633 349 645 342 660 343 672 351 660 355 646 354 981 876 -19.084864 171.120773 56.533104 -0.141442 0.098680 0.036599 -16.404261 -9.070093 647.194580 -49.425640 -10.047955 650.540039 16.617119 -8.092232 643.849182
526 343 538 335 552 335 564 343 551 348 538 348 633 345 646 338 661 339 673 347 660 351 646 350 1230 513 -68.680428 99.422752 48.263828 -0.107621 0.102973 0.036229 -16.197775 -11.345081 640.940125 -49.205143 -12.359733 644.410583 16.809593 -10.330429 637.469727
526 345 538 337 552 337 564 345 551 349 538 350 633 346 645 340 660 341 672 349 659 353 646 352 760 896 24.863195 174.901917 58.279568 -0.135052 0.111878 0.037635 -16.494061 -10.377095 644.802124 -49.468174 -11.369891 648.581299 16.480049 -9.384299 641.023010
532 347 544 340 557 339 568 345 556 350 543 351 639 347 651 341 666 341 679 349 666 353 652 352 408 813 94.835121 158.174423 58.935467 -0.236956 0.225227 0.038248 -12.680671 -9.631348 622.237854 -45.026798 -10.000463 629.731323 19.665455 -9.262232 614.744446
515 346 529 336 546 336 558 344 543 350 528 351 630 344 642 336 658 338 671 348 658 352 643 351 1291 395 -80.837128 76.099686 45.699936 -0.108615 0.087934 0.021675 -18.475290 -10.012423 605.451416 -51.544155 -10.571440 608.400513 14.593572 -9.453406 602.502258
517 348 530 339 546 338 558 346 544 352 529 352 633 346 645 339 661 340 674 349 661 353 646 352 354 695 105.544891 134.757507 57.087746 -0.201380 0.138590 0.023666 -17.360418 -9.118609 596.453735 -50.238693 -9.435537 601.088135 15.517859 -8.801682 591.819275
513 348 527 339 543 338 555 346 541 352 526 353 627 345 639 338 655 340 668 349 655 353 641 351 966 875 -16.102514 170.910446 56.608009 -0.154911 0.066835 0.015360 -20.240059 -9.280743 610.559204 -53.366982 -9.616864 612.807251 12.886862 -8.944622 608.311157
518 349 529 340 544 340 555 347 543 352 530 353 624 347 636 339 651 340 664 349 651 353 637 352 1402 472 -102.890282 91.442047 46.433834 -0.125210 0.142569 0.007901 -21.668858 -9.308581 641.537292 -54.536190 -9.273878 646.259277 11.198475 -9.343284 636.815308
522 347 533 339 548 338 559 346 547 351 533 351 628 346 640 339 655 340 668 349 655 353 641 352 102 709 155.655563 137.324890 58.916214 -0.173303 0.140456 0.025774 -19.262278 -9.925090 642.203186 -52.129951 -10.371292 646.901733 13.605396 -9.478888 637.504639
579 330 592 320 610 319 624 327 609 334 593 335 709 326 725 317 744 318 760 328 743 333 725 332 396 230 97.085182 42.686901 48.219707 -0.236887 0.276622 0.033832 20.598181 -17.653662 517.197266 -11.331527 -17.676321 526.310608 52.527889 -17.631002 508.083923
430 285 453 263 483 259 509 275 485 290 456 294 637 255 657 231 687 226 714 241 692 257 664 261 1260 73 -74.748238 12.294234 39.933235 -0.323291 -0.006441 -0.160878 -16.518671 -31.723219 331.991608 -49.297752 -26.530857 330.928162 16.260410 -36.915581 333.055023
566 331 580 322 596 322 609 330 595 336 580 337 693 328 708 320 727 321 742 331 726 336 709 335 438 468 88.789474 89.863029 52.363186 -0.266385 0.341818 0.051356 13.066174 -16.465277 519.771118 -18.186317 -16.629026 530.987854 44.318665 -16.301527 508.554413
423 314 443 297 474 301 497 324 473 336 446 334 649 319 673 297 706 295 733 312 707 332 676 333 540 794 68.583954 154.518723 57.761765 -0.561007 -0.015397 -0.021902 -13.747229 -12.815018 293.762695 -46.940453 -12.265074 293.079224 19.445993 -13.364963 294.446167
420 324 442 307 474 308 499 327 474 337 446 338 641 313 667 291 702 287 732 301 704 318 672 321 194 601 137.337189 116.007874 56.344353 0.485203 -0.105723 -0.043430 -13.911670 -13.227839 284.002747 -46.904053 -11.010575 280.978485 19.080711 -15.445101 287.027008
424 321 442 306 472 307 496 326 474 338 447 337 654 319 678 299 711 298 738 314 712 331 681 332 685 610 39.709393 118.191254 53.453190 -0.326257 0.034560 -0.028547 -13.416241 -12.474168 296.375488 -46.587994 -11.357799 297.349182 19.755514 -13.590537 295.401794
425 320 443 307 472 309 495 326 473 337 447 336 655 320 679 302 710 301 737 315 711 331 681 332 119 31 152.117126 3.043916 46.261543 -0.403688 0.018747 -0.027347 -13.330528 -12.249109 296.392120 -46.517338 -11.241752 296.816925 19.856281 -13.256467 295.967285
424 322 444 306 474 308 497 328 474 339 447 338 651 318 675 297 708 294 736 309 710 327 679 329 370 649 102.352737 125.659111 56.136711 0.381698 -0.067356 -0.023107 -12.969221 -12.528215 283.919525 -46.090900 -11.358589 281.883331 20.152456 -13.697843 285.955688
426 315 445 304 473 308 495 326 473 335 447 332 663 324 686 307 717 306 742 319 717 335 688 335 123 404 151.408783 76.929153 53.140324 0.234456 -0.011154 0.008975 -11.747519 -11.860836 281.993683 -44.948944 -12.112886 281.591919 21.453907 -11.608785 282.395447
426 323 445 312 474 313 497 329 475 339 449 338 670 324 696 309 728 309 755 322 728 336 698 336 1257 150 -74.133759 27.543562 41.377075 0.206790 -0.047067 0.011882 -10.175544 -10.396915 277.326080 -43.341381 -10.627502 275.734344 22.990294 -10.166328 278.917847
586 335 599 326 616 326 629 334 614 340 599 341 711 335 727 328 746 329 761 339 745 344 727 343 369 807 102.588440 156.954147 59.067291 -0.263677 0.339777 0.076442 22.811068 -13.654144 524.380798 -8.411832 -14.648497 535.636963 54.033966 -12.659792 513.124634
586 335 600 326 617 326 630 335 615 341 599 342 712 337 728 329 747 330 762 341 746 346 728 344 207 718 134.779572 139.193253 58.428898 -0.265739 0.345116 0.083417 23.097586 -13.121568 521.908875 -8.048347 -14.303681 533.358459 54.243519 -11.939453 510.459290
424 315 444 298 476 301 500 324 476 336 448 334 661 321 686 298 721 297 749 315 722 334 689 335 166 312 142.837250 58.741348 51.169750 0.303749 -0.017040 0.004307 -11.040019 -12.308867 277.435242 -44.239742 -12.364413 276.856537 22.159704 -12.253322 278.013916
585 332 598 323 615 323 629 332 614 338 598 338 712 333 728 325 747 327 763 337 746 342 728 340 393 686 97.788078 133.006653 56.678291 -0.258220 0.351398 0.082301 22.536100 -14.757639 517.818665 -8.541440 -15.919698 529.454651 53.613640 -13.595581 506.182709
424 318 445 302 476 304 500 325 476 336 448 335 656 317 680 294 715 291 743 307 716 325 684 327 1106 305 -44.072926 58.121956 45.186268 0.395593 -0.074719 -0.015612 -11.724059 -12.937903 278.824615 -44.833439 -11.949285 276.511322 21.385319 -13.926522 281.137878
587 331 601 322 618 322 631 331 616 337 600 338 714 333 731 325 750 326 766 337 749 342 731 341 336 417 109.059143 79.677963 52.054462 -0.263817 0.342948 0.088897 23.791861 -14.872410 517.315552 -7.362744 -16.251316 528.719482 54.946465 -13.493504 505.911652
587 332 601 322 618 322 631 331 616 338 601 338 714 333 730 325 749 327 764 337 748 342 730 340 680 364 40.646202 69.460724 48.931221 -0.248304 0.344922 0.083144 23.853859 -14.943242 520.917358 -7.293439 -16.218706 532.353210 55.001156 -13.667779 509.481506
584 333 598 324 615 324 628 332 613 338 598 339 712 334 727 326 746 328 761 338 745 343 728 341 1183 311 -59.382122 59.373245 44.817795 -0.238853 0.333091 0.075972 22.476875 -14.536659 522.421387 -8.817979 -15.684990 533.460999 53.771729 -13.388330 511.381744
420 315 446 296 478 290 508 299 481 313 450 319 655 269 677 248 708 241 737 250 713 266 683 271 1032 712 -29.263905 138.678085 53.180092 -0.654045 0.086648 -0.182485 -12.680223 -22.279799 291.620911 -45.233559 -15.777953 292.373169 19.873114 -28.781643 290.868652
431 336 457 323 487 317 515 322 488 335 459 340 664 298 688 284 717 280 745 286 720 299 692 302 823 639 12.276393 124.048050 53.130531 -0.751586 0.042470 -0.158831 -10.712397 -15.666126 308.160004 -43.490135 -10.392958 307.549072 22.065340 -20.939297 308.770935
587 321 600 312 616 311 629 318 615 324 600 325 706 316 719 308 734 309 747 317 734 322 720 321 280 681 120.255707 131.924057 57.289467 -0.238146 0.022360 -0.017757 23.956532 -25.552805 588.709351 -9.234811 -24.880854 589.374817 57.147873 -26.224754 588.043823
579 324 593 315 609 314 622 321 608 327 593 328 700 319 713 311 729 312 743 320 729 325 714 325 690 818 38.763721 159.394928 57.271832 -0.187868 0.035282 -0.018407 20.023785 -23.094269 576.722046 -13.154817 -22.377110 577.829163 53.202389 -23.811426 575.614929
580 325 593 316 610 315 624 323 609 329 594 330 702 322 715 313 731 314 745 322 731 327 716 327 10 471 173.893219 90.107964 55.084114 -0.040032 -0.012636 -0.012613 20.564430 -21.813307 569.850159 -12.635093 -21.403030 569.422302 53.763950 -22.223585 570.277954
583 326 596 317 613 316 627 324 612 329 597 330 705 322 718 314 735 315 748 324 735 329 719 328 145 881 147.145615 171.428879 61.831902 -0.103879 0.040329 -0.007504 22.385582 -21.406126 571.812439 -10.791323 -21.088003 573.135864 55.562489 -21.724247 570.489075
577 329 591 319 608 318 622 327 607 333 591 334 701 325 714 316 731 316 745 325 731 331 715 330 833 366 10.224319 69.981735 48.015419 -0.049493 -0.057533 -0.023448 19.531626 -19.256639 557.353760 -13.609138 -18.526127 555.426147 52.672390 -19.987152 559.281433
577 329 590 319 607 318 621 326 607 332 591 333 701 324 714 315 731 315 745 324 731 329 715 329 1336 592 -89.738922 115.157181 49.065880 -0.061853 -0.056966 -0.028528 19.356894 -19.795132 556.519714 -13.780576 -18.907576 554.601379 52.494362 -20.682688 558.437988
576 331 589 321 607 320 621 329 606 335 590 336 700 327 713 317 730 317 744 327 730 333 714 332 1014 119 -25.823139 21.204924 42.316612 -0.009788 0.192841 -0.027388 18.243151 -17.795511 547.992432 -14.333800 -16.860603 554.350769 50.820099 -18.730419 541.634155
576 326 590 316 607 315 621 325 607 331 591 332 700 323 713 313 731 313 745 322 731 328 715 328 1034 276 -29.763292 52.319023 45.097904 0.001657 0.196537 -0.026103 18.457392 -20.184565 547.199280 -14.096949 -19.328886 553.683289 51.011730 -21.040241 540.715271
577 327 591 317 609 316 623 325 608 331 592 332 702 324 715 314 733 314 746 323 732 329 716 329 1122 334 -47.247585 63.879189 45.623375 -0.013958 0.158587 -0.020992 19.406242 -19.739058 548.652405 -13.374619 -19.008348 553.890808 52.187103 -20.469767 543.414001
574 331 588 321 606 320 620 328 605 334 589 336 698 326 712 317 729 317 743 326 729 332 713 331 1421 372 -106.691544 71.650055 44.464653 -0.027736 -0.151457 -0.029082 18.179852 -18.266808 546.576294 -14.630883 -17.374699 541.554443 50.990585 -19.158915 551.598206
577 329 591 318 608 318 622 327 607 332 591 334 701 325 715 315 732 315 746 325 732 331 716 330 585 423 59.549660 81.069618 50.614845 -0.023793 -0.098882 -0.018090 19.577572 -19.132275 550.133118 -13.459625 -18.571697 546.848511 52.614769 -19.692852 553.417786
576 330 590 319 607 318 621 327 606 333 591 335 700 326 713 316 730 316 744 326 730 331 714 331 601 35 56.277721 4.229575 43.333881 -0.014128 0.209807 -0.023452 18.293552 -18.583796 548.271484 -14.174064 -17.761837 555.180725 50.761169 -19.405754 541.362244
579 330 592 320 609 319 623 328 609 333 593 334 703 326 716 317 733 318 747 327 733 332 717 331 317 717 112.907066 139.084961 57.725353 -0.046299 0.003842 -0.013206 20.254784 -18.718525 557.783569 -12.946889 -18.277250 557.900940 53.456459 -19.159800 557.666199
578 337 592 328 609 327 622 335 608 340 592 341 702 334 715 325 732 326 745 334 731 339 716 339 282 851 119.897682 165.598434 60.423466 -0.063826 0.026440 -0.010478 19.876144 -14.973690 561.503052 -13.315246 -14.598042 562.369141 53.067535 -15.349339 560.636902
573 327 587 317 605 316 619 325 604 331 588 332 698 323 711 313 729 313 743 322 729 328 713 328 1186 275 -59.987038 52.244995 44.132805 -0.005289 0.173096 -0.030237 17.273817 -19.824800 546.184875 -15.419693 -18.810789 551.900269 49.967323 -20.838812 540.469482
574 337 587 328 604 327 618 335 604 341 588 342 697 333 711 324 727 325 741 333 727 338 712 338 812 485 14.427695 93.535522 50.348717 -0.045034 -0.058014 -0.022856 17.584154 -14.954188 556.517761 -15.556141 -14.239348 554.576233 50.724449 -15.669028 558.459229
575 328 589 318 606 317 620 326 606 332 590 333 699 324 713 314 730 314 744 324 730 330 714 329 502 180 75.996597 32.869656 46.634155 -0.013765 0.182276 -0.021616 18.097218 -19.461607 547.992371 -14.549809 -18.706348 554.005737 50.744244 -20.216867 541.978943
574 337 588 327 605 326 619 334 604 340 588 341 698 332 711 323 728 323 742 332 728 338 712 337 887 665 -0.443231 129.250229 53.213188 -0.033965 -0.077213 -0.024632 17.856913 -15.313793 554.776672 -15.238916 -14.540460 552.202209 50.952740 -16.087128 557.351074
578 334 591 326 608 325 621 332 607 337 592 339 701 330 714 322 730 322 744 330 730 335 715 335 625 881 51.702946 171.820618 58.842663 -0.039213 -0.011115 -0.020416 19.572023 -16.812284 563.422729 -13.623820 -16.141848 563.040527 52.767868 -17.482721 563.804993
578 331 592 321 609 321 623 330 608 335 592 336 702 328 716 319 733 319 746 329 733 334 717 334 63 298 163.314392 55.884239 51.552071 -0.037235 0.146634 -0.010385 19.588509 -17.371201 551.313049 -13.258226 -16.937206 556.156982 52.435242 -17.805193 546.469177
544 339 557 330 573 331 585 340 571 345 556 344 659 347 672 340 688 342 700 353 686 357 672 354 539 458 68.704414 87.964706 51.549114 -0.079851 -0.021913 0.094020 -1.677258 -10.269443 599.582458 -34.727539 -13.412211 598.981201 31.373024 -7.126674 600.183655
552 329 566 321 582 322 594 332 580 336 565 335 668 340 681 333 697 336 708 347 695 350 681 347 119 22 152.115036 1.261240 46.094963 -0.141312 -0.109150 0.103085 3.410750 -14.891863 596.798767 -29.421164 -18.545761 593.441101 36.242664 -11.237965 600.156494
547 338 562 329 579 330 592 339 576 343 561 343 664 346 678 339 694 342 707 354 693 357 678 354 816 511 13.638405 98.688736 50.805027 -0.279140 -0.096270 0.087144 1.721546 -10.652873 594.289490 -31.205521 -13.943622 591.543762 34.648613 -7.362124 597.035156
552 333 566 325 582 326 594 335 580 339 565 338 667 343 680 337 695 339 706 350 693 353 679 350 1196 873 -61.835922 170.702011 55.138649 -0.245159 -0.091877 0.100713 3.112749 -13.371708 609.246521 -29.785536 -17.043680 606.642883 36.011032 -9.699735 611.850220
552 342 567 334 583 335 595 344 580 348 565 347 669 352 682 345 698 347 710 358 696 361 682 359 456 496 85.216904 95.423820 52.769329 -0.201308 -0.083259 0.095279 4.019532 -8.185574 598.796387 -28.920725 -11.596523 596.374695 36.959789 -4.774623 601.218018
552 334 567 327 583 328 595 337 581 341 566 340 668 344 681 338 696 340 708 350 695 353 681 351 616 780 53.468933 151.807693 57.029346 -0.168710 -0.095324 0.093617 3.661306 -12.769742 604.150330 -29.248281 -16.120304 601.270691 36.570896 -9.419179 607.029968
547 338 562 328 579 329 591 338 576 343 561 343 667 345 680 337 697 340 710 351 696 354 681 352 1319 297 -86.427475 56.711185 43.711723 -0.197714 -0.131150 0.068577 2.565404 -10.970320 574.295105 -30.277611 -13.652642 570.208374 35.408417 -8.287998 578.381836
554 336 568 329 584 330 596 339 582 343 567 342 668 346 681 340 696 343 707 353 694 356 681 353 931 860 -9.146651 167.910767 56.548344 -0.188230 -0.100948 0.097749 3.946307 -11.450481 609.726746 -28.932190 -14.980473 606.709595 36.824806 -7.920491 612.743896
552 331 566 324 582 325 595 334 580 338 565 338 669 342 682 335 697 337 709 347 696 350 682 348 705 283 35.656334 53.437050 47.276337 -0.115547 -0.127571 0.087265 3.840832 -13.931905 593.722656 -28.968584 -17.055555 589.679810 36.650249 -10.808255 597.765503
553 340 567 331 584 331 596 341 581 346 566 345 670 348 683 341 700 343 712 355 699 358 684 355 811 896 14.722412 174.943527 57.961964 -0.215743 -0.084722 0.084867 4.654847 -9.534305 586.533203 -28.312429 -12.625685 584.050903 37.622124 -6.442924 589.015442
557 337 570 330 586 331 598 340 584 343 569 343 669 347 682 341 697 344 708 353 695 356 681 354 1437 880 -109.754463 172.285217 53.767361 -0.173284 -0.112705 0.099014 4.918449 -10.950799 613.219849 -27.914337 -14.532669 609.793762 37.751236 -7.368928 616.645935
552 337 567 329 583 330 596 340 581 344 566 343 669 348 683 341 698 344 709 354 696 357 682 355 1184 333 -59.575829 63.731712 45.218758 -0.158203 -0.157828 0.093127 4.279922 -10.357743 593.498779 -28.370062 -13.832411 588.552612 36.929905 -6.883076 598.444946
552 336 567 329 583 330 595 339 581 343 566 342 669 346 682 340 697 342 709 352 696 355 682 353 1385 760 -99.442833 148.473770 51.870167 -0.165573 -0.142911 0.083929 4.066257 -11.395289 597.708618 -28.684608 -14.547772 593.236206 36.817120 -8.242806 602.180969
552 341 567 333 584 333 596 342 581 347 566 347 671 350 685 343 702 345 715 356 701 359 686 357 1161 118 -55.052689 21.126816 41.382648 -0.132091 -0.135038 0.078453 5.152368 -8.526083 572.589478 -27.648920 -11.408080 568.308167 37.953655 -5.644086 576.870728
557 333 571 325 588 326 600 336 585 340 570 339 673 344 686 338 702 340 713 350 700 354 686 351 331 313 110.029076 59.074078 50.160709 -0.084080 -0.148487 0.103150 6.516448 -12.596708 592.774902 -26.147455 -16.205738 588.020508 39.180351 -8.987678 597.529236
556 345 570 337 587 338 599 347 584 351 569 351 672 356 686 349 701 351 712 361 699 365 685 362 1134 220 -49.660244 41.308430 43.438667 -0.138053 -0.167441 0.093724 6.074633 -6.108130 593.687500 -26.521708 -9.573299 588.393066 38.670975 -2.642959 598.981873
555 334 569 326 586 327 598 337 583 341 568 340 672 345 685 338 701 341 712 351 699 355 684 352 1369 247 -96.381081 46.848240 42.474918 -0.147219 -0.177222 0.095586 5.647720 -11.959084 590.135193 -26.887442 -15.531096 584.543823 38.182884 -8.387070 595.726562
559 348 573 341 589 342 601 350 587 354 572 353 674 358 687 352 702 354 713 363 700 367 687 364 897 544 -2.459846 105.291313 50.911377 -0.254586 -0.092070 0.093067 7.133952 -4.748886 604.825439 -25.788260 -8.183639 602.200562 40.056164 -1.314132 607.450317
561 340 575 333 591 335 603 343 589 346 574 346 676 351 689 345 703 347 714 356 702 359 688 357 300 798 116.306221 155.115158 59.330418 -0.245039 -0.063730 0.103425 8.122242 -9.178571 608.784607 -24.839069 -12.827793 607.112915 41.083553 -5.529350 610.456360
559 345 573 338 589 339 602 347 587 351 572 350 675 356 688 350 703 353 714 363 701 365 687 363 980 587 -18.953442 113.876282 51.190357 -0.300900 -0.105032 0.103581 7.405984 -6.002478 603.271973 -25.440916 -9.897659 600.361938 40.252884 -2.107297 606.182007
509 259 523 251 539 251 551 260 537 264 522 264 625 266 639 259 655 261 668 271 654 275 639 272 911 389 -5.279749 74.601120 47.955364 -0.122968 -0.042544 0.067852 -20.548204 -56.016308 590.609436 -53.646721 -58.347946 589.340088 12.550313 -53.684673 591.878784
511 259 525 251 541 252 553 261 538 265 524 264 628 268 641 261 658 262 670 273 656 276 642 274 493 175 77.784981 31.871937 46.597660 -0.109755 -0.038167 0.076968 -19.274767 -54.911892 585.963074 -52.357239 -57.528774 584.839905 13.807705 -52.295006 587.086304
508 265 521 257 536 257 548 266 535 270 520 270 624 272 637 265 653 267 665 276 652 280 637 278 1184 434 -59.552265 83.737289 47.088120 -0.121610 -0.037783 0.065346 -21.920443 -52.945492 593.973572 -55.030823 -55.184032 592.854980 11.189939 -50.706947 595.092163
508 258 522 250 538 251 551 260 536 264 521 264 624 266 637 259 653 260 664 270 651 274 637 272 803 106 16.128832 18.457752 43.390018 -0.004835 -0.170620 0.068107 -21.444674 -56.457317 594.866028 -54.090736 -58.719761 589.237915 11.201389 -54.194870 600.494141
506 262 520 254 536 255 549 264 534 268 519 268 622 269 635 262 651 264 662 273 649 278 635 276 1024 409 -27.743877 78.654839 47.621819 -0.010581 -0.147224 0.061063 -22.658941 -54.629730 597.674866 -55.442886 -56.674515 592.817749 10.125006 -52.584949 602.531921
508 264 522 256 537 256 549 265 535 270 521 269 624 271 637 264 652 266 664 276 651 279 637 278 1277 661 -77.991325 128.776215 50.710400 -0.082948 -0.078336 0.064219 -22.002707 -54.035000 600.798828 -55.037411 -56.269028 598.293396 11.031998 -51.800968 603.304260
508 263 522 255 538 255 550 265 536 269 521 268 623 271 636 263 651 265 663 276 650 279 636 277 928 487 -8.637149 94.026344 49.663334 -0.046801 -0.125717 0.070056 -22.342236 -54.543156 604.000732 -55.203827 -56.957970 599.896606 10.519357 -52.128342 608.104919
507 264 521 256 537 257 549 265 535 270 520 269 622 271 635 264 650 265 662 275 649 278 635 277 1098 488 -42.439526 94.363152 48.623154 -0.022613 -0.133763 0.058855 -22.846975 -54.419712 603.036682 -55.697865 -56.416996 598.633362 10.003917 -52.422428 607.440063
510 265 523 257 538 258 550 266 537 270 522 270 625 272 638 266 654 267 666 277 653 280 638 278 675 819 41.746536 159.580765 57.383755 -0.138666 -0.026212 0.072766 -21.332386 -53.583591 600.691162 -54.438095 -56.049843 599.991638 11.773321 -51.117340 601.390686
507 267 520 259 536 260 548 269 534 273 520 273 621 274 634 267 649 268 661 278 648 282 634 280 923 462 -7.648787 89.070389 49.231758 -0.010588 -0.151473 0.059831 -23.298330 -52.703423 604.553833 -56.063763 -54.707855 599.557007 9.467098 -50.698990 609.550720
467 263 479 255 494 256 505 264 492 269 479 269 578 267 591 260 608 261 621 270 607 274 592 273 1429 304 -108.298119 58.187481 43.156250 -0.101955 0.202033 0.069162 -47.296528 -55.046329 594.158752 -79.747787 -56.981068 600.921265 -14.845267 -53.111588 587.396179
503 265 517 258 533 259 545 268 531 272 516 272 618 275 632 268 647 270 659 280 646 283 631 281 821 77 12.542967 12.728267 42.741177 -0.003325 0.065502 0.093365 -24.874439 -51.728394 595.542664 -57.863529 -54.818222 597.718079 8.114653 -48.638565 593.367249
508 264 522 256 538 258 550 267 536 271 521 270 623 275 636 268 652 270 664 280 650 284 636 281 304 539 115.450447 103.816994 54.511787 -0.014214 0.050886 0.105032 -22.457033 -52.418255 598.988525 -55.435963 -55.885799 600.699036 10.521898 -48.950710 597.277954
429 291 440 281 455 279 467 285 455 292 442 294 540 276 552 267 568 265 583 271 570 278 554 279 1167 387 -56.182968 74.413887 46.324085 -0.086499 0.201857 -0.097716 -68.284004 -46.246716 589.241943 -100.657822 -42.744736 595.740540 -35.910191 -49.748695 582.743347
524 272 539 266 555 268 566 278 552 281 537 279 642 288 656 282 671 284 683 294 669 297 655 295 15 277 172.853760 51.685493 51.462315 0.054411 -0.237747 0.130262 -11.016945 -43.209476 567.757629 -43.009369 -47.266506 559.846558 20.975479 -39.152447 575.668701
516 268 530 261 547 263 558 273 544 276 529 275 632 281 645 274 661 276 672 287 659 290 644 288 225 94 131.054901 15.609147 46.767456 0.042064 -0.269187 0.106838 -16.538897 -47.595230 582.652161 -48.361076 -50.905685 573.766785 15.283281 -44.284771 591.537537
514 269 528 262 544 263 556 273 541 276 527 275 629 280 642 274 658 276 669 285 656 289 642 287 869 785 3.163863 153.004547 55.546314 -0.001974 -0.147018 0.096274 -18.661871 -48.997654 596.294189 -51.355270 -52.182808 591.440674 14.031528 -45.812504 601.147644
513 269 527 261 543 262 555 272 541 276 526 275 629 280 642 272 657 274 669 284 656 288 641 286 349 276 106.441345 51.759995 49.363796 0.044548 -0.245484 0.092826 -18.453142 -48.421154 585.485596 -50.521137 -51.286667 577.362061 13.614852 -45.555641 593.609131
513 267 528 259 544 260 556 269 542 273 526 273 631 278 645 271 662 273 675 284 660 287 645 285 169 295 142.236771 55.376522 50.836422 -0.018003 0.078197 0.106606 -17.236084 -48.594494 575.689636 -50.151127 -52.100479 578.310303 15.678957 -45.088509 573.069031
512 269 526 262 543 263 554 273 540 277 525 276 628 281 641 274 656 276 668 286 654 289 640 287 610 511 54.599216 98.520622 52.087910 0.007066 -0.173909 0.095738 -19.319185 -48.721394 594.478516 -51.871845 -51.859169 588.730652 13.233474 -45.583622 600.226440
