572 391 587 382 605 382 619 391 604 397 587 397 697 390 710 380 728 380 742 388 727 395 711 395 846 859 -22.921974 175.567657 24.857950 -0.054335 -0.191942 -0.009904 7.034941 12.682432 550.730957 -25.558619 12.836551 544.390930 39.628502 12.528314 557.070984
564 383 579 373 597 373 611 383 596 388 579 389 689 381 703 370 721 370 735 379 720 385 704 386 964 104 -46.537891 26.170504 9.582600 -0.044042 -0.228173 -0.018724 3.139169 8.005342 543.631653 -29.199390 8.455361 536.110046 35.477730 7.555322 551.153259
561 388 575 379 593 379 607 388 592 394 576 394 684 386 698 376 716 375 730 384 716 390 699 391 1261 845 -105.481964 172.930542 24.028706 -0.042946 0.146230 -0.033318 0.138264 10.994081 555.815063 -32.693863 12.199962 560.627258 32.970390 9.788201 551.002930
563 389 577 380 594 380 608 389 594 394 578 394 686 387 700 377 717 377 731 385 717 391 701 391 1025 886 -58.525982 180.969437 25.161892 -0.074801 -0.108243 -0.020132 1.586746 11.394643 559.653076 -31.417112 11.926918 556.044556 34.590603 10.862369 563.261658
560 386 574 376 592 376 606 385 591 391 575 392 683 383 697 373 715 372 729 381 715 388 699 388 1349 451 -123.062088 94.975510 16.022253 -0.037721 0.190991 -0.034707 -0.397073 9.387413 550.082092 -32.978310 10.651572 556.360962 32.184162 8.123253 543.803162
561 387 575 378 593 377 607 386 592 392 576 393 684 385 698 375 716 374 730 383 716 389 700 389 1252 630 -103.731934 130.373230 19.735119 -0.045642 0.178463 -0.031031 0.123569 10.216313 553.151672 -32.538071 11.375555 559.019592 32.785210 9.057072 547.283691
564 387 578 378 595 378 610 387 595 392 578 393 688 386 701 376 719 375 733 384 719 390 702 390 775 568 -8.852348 117.947868 19.124426 -0.055709 0.186244 -0.021369 1.583603 10.580715 552.407288 -31.039598 11.457459 558.532471 34.206806 9.703971 546.282166
566 387 580 379 597 378 611 388 596 393 580 393 689 386 703 377 720 376 734 385 720 391 704 391 612 794 23.616234 162.626892 23.865784 -0.074011 0.104018 -0.018863 2.635636 10.999594 559.119263 -30.383892 11.751834 562.540405 35.655163 10.247355 555.698059
564 385 578 376 596 376 610 385 595 391 578 391 688 384 701 374 719 373 733 382 719 388 703 388 1036 401 -60.805325 84.978180 15.434957 -0.045978 0.202431 -0.027353 1.604191 9.558198 549.141357 -30.910389 10.613779 555.793213 34.118771 8.502617 542.489502
565 388 579 379 596 379 610 388 596 393 579 394 688 386 702 377 720 376 733 385 719 391 703 391 1000 750 -53.578186 154.043243 22.471483 -0.057632 0.139011 -0.024870 2.167604 11.105023 556.299744 -30.706755 12.060369 560.873962 35.041962 10.149679 551.725525
564 384 578 375 596 374 610 384 595 389 579 390 688 382 702 372 720 371 734 380 720 387 704 387 1075 52 -68.629265 15.914082 8.394461 -0.043719 0.258895 -0.029254 1.863944 8.643729 541.067261 -30.220394 9.790683 549.543091 33.948280 7.496775 532.591492
569 384 583 375 601 375 615 385 600 390 584 390 693 384 707 373 725 373 739 382 724 389 708 389 163 222 112.829918 49.267574 13.005033 -0.070425 0.225320 -0.012254 4.309299 9.266357 546.824768 -28.054062 9.931710 554.222717 36.672661 8.601004 539.426819
567 388 581 379 599 379 613 388 598 393 582 394 691 387 705 378 722 377 736 386 722 392 706 392 773 767 -8.417112 157.334793 23.112152 -0.075817 0.094434 -0.014876 3.646739 11.438176 557.907715 -29.406532 12.049612 561.016907 36.700008 10.826739 554.798523
565 387 579 377 597 377 611 387 596 392 579 393 689 385 702 375 720 374 734 383 720 390 704 390 1199 470 -93.218513 98.687744 16.601131 -0.043277 0.207703 -0.026857 2.105592 10.239304 548.855164 -30.373777 11.272974 555.680237 34.584961 9.205633 542.030029
566 388 580 379 598 379 612 388 597 393 581 394 690 387 704 377 721 377 735 385 721 392 705 392 905 791 -34.671814 162.127625 23.418180 -0.049298 0.187711 -0.019399 2.923630 11.158252 553.457397 -29.691818 11.951476 559.635010 35.539078 10.365027 547.279724
580 384 595 375 613 375 627 385 612 390 595 390 705 383 719 373 736 373 749 382 735 388 720 388 323 317 81.018410 68.122292 14.695839 -0.048750 0.250845 -0.020310 10.259694 9.324999 547.705811 -21.899338 10.193942 555.927795 42.418728 8.456055 539.483826
573 387 587 378 605 378 620 387 604 392 588 393 697 386 711 376 729 376 742 384 728 391 712 391 807 551 -15.221410 114.593430 18.741667 -0.048723 0.200673 -0.022321 6.570681 10.667938 549.759033 -25.959715 11.565525 556.356567 39.101074 9.770351 543.161499
583 388 598 380 615 380 629 389 614 394 598 394 708 389 721 380 738 380 751 388 738 394 722 394 220 808 101.600754 165.271439 24.664608 -0.038152 -0.208837 0.006005 12.574461 11.784192 550.484192 -19.908396 11.454523 543.605652 45.057320 12.113860 557.362793
583 384 597 375 616 375 630 385 614 390 598 390 709 385 722 375 740 375 753 383 739 390 723 390 338 32 77.980896 11.717808 8.968721 -0.053693 0.279356 -0.008729 11.583061 9.481017 539.225586 -20.333567 10.014306 548.369141 43.499687 8.947729 530.082031
579 386 593 377 612 377 626 387 611 392 594 392 704 386 718 376 736 376 750 385 735 391 719 391 698 156 6.388155 36.376930 10.975745 -0.043186 0.274341 -0.017241 9.679143 10.421586 539.232361 -22.279261 11.182159 548.212402 41.637547 9.661014 530.252319
574 325 591 317 612 317 629 327 611 332 592 332 725 324 741 313 760 311 775 318 759 326 742 328 432 300 59.331482 64.792679 14.211240 -0.012673 -0.180947 -0.039385 14.142535 -18.476736 459.436951 -18.494564 -17.214418 453.454803 46.779633 -19.739054 465.419098
580 332 595 326 613 327 629 334 613 338 596 338 722 329 736 321 752 320 765 324 752 331 737 332 17 740 141.971466 151.746887 23.571363 -0.048695 -0.247304 -0.051565 14.070438 -16.603109 482.522675 -18.080669 -15.108579 474.359802 46.221546 -18.097641 490.685547
543 318 558 309 577 309 592 319 576 324 559 325 682 317 697 306 717 305 733 314 717 321 699 322 1342 131 -121.729645 31.636471 9.623339 -0.032640 -0.241872 -0.025993 -2.671654 -21.823900 475.038025 -34.898895 -21.099859 467.073059 29.555588 -22.547939 483.002960
549 333 565 324 585 323 601 332 584 338 566 338 694 331 710 321 729 320 746 328 729 335 711 335 844 787 -22.537628 161.316238 23.418758 -0.069617 -0.047127 -0.028951 1.443103 -15.990161 481.349609 -31.710955 -15.084558 479.753357 34.597160 -16.895765 482.945831
570 333 586 325 605 325 621 335 605 340 587 340 715 331 730 321 748 319 763 326 748 334 731 335 133 621 118.872849 128.230942 21.034901 0.026131 -0.194832 -0.040695 10.874907 -15.817510 481.964966 -21.674397 -14.391046 475.556580 43.424210 -17.243975 488.373383
547 336 564 326 584 326 601 336 583 342 564 342 695 333 711 322 732 321 748 329 732 337 713 337 896 371 -32.960281 78.995193 15.019357 -0.040669 -0.131901 -0.036725 1.789749 -14.269226 465.373871 -31.104355 -13.142844 460.984253 34.683853 -15.395609 469.763489
547 335 563 325 584 325 601 335 583 341 564 342 695 332 711 321 732 320 749 329 732 337 713 337 897 208 -33.189827 46.733345 11.753872 -0.042384 -0.156094 -0.035493 1.814990 -14.298350 461.445465 -30.965357 -13.234796 456.261108 34.595337 -15.361905 466.629791
544 342 560 333 581 332 598 342 580 347 561 348 692 338 708 327 728 326 745 335 728 342 710 343 798 633 -13.415610 130.820572 20.395664 -0.051485 -0.098712 -0.041040 0.289581 -11.752100 466.323517 -32.725719 -10.476850 463.018463 33.304878 -13.027349 469.628571
542 336 558 326 579 325 596 335 578 341 559 342 690 332 706 320 726 319 743 328 727 335 708 336 1243 24 -102.055336 10.426303 7.611546 0.029330 0.257273 -0.050497 -1.380852 -14.014985 452.322479 -33.451031 -12.482179 460.790894 30.689327 -15.547792 443.854095
547 338 564 328 584 327 601 337 584 343 565 344 696 334 713 322 733 321 750 330 733 338 714 338 452 178 55.329903 40.651985 11.741672 -0.002037 0.141856 -0.044107 1.466203 -13.245872 458.582153 -31.372894 -11.781914 463.273651 34.305302 -14.709830 453.890656
548 336 565 327 585 326 602 337 585 342 566 343 697 333 714 322 734 321 751 329 734 337 715 338 393 67 67.046127 18.663010 9.596871 0.004524 0.205159 -0.042010 1.705240 -13.538445 454.030670 -30.774136 -12.169032 460.796356 34.184612 -14.907856 447.264984
575 338 593 329 614 328 631 337 613 343 593 344 722 336 737 326 756 326 770 335 755 341 738 341 2 195 144.853119 43.871601 12.677284 -0.261705 -0.140265 -0.043281 15.058593 -14.807912 511.216156 -17.791159 -13.997135 506.441650 47.908344 -15.618689 515.990723
552 299 567 291 586 289 603 295 587 302 569 304 696 286 710 277 728 275 744 281 729 288 712 290 459 16 53.906948 8.589998 8.488276 -0.059965 -0.137499 -0.111799 2.240242 -34.965916 486.870483 -30.444693 -31.411755 482.220490 34.925179 -38.520073 491.520508
544 329 559 321 578 319 595 323 578 330 561 332 690 313 704 305 722 303 738 308 723 314 706 316 449 727 56.029797 149.313187 22.739660 -0.096809 -0.149190 -0.121611 -1.030460 -21.631685 476.804443 -33.622581 -17.863636 471.694153 31.561663 -25.399736 481.914703
554 324 569 316 589 315 606 322 589 329 571 330 700 313 714 303 733 300 748 306 733 315 716 316 54 386 134.544449 81.692513 16.433386 -0.025066 -0.178060 -0.102971 3.704760 -22.423826 476.143280 -28.800142 -19.102959 470.230347 36.209663 -25.744696 482.056213
531 321 544 310 563 309 578 319 563 325 546 326 665 313 680 302 699 300 716 308 700 317 682 318 1414 121 -136.054733 29.680422 9.327855 -0.022443 0.280151 -0.062405 -10.573840 -22.604248 475.167511 -42.420383 -20.456951 484.318787 21.272705 -24.751543 466.016205
550 323 565 313 584 313 599 322 583 327 566 328 686 318 700 308 718 307 734 315 719 322 702 322 1030 371 -59.617359 79.038422 14.842126 -0.422053 -0.025172 -0.050615 -1.167832 -23.573456 527.448975 -34.320389 -22.116848 526.288879 31.984726 -25.030064 528.609131
546 327 562 317 582 316 598 325 581 331 563 333 689 320 704 310 723 308 739 317 724 324 706 325 705 423 5.045761 89.225815 16.313305 -0.548614 -0.034538 -0.065562 -0.608682 -21.328022 507.539459 -33.724632 -19.567194 505.868256 32.507267 -23.088848 509.210663
536 331 551 321 571 320 588 329 571 335 553 336 682 323 697 312 717 310 733 317 717 326 699 327 928 350 -39.330097 74.849045 14.556497 0.049937 0.154507 -0.074252 -4.778643 -18.088079 470.075836 -37.496876 -15.763391 475.240417 27.939590 -20.412767 464.911285
546 387 562 377 581 378 596 388 580 393 562 393 678 385 692 374 709 373 723 381 709 388 693 389 343 852 77.140213 174.019913 25.383051 -0.084336 -0.174231 -0.030993 -4.002339 9.516587 526.469360 -36.688873 10.295960 520.677795 28.684196 8.737214 532.260986
519 374 533 365 551 364 565 374 550 379 534 379 648 371 662 361 680 360 695 368 680 374 664 375 997 417 -53.043919 88.132439 15.806947 -0.055444 0.120099 -0.037382 -18.981661 2.884979 525.690918 -51.924217 4.232727 529.631897 13.960895 1.537232 521.750000
556 373 571 366 589 367 604 377 588 381 572 381 686 373 699 363 716 362 729 368 716 376 700 377 217 561 102.151176 116.382393 19.722269 -0.009446 0.210406 -0.041843 -0.930580 3.765399 529.502075 -33.374256 5.176995 536.428467 31.513096 2.353804 522.575684
546 372 561 363 579 364 594 373 578 378 562 378 678 372 692 362 711 361 725 369 710 376 694 376 938 633 -41.266285 130.865738 20.210499 -0.093949 -0.130462 -0.019142 -4.006667 2.834840 519.548828 -36.923450 3.264612 515.205994 28.910114 2.405067 523.891663
542 376 556 368 574 368 589 377 573 382 557 382 672 375 686 366 703 365 718 373 703 379 687 379 1055 735 -64.522339 151.092072 22.098356 -0.019183 0.181474 -0.033405 -7.565476 4.848553 523.230957 -40.206619 6.009047 529.211609 25.075665 3.688059 517.250244
550 374 565 365 583 365 598 376 582 380 565 380 681 374 696 364 714 364 728 373 713 379 697 379 41 618 137.174149 127.607491 21.096506 -0.072159 -0.139150 -0.006931 -2.408505 4.116987 521.784302 -35.291714 4.179814 517.174500 30.474703 4.054159 526.394104
550 372 565 364 583 365 597 375 581 379 565 379 680 374 694 364 712 363 726 371 711 378 695 378 278 603 90.024124 124.715019 20.482662 -0.045500 0.154003 -0.014567 -3.512528 3.820864 526.219299 -36.320919 4.418537 531.299805 29.295862 3.223190 521.138733
550 374 565 366 583 366 597 376 582 380 565 381 680 374 694 364 712 364 726 372 712 379 695 379 127 710 120.083160 145.844559 22.825109 -0.060280 -0.189158 -0.010241 -2.749949 4.248871 523.476074 -35.360931 4.397995 517.226196 29.861034 4.099748 529.725952
584 414 596 407 612 407 625 415 612 419 597 419 698 412 710 403 725 401 738 408 725 414 711 415 729 829 0.347600 169.592102 24.411932 -0.096780 0.170372 -0.048951 9.095897 26.262241 598.120178 -23.588991 28.149460 603.660583 41.780785 24.375021 592.579773
614 400 626 393 641 393 653 402 640 406 627 406 724 399 735 390 749 388 760 394 748 401 736 402 272 269 91.155006 58.605324 13.802067 -0.016465 0.313398 -0.055657 24.784355 19.565269 624.443909 -6.752564 21.467161 634.659790 56.321274 17.663378 614.227966
628 401 641 393 657 393 669 401 656 406 641 406 739 399 750 390 765 390 776 397 764 403 751 403 120 347 121.407524 73.994637 15.565098 -0.066860 -0.301224 -0.022927 34.071949 19.208994 605.329346 2.370245 19.626484 595.460876 65.773651 18.791504 615.197876
628 401 641 393 656 393 669 401 655 406 641 406 739 400 750 391 765 391 776 398 764 403 751 403 148 273 115.823494 59.357037 14.046174 -0.073530 -0.299274 -0.018073 33.906765 19.344494 604.763000 2.182548 19.572676 594.960876 65.630981 19.116312 614.565125
563 381 577 371 594 371 608 380 594 385 578 386 689 377 703 367 720 367 735 375 720 381 704 382 1047 270 -63.018192 59.053230 12.797062 -0.090245 -0.153053 -0.029376 2.383482 6.394264 538.642395 -30.419180 7.135716 533.543884 35.186142 5.652812 543.740967
579 383 594 373 612 373 626 382 611 387 594 388 708 379 721 369 738 369 752 378 739 384 723 384 486 35 48.539314 12.359329 8.833050 -0.048291 0.203644 -0.041784 10.658215 7.570588 531.948914 -21.831816 9.110147 538.626282 43.148243 6.031028 525.271484
568 396 582 387 598 387 612 396 598 401 582 402 693 394 706 384 723 384 737 392 723 398 707 398 1033 505 -60.188995 105.561661 17.521580 -0.059055 -0.284455 -0.015869 4.451992 14.423964 529.393921 -27.414738 14.666566 520.065857 36.318722 14.181360 538.721924
566 399 580 389 598 389 612 399 597 404 581 405 693 396 706 386 724 385 739 393 724 400 708 400 1280 513 -109.324043 107.224754 17.355097 -0.064189 0.231756 -0.043715 3.364201 15.651623 529.655273 -28.921745 17.334517 537.227905 35.650146 13.968728 522.082642
566 396 580 387 598 387 613 396 598 402 581 402 696 394 710 383 727 382 742 391 728 397 711 398 1204 71 -94.288109 19.716312 8.604328 -0.057663 0.264738 -0.042630 4.162724 14.086730 518.311035 -27.855783 15.736441 526.951294 36.181232 12.437019 509.670837
569 399 584 390 602 390 616 400 601 405 584 405 698 397 712 387 730 387 744 395 730 401 713 402 783 532 -10.450576 110.825066 18.392925 -0.083459 0.205235 -0.033943 5.693382 16.143494 527.264526 -26.795990 17.544325 533.975586 38.182755 14.742662 520.553528
578 394 592 385 611 385 625 395 610 400 593 401 707 394 721 383 739 382 753 392 739 398 723 398 154 12 114.580879 7.699909 8.811573 -0.058672 0.303739 -0.030225 9.755466 13.789275 515.621521 -21.914896 15.070317 525.516296 41.425831 12.508232 505.726776
574 401 588 392 607 392 621 401 606 407 589 407 703 399 716 388 734 387 749 396 734 403 718 403 928 616 -39.280144 127.497742 19.883289 -0.071949 0.200178 -0.041165 8.108222 16.923603 527.547119 -24.405888 18.517981 534.093140 40.622334 15.329226 521.001099
577 400 591 391 608 392 623 401 608 404 592 405 699 397 713 387 729 385 744 393 730 399 714 400 1318 472 -116.891212 99.121986 16.483791 0.256063 0.008404 -0.050368 8.591640 16.683548 567.237366 -24.570126 18.301542 567.726135 41.753407 15.065556 566.748535
556 406 570 397 587 397 602 406 587 411 571 412 684 402 697 392 715 390 730 398 715 405 699 406 1001 637 -53.798340 131.677765 20.207275 -0.051789 -0.262121 -0.031199 -0.392204 18.469479 522.988892 -32.447109 19.268967 514.363159 31.662704 17.669991 531.614624
573 407 588 398 606 397 620 407 605 412 588 412 701 404 714 393 732 392 746 401 732 407 716 408 686 711 8.879577 146.222794 22.105791 -0.073478 0.250650 -0.044856 7.255920 19.548841 530.841919 -24.878719 21.324890 539.013245 39.390560 17.772793 522.670654
565 405 578 395 596 395 610 404 596 409 580 410 691 399 705 389 722 388 737 395 722 402 706 403 1370 313 -127.265602 67.668297 13.230954 -0.037932 0.291086 -0.070956 2.437798 17.446451 525.751831 -29.287981 19.948792 535.226685 34.163578 14.944110 516.276978
567 400 581 390 599 390 614 400 598 405 582 406 694 395 708 385 725 384 740 392 726 399 709 400 715 48 2.986007 15.006251 8.790503 -0.060008 0.295808 -0.057623 3.837944 15.494321 523.645386 -27.870819 17.670118 533.256836 35.546707 13.318521 514.033936
574 338 591 330 610 330 626 339 609 344 591 344 715 338 730 329 749 328 764 336 748 342 731 342 579 448 30.116064 94.133362 16.980595 -0.032258 -0.166784 -0.016811 12.131285 -13.052978 490.289307 -20.608139 -12.586595 484.769135 44.870708 -13.519361 495.809479
541 348 556 340 574 340 589 350 573 354 557 354 675 350 691 341 710 340 726 349 710 355 692 355 1378 686 -128.787033 141.497818 20.689899 -0.052786 0.132334 0.001974 -5.850268 -7.972980 503.875793 -38.764763 -7.922521 508.256775 27.064228 -8.023438 499.494812
548 348 563 340 581 339 596 348 580 353 564 354 680 348 695 339 712 339 727 348 712 353 696 353 1384 680 -129.981750 140.312180 20.561810 -0.496686 -0.054650 -0.018586 -3.392466 -9.727840 549.656311 -36.543102 -9.577423 547.766235 29.758169 -9.878258 551.546387
544 349 560 340 580 341 596 352 579 356 560 356 686 352 702 342 721 342 737 351 721 358 703 358 1215 580 -96.380791 120.464928 18.782780 -0.032323 -0.160623 0.009545 -1.444811 -6.666030 483.105774 -34.220737 -7.067567 477.801331 31.331114 -6.264493 488.410217
539 338 555 328 574 327 589 338 573 344 555 344 676 339 690 329 709 329 723 339 708 346 691 345 961 47 -45.951797 14.887672 8.445112 -0.212986 -0.101140 -0.009825 -6.224350 -14.633983 539.763428 -39.258522 -14.666736 536.401550 26.809822 -14.601231 543.125244
564 362 581 353 601 355 617 366 600 370 581 370 709 366 725 355 744 355 759 364 743 371 726 371 431 744 59.613789 152.672134 23.103901 -0.040413 -0.143248 0.006789 8.351907 -0.755623 477.882996 -24.512089 -1.076153 473.148590 41.215904 -0.435093 482.617401
567 354 585 345 606 346 622 358 604 362 585 361 714 358 729 347 748 347 763 356 748 363 730 363 288 277 87.973572 60.193901 13.941110 -0.013311 -0.239418 0.013132 10.343719 -4.233843 467.383881 -21.911146 -4.718360 459.513153 42.598583 -3.749326 475.254608
550 360 567 352 588 353 604 364 586 368 568 368 694 363 710 353 730 353 745 361 729 368 711 368 734 862 -0.640870 176.125320 25.066160 -0.037196 -0.156623 0.002052 2.104026 -1.707972 479.030212 -30.694326 -1.872335 473.853271 34.902378 -1.543610 484.207153
560 360 577 353 597 354 614 364 596 368 578 368 705 364 721 354 740 354 755 362 739 369 722 369 414 764 62.999413 156.625214 23.526897 -0.037440 -0.186996 0.005537 6.788915 -1.475685 476.699097 -25.836605 -1.774302 470.530975 39.414436 -1.177068 482.867218
551 359 568 352 588 353 604 363 587 367 568 366 695 363 711 354 730 354 746 362 729 368 711 368 471 665 51.641621 137.048782 21.468979 -0.022630 -0.174195 0.013551 2.332227 -1.802042 478.757690 -30.367067 -2.314956 473.008545 35.031521 -1.289128 484.506836
558 360 575 353 595 353 611 362 594 366 576 366 698 363 713 354 731 354 745 362 730 367 713 367 426 739 60.607517 151.680893 23.010387 0.229779 0.091970 -0.014159 4.148181 -2.091863 513.617371 -28.913607 -1.975570 516.693787 37.209969 -2.208157 510.540955
570 340 587 326 610 326 626 342 608 350 588 350 704 341 719 324 740 323 754 336 739 347 721 348 372 820 71.365135 167.695602 24.703876 -0.081086 -0.317892 -0.040872 10.022443 -12.698261 509.315155 -21.492348 -11.789784 498.896301 41.537235 -13.606738 519.734009
550 356 566 348 586 349 602 358 585 363 567 363 692 357 708 347 727 346 742 354 726 361 709 361 520 560 41.874165 116.282204 19.301489 -0.038012 -0.195756 -0.015719 1.303685 -4.328074 480.270599 -31.262949 -3.932735 473.803955 33.870319 -4.723413 486.737274
596 337 613 329 633 329 649 339 631 344 613 344 735 334 749 324 767 322 780 329 766 337 750 339 131 34 119.160484 12.046894 9.282555 -0.035394 -0.338660 -0.047597 21.182632 -14.102021 475.239563 -10.099477 -12.749577 464.186951 52.464741 -15.454465 486.292175
542 334 557 326 577 326 592 335 576 339 558 340 683 333 699 324 718 323 734 331 718 337 700 338 954 59 -44.557011 17.260544 8.694677 -0.003496 0.216056 -0.022149 -3.484401 -14.480453 475.840637 -35.909142 -13.738264 482.957153 28.940340 -15.222642 468.724091
550 335 566 326 585 327 601 337 584 341 566 341 688 336 703 325 722 324 737 332 722 338 704 339 754 132 -4.756621 31.644735 10.421065 0.453922 0.022188 -0.024310 -0.407200 -14.933599 502.477325 -33.594337 -14.318307 503.368958 32.779938 -15.548890 501.585663
593 340 609 333 628 333 643 342 627 346 610 346 726 339 740 330 756 328 770 335 756 341 741 342 65 301 132.340225 64.872231 14.716666 0.292592 0.057915 -0.053717 19.588221 -13.830815 534.029114 -13.513790 -12.353518 536.181824 52.690231 -15.308114 531.876404
550 365 563 357 579 357 592 365 578 370 564 370 680 364 693 356 710 356 724 363 710 369 694 369 993 378 -52.255508 80.411980 15.031241 -0.066283 -0.283549 0.000957 -3.407069 -0.442372 499.358215 -35.286438 -0.783545 490.076538 28.472301 -0.101198 508.639862
544 362 560 352 580 352 595 363 579 369 560 369 686 361 701 350 721 349 737 359 721 366 703 367 723 370 1.455007 78.741463 15.228145 -0.089273 -0.079718 -0.014589 -1.756057 -1.766962 481.641266 -34.851959 -1.401723 478.979065 31.339848 -2.132201 484.303497
567 369 583 359 604 359 621 370 603 375 584 376 711 366 726 355 745 354 761 363 745 371 728 371 145 478 116.458794 99.931190 18.155378 -0.060288 0.084647 -0.035890 8.936079 0.900946 479.429382 -24.128531 2.174922 482.198547 42.000687 -0.373031 476.660217
530 367 544 356 564 356 579 367 563 373 545 373 669 365 685 353 705 352 722 362 705 369 687 369 1402 269 -133.639740 58.969810 12.307507 -0.045481 0.243705 -0.033477 -9.278504 -0.279673 470.215393 -41.483887 1.003427 478.198303 22.926878 -1.562773 462.232513
542 369 556 361 574 362 589 373 573 375 557 375 670 371 685 361 703 359 719 367 703 374 687 374 1343 730 -121.816093 150.195328 21.617313 0.343645 -0.044309 0.000233 -7.368120 1.772790 529.314880 -40.540661 2.015482 527.871521 25.804422 1.530098 530.758240
558 375 574 365 595 365 611 376 593 382 575 382 702 374 717 362 737 361 752 371 737 378 719 379 346 669 76.509048 137.800171 21.714409 -0.046138 -0.190699 -0.018557 5.438663 3.667865 477.001221 -27.158638 4.134454 470.695831 38.035965 3.201277 483.306610
550 377 566 367 586 367 602 378 585 384 567 384 693 375 709 364 728 363 744 372 728 380 710 380 510 690 43.887913 142.009537 21.918036 -0.059908 -0.163738 -0.024736 1.693654 4.556856 478.154999 -31.057064 5.211545 472.721619 34.444370 3.902166 483.588348
547 377 563 366 583 366 600 377 583 383 564 383 690 374 705 363 725 362 741 371 725 378 707 379 988 563 -51.226101 117.026939 18.742579 -0.083660 -0.175948 -0.030952 0.429107 4.080976 477.615448 -32.247543 4.858492 471.768097 33.105759 3.303460 483.462799
562 376 579 367 599 368 615 378 598 383 579 384 705 374 720 363 739 362 755 370 739 378 722 379 161 886 113.352470 180.690750 26.304636 -0.052330 0.013570 -0.037243 6.687251 4.418898 486.863922 -26.491486 5.666451 487.281830 39.865986 3.171345 486.445984
574 374 591 364 612 364 629 374 611 380 592 381 718 369 733 358 752 357 767 366 752 373 735 374 88 580 127.817146 120.101402 20.273373 -0.032735 -0.288636 -0.039452 12.915674 2.135516 470.464783 -18.890200 3.271095 460.996063 44.721550 0.999936 479.933472
540 357 555 347 573 347 588 356 573 362 556 363 678 354 693 343 712 342 727 351 712 358 694 358 1331 495 -119.473022 103.678513 16.927183 -0.108767 0.058277 -0.031022 -5.258395 -5.049618 492.468567 -38.390942 -3.917211 494.342468 27.874153 -6.182024 490.594666
572 358 587 349 607 349 623 360 606 365 588 365 713 354 727 343 746 342 760 349 745 357 729 359 384 397 68.898499 83.976158 16.217203 0.008364 0.242600 -0.058677 9.695267 -4.556859 484.694489 -22.480616 -2.662211 492.674622 41.871147 -6.451508 476.714355
537 356 552 346 571 345 586 356 570 362 553 362 675 353 690 342 709 341 725 350 709 358 692 358 1320 434 -117.296211 91.601387 15.720175 -0.066058 0.173516 -0.033445 -6.748727 -5.399491 486.698853 -39.436642 -4.105782 492.389740 25.939188 -6.693201 481.007996
551 361 567 350 586 350 602 360 585 366 567 366 692 357 707 347 726 346 741 355 726 362 708 362 845 562 -22.778812 116.782883 18.911688 -0.068710 -0.160918 -0.028487 1.188617 -3.432042 487.764618 -31.573971 -2.674183 482.416901 33.951206 -4.189901 493.112335
543 362 558 353 576 354 592 363 576 367 559 367 676 361 691 351 709 350 725 358 709 364 692 364 1357 792 -124.589523 162.471344 22.840382 0.403438 -0.002303 -0.022642 -5.354925 -2.701622 520.035461 -38.551254 -1.954858 520.110657 27.841404 -3.448385 519.960266
543 366 557 357 574 357 589 366 574 371 558 372 677 363 691 353 709 352 724 361 709 367 693 368 1375 758 -128.176712 155.747620 22.135706 -0.066946 0.229011 -0.036437 -5.777343 -0.666057 493.346771 -38.093708 0.785430 500.837097 26.539021 -2.117543 485.856415
521 359 536 349 554 349 570 358 554 364 537 365 658 355 673 344 693 343 709 352 693 359 675 359 1081 462 -69.745872 97.066269 16.596996 -0.038788 0.204941 -0.044928 -14.307684 -4.474678 486.315308 -46.784439 -2.862658 493.040009 18.169069 -6.086698 479.590637
545 364 562 353 583 353 600 364 582 370 563 371 697 363 713 351 734 351 751 361 734 368 715 368 923 434 -38.319656 91.473335 16.245255 -0.048941 0.180939 -0.018631 1.076264 -1.006731 448.796906 -31.580862 -0.245169 454.754395 33.733391 -1.768292 442.839386
556 385 575 373 597 373 615 385 596 391 575 392 709 383 725 371 747 370 764 381 747 388 727 388 728 549 0.493953 114.172089 18.806103 -0.513222 -0.031243 -0.027412 7.508171 7.443902 477.252930 -25.668589 8.054026 476.032288 40.684929 6.833777 478.473572
563 386 581 377 602 377 619 388 601 393 581 393 714 386 731 376 751 375 768 384 751 391 732 391 601 821 25.809572 167.967392 24.421022 -0.027524 -0.230096 -0.009706 9.965516 8.838973 457.700958 -22.362675 9.053718 450.124573 42.293709 8.624229 465.277344
553 369 570 358 592 358 609 371 590 377 571 377 706 370 722 357 744 356 761 368 743 376 724 376 1027 45 -59.081776 14.513106 8.317768 -0.028511 0.254442 -0.016802 4.475870 1.793679 440.873901 -27.655313 2.465279 449.222290 36.607052 1.122079 432.525513
586 366 604 355 625 355 642 368 624 374 604 374 738 368 754 355 775 355 790 366 774 374 755 374 235 193 98.501266 43.550903 12.329063 -0.026294 0.327612 -0.014044 17.801252 0.841156 442.122375 -13.634397 1.440857 452.799438 49.236904 0.241455 431.445312
588 372 607 360 629 361 646 374 627 380 607 380 741 374 757 360 778 360 793 372 777 380 758 380 270 316 91.561699 67.907265 14.745913 -0.039816 0.290641 -0.011172 19.331314 3.375058 446.881134 -12.479046 3.931469 456.386444 51.141678 2.818647 437.375824
564 385 581 375 602 376 619 388 601 393 581 393 713 387 729 375 750 374 767 384 750 392 731 392 937 724 -41.050266 148.876801 22.034145 -0.044289 0.261378 -0.016159 8.266731 8.911249 453.486481 -23.806170 9.632594 462.052032 40.339634 8.189905 444.920959
598 398 612 391 628 392 642 401 627 405 612 404 733 399 745 390 760 389 772 396 760 402 746 403 166 863 112.353485 176.140030 25.837435 -0.047955 0.416493 -0.037197 18.176537 15.380797 485.922302 -12.167942 16.906506 499.317963 48.521015 13.855091 472.526611
582 385 600 374 622 375 639 388 620 394 600 394 735 388 751 375 772 374 788 385 772 393 753 394 310 222 83.586708 49.314991 12.810607 -0.043790 0.292041 -0.014746 16.515451 8.954252 443.336395 -15.280079 9.647550 452.882263 48.310982 8.260956 433.790558
547 382 564 371 587 371 604 384 585 389 565 390 699 382 716 369 738 368 756 378 738 386 718 387 1271 106 -107.610069 26.665384 9.216607 -0.005368 0.221022 -0.032001 2.298448 6.734863 447.031616 -30.081758 7.808245 454.306885 34.678654 5.661480 439.756317
562 388 580 378 601 378 619 388 600 393 580 393 711 387 728 377 749 377 766 386 749 392 730 392 808 636 -15.404381 131.417587 20.442516 -0.503380 -0.009962 -0.011422 9.128022 9.388122 486.932098 -24.073057 9.670055 486.521667 42.329102 9.106189 487.342560
559 382 576 372 598 372 615 385 597 390 577 390 711 384 728 372 749 371 766 382 749 390 729 390 891 58 -32.024391 17.042295 8.757977 -0.027590 0.318515 -0.018197 6.697105 7.453414 438.499054 -24.832258 8.192011 448.887177 38.226467 6.714817 428.110901
549 380 566 370 587 369 604 380 586 386 567 387 700 376 716 364 737 363 753 373 737 381 718 381 606 703 24.792747 144.613571 22.051395 -0.028676 0.250022 -0.046767 2.374541 5.139447 450.441620 -29.761980 6.793812 458.631042 34.511063 3.485083 442.252197
555 387 571 377 592 377 609 388 591 394 572 394 704 384 720 372 740 371 757 380 740 388 721 389 603 868 25.420532 177.270630 25.359577 -0.046937 0.218718 -0.041401 4.347266 8.494107 459.066559 -28.038410 10.026693 466.234436 36.732941 6.961521 451.898651
543 383 560 373 580 372 598 381 580 387 561 388 690 378 706 368 726 368 743 377 726 383 708 383 1089 776 -71.278374 159.218063 22.874435 -0.514563 -0.020445 -0.038750 -0.554447 6.028083 490.877655 -33.728092 7.087524 489.904785 32.619198 4.968642 491.850494
584 386 601 375 623 375 640 386 622 393 602 393 734 382 749 370 769 369 784 379 768 387 751 388 205 807 104.584572 165.068665 24.664423 -0.051543 -0.218488 -0.047378 18.960148 7.684426 471.257050 -13.418485 9.057692 464.025299 51.338779 6.311160 478.488770
578 384 596 373 617 372 635 384 616 390 596 390 727 380 742 368 761 367 777 377 762 384 744 385 362 710 73.333809 145.920349 22.514294 -0.344456 -0.037782 -0.044703 16.191828 6.648663 494.706329 -16.956682 7.889133 493.224091 49.340340 5.408192 496.188568
581 374 599 362 621 363 638 375 619 381 599 381 734 374 750 361 770 361 785 372 769 380 751 380 9 2 143.424347 5.673864 8.803098 -0.019626 0.371535 -0.023419 15.601187 3.595700 440.478027 -15.329272 4.475120 452.523468 46.531647 2.716280 428.432556
594 403 610 395 630 395 646 406 629 411 611 411 733 405 748 394 767 394 781 402 766 410 749 410 732 804 -0.253895 164.644882 23.907326 -0.069438 0.396475 -0.019710 18.920488 17.479582 479.671509 -11.703318 18.567400 492.460541 49.544296 16.391766 466.882507
586 404 603 396 623 396 639 407 621 412 603 412 727 407 742 395 761 394 775 402 760 410 743 411 590 811 27.995962 165.984573 24.235315 -0.021294 -0.202801 -0.000034 17.691837 18.174702 489.340698 -14.832509 18.104374 482.653290 50.216183 18.245028 496.028107
614 401 631 393 651 394 668 403 650 407 631 407 747 401 761 391 778 389 792 397 778 403 762 404 18 740 141.772537 151.747223 23.570042 0.273347 -0.015306 -0.028219 30.170792 16.840895 525.870789 -3.017020 17.835133 525.496216 63.358601 15.846658 526.245361
546 388 562 378 582 379 597 390 580 395 562 395 685 391 701 379 721 378 737 388 720 395 702 396 1244 191 -102.222908 43.480507 10.954488 -0.046256 0.193467 -0.004111 -2.072063 10.764590 487.803741 -34.657223 11.048270 494.182343 30.513096 10.480909 481.425140
552 392 568 382 588 383 603 395 586 400 568 399 691 396 707 385 727 384 743 394 726 401 708 401 1098 287 -73.160606 62.434448 13.070043 -0.052124 0.175303 0.005565 0.658268 13.096723 489.495789 -32.037247 13.064244 495.289062 33.353783 13.129200 483.702515
555 395 571 386 591 387 607 398 590 403 572 402 694 400 710 388 730 388 745 397 729 405 711 405 939 606 -41.470291 125.522011 19.668486 -0.069375 0.140531 0.009429 2.289815 14.865271 493.532135 -30.586317 14.715008 498.190155 35.165947 15.015533 488.874146
594 392 611 384 630 385 646 395 629 400 610 400 733 394 747 383 765 382 778 390 764 398 748 399 192 427 107.099342 89.852051 17.071913 -0.011867 -0.315147 0.002614 20.501560 12.474301 485.955505 -11.067856 12.327343 475.664246 52.070976 12.621259 496.246765
592 384 608 375 627 375 643 387 626 392 608 392 732 386 747 374 766 373 781 382 766 390 748 391 318 117 81.975525 28.535189 10.697345 -0.046838 0.270984 -0.017922 18.750084 8.836278 484.137451 -13.237970 9.633273 493.008118 50.738136 8.039283 475.266754
568 391 584 381 604 382 620 393 603 399 584 398 707 394 722 382 742 382 756 391 741 399 723 399 661 392 13.793009 83.075874 15.750710 -0.065598 0.158446 -0.001067 8.033859 12.601757 496.354706 -24.755150 12.809160 501.588959 40.822868 12.394354 491.120453
563 397 579 388 599 389 614 400 598 404 579 404 701 400 716 389 736 389 751 397 735 404 717 405 943 621 -42.263206 128.492218 19.963579 -0.035166 -0.158940 0.007754 6.340962 15.457258 500.093628 -26.444372 15.108348 494.843872 39.126297 15.806169 505.343353
558 397 573 389 592 390 607 400 591 404 574 404 695 401 710 391 729 390 743 398 728 405 711 405 1284 688 -110.086914 141.863342 20.854277 -0.069015 0.142001 -0.002642 2.602404 15.872623 501.088318 -30.268211 16.122339 505.780853 35.473019 15.622909 496.395782
574 400 590 392 609 393 625 403 608 407 590 407 712 404 727 394 745 393 760 401 744 408 727 408 558 801 34.359951 163.994965 24.077385 -0.015815 -0.215443 0.019334 11.266758 17.015882 497.250610 -21.164280 16.322588 490.157898 43.697796 17.709177 504.343353
560 398 576 390 595 390 610 401 594 405 576 405 697 401 713 390 732 390 747 398 731 405 714 405 960 628 -45.643761 129.883194 20.081272 -0.077796 0.120885 -0.003089 3.909030 16.077833 500.333466 -29.053427 16.335913 504.329651 36.871487 15.819752 496.337311
555 395 570 386 590 387 606 398 589 403 571 403 694 397 709 386 729 385 744 394 728 402 710 402 1068 78 -67.231850 21.057938 8.924383 -0.053852 0.234005 -0.014211 1.692057 14.075341 486.184143 -30.604675 14.750898 493.866882 33.988789 13.399785 478.501434
552 397 568 388 588 388 604 399 587 404 569 404 691 399 707 388 726 387 742 395 726 403 708 403 1153 178 -84.122406 40.878098 10.814514 -0.050352 0.219245 -0.015312 0.681501 14.750352 488.556335 -31.724762 15.436979 495.762054 33.087765 14.063725 481.350616
587 398 602 389 621 389 636 400 620 406 602 406 727 400 741 388 760 386 776 395 761 403 743 404 9 343 143.488388 73.167122 15.631806 -0.068887 0.226480 -0.020800 16.335728 15.060560 486.140900 -16.014349 16.002554 493.566864 48.685806 14.118567 478.714966
568 402 584 393 604 394 619 404 602 409 584 409 707 403 722 392 741 391 755 399 740 406 723 407 562 487 33.505253 101.847046 17.784075 -0.010215 -0.247023 -0.003933 8.816945 16.715364 489.992035 -23.379679 16.802938 481.872345 41.013569 16.627790 498.111755
568 408 584 400 603 400 619 410 602 415 584 415 706 408 721 398 740 397 754 404 739 411 722 412 461 873 53.670013 178.214462 25.647518 -0.009818 -0.238297 -0.007278 8.617416 19.455004 495.196014 -23.648211 19.655718 487.357117 40.883041 19.254292 503.034943
541 401 557 392 576 393 592 404 575 409 557 408 679 405 695 394 715 393 731 402 714 409 696 409 1380 356 -129.246872 76.182404 14.078826 -0.040798 0.232078 -0.007314 -4.653412 17.015236 485.390167 -36.967262 17.412315 493.020172 27.660439 16.618156 477.760162
583 409 600 400 619 400 635 411 618 416 600 416 721 408 735 397 753 395 766 403 752 411 736 412 7 876 143.986343 178.661804 26.308064 -0.019779 -0.302794 -0.014801 15.574586 19.457495 494.577759 -16.116110 19.842770 484.672668 47.265282 19.072222 504.482880
486 335 499 325 517 323 531 331 517 338 501 340 611 325 624 315 643 314 658 322 643 329 627 330 1415 28 -136.271133 11.273493 7.464157 -0.064750 0.120833 -0.074602 -37.526859 -19.095198 538.774719 -70.397545 -16.498463 542.690674 -4.656173 -21.691935 534.858765
584 331 600 319 620 318 636 327 619 334 601 335 718 322 733 312 751 311 766 321 752 328 735 328 601 15 25.658218 8.437874 8.280438 -0.064004 -0.174385 -0.057776 15.719080 -19.731937 513.145630 -16.927195 -18.010281 507.330475 48.365353 -21.453594 518.960815
530 363 543 353 560 352 575 361 560 367 544 369 658 356 672 345 691 344 707 352 692 359 675 360 1418 800 -136.722961 164.074448 22.919905 -0.062757 0.127796 -0.070389 -13.615746 -3.921004 522.872253 -46.467896 -1.460702 527.024658 19.236403 -6.381306 518.719788
585 357 601 347 620 346 636 355 619 362 602 363 720 351 734 340 752 339 767 348 752 355 736 356 591 399 27.719662 84.438782 15.983471 -0.037151 -0.225284 -0.051244 15.986254 -6.294910 506.843536 -16.336382 -4.747159 499.399658 48.308887 -7.842661 514.287415
584 354 600 343 619 342 635 352 618 359 601 360 719 348 732 337 751 336 765 345 751 353 734 353 480 193 49.762585 43.629929 12.005021 -0.034755 -0.276911 -0.048778 15.385675 -7.564283 502.997711 -16.515324 -6.124908 493.897491 47.286674 -9.003656 512.097900
595 362 611 352 631 352 646 361 630 367 612 368 729 358 743 347 761 346 774 355 760 362 744 363 370 638 71.728821 131.672150 21.061874 -0.043920 -0.269091 -0.038051 20.634497 -3.331166 507.954376 -11.351826 -2.278575 499.104126 52.620819 -4.383757 516.804626
584 352 600 342 619 341 634 351 618 357 601 358 718 348 732 336 750 335 763 343 749 351 733 352 588 155 28.270641 36.143520 11.101208 -0.018045 -0.232902 -0.046761 15.353332 -8.530230 514.641663 -16.919035 -7.061639 506.967194 47.625698 -9.998819 522.316101
587 356 603 346 622 346 637 355 621 361 603 362 721 352 734 342 752 341 766 349 752 356 736 356 407 634 64.367538 130.892380 20.932835 -0.038375 -0.215452 -0.036427 16.644255 -6.398878 515.688232 -15.771097 -5.335929 508.569641 49.059608 -7.461826 522.806885
585 348 600 338 619 338 634 347 618 353 601 353 717 344 731 334 749 333 763 342 748 349 732 349 576 368 30.697840 78.298195 15.382519 -0.043298 -0.170578 -0.032317 15.203740 -10.276141 523.033691 -17.501991 -9.331087 517.376648 47.909470 -11.221194 528.690674
591 348 606 339 625 338 641 347 624 353 607 354 723 345 737 335 754 334 768 343 754 350 738 350 488 212 48.174686 47.393131 12.374926 -0.040546 -0.232611 -0.030609 18.167234 -9.861626 518.518860 -14.128014 -9.010673 510.847351 50.462482 -10.712579 526.190430
598 350 613 341 632 341 647 351 631 356 614 357 729 348 743 338 760 337 773 344 759 352 744 353 460 219 53.746136 48.769592 12.552137 -0.008580 -0.263265 -0.031410 21.318829 -8.633942 519.611084 -10.725751 -7.640464 510.967133 53.363407 -9.627419 528.255005
574 345 589 334 608 333 624 343 608 349 590 350 705 341 719 330 738 330 753 341 738 347 721 347 1107 15 -75.002083 8.601089 7.611192 -0.064015 -0.158670 -0.023639 9.871415 -11.638519 523.527344 -22.907196 -11.025702 518.259827 42.650024 -12.251336 528.794861
562 349 577 338 596 337 612 347 596 353 578 354 693 344 707 333 726 333 742 343 726 349 709 349 1032 33 -60.078697 12.139590 8.070848 -0.046284 -0.145871 -0.038297 3.980622 -10.030084 525.454346 -28.847351 -8.875565 520.601440 36.808594 -11.184603 530.307251
542 365 556 355 574 354 589 362 574 368 557 370 671 357 685 346 703 345 719 353 704 360 687 361 1345 647 -122.229553 133.767990 19.952549 -0.071448 0.083304 -0.070270 -7.331944 -3.232658 528.618896 -40.339844 -0.807288 531.293945 25.675953 -5.658029 525.943848
575 368 591 357 610 357 625 367 609 373 592 374 708 363 722 352 740 351 754 360 740 367 723 367 474 653 51.042564 134.674622 21.224705 -0.041164 -0.181968 -0.042914 10.737136 -0.908771 520.554871 -21.889128 0.383513 514.520264 43.363400 -2.201054 526.589478
565 361 580 351 598 351 613 360 598 366 580 366 697 358 711 348 730 347 745 356 730 363 713 363 931 228 -39.949806 50.702862 12.109413 -0.083787 -0.067085 -0.022267 5.188420 -3.370519 521.261230 -27.933527 -2.725855 519.007263 38.310368 -4.015183 523.515259
621 193 638 184 658 184 674 194 657 199 638 199 758 191 772 181 790 180 804 188 789 195 773 196 38 384 137.727020 81.291496 16.414497 0.099058 -0.318089 -0.048567 32.653183 -79.968987 485.457123 1.151192 -77.868431 475.172577 64.155174 -82.069542 495.741669
608 186 625 176 645 176 662 187 644 192 625 193 748 184 763 173 781 172 795 181 781 189 764 189 246 116 96.298538 28.314037 10.772548 0.118458 -0.315025 -0.050856 27.173527 -81.860153 477.799835 -4.356967 -79.590317 467.639343 58.704021 -84.129982 487.960327
553 181 568 171 587 170 602 180 587 186 569 187 689 176 704 164 724 163 740 172 724 180 706 180 1327 80 -118.755226 21.537334 8.621876 0.127490 -0.225022 -0.060104 1.109551 -86.966377 488.793915 -31.199902 -84.520508 481.536041 33.419006 -89.412247 496.051788
591 199 607 190 627 189 643 199 626 205 608 205 730 196 744 185 763 184 778 192 763 199 746 200 501 804 45.699718 164.570374 24.212851 0.119434 -0.234511 -0.052451 19.396778 -78.451340 489.845978 -12.855041 -76.268295 482.255585 51.648598 -80.634377 497.436371
587 187 603 176 623 176 640 186 622 192 604 193 726 183 741 171 760 170 775 179 760 187 742 187 608 47 24.271692 14.773810 8.911997 0.146093 0.262034 -0.025590 16.590801 -83.673164 488.162018 -15.471857 -83.467018 496.793549 48.653461 -83.879311 479.530518
579 192 594 181 614 180 631 191 614 197 596 198 717 186 732 175 751 173 767 182 751 190 733 191 904 440 -34.538792 92.654770 16.390539 0.100646 0.076818 -0.046743 13.344634 -83.464737 497.906281 -19.726139 -82.045525 500.527222 46.415405 -84.883949 495.285309
591 195 607 186 627 185 643 195 626 201 608 201 729 191 744 180 763 179 778 187 762 194 745 195 653 723 15.446632 148.587280 22.389744 0.111355 -0.238129 -0.061651 19.339798 -80.636642 490.919800 -12.866554 -78.176750 483.221802 51.546150 -83.096535 498.617828
565 190 580 180 599 179 615 189 599 195 581 196 701 185 716 174 735 173 751 181 735 189 717 189 1187 459 -90.833374 96.506676 16.396723 0.124741 0.225852 -0.032053 5.752423 -83.989243 495.787445 -26.593315 -83.402000 503.268616 38.098164 -84.576485 488.306274
586 190 602 180 622 179 638 189 621 195 603 195 723 185 738 174 757 173 772 182 757 189 740 190 649 361 16.174389 76.936249 15.145789 0.106625 -0.211875 -0.056643 16.890099 -83.666512 493.799896 -15.520098 -81.431053 486.933929 49.300297 -85.901970 500.665863
595 190 611 179 630 178 646 187 629 194 612 195 734 184 749 173 769 172 787 181 770 188 752 189 341 332 77.440430 71.097008 14.972415 0.007333 -0.132004 -0.060232 21.260483 -82.138893 483.902618 -11.595412 -80.129875 479.542145 54.116379 -84.147903 488.263062
585 193 600 183 620 182 637 192 620 198 602 199 722 188 737 176 756 175 771 184 756 191 739 192 749 570 -3.679705 118.335342 19.198864 0.104941 -0.204629 -0.062673 16.353085 -82.606544 494.286621 -16.094917 -80.190323 487.664795 48.801086 -85.022758 500.908447
601 190 617 181 637 181 653 191 636 196 618 197 739 188 753 177 772 176 786 185 771 192 754 192 265 451 92.581711 94.625854 17.455973 0.118982 -0.252818 -0.048979 23.790682 -82.589882 492.268036 -8.320488 -80.489182 484.081482 55.901852 -84.690582 500.454559
583 195 599 186 619 185 635 195 618 201 600 202 720 191 735 180 754 179 770 187 754 195 737 195 818 696 -17.382448 143.296448 21.630821 0.107528 -0.178574 -0.056805 15.592593 -81.702072 497.953430 -17.031483 -79.512955 492.170959 48.216671 -83.891190 503.735931
618 186 635 177 654 176 670 186 653 191 635 192 752 182 765 171 783 171 796 179 782 185 766 186 9 220 143.465286 48.822044 13.168665 0.056467 -0.320300 -0.076329 31.064569 -86.214333 499.353790 -0.356920 -83.429222 488.985901 62.486057 -88.999443 509.721649
613 189 629 179 649 179 665 189 648 194 630 195 750 185 763 174 781 173 794 182 781 189 765 190 66 532 132.184677 110.593788 19.341244 0.098037 -0.274643 -0.062273 29.269848 -84.605804 498.080505 -2.628011 -82.124832 489.196198 61.167709 -87.086769 506.964813
591 187 606 177 626 176 642 186 625 192 607 193 728 182 743 171 761 170 776 179 761 186 744 187 617 286 22.526173 62.081371 13.686197 0.108205 -0.224670 -0.058984 18.974665 -85.136673 494.485291 -13.339245 -82.798080 487.211945 51.288574 -87.475273 501.758667
595 186 611 176 631 175 647 185 630 191 612 192 733 182 747 171 766 170 780 179 765 186 748 187 511 176 43.592457 40.275162 11.623586 0.145990 0.263945 -0.021722 20.148464 -85.398888 496.273560 -11.900725 -85.323433 504.957062 52.197651 -85.474350 487.590027
593 191 609 181 629 180 645 190 628 196 610 196 730 186 745 176 763 175 778 183 763 191 746 191 692 678 7.679780 139.693115 21.437012 0.100434 -0.207299 -0.055095 20.203119 -84.089615 499.184204 -12.241410 -81.933197 492.456512 52.647648 -86.246033 505.911926
565 179 579 169 598 168 614 178 598 184 581 185 700 174 715 163 734 162 750 171 734 178 716 179 1182 36 -89.918144 12.781756 7.932532 0.132325 0.262958 -0.022352 5.211720 -88.705322 494.447632 -26.845165 -88.547379 503.101593 37.268604 -88.863274 485.793701
611 192 628 183 647 183 663 193 646 198 628 199 748 190 762 180 780 179 794 187 779 194 763 195 281 769 89.458496 157.571945 23.802933 0.112090 -0.285630 -0.051527 28.388493 -81.903107 494.486389 -3.428991 -79.692375 485.249512 60.205975 -84.113846 503.723297
545 195 559 185 578 184 593 193 577 199 560 200 676 190 691 178 710 177 726 186 711 193 693 194 1293 115 -111.984917 28.453827 9.367739 0.101739 -0.211691 -0.062651 -4.183821 -83.474617 506.288483 -36.583439 -81.058907 499.433655 28.215796 -85.890327 513.143311
584 195 600 185 619 184 635 195 618 200 601 201 718 192 732 181 751 181 765 190 750 196 734 197 389 167 67.860641 38.454464 11.604715 0.141940 0.231049 -0.019420 14.495196 -83.341835 511.747528 -17.822538 -83.246033 519.370850 46.812931 -83.437637 504.124268
571 201 586 192 605 191 621 200 605 206 587 207 704 196 718 185 736 184 751 192 736 200 720 200 764 497 -6.677414 103.891479 17.717161 0.103224 -0.201679 -0.062510 8.619040 -81.610870 513.308228 -23.849009 -79.210236 506.779633 41.087086 -84.011497 519.836792
563 196 578 186 597 185 613 195 597 201 579 202 696 191 710 179 729 178 744 187 729 194 712 195 1376 11 -128.515915 7.896146 7.175305 0.147309 0.249313 -0.041976 3.856081 -82.852524 506.268707 -28.295073 -82.083908 514.531433 36.007236 -83.621140 498.006012
585 195 600 185 620 185 636 195 619 200 601 201 718 193 733 182 751 181 766 190 751 197 734 197 325 25 80.565712 10.328123 8.845737 0.145548 0.266852 -0.013622 14.530282 -82.495140 507.948151 -17.498312 -82.689644 516.705505 46.558876 -82.300636 499.190826
589 195 605 185 624 185 640 195 623 200 606 201 723 193 737 183 755 183 769 191 755 198 738 198 139 17 117.565826 8.684708 8.931540 0.144465 0.300677 -0.001822 16.526258 -82.281219 507.362396 -15.191397 -82.936340 517.166504 48.243916 -81.626099 497.558258
588 199 604 190 623 190 639 200 622 205 604 205 721 198 736 187 754 186 768 195 753 202 737 202 330 555 79.670570 115.231277 19.452660 0.116655 -0.240406 -0.039022 17.209209 -81.261116 511.932159 -15.016752 -79.518303 504.121277 49.435173 -83.003929 519.743042
579 206 595 196 614 196 630 205 613 210 596 211 712 202 727 191 745 190 759 198 744 205 728 206 763 784 -6.424586 160.696335 23.465813 0.097431 -0.194562 -0.055000 12.864341 -79.800568 516.908020 -19.664623 -77.676208 510.590302 45.393303 -81.924927 523.225708
593 208 609 200 628 200 643 209 627 214 609 214 726 206 740 196 757 195 771 202 757 209 741 210 231 887 99.427322 180.911255 26.232077 0.126634 -0.256782 -0.047621 19.305792 -77.501350 513.587952 -12.774584 -75.406113 505.280151 51.386169 -79.596581 521.895691
587 205 603 196 622 196 638 206 621 211 603 211 721 202 736 191 754 190 768 198 754 206 737 206 531 18 39.584118 9.009078 8.433098 0.142003 0.288851 -0.024011 15.530079 -77.407440 504.448273 -16.292013 -77.299019 513.929932 47.352169 -77.515854 494.966583
590 211 606 202 625 202 641 211 624 216 607 217 724 208 738 197 756 196 770 204 755 211 739 212 35 831 138.407745 169.764099 25.369881 0.124554 -0.242584 -0.050898 18.137724 -75.910126 509.781311 -14.053602 -73.743233 501.933838 50.329052 -78.077011 517.628784
591 211 607 202 626 202 642 211 625 216 608 217 725 208 739 197 757 196 772 204 757 211 740 212 358 473 74.085037 99.010262 17.773531 0.119614 -0.258284 -0.052464 18.618223 -75.291473 505.490448 -13.441364 -73.064278 497.136871 50.677811 -77.518677 513.843994
589 210 605 201 624 201 640 210 624 215 606 216 723 207 738 197 756 195 770 203 755 210 739 211 580 414 29.910746 87.404144 16.298403 0.128563 0.249816 -0.024724 16.860916 -76.020393 510.515533 -15.304543 -75.739990 518.753540 49.026375 -76.300804 502.277557
586 213 601 204 621 204 637 213 620 218 602 219 719 209 734 198 752 197 766 205 752 212 735 213 798 816 -13.381246 167.041290 24.060339 0.094380 -0.220821 -0.063222 16.167976 -75.423401 511.315247 -16.165405 -73.001396 504.156616 48.501354 -77.845406 518.473877
588 210 602 199 621 199 636 208 620 214 603 215 723 205 738 193 757 192 774 200 758 207 740 208 510 100 43.777119 25.232353 10.102967 0.163849 0.292828 -0.042838 15.814798 -73.554993 486.809753 -15.949732 -72.948532 496.464111 47.579330 -74.161453 477.155426
583 210 599 200 618 200 634 210 618 215 600 216 717 206 731 195 750 194 764 202 750 209 733 210 849 332 -23.617737 71.260864 14.300524 0.135739 0.243350 -0.035428 13.957188 -76.361031 509.655426 -18.250185 -75.744865 517.709290 46.164562 -76.977188 501.601532
585 209 601 200 620 200 636 209 619 214 601 215 719 206 733 195 751 194 766 202 751 209 734 210 535 397 38.859554 84.024864 16.017487 0.131500 0.254054 -0.028716 14.751835 -76.542778 509.924072 -17.375164 -76.153214 518.306396 46.878834 -76.932350 501.541718
581 212 597 203 616 202 632 212 616 217 598 218 714 207 729 196 747 195 762 203 747 210 730 211 1289 771 -111.065994 158.292938 22.509783 0.137587 0.211010 -0.046606 13.188082 -76.404419 515.985535 -19.245678 -75.353111 523.021606 45.621841 -77.455727 508.949524
583 207 599 198 618 197 634 207 617 212 599 213 717 203 732 192 750 191 765 199 750 207 733 207 737 25 -1.394847 10.461017 8.300817 0.147532 0.305051 -0.028876 13.609975 -76.494148 502.563324 -18.051003 -76.293724 512.568420 45.270954 -76.694565 492.558228
581 210 597 201 616 201 632 210 616 216 598 216 715 206 729 195 747 194 762 202 747 209 730 210 1142 615 -81.852081 127.368843 19.580223 0.132160 0.205893 -0.042391 13.194053 -77.025688 515.195984 -19.280880 -76.081985 522.055176 45.668983 -77.969391 508.336853
589 235 605 226 625 225 640 235 624 240 606 241 724 230 738 220 756 219 770 227 756 234 740 235 258 777 94.035461 159.147949 23.993557 0.044632 -0.176546 -0.057574 18.030699 -65.077019 512.412659 -14.603350 -63.046478 506.628571 50.664745 -67.107559 518.196716
573 243 589 234 608 233 624 243 608 248 590 249 709 239 724 228 743 227 758 235 743 243 726 243 800 771 -13.787563 158.135208 23.156544 0.039759 -0.117272 -0.048661 10.516294 -60.118866 506.065063 -22.421274 -58.430561 502.214630 43.453861 -61.807175 509.915497
543 227 557 217 575 216 591 225 575 231 558 233 675 220 690 209 710 208 726 217 710 224 692 224 1371 157 -127.493835 36.791939 10.105647 0.052184 0.193428 -0.044576 -5.619248 -68.301369 503.883026 -38.172195 -66.998611 510.299286 26.933699 -69.604126 497.466797
562 238 577 228 597 227 613 236 596 242 579 243 699 232 713 221 732 220 748 228 732 235 715 236 664 589 13.233202 122.068542 19.691772 0.041756 -0.077312 -0.051639 5.220736 -63.251534 505.702850 -27.840694 -61.486279 503.175934 38.282166 -65.016785 508.229797
577 236 593 226 613 225 629 235 612 241 594 242 715 232 730 221 748 220 764 229 748 236 731 236 498 477 46.235115 99.847130 17.668467 0.068903 -0.158625 -0.042641 12.789451 -62.896450 500.315521 -19.968607 -61.307056 495.124847 45.547508 -64.485847 505.506195
581 236 597 226 616 226 633 236 616 242 598 242 718 233 733 222 752 221 767 230 752 237 735 238 392 497 67.325813 103.771484 18.209175 0.081652 -0.187984 -0.040011 14.528441 -62.124588 497.538483 -18.065323 -60.551754 491.395844 47.122208 -63.697426 503.681152
557 231 571 221 590 220 606 230 590 236 573 237 691 227 707 216 726 215 742 224 726 231 708 231 1437 98 -140.634521 25.135509 8.836847 0.079231 -0.234844 -0.045661 2.463898 -64.133965 493.091492 -29.795666 -62.326519 485.435547 34.723465 -65.941406 500.747406
577 233 593 223 613 223 629 233 612 239 594 239 715 230 730 219 749 218 764 228 749 235 731 235 473 201 51.156620 45.211090 12.174483 0.085930 -0.219552 -0.039028 12.869935 -62.782486 492.642883 -19.513224 -61.187122 485.477325 45.253094 -64.377846 499.808472
588 237 604 228 624 227 640 237 623 243 605 243 726 235 741 225 759 224 774 233 759 240 742 240 264 491 92.788155 102.542633 18.258318 0.082054 -0.220763 -0.031196 17.846910 -60.815060 494.468628 -14.536479 -59.489590 487.249298 50.230301 -62.140530 501.687958
557 240 572 230 591 229 607 239 591 245 573 246 692 235 707 224 727 222 743 231 727 238 709 239 1246 627 -102.538902 129.777512 19.682978 0.065528 0.113529 -0.044037 2.189731 -61.610161 503.459045 -30.769293 -60.275902 507.264587 35.148754 -62.944420 499.653503
581 240 597 231 616 230 632 240 616 246 597 246 718 237 733 227 752 226 766 234 751 241 734 242 550 736 35.939213 151.127106 22.786304 0.082421 -0.213818 -0.042122 14.441924 -60.106758 497.338379 -17.977961 -58.429474 490.360046 46.861809 -61.784046 504.316742
572 235 587 225 607 225 624 235 607 241 588 241 709 231 724 219 743 218 759 227 743 235 726 235 921 27 -37.998215 10.916222 8.097507 0.111368 0.302131 -0.032360 9.056787 -61.431126 487.343201 -22.628458 -60.929054 497.260498 40.742031 -61.933193 477.425903
558 242 573 232 592 231 608 240 592 246 574 247 693 236 708 225 728 223 743 232 728 239 710 240 1345 644 -122.230110 133.174210 19.892473 0.086851 0.196306 -0.047897 2.485994 -60.462894 499.130524 -30.043671 -59.167183 505.665192 35.015659 -61.758606 492.595886
569 240 585 230 604 229 621 239 604 244 586 245 707 235 721 224 740 223 756 231 740 238 723 239 669 447 12.211869 93.964462 16.841534 0.074741 0.191704 -0.037253 8.268942 -60.868595 498.066528 -24.304989 -59.877613 504.431793 40.842873 -61.859577 491.701233
564 240 579 230 599 229 615 238 598 244 581 245 701 234 716 222 735 221 750 229 735 237 717 238 1129 338 -79.317963 72.538750 14.050344 0.089417 0.207177 -0.048443 5.607619 -61.011475 496.267181 -26.848951 -59.723377 503.157135 38.064190 -62.299572 489.377228
549 226 564 215 583 213 599 223 583 230 565 231 685 218 699 207 719 206 735 215 719 223 701 223 1303 204 -113.957535 46.072594 11.136786 0.078858 -0.182993 -0.062134 -0.909822 -68.400810 499.343353 -33.496834 -66.113914 493.392212 31.677191 -70.687706 505.294525
570 232 586 222 606 221 622 231 605 237 587 238 708 226 722 215 742 214 757 223 742 230 724 231 756 226 -5.136837 50.250561 12.300820 0.082961 -0.223379 -0.060452 9.642825 -64.265549 493.792542 -22.677353 -61.972290 486.532623 41.963005 -66.558815 501.052490
564 237 580 227 599 226 616 235 599 241 581 243 701 230 716 219 735 218 750 226 735 234 718 235 909 458 -35.530079 96.219078 16.744385 0.062303 -0.078540 -0.060087 6.440958 -63.360405 503.638794 -26.601686 -61.288616 501.098907 39.483601 -65.432190 506.178680
592 229 608 218 628 218 644 228 627 233 608 234 729 224 744 213 762 213 776 222 762 229 745 229 178 133 109.829201 31.656870 11.202920 0.083152 -0.292851 -0.052621 19.427277 -64.981178 489.787018 -12.319366 -62.860493 480.288940 51.173916 -67.101860 499.285065
596 238 612 228 632 227 648 237 631 243 613 244 733 232 747 221 765 220 779 229 765 236 748 237 182 677 109.135628 139.330688 22.091522 0.089883 -0.275725 -0.061355 21.347412 -61.827824 495.271576 -10.542386 -59.411808 486.340546 53.237209 -64.243835 504.202606
593 220 609 210 628 210 644 221 627 226 609 226 728 218 743 207 762 206 777 215 761 222 744 223 557 329 34.470253 70.572899 14.626653 0.108517 0.240843 -0.018281 18.931400 -69.804878 503.286469 -13.310481 -69.636307 511.223236 51.173279 -69.973450 495.349701
580 225 596 215 615 214 631 225 615 230 597 231 715 221 730 210 749 209 764 217 749 225 731 226 1342 529 -121.654907 110.411591 17.593504 0.128144 0.249783 -0.034356 12.823606 -67.970947 501.565125 -19.332775 -67.373192 509.821625 44.979984 -68.568703 493.308655
594 222 610 213 630 213 646 224 629 229 611 229 730 222 745 210 764 209 779 218 764 226 746 226 426 354 60.535221 75.478828 15.300554 0.111708 0.271786 -0.011992 19.537195 -67.747696 498.561951 -12.447681 -67.855644 507.479095 51.522072 -67.639740 489.644775
584 224 600 215 620 214 636 225 619 230 601 231 720 221 735 210 754 208 769 217 754 225 736 225 1163 402 -86.069679 85.217072 15.287009 0.120458 0.244215 -0.033301 14.810528 -67.806602 499.905823 -17.392000 -67.200027 507.979797 47.013058 -68.413177 491.831879
590 221 606 211 626 211 642 221 625 226 607 227 726 218 741 206 760 205 775 214 760 221 742 222 543 65 37.205746 18.315538 9.358427 0.119394 0.279553 -0.025393 17.606789 -68.996338 496.997925 -14.299958 -68.716034 506.187073 49.513535 -69.276649 487.808777
588 226 603 216 623 216 639 226 622 232 604 232 723 223 737 211 756 210 771 218 756 226 739 227 833 727 -20.360628 149.437042 22.231773 0.092237 -0.214260 -0.052852 17.399065 -67.925499 503.460785 -15.001050 -65.860695 496.494537 49.799179 -69.990295 510.427063
592 227 608 218 627 218 643 227 626 233 609 233 727 224 742 213 760 212 775 220 760 228 743 228 368 827 72.162178 169.079803 24.849346 0.103752 -0.220046 -0.045893 19.306396 -67.289291 504.126526 -13.063834 -65.403854 496.973022 51.676628 -69.174736 511.280060
573 226 588 217 607 216 623 226 607 232 589 232 707 222 721 211 740 209 755 218 740 225 723 226 1282 708 -109.685287 145.821243 21.257433 0.115751 0.217527 -0.041077 9.057159 -68.250511 506.983978 -23.338272 -67.316559 514.210571 41.452591 -69.184464 499.757416
582 223 597 212 616 212 631 223 615 228 598 229 718 219 732 207 752 206 767 215 752 223 734 223 518 74 42.180767 20.088821 9.571722 0.125871 0.271485 -0.032443 13.341508 -67.447777 490.449005 -18.631506 -66.949783 499.395386 45.314522 -67.945763 481.502594
582 227 596 217 615 216 631 227 615 232 598 233 716 223 731 211 750 210 766 219 750 227 733 227 619 654 22.197411 134.919312 21.052950 0.005233 -0.109463 -0.050757 14.035646 -67.502678 504.381836 -18.927755 -65.811890 500.760376 46.999046 -69.193459 508.003296
579 227 593 217 612 216 628 226 612 232 595 233 713 223 728 211 747 209 763 218 747 226 730 227 1019 614 -57.383461 127.131241 19.722881 0.122083 0.224400 -0.043411 11.879648 -66.923767 498.758148 -20.462696 -65.950668 506.213715 44.221992 -67.896858 491.302582
582 227 597 218 616 218 632 228 616 233 598 233 717 224 731 214 750 213 765 221 750 228 733 229 229 722 99.794205 148.252579 22.930510 0.113559 -0.204049 -0.045025 14.320829 -67.018486 504.012573 -18.162479 -65.154587 497.385345 46.804138 -68.882385 510.639801
578 226 593 217 612 216 628 226 612 231 594 232 713 222 727 211 746 210 761 218 746 225 729 226 774 409 -8.683273 86.477089 15.941688 0.110962 0.224908 -0.036787 11.623618 -67.832367 503.685699 -20.723526 -67.036026 511.141418 43.970760 -68.628716 496.229980
573 228 587 219 606 219 622 228 606 233 589 234 707 224 721 213 740 212 755 219 740 227 723 228 736 827 -1.045310 169.198502 24.362621 0.066180 0.060049 -0.046351 9.278902 -68.192940 513.631958 -23.830458 -66.722397 515.673401 42.388260 -69.663490 511.590546
568 228 583 219 602 218 618 228 602 233 584 234 701 223 716 212 735 210 750 218 735 226 718 227 1276 754 -108.483055 154.923981 22.186543 0.106039 0.192902 -0.049583 6.629747 -68.025558 509.617676 -25.919243 -66.731255 516.055664 39.178738 -69.319862 503.179718
572 222 587 213 606 212 622 222 606 227 588 228 707 218 722 207 740 206 755 214 740 221 723 222 226 207 100.294296 46.318985 12.621325 0.102290 0.249221 -0.032043 8.725379 -69.281670 501.315369 -23.437609 -68.651337 509.543640 40.888367 -69.912003 493.087097
582 216 598 206 617 206 633 216 616 221 599 222 718 213 732 202 751 202 765 210 750 217 733 218 144 787 116.715752 161.090454 24.344591 0.106315 -0.202447 -0.041654 14.690996 -72.782394 506.076202 -17.807753 -71.055992 499.487549 47.189743 -74.508804 512.664856
575 213 590 203 610 203 625 212 609 218 591 219 710 208 725 197 744 196 759 205 743 212 726 213 801 60 -14.120011 17.409121 8.917064 0.125552 0.277225 -0.032501 10.095098 -73.293633 498.717560 -21.826283 -72.804565 507.846954 42.016479 -73.782700 489.588165
570 215 585 205 605 204 620 214 604 220 587 221 705 209 719 198 738 196 754 205 739 212 721 213 1371 102 -127.504158 25.905930 9.004243 0.134767 0.280897 -0.044156 7.728991 -72.640694 497.224060 -24.144508 -71.821892 506.496033 39.602489 -73.459496 487.952087
582 222 598 213 617 213 632 222 616 228 599 228 717 219 732 208 750 207 765 215 750 222 733 223 178 748 109.944695 153.382248 23.518627 0.108175 -0.203083 -0.047228 14.535560 -69.900063 505.946045 -17.950806 -67.983185 499.348969 47.021923 -71.816940 512.543091
572 256 588 246 608 246 625 257 608 262 589 262 711 254 726 243 745 242 761 251 745 258 727 259 487 438 48.416058 92.124405 16.902020 0.070757 -0.223514 -0.035015 10.874274 -51.541481 488.762207 -21.484722 -50.128319 481.450714 43.233269 -52.954639 496.073700
591 258 608 249 628 249 645 260 627 265 608 265 731 257 745 246 764 245 778 253 763 261 746 262 288 506 88.016571 105.519287 18.526958 0.078514 -0.323610 -0.035273 19.604420 -49.335724 478.903137 -11.857451 -47.768368 468.402954 51.066292 -50.903084 489.403290
548 250 563 240 582 240 598 250 582 256 564 256 684 249 700 238 720 238 736 247 719 254 701 254 1136 372 -80.704109 79.270538 14.721953 0.049637 -0.189100 -0.021995 -1.091747 -54.239597 492.454468 -33.696785 -53.358612 486.233917 31.513288 -55.120583 498.675018
581 247 598 238 618 238 634 249 617 254 598 254 720 247 735 236 755 236 769 245 754 252 736 253 286 332 88.381767 71.079269 15.045159 0.063824 0.194767 -0.007399 14.299582 -54.906151 492.671814 -18.276733 -54.867832 499.101593 46.875896 -54.944469 486.242065
550 263 566 255 585 255 601 265 585 270 567 270 688 263 704 252 724 251 740 260 723 267 705 267 1088 826 -71.070053 169.114105 23.877033 0.074852 0.218317 -0.014650 -0.443423 -47.490379 487.930542 -32.856899 -47.278358 495.133392 31.970055 -47.702400 480.727692
567 246 583 236 603 236 620 247 602 253 584 253 707 246 722 235 742 234 757 244 741 251 723 251 588 12 28.243788 7.839899 8.237556 0.080520 -0.300885 -0.025923 8.754414 -53.887169 475.196747 -22.948486 -52.641396 465.402191 40.457314 -55.132946 484.991333
588 248 605 239 625 239 641 251 623 256 605 255 727 250 742 239 761 239 776 249 760 256 743 256 305 231 84.583061 51.094723 12.997450 0.086921 0.287364 0.008137 16.976624 -53.323250 487.558685 -14.866376 -54.000969 496.946106 48.819622 -52.645527 478.171265
593 254 609 245 629 245 644 257 627 262 609 262 731 257 746 246 765 245 780 254 765 262 747 262 151 653 115.298050 134.570435 21.651911 0.087564 0.259949 0.005155 19.177099 -50.784630 488.913116 -12.912416 -51.329212 497.429321 51.266613 -50.240047 480.396881
587 255 603 246 624 247 640 258 622 263 604 262 725 257 741 246 760 246 775 255 759 262 741 262 441 762 57.627838 156.238068 23.451136 0.069751 0.211613 -0.001094 16.779669 -50.861660 493.197449 -15.684740 -51.069675 500.167267 49.244076 -50.653645 486.227631
553 260 569 251 589 250 605 259 588 265 570 266 691 260 707 250 727 250 744 259 727 265 708 265 1343 850 -121.793564 173.946625 24.020378 0.021471 -0.188552 -0.012348 2.068105 -49.036293 489.501923 -30.545713 -48.561718 483.283142 34.681923 -49.510864 495.720703
583 249 600 240 620 241 636 252 619 256 600 256 723 251 738 241 757 240 772 249 757 256 739 256 378 58 70.028442 16.876823 9.436481 0.099802 0.329708 0.006250 14.622914 -52.022018 478.612274 -16.794235 -52.766388 489.334595 46.040062 -51.277649 467.889954
588 247 605 238 625 238 641 249 623 254 605 254 727 249 742 239 761 239 776 248 760 254 743 254 213 15 102.844376 8.312722 8.793614 0.097743 0.362593 0.014229 16.472248 -53.199261 479.997498 -14.572028 -54.242214 491.733124 47.516525 -52.156307 468.261871
577 255 593 246 613 247 629 257 612 262 593 262 715 256 730 245 749 245 764 253 748 260 731 261 723 752 1.526741 154.349747 22.877901 0.074626 0.225514 -0.006139 11.804514 -51.420204 494.311859 -20.559299 -51.496368 501.737335 44.168327 -51.344040 486.886414
567 257 583 248 603 248 619 258 602 263 584 264 704 258 720 248 739 247 754 256 738 262 721 263 1110 784 -75.454475 160.808258 23.006865 0.081443 0.235225 -0.002865 7.082664 -50.512459 493.687195 -25.208122 -50.734737 501.421234 39.373451 -50.290176 485.953156
561 253 577 242 596 241 612 251 595 257 577 258 700 250 716 239 736 238 753 248 737 254 718 254 1345 81 -122.335838 21.741068 8.618094 0.116692 0.332045 -0.022491 4.587627 -50.781128 465.236816 -26.797293 -50.686363 476.078308 35.972546 -50.875889 454.395355
577 250 593 241 613 242 629 253 612 257 594 257 716 253 732 242 751 242 766 251 750 258 732 258 47 83 135.880096 21.718243 10.374907 0.078974 0.338942 0.014924 11.544993 -51.424873 478.572540 -19.768057 -52.350376 489.581451 42.858044 -50.499367 467.563629
567 248 583 239 603 239 619 250 602 255 583 255 705 248 720 237 740 237 755 246 739 253 721 253 1085 120 -70.605827 29.376373 9.742971 0.101140 0.318757 -0.005323 6.885877 -53.407524 481.449097 -24.647232 -53.764317 491.845978 38.418983 -53.050732 471.052185
572 249 588 240 608 240 624 251 607 256 589 256 711 250 726 239 746 238 761 247 745 254 727 255 615 140 22.896624 33.183319 10.765114 0.097181 0.315462 -0.000965 9.393876 -52.909977 481.522766 -22.173662 -53.382881 491.809967 40.961414 -52.437069 471.235565
572 253 589 243 609 243 625 252 608 258 589 259 712 251 727 242 747 242 763 252 747 258 729 257 345 478 76.672112 99.995705 17.890854 0.054465 -0.273330 -0.017513 11.211128 -51.456909 478.741302 -20.756315 -50.637367 469.798706 43.178574 -52.276447 487.683929
566 256 582 245 602 245 618 255 601 261 582 262 704 253 720 243 740 242 756 252 740 259 722 259 1225 694 -98.348717 143.031876 21.052464 0.103017 0.274398 -0.022535 6.950111 -50.402031 478.086426 -25.005243 -50.130440 487.105347 38.905464 -50.673622 469.067505
568 205 584 195 604 195 621 205 604 210 585 211 708 199 723 188 741 186 757 194 741 202 724 203 423 755 61.207325 154.846756 23.334763 0.104131 0.037117 -0.056059 8.578454 -76.803429 494.913757 -24.551407 -75.010849 496.239868 41.708313 -78.596008 493.587646
555 209 570 199 590 199 606 209 590 215 572 216 694 205 709 194 729 192 746 201 730 209 711 210 1209 70 -95.282959 19.519999 8.577690 0.125780 0.284633 -0.027143 1.909655 -71.782089 477.105255 -29.948868 -71.484955 486.459717 33.768177 -72.079224 467.750793
585 225 601 215 622 215 639 226 621 231 602 232 726 222 742 210 762 209 777 218 761 226 743 227 426 616 60.584419 127.335815 20.547245 0.102322 0.213265 -0.028388 16.525635 -65.177628 484.421234 -15.914319 -64.604500 491.483856 48.965591 -65.750755 477.358643
572 227 589 214 610 213 628 224 610 231 590 232 715 220 730 208 751 207 769 218 752 225 733 225 1005 324 -54.652851 69.727768 13.933991 0.115283 0.288670 -0.036970 10.984487 -63.010674 465.976501 -20.825598 -62.351048 475.476135 42.794571 -63.670300 456.476868
600 228 616 218 635 217 652 228 635 234 616 234 742 226 758 215 779 213 796 222 779 230 760 230 298 522 86.030243 108.689354 18.834141 0.142779 0.336041 -0.019207 22.264153 -60.756676 461.437897 -9.080593 -60.920761 472.394165 53.608898 -60.592587 450.481628
603 232 620 222 639 222 655 232 638 238 620 238 746 232 762 220 782 219 800 228 783 235 764 236 113 664 122.859589 136.735367 21.922451 0.122762 0.309296 -0.008756 24.155586 -59.317017 466.144562 -7.474327 -59.656193 476.243713 55.785500 -58.977840 456.045380
575 228 590 219 611 219 627 230 610 235 591 235 715 229 731 217 751 216 767 225 751 232 732 233 1193 394 -92.039185 83.643326 15.087126 0.124610 0.305677 -0.007863 11.094962 -61.407665 472.856873 -20.571573 -61.777977 482.839508 42.761497 -61.037350 462.874237
605 227 621 217 641 217 657 227 640 233 621 233 748 227 764 216 785 215 802 224 785 231 766 232 261 155 93.321861 36.038048 11.533705 0.139147 0.355952 -0.003209 24.415316 -60.089649 457.637726 -6.711253 -60.798008 469.178711 55.541882 -59.381294 446.096710
600 233 616 223 637 223 653 234 636 239 617 240 742 232 758 220 778 220 794 229 777 236 759 237 542 729 37.529366 149.739029 22.656708 0.137021 0.312485 -0.017122 22.806696 -59.489731 471.567505 -8.787829 -59.636158 481.781433 54.401222 -59.343300 461.353607
600 233 616 224 636 223 652 233 635 239 617 240 742 233 758 222 779 221 796 229 779 237 760 237 574 712 31.160305 146.384583 22.273949 0.139018 0.339586 -0.009917 22.353933 -58.345825 463.066345 -8.956097 -58.798897 474.113342 53.663963 -57.892750 452.019348
582 234 598 224 618 225 635 236 617 241 599 241 723 234 739 222 758 221 774 230 758 237 740 238 1021 675 -57.769871 139.205460 20.941793 0.115322 0.272067 -0.013152 14.557528 -59.600651 477.048828 -17.424448 -59.687389 485.976624 46.539501 -59.513912 468.121063
594 237 610 228 630 227 646 236 629 242 611 243 737 236 754 225 774 224 793 232 775 239 756 240 499 637 46.066227 131.515839 20.871231 0.129829 0.310675 -0.017021 20.172611 -56.738491 460.843445 -11.440111 -56.847294 471.001373 51.785336 -56.629688 450.685516
615 235 631 225 651 225 667 236 650 241 632 241 758 236 774 225 794 224 811 233 794 240 776 240 79 457 129.584457 95.753426 17.822134 0.124148 0.379071 0.005464 28.669010 -56.648960 458.931824 -2.181110 -57.596642 471.176453 59.519131 -55.701279 446.687164
604 236 620 227 640 226 656 237 639 242 620 242 747 236 763 225 783 224 801 233 784 240 765 241 473 410 51.195866 86.577927 16.359821 0.136451 0.373594 -0.005144 23.886454 -56.256855 457.834045 -7.031078 -56.925758 469.926117 54.803982 -55.587952 445.741943
601 235 618 227 639 227 655 238 637 243 618 243 743 237 759 226 778 225 793 233 777 241 760 242 605 535 24.960133 111.361435 18.688427 0.111510 0.393706 0.003279 22.704153 -57.291821 468.917694 -7.962746 -58.116455 481.622833 53.371052 -56.467182 456.212524
607 231 624 220 644 220 660 231 642 237 624 237 751 231 767 220 788 219 805 228 788 235 769 236 228 169 99.889290 38.798386 11.857709 0.139287 0.410874 0.002366 25.107903 -57.792736 451.847900 -5.337729 -58.804203 465.061554 55.553532 -56.781269 438.634277
564 232 579 223 598 224 614 235 598 239 580 239 702 235 718 224 738 223 754 232 738 239 719 239 1428 712 -138.728821 146.660049 21.144432 0.130364 0.318831 0.007155 5.538143 -59.215752 473.030945 -25.994768 -60.131939 483.394135 37.071053 -58.299568 462.667755
568 225 583 216 603 216 618 227 602 232 584 232 707 227 723 216 743 215 760 224 743 232 725 232 1345 141 -122.324570 33.616714 9.819627 0.131022 0.361328 0.008161 7.328850 -61.321785 464.660522 -23.733856 -62.362518 476.347473 38.391556 -60.281055 452.973572
621 233 638 224 658 224 673 235 656 241 638 240 763 236 779 225 799 224 814 233 798 241 780 241 63 600 132.794235 124.051888 20.706947 0.114336 0.424485 0.020442 31.072006 -57.395306 463.105835 0.817591 -58.845253 476.712006 61.326420 -55.945358 449.499695
605 231 622 222 643 222 659 234 641 239 622 239 747 232 763 220 782 220 797 228 782 236 764 237 544 262 37.043804 57.307564 13.302135 0.121827 0.436016 0.001779 24.152876 -58.655506 462.991058 -5.949141 -59.579517 476.975861 54.254890 -57.731491 449.006287
588 240 606 230 628 229 646 241 627 247 607 248 743 240 760 227 782 226 799 236 781 244 762 245 359 225 73.839531 49.924576 12.805876 0.111234 0.315487 -0.014033 19.495628 -51.447365 432.329712 -12.068853 -51.567276 442.636444 51.060112 -51.327454 422.022980
562 249 580 239 602 239 621 251 601 256 581 256 717 249 734 236 756 235 772 245 755 253 735 254 817 534 -17.213936 111.231888 18.388006 0.094348 0.256706 -0.013156 8.949703 -48.343086 437.858246 -23.165005 -48.311287 446.296509 41.064411 -48.374886 429.420013
546 259 564 249 585 249 604 261 585 267 565 267 699 259 717 246 738 245 756 254 738 262 718 263 1156 807 -84.601089 165.375427 23.406610 0.052695 -0.208818 -0.033741 3.308335 -44.748085 441.191772 -29.156570 -43.454620 434.342194 35.773239 -46.041550 448.041321
585 255 603 245 625 245 643 256 624 262 604 262 741 255 758 243 780 241 797 250 779 258 759 259 284 369 88.786583 78.401939 15.788750 0.081239 0.375955 -0.007386 17.858467 -44.896908 427.054077 -13.027627 -45.158512 439.241791 48.744560 -44.635303 414.866364
594 255 613 245 634 245 652 257 633 262 613 262 750 256 767 244 788 243 805 252 788 259 768 260 122 367 121.013412 77.953827 15.962963 0.077632 0.407111 0.001521 21.304066 -44.474747 425.784729 -9.188199 -45.041077 438.917145 51.796329 -43.908421 412.652283
582 260 601 250 623 250 641 262 622 268 601 267 738 261 756 249 778 247 795 256 777 265 757 266 578 502 30.325136 104.821114 18.063295 0.091956 0.380046 -0.004136 16.868164 -42.461456 426.031738 -13.968806 -42.900436 438.338165 47.705132 -42.022476 413.725311
583 266 602 256 624 257 643 269 623 274 602 274 737 267 755 255 776 254 792 262 775 271 755 272 358 829 74.151894 169.472427 24.902624 0.073111 0.384138 -0.002382 16.964777 -40.624504 433.854431 -13.821116 -41.007786 446.289917 47.750671 -40.241219 421.418945
564 268 582 258 605 258 623 271 604 276 583 276 719 270 737 257 759 256 776 265 758 274 738 275 933 805 -40.239319 164.907639 23.661505 0.089658 0.367674 -0.001930 9.412647 -39.218113 428.420410 -21.574383 -39.696339 440.342468 40.399677 -38.739883 416.498383
572 266 591 256 614 257 632 269 612 274 591 274 729 268 747 255 769 254 785 263 767 272 747 273 580 609 29.947363 126.000000 20.203382 0.075954 0.395023 0.000701 12.855758 -39.537266 423.917511 -17.793104 -40.051361 436.682404 43.504620 -39.023170 411.152618
568 267 587 257 610 257 628 270 609 275 587 275 725 268 743 255 765 254 782 263 764 272 744 273 699 500 6.253820 104.464294 17.863207 0.088847 0.420219 -0.005394 11.166090 -39.075130 420.175964 -19.151327 -39.511856 433.711945 41.483509 -38.638405 406.639984
532 253 549 243 571 244 588 255 570 261 550 260 686 256 704 244 727 244 745 253 726 261 706 261 1208 132 -95.072380 31.791176 9.820596 0.109746 0.355804 0.007495 -3.631521 -43.959629 418.565216 -34.757786 -44.843616 430.094910 27.494743 -43.075645 407.035522
559 269 579 259 601 258 620 269 600 274 579 275 717 268 735 258 757 258 775 268 756 274 736 274 606 752 24.801949 154.312012 23.032648 0.061795 0.314469 0.004055 8.472711 -39.058582 426.773560 -23.104010 -39.510822 437.033478 40.049431 -38.606339 416.513641
558 264 576 254 599 255 617 267 598 273 577 272 715 267 733 254 755 253 772 263 754 272 734 272 786 454 -11.062023 95.387695 16.826965 0.085334 0.396060 0.005684 7.106475 -39.541641 418.674194 -23.528934 -40.278744 431.460419 37.741886 -38.804535 405.887939
520 261 536 252 557 252 573 264 556 269 537 268 671 265 689 254 711 253 729 263 710 270 690 270 1384 443 -130.026260 93.403381 15.815757 0.122075 0.392032 0.009843 -9.425656 -40.671822 419.196167 -40.112942 -41.772999 431.830933 21.261629 -39.570644 406.561401
528 257 545 248 567 248 585 259 566 264 547 264 681 258 700 247 722 246 741 255 722 262 701 263 1203 146 -94.075089 34.560547 10.107566 0.092568 0.113164 -0.014253 -4.756063 -45.415253 443.059174 -37.745277 -45.117279 446.825104 28.233152 -45.713226 439.293213
580 259 599 248 623 248 641 261 621 266 600 267 736 259 753 245 775 244 791 254 773 263 754 263 354 127 74.815796 30.526075 10.849986 0.081452 0.432026 -0.008852 15.736322 -42.772259 423.027557 -14.418043 -43.062599 436.926819 45.890686 -42.481918 409.128296
573 259 592 249 615 249 634 262 614 268 592 268 730 260 748 246 770 245 787 255 769 264 749 265 473 331 51.181034 70.941658 14.777803 0.084712 0.383146 -0.008962 13.356724 -42.344879 422.687042 -17.440659 -42.586853 435.097626 44.154106 -42.102901 410.276489
536 269 554 260 576 261 594 272 575 277 555 277 692 272 710 260 732 259 750 267 732 275 711 276 1100 837 -73.455185 171.295181 24.081444 0.098916 0.236426 -0.010039 -1.255693 -38.890999 431.206238 -33.535892 -38.947449 438.987305 31.024506 -38.834549 423.425140
541 261 558 251 581 251 599 264 580 269 559 269 697 264 716 250 738 250 756 259 738 268 717 269 980 85 -49.724396 22.415045 9.180953 0.102734 0.366608 -0.000345 0.481021 -40.671825 415.800751 -30.519228 -41.278439 427.682495 31.481270 -40.065212 403.918976
558 264 577 254 600 254 618 267 598 272 577 272 716 267 734 254 757 254 774 263 755 272 735 272 604 281 25.111368 61.087540 13.603264 0.078594 0.408893 0.012699 7.400048 -39.476593 417.284882 -23.066219 -40.412041 430.456482 37.866318 -38.541149 404.113281
622 168 642 156 666 155 686 166 665 173 642 174 786 163 804 152 825 151 842 162 825 169 805 169 394 78 66.849258 20.840534 9.815829 0.067512 -0.253082 -0.056647 35.593014 -78.593773 413.811401 3.498206 -76.453262 405.571198 67.687820 -80.734276 422.051605
621 228 640 217 664 218 682 232 662 238 640 237 788 230 806 216 829 214 846 224 827 234 807 235 151 762 115.318520 156.144516 23.834694 0.073329 0.367274 0.005369 32.992653 -51.804211 402.515839 2.001757 -52.420280 414.421478 63.983547 -51.188137 390.610199
556 209 574 198 598 198 618 210 598 217 576 217 723 209 743 195 767 194 787 205 767 214 744 215 1053 482 -64.171982 101.015785 17.034540 0.118555 0.287304 -0.004148 9.070253 -58.504887 394.926575 -22.774851 -58.930332 404.321686 40.915356 -58.079441 385.531494
566 192 584 180 608 180 628 192 607 199 585 199 733 191 752 178 776 178 795 189 775 197 753 197 770 98 -7.945940 24.920364 9.719035 0.125138 0.328751 0.009211 12.383680 -65.154953 396.430420 -19.043839 -66.130524 407.103699 43.811199 -64.179375 385.757141
559 196 578 184 602 184 621 197 601 203 579 204 724 195 744 182 768 182 788 193 768 201 745 201 907 393 -35.144421 83.353149 15.445370 0.129722 0.337402 0.007056 9.650311 -63.928318 398.267212 -21.684162 -64.876312 409.213074 40.984787 -62.980320 387.321381
609 202 630 192 654 192 674 204 653 210 630 211 779 202 797 190 820 189 837 199 819 208 798 208 338 436 78.056755 91.680496 17.059040 0.159051 0.485827 0.002477 27.982655 -59.532383 387.464020 -1.388027 -60.866287 402.895935 57.353336 -58.198479 372.032135
588 199 608 187 633 187 653 200 632 206 609 207 759 196 778 183 802 182 820 192 801 201 779 202 569 19 32.024837 9.219262 8.402864 0.137368 0.369060 -0.011055 21.145102 -61.647064 388.920013 -9.825471 -62.120258 400.884918 52.115677 -61.173874 376.955078
579 202 599 190 624 189 645 202 623 209 601 210 751 199 770 184 794 183 813 195 793 204 771 204 597 191 26.487001 43.271812 11.810224 0.126408 0.295708 -0.018857 18.642855 -61.511768 393.839508 -13.116851 -61.511635 403.528717 50.402561 -61.511898 384.150330
546 205 564 193 588 193 608 206 588 212 566 213 713 203 733 189 758 188 778 199 757 209 735 209 971 300 -47.893620 64.966537 13.498347 0.104890 0.292673 -0.006476 5.349252 -60.168724 393.242767 -26.444176 -60.462727 402.816223 37.142681 -59.874722 383.669312
526 199 545 187 568 187 587 200 567 207 545 207 696 197 715 184 738 183 758 195 738 203 716 204 1265 145 -106.409149 34.382618 10.005538 0.108313 -0.242513 -0.028697 -0.577624 -61.724846 390.442169 -32.798206 -60.349735 382.536285 31.642958 -63.099957 398.348022
591 210 612 198 637 198 658 210 636 216 613 217 763 207 782 193 806 193 826 203 806 211 783 212 392 328 67.294075 70.321747 14.824860 0.144863 0.376331 -0.013007 22.790251 -58.206993 391.334015 -8.092200 -58.679604 403.524597 53.672703 -57.734379 379.143433
586 210 606 198 631 198 651 210 630 217 607 218 759 207 778 193 802 192 820 202 801 211 779 212 582 195 29.471754 44.058685 11.910165 0.114825 0.299914 -0.020421 21.139256 -58.210964 391.554321 -10.578174 -58.111366 401.380524 52.856686 -58.310558 381.728119
535 211 552 199 575 199 594 212 574 219 553 219 700 210 719 196 743 195 764 205 744 215 721 216 1259 378 -105.171791 80.497780 14.679424 0.059779 -0.189413 -0.030514 1.707288 -58.420414 398.087067 -30.888474 -57.226662 391.870056 34.303051 -59.614166 404.304047
561 220 580 208 605 208 625 221 604 228 582 228 733 219 752 205 777 204 796 214 776 224 754 224 810 591 -15.810699 122.511490 19.538721 0.074509 -0.167294 -0.029168 13.098186 -54.358006 392.725525 -19.629219 -53.188667 387.238342 45.825588 -55.527348 398.212738
615 230 636 220 660 220 680 233 659 239 636 239 787 230 806 216 829 215 847 225 828 234 807 236 223 716 100.986679 147.063080 22.818291 0.098552 0.438309 -0.001005 30.848959 -49.498596 387.794891 0.780442 -50.171516 401.865814 60.917477 -48.825676 373.723938
600 217 621 205 646 205 667 218 645 224 622 225 774 214 793 200 816 198 834 209 815 218 794 219 440 49 57.692879 15.115476 9.174249 0.125040 0.456390 -0.011732 25.273371 -54.015205 380.558624 -4.535149 -54.569904 395.177246 55.081890 -53.460506 365.940002
544 222 562 211 585 211 603 224 584 231 563 231 710 223 729 208 753 207 773 218 753 227 731 228 1298 735 -112.863152 151.170456 21.776960 0.092611 0.208291 -0.014897 4.494719 -54.351864 400.412872 -27.989254 -54.180374 407.291931 36.978691 -54.523357 393.533783
597 233 618 223 643 223 663 236 642 242 619 242 771 234 790 221 813 219 831 229 812 238 790 239 496 834 46.700020 170.506577 24.820230 0.099109 0.389495 0.002205 24.960199 -48.652576 390.757996 -5.759564 -49.356136 403.342163 55.679962 -47.949017 378.173859
627 235 647 224 672 225 691 238 670 244 648 244 799 237 818 223 842 222 860 232 840 241 819 242 135 679 118.485870 139.711380 22.193737 0.085227 0.468696 0.012281 34.810062 -47.003860 384.838715 5.186362 -48.047134 399.802277 64.433762 -45.960583 369.875183
614 226 635 215 660 215 680 228 659 234 635 234 789 226 808 212 832 211 850 221 831 231 809 232 417 178 62.292572 40.640697 11.787963 0.106132 0.454163 0.003229 30.472410 -49.947327 379.989441 0.630612 -50.836555 394.523407 60.314209 -49.058094 365.455475
