534 372 549 360 570 359 587 371 569 377 551 378 673 370 690 358 712 358 730 370 712 376 692 376 1114 391 -107.905228 93.373222 2.978881 0.018068 0.448415 -0.042482 -7.265633 4.910923 405.844269 -37.158787 6.141973 420.247192 22.627522 3.679873 391.441376
540 363 555 351 576 351 592 364 576 371 557 371 682 361 698 347 720 345 738 356 721 366 701 367 848 246 -48.127506 61.432861 1.071344 -0.011726 0.437053 -0.046483 -4.301048 0.983799 406.380890 -34.350006 2.561741 420.421173 25.747910 -0.594142 392.340607
571 365 587 352 609 352 626 366 608 373 589 373 716 362 732 347 753 345 770 356 753 366 734 368 324 172 69.259415 45.853210 -1.177870 -0.038086 -0.397283 -0.029989 11.381317 1.406847 405.662689 -19.223133 2.128376 392.801636 41.985767 0.685317 418.523743
599 385 616 375 637 375 654 389 636 395 616 394 744 388 759 374 780 373 795 383 779 393 761 393 27 608 134.956467 143.931320 0.953905 -0.027662 0.493234 -0.033293 20.407059 11.524335 409.314972 -8.822546 12.807126 425.016693 49.636662 10.241543 393.613251
544 395 561 383 582 382 599 392 581 398 562 400 687 391 704 381 725 381 743 392 726 397 706 397 1182 615 -123.514168 143.352356 4.798913 0.019542 0.419431 -0.056471 -1.925388 13.996600 407.296661 -32.200737 15.682051 420.828918 28.349962 12.311151 393.764404
544 385 560 372 582 372 599 386 581 392 561 393 687 384 704 370 726 369 745 380 727 389 706 390 889 120 -57.081528 33.172436 0.307976 0.032482 0.460934 -0.057526 -2.066002 10.179866 400.423340 -31.752792 11.777610 415.211884 27.620789 8.582123 385.634766
595 374 613 362 635 363 651 377 633 383 613 383 740 376 755 362 776 362 791 373 775 382 757 382 21 310 136.821075 77.284370 -1.189853 0.004086 0.500536 -0.034795 18.944206 6.816777 406.921997 -10.167955 7.891016 422.855835 48.056370 5.742539 390.988129
545 376 561 364 582 363 599 376 582 383 562 384 689 373 705 358 727 356 744 367 727 377 708 378 848 188 -48.025917 48.459141 0.657939 -0.006665 0.409994 -0.061685 -1.662940 5.901319 407.234863 -32.054455 7.936099 420.455139 28.728575 3.866539 394.014618
576 382 593 370 614 370 631 383 613 390 594 390 722 378 737 364 758 362 774 372 758 382 739 383 285 453 77.494400 108.781082 0.696857 -0.018174 0.439932 -0.067397 11.397489 8.382727 408.897156 -18.572689 10.677904 423.006744 41.367668 6.087549 394.787567
566 395 583 384 604 384 620 395 603 402 584 402 711 392 726 380 747 379 763 388 746 396 728 397 578 796 11.327991 184.960907 4.104389 0.008903 0.404438 -0.066486 7.205008 14.448575 416.974213 -23.249596 16.535971 430.040192 37.659611 12.361179 403.908264
557 394 573 384 593 383 610 394 593 400 574 401 700 390 715 378 736 376 752 385 736 393 717 394 811 785 -40.791962 182.067703 4.791579 0.000701 0.401378 -0.075009 2.816540 13.602355 416.939819 -27.658392 16.019773 429.901062 33.291473 11.184937 403.978546
572 381 588 370 609 369 625 381 608 388 589 388 715 378 730 365 750 364 766 374 750 382 732 383 351 562 62.534431 133.040176 1.690636 -0.006383 0.455945 -0.060125 8.792348 8.402546 414.433350 -20.962503 10.376790 429.038513 38.547199 6.428301 399.828186
575 374 591 362 613 361 630 374 612 381 593 382 720 370 736 356 757 354 772 365 757 374 738 375 109 345 117.067696 84.949936 -0.651234 -0.018217 0.504879 -0.062211 10.327127 4.975212 398.593048 -18.673401 7.102294 414.624420 39.327656 2.848129 382.561707
561 384 577 373 597 372 614 383 597 390 578 391 705 378 720 366 740 365 756 374 740 382 722 383 494 613 30.445496 144.182556 2.524018 -0.000488 0.423265 -0.073320 4.464409 8.938181 414.706268 -25.723597 11.301951 428.331848 34.652416 6.574411 401.080688
534 378 550 366 571 365 588 377 571 384 551 385 677 376 694 363 716 362 733 373 716 381 696 381 1231 119 -133.610306 32.313679 1.424597 0.044219 0.399503 -0.058623 -6.219153 7.192541 408.624725 -36.754135 8.796737 421.570801 24.315830 5.588344 395.678619
580 393 597 383 617 383 633 395 616 400 597 400 721 393 736 381 755 380 769 389 754 397 737 398 103 796 117.620399 185.842941 2.543628 -0.032243 0.456084 -0.042399 11.932660 14.614579 426.005829 -17.849569 16.213367 440.601135 41.714890 13.015790 411.410553
557 389 573 378 594 378 611 390 593 396 575 396 700 386 716 373 736 372 752 381 736 390 718 391 374 626 57.275543 147.313293 2.222380 -0.036599 0.367484 -0.057548 3.046320 11.887300 421.743530 -27.888065 13.974709 433.629089 33.980705 9.799892 409.858002
559 389 575 378 596 378 612 390 595 397 576 397 701 387 716 374 736 372 752 381 736 391 718 392 75 740 123.984138 173.368591 2.052476 -0.068564 -0.375499 -0.024645 5.365938 12.050878 422.474640 -25.516382 12.427154 410.280365 36.248257 11.674602 434.668915
531 390 546 379 567 378 583 390 566 396 548 397 671 387 687 374 707 373 724 382 708 390 689 391 1190 668 -125.397186 155.192810 5.202966 0.018011 0.379367 -0.069214 -8.721706 12.051509 419.834869 -39.488091 14.181046 432.141541 22.044680 9.921971 407.528198
546 372 562 360 583 360 599 372 582 380 563 380 690 368 706 354 727 352 744 362 727 372 708 374 386 214 55.311893 55.132847 -0.674787 -0.030582 0.421750 -0.058015 -1.518234 4.223200 406.935211 -31.759457 6.302538 420.488983 28.722988 2.143862 393.381470
664 420 674 412 689 411 701 418 689 423 676 424 766 412 776 403 791 401 803 408 792 414 778 415 1091 581 -103.091225 135.916061 4.257563 -0.062096 0.465909 -0.107262 51.312984 32.818230 583.331543 21.830149 36.714569 598.101074 80.795822 28.921890 568.561951
667 418 678 409 693 408 705 416 693 421 679 422 769 411 780 401 795 400 807 406 796 413 782 414 972 212 -75.815865 53.597317 1.236444 -0.062649 0.492331 -0.099138 53.059059 31.522825 578.314514 23.953058 35.177181 593.872375 82.165062 27.868471 562.756714
670 416 681 407 696 407 708 415 696 420 683 421 773 410 784 400 799 399 812 406 800 412 786 413 582 141 11.580152 38.439892 -0.551087 -0.066861 0.482758 -0.089898 55.188641 30.864950 577.310730 25.906002 34.254292 592.594666 84.471283 27.475611 562.026794
673 421 683 413 696 413 708 419 696 424 684 425 773 414 784 406 797 405 809 410 798 416 785 417 346 685 63.437862 160.562698 2.550910 -0.081788 0.460368 -0.091377 56.808060 34.498138 594.576538 27.191917 38.032215 609.169495 86.424202 30.964064 579.983643
672 419 682 412 696 411 707 418 696 423 683 424 774 414 784 405 798 404 810 410 799 416 786 417 445 715 41.231739 167.089401 3.090035 -0.076753 0.447483 -0.084732 56.377106 33.714138 589.798401 26.555185 36.988834 604.028259 86.199028 30.439444 575.568542
670 415 680 408 694 407 705 414 694 419 681 420 771 411 782 402 795 401 807 407 796 413 783 414 1105 427 -105.954323 101.442589 3.205904 -0.037694 0.492285 -0.087345 54.188126 31.247654 583.190613 25.047256 34.329609 598.807007 83.328995 28.165697 567.574280
669 419 680 411 693 410 705 417 694 422 681 423 770 412 781 403 795 402 807 407 796 413 783 414 1204 712 -128.607086 165.008942 5.562584 -0.059742 0.451801 -0.104059 54.743271 32.851334 590.901306 25.042673 36.622135 605.261475 84.443871 29.080534 576.541077
671 416 682 408 696 407 708 415 696 420 683 421 773 410 784 400 799 399 811 405 799 412 786 413 974 107 -76.079506 30.106693 0.494611 -0.055074 0.482064 -0.097058 55.512394 30.933937 580.245056 26.240892 34.458691 595.519714 84.783897 27.409184 564.970398
675 417 685 408 700 407 712 415 700 420 687 421 777 411 788 401 802 400 814 407 803 413 790 414 433 190 44.836575 49.677135 -0.691418 -0.066907 0.480619 -0.089061 57.693050 31.414370 581.603455 28.375185 34.776264 596.825806 87.010918 28.052477 566.381104
674 417 685 408 700 407 712 415 700 420 686 421 777 411 788 401 803 400 815 407 803 413 790 414 975 21 -76.152641 10.867937 -0.115083 -0.059594 0.488983 -0.090383 57.367630 31.326958 577.842651 28.183056 34.677971 593.321411 86.552200 27.975943 562.363953
677 421 688 413 701 413 713 420 701 424 689 425 779 416 790 408 803 407 815 413 804 418 791 419 566 697 14.186675 162.838394 3.359320 -0.073331 0.443983 -0.074942 59.846012 35.097054 591.922546 29.949154 38.031284 606.069214 89.742867 32.162827 577.775879
679 420 690 413 704 412 715 419 703 424 691 424 781 416 792 407 806 406 818 412 807 418 794 419 373 530 57.667465 125.841400 1.534839 -0.075710 0.436293 -0.072829 61.084679 34.668461 590.279175 31.074064 37.545635 604.194763 91.095299 31.791290 576.363525
678 420 689 412 703 412 715 419 703 424 690 424 780 415 791 406 806 405 818 411 806 417 793 418 767 443 -30.346907 105.649193 2.209342 -0.066608 0.464898 -0.083241 59.956734 34.026684 584.613586 30.385559 37.191521 599.381409 89.527908 30.861849 569.845764
679 421 690 414 704 413 716 420 704 425 691 425 781 417 792 408 806 407 818 413 807 419 794 420 1176 610 -122.162766 142.245087 4.743560 -0.061928 0.461231 -0.080362 60.888241 35.058292 586.936401 31.255415 38.094067 601.607422 90.521065 32.022518 572.265320
678 418 689 409 704 409 716 417 704 422 691 423 782 414 793 404 808 403 820 410 808 416 795 417 998 42 -81.336220 15.522610 0.110172 -0.062349 0.495759 -0.076235 59.589226 32.337070 573.231995 30.473223 35.264370 588.924316 88.705231 29.409771 557.539673
681 420 692 412 706 412 718 419 706 424 693 424 784 416 795 407 809 406 821 412 810 418 796 419 614 338 4.074348 82.446388 0.958208 -0.070927 0.470465 -0.072465 61.563229 34.165527 581.302002 32.048283 37.023293 596.243896 91.078178 31.307764 566.360107
680 422 691 415 705 414 716 422 705 426 692 427 782 418 793 409 807 408 819 414 808 420 795 421 955 690 -72.848953 160.550247 4.587608 -0.066086 0.471455 -0.077587 61.227783 35.779907 586.507996 31.740211 38.764759 601.479065 90.715355 32.795052 571.536865
682 419 693 411 708 410 720 419 708 424 694 424 786 416 797 406 812 405 824 412 812 418 798 419 337 117 66.446693 33.526405 -1.527176 -0.071538 0.489812 -0.067656 62.099022 33.609520 575.910461 32.869640 36.333488 591.427612 91.328400 30.885555 560.393250
683 419 694 411 709 411 721 419 709 424 695 424 787 416 798 407 812 406 824 413 813 419 799 420 191 219 98.938965 56.613373 -1.279883 -0.078292 0.486891 -0.063491 62.803555 33.928520 577.409485 33.519688 36.570889 592.837769 92.087425 31.286154 561.981140
683 419 694 412 709 412 720 420 708 424 695 425 787 417 798 408 812 407 824 414 812 420 799 421 628 395 0.841682 95.170433 1.410487 -0.062373 0.497616 -0.060738 62.693722 34.384357 577.104309 33.573292 36.820911 592.872070 91.814148 31.947802 561.336487
673 469 684 460 698 460 710 468 698 473 685 473 772 464 783 454 797 453 809 459 798 466 785 467 785 91 -33.758289 26.878695 -0.240451 -0.117155 0.490599 -0.097746 57.502396 64.451157 598.858215 28.361603 68.489304 614.255188 86.643188 60.413017 583.461243
670 486 680 479 694 478 705 485 694 490 681 490 768 481 778 472 792 471 804 477 793 483 780 484 996 783 -82.186554 181.276810 5.385199 -0.139641 0.465277 -0.099434 55.385010 75.773277 604.291016 25.862106 79.998093 618.889282 84.907913 71.548462 589.692810
668 481 679 472 693 472 704 481 693 486 680 486 768 479 779 469 793 467 805 475 794 481 780 482 928 138 -65.840218 37.126343 0.564421 -0.108291 0.520204 -0.085420 53.168915 71.024284 583.726318 24.467766 74.638611 600.027893 81.870064 67.409950 567.424805
682 488 693 481 706 480 718 488 706 492 693 492 781 485 792 476 806 475 818 482 806 487 794 488 297 669 74.430786 157.074722 2.275862 -0.152684 0.490383 -0.077781 62.810295 77.137619 599.052307 33.607185 80.821098 614.420166 92.013405 73.454132 583.684509
680 482 691 473 706 473 717 482 705 486 692 487 780 479 791 469 806 468 818 475 806 482 793 482 119 93 115.271347 28.562777 -2.414547 -0.143204 0.522262 -0.076406 60.754677 71.733521 585.818604 32.061081 75.357040 602.131409 89.448273 68.110008 569.505859
673 481 683 473 697 472 708 480 697 485 684 485 771 476 781 467 796 466 808 473 796 479 783 479 1143 259 -114.163452 63.792973 2.133318 -0.130684 0.475739 -0.093424 56.968197 72.298477 600.017578 27.584560 76.282570 614.960449 86.351837 68.314392 585.074707
668 473 679 465 692 464 704 471 692 476 680 477 766 467 777 458 791 457 803 463 791 469 779 470 1250 195 -137.995117 49.278450 2.028729 -0.145401 0.457828 -0.099360 54.596275 67.376709 605.044739 24.962852 71.628441 619.409424 84.229698 63.124985 590.680115
669 475 679 468 692 467 703 474 692 478 680 479 766 469 777 461 790 460 802 466 791 471 778 472 983 653 -79.049805 152.221909 4.415887 -0.132438 0.446794 -0.100246 54.981712 69.534653 610.580933 25.192581 73.702614 624.644958 84.770844 65.366684 596.516968
670 479 680 471 693 470 703 477 693 481 681 482 767 472 777 464 790 463 801 468 791 474 778 475 270 773 80.290512 180.388092 2.928422 -0.144669 0.458999 -0.101042 55.386719 71.704041 613.841431 25.775898 76.005951 628.237732 84.997543 67.402130 599.445190
671 474 681 465 695 465 706 473 695 477 682 478 769 469 780 459 794 458 806 465 795 471 782 472 246 104 86.832848 30.787481 -1.918844 -0.138248 0.493600 -0.089647 55.456562 67.443466 597.645386 26.336756 71.395233 613.104370 84.576370 63.491695 582.186462
667 476 677 468 691 467 702 474 691 479 679 480 765 469 775 461 789 459 801 465 790 471 777 472 1056 468 -95.061234 110.704659 3.337134 -0.129041 0.460923 -0.107015 53.844906 69.032471 605.458801 24.283491 73.412956 619.932739 83.406326 64.651985 590.984924
668 476 679 468 692 467 703 474 692 479 680 480 766 470 776 461 790 460 802 466 791 471 778 472 1225 465 -132.873703 109.719788 3.871053 -0.129294 0.456994 -0.104896 54.536121 69.283600 606.021606 24.909906 73.592720 620.383972 84.162338 64.974480 591.659180
668 476 679 468 692 467 704 474 692 479 680 480 767 470 777 461 791 460 803 466 792 472 779 472 719 343 -19.430626 83.369835 1.338857 -0.133913 0.471588 -0.101844 54.496567 68.953369 603.632080 25.076195 73.222275 618.423218 83.916939 64.684464 588.840942
672 473 683 465 697 464 708 472 696 477 684 478 771 469 781 460 795 459 807 465 796 471 783 472 41 146 132.632843 40.562916 -2.293074 -0.145069 0.486169 -0.080526 56.655563 67.754829 601.031555 27.394670 71.458031 616.284302 85.916451 64.051620 585.778870
670 474 681 466 695 465 706 473 695 478 682 479 769 469 779 460 794 458 806 465 795 471 781 472 353 0 63.071247 7.325564 -2.308539 -0.136701 0.489540 -0.092685 55.164043 67.445694 595.245361 25.989742 71.474731 610.581177 84.338348 63.416660 579.909607
672 475 683 467 697 467 708 474 697 479 684 480 771 471 781 461 796 460 807 467 796 473 783 474 243 247 87.253700 62.779987 -0.909446 -0.141891 0.485575 -0.086129 56.644863 68.783699 599.308594 27.389936 72.638718 614.535156 85.899788 64.928680 584.082031
671 478 681 471 694 470 705 477 694 481 682 482 768 472 779 464 792 463 804 469 793 474 780 475 493 586 30.716560 138.144928 2.328285 -0.139643 0.459943 -0.099134 56.147617 71.292564 609.658081 26.544983 75.498833 624.099365 85.750252 67.086288 595.216797
673 478 683 471 697 470 708 477 697 481 685 482 771 473 781 464 794 463 806 469 795 475 783 475 187 635 99.105423 149.673706 1.672082 -0.147160 0.453105 -0.092299 57.987312 71.847000 613.510620 28.263363 75.878380 627.751221 87.711258 67.815628 599.270020
670 474 680 466 694 465 706 473 694 478 681 478 769 469 779 460 794 459 805 465 794 472 781 473 694 32 -13.291562 13.850267 -0.959992 -0.128549 0.485872 -0.090052 55.020432 67.573898 596.631775 25.782290 71.450424 611.885071 84.258568 63.697365 581.378479
672 478 682 470 695 469 706 476 695 480 683 481 769 472 779 463 793 462 804 468 794 474 781 474 851 670 -49.541477 156.269669 4.103330 -0.135078 0.452199 -0.098926 56.907860 71.191345 612.255005 27.192060 75.344955 626.477417 86.623665 67.037735 598.032532
679 545 690 537 705 537 716 546 704 550 691 550 781 545 791 536 806 535 817 543 805 548 793 549 368 297 59.194439 73.732117 -0.142336 -0.194041 0.464018 -0.065626 61.276478 111.836708 591.309326 31.640371 115.386658 605.857849 90.912582 108.286766 576.760803
642 538 652 530 666 530 678 538 666 542 653 543 743 536 755 527 769 526 781 533 770 538 756 539 1263 466 -141.378845 109.872910 4.003042 -0.186331 0.458563 -0.084243 37.895847 104.177620 578.046631 8.224838 108.247864 592.386230 67.566856 100.107368 563.707031
644 533 655 525 669 524 681 533 669 537 656 538 746 530 757 521 772 520 784 527 772 533 759 534 396 192 53.112690 50.193211 -0.798738 -0.201525 0.437840 -0.076634 39.631546 101.338127 579.722046 9.642387 105.219002 593.438782 69.620705 97.457260 566.005310
649 529 661 520 675 520 687 529 675 533 661 534 752 527 764 518 778 517 790 525 779 531 765 531 223 164 91.874550 44.251282 -1.566758 -0.192772 0.451992 -0.067248 42.964535 98.884262 577.285156 13.156134 102.443962 591.474792 72.772942 95.324570 563.095459
645 531 656 523 671 523 682 531 670 536 657 536 748 529 759 519 774 519 786 526 774 532 761 532 779 305 -32.790478 74.758400 1.265155 -0.187157 0.438348 -0.077173 40.507729 100.391548 579.519409 10.528518 104.191437 593.280457 70.486938 96.591652 565.758301
649 527 660 519 675 519 687 527 674 532 661 532 752 526 763 517 778 516 790 524 778 529 765 530 200 305 96.774368 75.833557 -0.637331 -0.198949 0.421687 -0.058214 43.264969 99.093208 583.205200 13.013713 102.323235 596.508911 73.516220 95.863174 569.901550
648 529 659 521 674 521 685 529 673 534 660 534 751 528 762 519 777 518 788 526 777 531 763 531 745 619 -25.732159 145.058578 3.391523 -0.184135 0.413518 -0.065223 42.732449 100.803146 586.372192 12.386858 104.136414 599.433350 73.078033 97.469872 573.311035
647 524 659 515 674 515 685 523 673 528 659 529 750 522 761 512 776 512 788 519 776 525 763 526 708 132 -16.599545 36.192757 -0.201224 -0.175870 0.443372 -0.072444 42.071075 96.507210 581.366699 12.152589 100.090141 595.316833 71.989563 92.924278 567.416565
649 521 660 513 674 513 685 522 674 527 660 527 752 520 763 511 778 510 789 518 778 524 765 525 528 259 23.457239 64.934982 0.112543 -0.168766 0.452548 -0.068241 42.354939 94.659203 576.173889 12.559196 98.079391 590.424316 72.150681 91.239021 561.923401
652 523 663 515 677 515 689 523 677 528 663 528 754 522 765 513 780 512 791 520 780 526 767 526 70 71 126.274780 23.732700 -2.732360 -0.190010 0.441490 -0.059437 44.529694 96.792992 583.772278 14.555665 100.056053 597.681641 74.503723 93.529930 569.862976
652 525 663 518 678 517 689 525 677 530 664 530 755 524 766 516 780 515 791 523 780 528 767 528 86 587 121.790619 139.124374 0.998087 -0.188740 0.410597 -0.058170 45.333210 99.651878 591.794434 14.934522 102.781761 604.782288 75.731895 96.521988 578.806641
650 527 661 520 675 519 687 527 675 531 662 532 753 526 764 518 778 517 789 524 778 529 765 530 1036 586 -90.792442 137.136612 4.112482 -0.173760 0.403079 -0.062848 44.162525 100.626068 591.958923 13.675747 103.789078 604.730408 74.649307 97.463051 579.187439
648 523 659 515 673 515 685 523 673 528 660 528 751 521 762 512 776 512 788 519 776 525 763 525 1192 193 -125.012756 48.938782 1.823897 -0.170847 0.425105 -0.070615 42.338959 96.516922 583.023621 12.162411 99.962975 596.442322 72.515503 93.070877 569.604980
652 524 664 515 679 515 690 524 678 528 664 529 756 523 767 514 781 513 793 521 781 527 768 527 215 192 93.615692 50.529312 -1.393470 -0.185613 0.433460 -0.056861 45.325142 97.387733 584.400085 15.234189 100.516434 598.086060 75.416092 94.259033 570.714172
654 526 666 518 679 518 691 525 679 529 666 530 757 524 768 517 782 516 793 523 782 528 769 528 656 656 -5.881125 153.500183 3.362809 -0.210734 -0.238963 0.013221 48.114250 100.592064 597.127075 15.852358 99.331474 589.372009 80.376144 101.852654 604.882141
653 527 664 520 678 519 690 526 678 531 665 531 756 525 766 518 780 517 792 524 780 529 767 529 1061 673 -96.539162 156.550766 4.814734 -0.183695 0.356691 -0.057002 46.633820 101.979683 600.923218 15.565771 104.894066 612.274109 77.701866 99.065292 589.572327
653 522 665 514 680 514 691 522 679 527 665 527 757 521 768 513 782 512 794 520 782 525 769 525 608 59 5.905666 20.049454 -1.050125 -0.180623 0.438904 -0.055328 45.837269 96.474449 583.342834 15.820159 99.533806 597.205444 75.854378 93.415092 569.480164
656 521 667 513 682 513 693 521 681 526 667 526 759 521 770 512 784 512 796 519 784 525 771 525 244 122 87.248871 34.817524 -1.797118 -0.182732 0.449767 -0.049936 46.886772 95.808922 582.745300 17.014925 98.739647 596.945435 76.758621 92.878197 568.545227
654 522 666 513 681 513 692 522 680 526 666 527 758 521 769 512 784 511 795 519 784 525 770 525 714 12 -17.732000 9.339432 -1.036829 -0.173717 0.438484 -0.058600 46.351212 95.808136 581.305359 16.334826 98.922531 595.157288 76.367599 92.693748 567.453369
654 521 665 513 680 513 692 521 679 526 666 526 757 520 768 511 783 511 795 519 783 524 770 524 990 28 -79.521507 12.405877 -0.015902 -0.171124 0.437421 -0.059336 45.976715 95.440819 581.236206 15.947030 98.557991 595.058655 76.006393 92.323647 567.413696
647 560 658 553 672 552 683 559 671 562 659 563 745 558 756 552 770 552 781 559 769 562 757 562 619 252 3.106112 63.200207 0.361658 -0.927078 0.081547 0.017653 47.039268 136.833130 673.578918 13.941926 137.495132 676.164917 80.136612 136.171143 670.992920
645 565 656 558 669 557 680 562 669 566 656 567 743 560 754 555 767 555 779 561 767 565 755 564 1121 640 -109.907776 149.057755 4.776670 -0.914924 0.072248 -0.006595 45.720016 139.581085 676.504272 12.596620 140.793137 678.487000 78.843407 138.369034 674.521545
661 553 673 545 686 545 698 551 686 555 673 556 761 551 772 545 785 546 796 553 785 556 772 556 130 87 112.820351 27.200241 -2.421169 -0.910476 0.061876 0.022582 57.201611 131.919556 672.424438 24.063963 132.141754 674.523621 90.339256 131.697357 670.325256
655 559 666 552 680 553 691 560 679 564 667 564 757 560 768 553 782 553 793 560 781 564 769 564 758 677 -28.742804 158.008163 3.847643 -0.229325 0.362489 -0.037447 47.873344 123.739128 604.453064 16.839485 126.303398 615.980591 78.907204 121.174850 592.925537
661 557 672 549 685 549 697 554 685 558 672 559 760 554 771 548 784 549 795 555 784 559 772 558 430 412 45.119057 99.340744 0.881066 -0.922908 0.048713 0.007996 56.890541 134.311111 674.509583 23.723385 134.776596 676.020447 90.057693 133.845627 672.998657
656 556 668 549 681 549 692 555 680 558 668 558 754 555 765 549 778 549 789 554 778 557 766 557 890 117 -57.300045 32.499523 0.289879 -0.976804 0.070658 0.016217 52.216938 131.802490 661.380188 19.092621 132.403214 663.611389 85.341255 131.201752 659.148926
655 559 666 552 680 552 691 559 679 563 667 563 757 559 768 552 782 552 793 558 781 563 769 563 547 764 18.321018 177.860550 3.774444 -0.238470 0.313019 -0.033535 48.397263 124.119156 609.213562 16.816565 126.427238 619.208130 79.977959 121.811073 599.218933
653 559 664 552 677 552 688 559 677 563 664 564 754 559 765 552 779 552 790 558 779 563 766 563 894 729 -59.267078 169.387238 4.665153 -0.227406 0.352992 -0.044730 46.316353 123.208153 604.607300 15.182427 125.962685 615.816711 77.450279 120.453613 593.397888
655 552 667 545 680 545 692 553 679 555 667 555 754 553 765 546 779 545 791 552 779 555 766 555 626 261 1.523934 65.200371 0.448808 -1.001464 0.082659 0.033281 50.737663 126.368080 643.563416 17.653938 126.702385 646.376770 83.821388 126.033775 640.750061
653 554 664 548 677 548 689 555 677 557 665 557 751 554 762 547 775 547 787 553 775 556 763 556 1273 439 -143.569290 103.814850 3.843453 -1.008806 0.076985 0.019886 49.241882 128.898666 650.415344 16.133373 129.528458 652.862732 82.350388 128.268875 647.967957
657 554 669 548 681 548 693 554 681 557 669 557 755 554 767 548 779 548 791 554 779 557 767 556 74 488 124.649300 117.001862 0.253019 -0.990737 0.079462 0.025087 52.603733 130.215454 657.052856 19.505013 130.715912 659.657471 85.702454 129.714996 654.448303
654 553 665 547 678 547 690 554 678 556 665 556 752 553 763 547 777 546 788 552 776 555 764 555 934 315 -67.492882 76.707420 1.845732 -1.004664 0.077912 0.022395 49.640617 127.451317 646.046814 16.535982 128.020554 648.560486 82.745255 126.882072 643.533081
655 551 667 544 680 544 691 552 679 554 667 554 753 552 765 544 778 544 790 551 778 554 766 554 172 20 103.539215 12.135365 -2.760718 -0.982591 0.082361 0.028556 51.001926 127.152596 650.725342 17.913364 127.588982 653.466980 84.090485 126.716209 647.983765
654 553 666 547 679 547 690 553 678 556 666 556 752 553 763 546 776 546 788 552 776 555 764 555 979 458 -77.813156 108.610794 3.012850 -1.001825 0.076602 0.018501 50.479328 129.174988 655.295654 17.369226 129.829391 657.714905 83.589432 128.520599 652.876465
655 553 667 547 680 547 692 553 679 555 667 556 753 553 765 546 778 546 790 552 778 555 765 555 719 421 -19.567245 100.817253 1.894815 -0.998432 0.080294 0.023268 51.136898 128.431107 652.410767 18.038723 129.004715 655.007202 84.235069 127.857498 649.814331
655 552 667 546 681 546 692 552 680 554 667 554 754 552 766 545 779 546 791 552 779 554 767 554 552 428 17.790667 102.693161 1.395978 -0.994263 0.083851 0.027367 51.174866 126.539299 646.027649 18.088846 127.047112 648.787537 84.260887 126.031494 643.267761
657 554 669 549 681 549 693 555 681 557 669 557 755 555 766 549 779 549 790 555 779 557 767 557 280 683 78.210411 160.237885 2.319791 -1.016688 0.082250 0.032153 52.302925 130.518463 656.323914 19.216736 130.898666 659.102234 85.389114 130.138260 653.545532
654 552 666 546 679 546 690 553 678 555 666 555 752 553 764 546 777 546 789 552 777 555 764 555 1237 338 -135.336533 81.289528 3.005270 -1.002732 0.079153 0.027765 50.280270 127.981087 651.139893 17.182743 128.417267 653.771057 83.377800 127.544907 648.508728
653 551 665 545 678 545 690 551 677 554 665 554 751 551 763 544 777 544 789 551 777 553 764 553 962 202 -73.560616 51.379036 1.132309 -0.984292 0.083434 0.022233 49.422321 125.952347 645.796387 16.331541 126.584564 648.472229 82.513107 125.320129 643.120544
653 551 666 545 679 545 691 551 678 553 666 554 752 551 764 544 778 544 790 551 778 553 765 553 958 254 -72.756599 63.018078 1.489804 -0.977049 0.081387 0.023639 50.164280 126.089539 646.655884 17.069460 126.642242 649.299133 83.259102 125.536835 644.012573
