495 302 510 294 529 296 545 307 528 311 510 310 650 309 666 299 686 298 702 307 685 314 667 314 1060 715 -82.723862 156.642700 9.723081 0.205605 0.001169 0.023790 -12.886502 -20.581766 447.327209 -46.081928 -21.370058 447.284851 20.308926 -19.793474 447.369598
492 311 507 303 526 304 541 314 525 318 508 318 645 314 661 304 681 302 698 310 681 317 662 318 1106 765 -91.808029 166.547211 11.159287 0.273772 -0.017497 0.005112 -14.671453 -18.303284 450.484100 -47.870785 -18.391870 449.887299 18.527878 -18.214697 451.080902
565 281 581 273 601 275 616 286 599 290 581 289 715 290 731 280 749 280 764 290 748 296 731 295 494 231 29.200926 60.742130 -5.291500 -0.274926 -0.022144 0.039250 16.693110 -30.938662 477.049591 -16.478203 -32.325588 476.501770 49.864422 -29.551737 477.597412
585 298 602 291 621 294 636 304 618 307 601 306 735 310 750 302 767 303 781 311 766 317 750 316 330 705 62.333622 154.513763 2.795634 -0.241372 -0.029057 0.064798 25.604422 -22.432823 482.010986 -7.517105 -24.677624 481.314575 58.725948 -20.188021 482.707367
529 328 541 321 556 321 568 329 555 333 541 333 652 327 664 319 680 318 694 325 680 331 666 331 1207 272 -112.442795 69.002518 2.107052 -0.342400 0.055670 -0.009213 -9.578449 -14.690491 567.102478 -42.730927 -14.077361 568.862305 23.574028 -15.303619 565.342712
571 325 585 317 601 318 614 327 599 331 584 330 698 330 711 321 727 322 739 330 726 335 711 334 262 324 75.411339 79.099327 -5.545606 -0.372203 -0.000091 0.034406 14.458721 -14.171927 559.550415 -18.726665 -15.288504 559.757629 47.644108 -13.055351 559.343262
523 309 537 302 553 304 566 314 552 317 536 316 662 320 677 311 695 311 711 320 694 325 678 325 1399 860 -149.925720 185.408035 15.782122 0.207168 0.006515 0.067643 -6.135210 -18.395975 490.900909 -39.263657 -20.646616 490.883789 26.993237 -16.145336 490.918030
568 317 583 311 600 312 614 321 598 324 583 324 705 324 718 316 734 316 747 324 734 329 719 329 418 830 44.988762 179.269531 6.137418 -0.306953 -0.007953 0.037917 15.094220 -16.567188 525.810242 -18.085871 -17.846447 525.742065 48.274311 -15.287931 525.878418
549 323 563 316 580 318 594 327 579 331 563 330 687 330 701 321 718 321 732 329 718 334 702 334 732 864 -17.371876 186.062653 9.718532 0.191015 0.000602 0.029653 5.851238 -13.230984 506.097626 -27.339016 -14.211385 506.023743 39.041492 -12.250583 506.171509
423 315 439 307 457 309 471 319 455 323 438 322 566 323 581 314 598 314 613 322 598 328 581 328 689 124 -9.672680 39.606716 -5.661732 0.164694 -0.064683 0.043729 -51.591621 -16.510904 496.928253 -84.695503 -17.778522 494.673096 -18.487740 -15.243286 499.183411
494 320 509 312 526 313 540 323 525 327 509 327 634 324 648 314 666 314 681 322 666 328 649 329 1094 392 -89.849739 92.727493 3.495925 0.148150 -0.008977 0.012274 -19.467058 -15.466081 501.400726 -52.668041 -15.850088 501.073639 13.733923 -15.082073 501.727814
715 299 732 285 754 282 774 289 755 297 735 301 905 279 925 268 948 267 969 276 949 282 926 283 655 828 -2.111241 178.922394 8.280229 0.033405 0.672782 -0.104255 62.871429 -19.846706 321.819519 37.068531 -17.005745 342.524567 88.674324 -22.687670 301.114471
677 313 699 296 726 291 752 300 729 312 702 316 897 286 921 271 951 270 977 281 952 291 923 292 566 242 14.905334 62.933834 -4.405479 -0.050667 -0.002128 -0.086495 57.191460 -16.863985 308.073334 24.110825 -13.998539 307.930084 90.272095 -19.729429 308.216583
497 319 511 311 529 312 543 322 528 326 512 326 637 324 653 314 671 313 687 322 671 328 654 328 1100 566 -90.843178 127.163582 7.074496 0.231784 -0.034350 0.022355 -17.415890 -15.446924 492.168488 -50.592945 -16.050804 490.952789 15.761166 -14.843045 493.384186
576 296 592 290 610 292 624 302 608 305 591 303 715 310 729 302 746 303 759 312 744 316 729 315 239 286 79.938560 71.574348 -6.526943 -0.361189 -0.035007 0.082990 19.626554 -24.278904 514.800171 -13.445114 -27.178894 514.156372 52.698219 -21.378912 515.443970
532 295 547 288 565 290 579 299 563 303 547 302 671 304 686 296 703 297 717 306 702 310 686 310 702 113 -12.268674 37.432468 -5.764709 -0.393365 -0.026098 0.053004 -1.692018 -26.038103 511.551361 -34.839638 -27.920259 511.049072 31.455605 -24.155947 512.053650
509 297 523 289 540 290 554 300 539 304 523 303 646 302 661 294 678 294 693 302 678 308 661 307 1010 88 -73.504410 32.548183 -3.433551 -0.389505 -0.002303 0.031256 -13.640574 -26.700502 515.614014 -46.829285 -27.726858 515.739014 19.548138 -25.674145 515.488953
492 308 506 301 522 302 536 311 521 315 506 314 627 312 642 303 659 303 674 311 659 317 643 317 1292 295 -129.308090 73.571709 3.355818 -0.359943 0.008794 0.017082 -22.478729 -21.768465 518.994019 -55.677479 -22.271492 519.380676 10.720022 -21.265440 518.607300
532 305 547 299 565 301 579 310 563 313 547 312 671 314 686 307 703 307 716 315 702 320 686 319 559 391 16.466742 92.419724 -1.452889 -0.395515 -0.035883 0.048793 -1.668274 -21.232784 513.838684 -34.812992 -23.042555 512.994873 31.476444 -19.423014 514.682495
579 309 596 304 613 306 627 316 611 318 594 316 717 324 732 318 748 319 760 327 746 331 731 329 107 445 106.351967 103.013580 -4.523399 -0.341352 -0.044815 0.092521 21.197096 -17.763166 520.302795 -11.834106 -21.021936 519.364868 54.228298 -14.504398 521.240723
558 301 574 294 593 295 607 305 591 308 574 307 695 311 710 303 727 304 741 313 726 317 710 316 226 68 82.272766 28.429148 -11.060948 -0.356207 -0.041548 0.062194 10.991890 -23.202456 519.158020 -22.121067 -25.465294 518.172485 44.104847 -20.939617 520.143616
531 330 546 324 564 325 578 334 562 337 546 336 671 338 685 331 702 331 716 338 701 343 685 343 640 898 0.949651 192.772415 9.559464 0.246240 -0.006580 0.043954 -2.009101 -9.386436 503.248505 -35.181290 -10.803983 502.853546 31.163090 -7.968890 503.643494
569 305 585 299 603 301 617 310 601 312 584 311 706 317 721 310 737 311 749 320 735 324 720 322 204 282 86.889343 70.775551 -6.930368 -0.350191 -0.057432 0.075850 16.091995 -20.745171 522.528442 -16.964180 -23.539118 521.099182 49.148170 -17.951223 523.957703
504 325 518 318 535 319 549 329 534 332 518 331 641 331 656 322 674 322 689 330 673 335 657 335 905 620 -52.030159 137.810226 6.371540 -0.382706 -0.011242 0.022628 -15.830269 -12.765791 513.160400 -49.024612 -13.569437 512.938171 17.364075 -11.962144 513.382568
575 315 591 310 609 312 623 321 606 323 590 322 713 330 727 323 743 324 755 332 741 336 727 335 51 662 117.728607 145.946701 -0.645289 -0.334499 -0.049155 0.090506 18.970766 -15.011587 521.430115 -14.059728 -18.226044 520.328552 52.001259 -11.797131 522.531616
520 315 535 308 552 309 566 319 551 323 534 322 659 323 674 315 691 315 705 323 690 329 674 328 752 382 -21.897383 90.678238 0.142840 -0.369535 -0.023103 0.041730 -7.581770 -16.854145 512.249329 -40.749245 -18.348051 511.752899 25.585705 -15.360240 512.745789
519 312 535 305 552 306 567 316 551 320 534 319 660 320 674 312 692 312 706 321 691 326 675 325 805 321 -32.499519 78.617134 -0.604088 -0.402224 -0.025354 0.042389 -7.323747 -18.157032 510.025269 -40.488605 -19.693338 509.485443 25.841114 -16.620726 510.565094
555 309 571 303 589 305 604 314 587 317 571 316 694 321 709 313 725 314 739 323 724 327 708 326 341 423 59.825272 98.707802 -2.813202 -0.391120 -0.042939 0.066869 9.674010 -18.607355 516.234314 -23.427340 -21.044388 515.274536 42.775360 -16.170321 517.194031
497 319 511 311 528 312 542 321 527 325 512 325 635 323 649 314 667 314 682 323 667 328 650 328 1342 375 -139.152863 89.414093 5.436338 -0.371135 -0.005584 0.020171 -18.986633 -16.252718 513.435364 -52.184258 -16.941198 513.377075 14.210991 -15.564240 513.493713
515 325 530 318 548 320 562 330 546 333 530 332 654 333 669 325 686 325 701 333 686 338 669 338 916 588 -54.252708 131.479630 5.824912 0.223973 -0.013538 0.043501 -9.574619 -11.680265 502.363312 -42.745121 -13.062039 501.756622 23.595884 -10.298491 502.970001
497 312 511 305 527 306 541 316 526 319 511 319 633 319 648 310 666 310 681 318 665 324 649 324 1411 2 -153.291260 15.611004 -1.480829 -0.299695 0.012175 0.035580 -19.676672 -18.794334 513.935059 -52.858185 -19.897757 514.508911 13.504841 -17.690912 513.361206
509 321 521 315 536 316 548 324 535 327 521 327 629 327 642 319 658 319 672 327 658 331 643 331 1324 527 -135.402054 119.491425 8.348340 -0.417174 -0.000892 0.034502 -21.223948 -16.267927 576.442078 -54.409271 -17.386490 576.648804 11.961375 -15.149364 576.235352
553 319 567 313 582 314 595 323 581 326 566 325 677 326 690 319 705 320 718 327 705 331 690 331 721 234 -15.906114 61.382454 -3.139568 -0.436372 -0.010488 0.046384 4.106407 -16.782372 573.597717 -29.061460 -18.348320 573.591248 37.274273 -15.216423 573.604248
658 321 689 303 727 303 758 324 725 332 690 333 882 320 910 298 946 295 974 312 945 325 913 327 95 422 108.710365 98.459381 -5.099669 -0.462195 0.113707 -0.003691 57.161690 -11.020890 321.597015 24.167734 -10.046714 325.203888 90.155647 -11.995066 317.990143
515 340 527 334 542 335 554 343 541 346 528 345 635 344 648 336 664 336 677 343 664 348 649 348 1136 706 -97.837212 154.877182 10.240974 0.205008 -0.037134 0.028386 -17.928749 -6.804651 575.387512 -51.097424 -7.614340 574.067261 15.239925 -5.994963 576.707703
574 327 589 321 604 323 616 331 602 334 588 333 697 338 710 331 724 332 735 339 723 343 709 342 217 569 84.634018 127.575951 -0.999194 -0.361403 -0.036217 0.075810 15.356685 -11.638564 585.653564 -17.732273 -14.313276 584.928040 48.445644 -8.963853 586.379028
541 330 554 323 570 324 582 332 569 335 554 335 664 336 677 328 693 329 705 336 692 340 678 340 748 420 -21.059044 98.197678 0.875447 -0.397163 -0.011813 0.038577 -2.706739 -11.715764 577.966370 -35.884884 -13.039823 577.835449 30.471407 -10.391705 578.097229
568 317 582 311 598 312 610 321 596 324 581 323 690 326 703 318 718 319 730 327 717 331 703 330 198 20 87.782173 18.924126 -12.290836 -0.354189 -0.036970 0.056622 11.933358 -17.778421 585.191345 -21.196352 -19.833130 584.319519 45.063068 -15.723712 586.063110
543 337 556 331 572 332 585 340 571 343 556 342 667 343 680 336 695 336 707 343 694 347 680 347 622 662 4.256900 146.063965 4.614918 -0.410494 -0.014274 0.037026 -1.564328 -7.655712 577.220093 -34.743366 -8.946491 577.008240 31.614710 -6.364933 577.431946
504 334 516 327 531 328 543 336 530 339 516 339 625 335 637 327 653 327 666 334 653 339 638 339 1068 311 -84.775505 76.692131 1.616251 -0.362873 0.017468 -0.001941 -24.221060 -11.131715 583.346558 -57.420799 -10.964575 583.902344 8.978682 -11.298856 582.790771
515 341 528 334 543 334 556 342 543 346 528 346 638 342 651 334 667 334 680 341 667 346 652 346 879 541 -46.953632 122.170662 4.532363 -0.439357 -0.014770 -0.003240 -16.687420 -7.200009 574.867737 -49.888496 -7.201871 574.369690 16.513659 -7.198148 575.365784
531 325 544 318 560 319 572 327 559 331 544 330 655 330 668 322 683 323 696 330 683 335 668 334 698 126 -11.458914 40.004368 -5.538324 -0.445868 -0.023502 0.027126 -7.933983 -14.319820 572.083130 -41.117764 -15.361904 571.526001 25.249798 -13.277736 572.640320
499 340 511 333 526 333 538 340 525 344 512 345 619 339 632 330 648 330 662 336 648 342 634 342 1102 521 -91.292068 118.258430 6.181723 -0.414192 0.011771 -0.019425 -26.697803 -8.690825 579.906616 -59.894173 -7.984357 580.154663 6.498566 -9.397293 579.658508
568 320 582 313 598 315 610 324 596 326 581 325 690 330 703 323 718 324 729 332 717 336 703 335 129 117 101.605057 38.106400 -10.962346 -0.415895 -0.044632 0.071658 11.780015 -15.615130 581.367371 -21.308241 -18.227312 580.416870 44.868271 -13.002949 582.317871
569 320 583 314 598 316 611 324 596 327 582 326 691 330 704 323 718 324 730 332 717 336 704 335 36 92 120.057861 33.139763 -12.325308 -0.384305 -0.049446 0.065404 12.155008 -15.585274 582.973694 -20.939621 -18.012997 581.785767 45.249638 -13.157551 584.161621
549 328 562 321 578 322 591 331 577 334 562 333 672 335 685 327 700 328 712 335 699 340 685 339 357 326 56.534790 79.514641 -4.629942 -0.413628 -0.033431 0.041861 1.584681 -12.342480 577.415833 -31.573170 -13.918797 576.621033 34.742531 -10.766161 578.210693
553 332 567 326 582 327 595 335 581 338 566 337 676 339 689 332 703 332 715 339 703 344 689 343 243 556 79.452324 125.008575 -1.022909 -0.409096 -0.039807 0.042663 3.677393 -10.229551 580.271301 -29.471693 -11.872739 579.272522 36.826481 -8.586363 581.270142
528 330 541 323 557 323 570 331 556 335 541 335 652 333 665 326 680 326 693 333 679 338 665 337 754 265 -22.428585 67.524178 -2.207849 -0.435634 -0.025094 0.017604 -9.635421 -12.428648 574.112366 -42.824879 -13.173405 573.430664 23.554039 -11.683892 574.794067
524 328 538 321 553 321 566 330 552 333 538 333 648 331 661 323 676 323 689 331 676 335 662 335 817 49 -35.195160 24.790388 -6.001224 -0.412814 -0.020641 0.013871 -11.620726 -13.527978 574.906799 -44.815418 -14.114996 574.334534 21.573965 -12.940960 575.479126
560 327 575 321 590 322 603 330 589 333 574 333 684 335 696 328 711 328 723 336 710 340 696 339 74 376 112.830994 89.351593 -6.224573 -0.401279 -0.048762 0.046550 7.980726 -12.462922 580.623962 -25.149672 -14.286696 579.354980 41.111122 -10.639148 581.892883
520 326 533 319 548 320 560 328 547 332 533 331 643 329 656 321 671 322 684 329 671 334 656 333 971 31 -65.819313 21.259789 -4.947013 -0.411394 -0.005120 0.016596 -14.509652 -14.559056 576.456726 -47.709530 -15.129155 576.403259 18.690224 -13.988958 576.510254
539 330 555 324 574 326 589 336 572 339 555 337 685 342 700 334 717 334 731 342 716 347 700 346 533 697 21.983395 152.972244 4.503735 0.197293 -0.003330 0.057258 3.660883 -7.978428 483.042633 -29.489508 -9.855467 482.745941 36.811272 -6.101390 483.339325
584 305 600 299 618 302 632 311 616 314 599 312 726 320 740 313 756 314 769 322 755 327 740 325 290 458 70.000237 105.623878 -2.574318 -0.325161 -0.033990 0.090880 23.929939 -19.434074 508.322479 -9.120062 -22.575905 507.701294 56.979942 -16.292244 508.943634
538 296 554 290 572 291 586 300 570 304 554 303 680 305 695 296 712 297 726 305 711 310 695 310 687 91 -9.312956 33.075554 -6.348368 -0.362070 -0.023978 0.043893 2.222713 -25.559053 506.343201 -30.941029 -27.126822 505.825562 35.386456 -23.991285 506.860840
460 341 474 335 490 336 504 345 489 349 474 348 599 347 614 339 632 338 648 345 632 351 615 351 1375 832 -145.188339 179.861862 14.994060 0.151648 -0.026789 0.028413 -35.482876 -4.724077 495.814301 -68.662422 -5.596364 494.857025 -2.303329 -3.851789 496.771576
584 345 601 340 618 342 633 351 616 354 600 352 725 359 740 351 756 352 769 360 755 364 739 363 295 693 69.275261 152.131760 2.230219 -0.347768 -0.006303 0.082224 24.092651 -0.648378 512.260498 -9.000454 -3.356843 512.525330 57.185757 2.060087 511.995636
581 314 597 307 615 309 629 318 613 321 596 320 718 324 732 317 748 318 761 326 746 330 731 329 2 6 126.716179 16.113253 -14.379925 -0.346285 -0.072430 0.059378 21.875877 -16.957767 522.980896 -11.184856 -19.299355 520.964844 54.936615 -14.616179 524.996887
538 312 553 305 570 307 584 316 568 319 552 319 675 321 689 313 705 314 718 322 704 326 689 326 511 51 25.616835 25.123350 -8.779681 -0.386040 -0.059016 0.042255 0.393577 -18.435802 523.217041 -32.724884 -20.176481 521.574768 33.512039 -16.695126 524.859314
530 330 546 324 563 325 578 334 562 338 545 337 669 338 683 331 700 331 713 339 699 344 683 343 565 514 15.415007 116.762840 1.092991 -0.383072 -0.046815 0.039426 -2.709086 -9.482004 519.374084 -35.852482 -11.052569 518.105957 30.434311 -7.911440 520.642273
543 327 558 321 576 322 590 331 574 334 558 333 681 336 695 328 711 329 724 337 710 341 695 341 372 438 53.681961 101.682686 -2.223889 -0.356238 -0.050876 0.047643 3.130860 -11.013106 521.430847 -29.994177 -12.858178 520.057129 36.255898 -9.168035 522.804626
484 326 497 319 514 319 527 328 513 332 497 332 619 329 633 320 650 319 664 327 650 333 634 333 1277 209 -126.425537 56.549099 1.476235 -0.365065 -0.005607 0.004783 -27.242340 -13.575596 524.791077 -60.446262 -13.764513 524.637695 5.961582 -13.386679 524.944458
543 332 559 326 577 327 591 336 575 339 559 338 682 342 696 334 712 335 726 343 711 347 696 346 345 612 59.246437 136.112000 1.050677 -0.369925 -0.052466 0.052965 3.735212 -8.260353 521.142334 -29.378416 -10.296011 519.762695 36.848839 -6.224695 522.521973
482 341 496 334 512 334 526 343 512 347 496 346 618 344 632 336 649 335 664 342 649 348 633 348 1304 580 -131.366974 129.976105 9.237283 -0.355558 -0.009421 0.007630 -27.570679 -6.059756 522.757324 -60.773079 -6.362819 522.495605 5.631720 -5.756693 523.018982
512 337 527 331 544 332 558 341 543 344 526 343 650 343 665 335 682 335 695 343 681 348 665 348 846 624 -40.300838 138.589706 5.909011 -0.400108 -0.039642 0.024470 -11.866084 -6.793063 517.937988 -45.035351 -7.843580 516.817322 21.303183 -5.742546 519.058594
558 327 573 321 591 323 605 332 589 334 573 333 695 337 709 330 724 331 737 338 723 342 709 342 219 480 84.134827 109.963127 -2.782915 -0.343331 -0.061928 0.053722 10.332601 -10.734660 525.789307 -22.761782 -12.831015 524.078552 43.426983 -8.638307 527.500122
524 332 540 326 557 327 572 336 556 339 539 338 663 339 677 331 694 331 708 339 693 344 678 343 625 506 3.482389 115.191948 1.483737 -0.394977 -0.042954 0.028973 -5.589987 -9.051344 518.433472 -38.750816 -10.266121 517.232117 27.570843 -7.836566 519.634827
479 334 493 326 510 326 524 336 509 339 493 339 616 337 630 328 648 328 663 336 647 341 631 341 1398 310 -150.355743 76.561996 4.636052 -0.396026 -0.023283 0.006656 -28.326202 -9.425838 518.630066 -61.521408 -9.792193 517.920288 4.869001 -9.059481 519.339844
519 320 534 313 552 314 566 324 550 327 534 327 657 328 672 320 689 320 702 329 688 334 672 333 459 58 35.958515 26.497982 -9.116978 -0.401077 -0.048367 0.038217 -8.282560 -14.557841 519.016907 -41.425148 -16.109976 517.705627 24.860025 -13.005708 520.328186
487 347 501 341 517 342 531 351 516 354 501 354 623 352 637 344 655 343 669 350 654 356 638 356 1075 652 -85.776749 144.177979 8.585588 0.188988 -0.041305 0.027804 -24.575279 -2.224626 511.789703 -57.739063 -3.012803 510.339935 8.588505 -1.436449 513.239441
540 343 556 337 574 339 588 347 572 350 556 349 678 352 693 344 709 345 722 352 708 356 693 356 42 792 119.665749 171.672043 1.904148 -0.347749 -0.054341 0.042162 2.041716 -3.165724 523.129333 -31.085377 -4.847044 521.603394 35.168808 -1.484404 524.655273
485 327 499 320 516 321 529 330 514 334 499 334 621 332 636 323 653 323 668 331 653 337 637 336 1161 130 -103.463799 40.891056 -1.192047 -0.367635 -0.010781 0.017472 -25.798512 -12.228490 519.565186 -58.996407 -12.860689 519.320679 7.399383 -11.596290 519.809692
550 330 564 323 581 324 595 333 580 337 564 336 686 338 701 329 718 330 732 338 717 343 701 343 919 369 -55.099243 88.139816 1.418055 -0.379734 0.018556 0.052051 6.188114 -9.945237 522.052246 -26.966621 -11.515906 522.977539 39.342850 -8.374568 521.126953
591 324 607 318 624 319 638 328 622 331 606 330 728 333 741 326 757 327 770 335 756 339 741 338 29 280 121.663857 70.343811 -8.583014 -0.321548 -0.027927 0.060977 26.998562 -12.482834 530.591248 -6.132241 -14.619117 530.003174 60.129364 -10.346550 531.179382
518 325 532 317 548 317 562 326 547 330 532 330 650 327 665 318 682 319 696 327 681 332 665 331 1247 134 -120.549538 41.700325 -0.318796 -0.368275 0.036680 0.019996 -10.985578 -14.511136 534.643494 -44.161747 -14.938285 535.954651 22.190590 -14.083988 533.332397
645 328 661 324 678 326 692 335 676 337 660 335 779 343 793 337 808 339 820 346 806 349 792 348 100 721 108.058556 157.632950 1.000793 -0.268610 -0.025242 0.098284 54.115242 -8.660721 539.656311 21.080212 -11.991357 539.264954 87.150276 -5.330084 540.047729
