683 25 691 20 702 19 711 25 702 28 692 28 763 23 772 16 783 16 793 20 784 24 773 25 1818 108 -222.564743 27.431194 23.991282 0.327499 0.455929 0.004976 79.855263 -241.200958 780.423218 50.012329 -243.772232 794.753113 109.698196 -238.629684 766.093262
583 230 592 224 603 224 613 229 604 232 593 232 674 226 685 221 698 220 709 225 698 229 686 229 1723 840 -203.512451 172.138718 40.111572 -0.398867 0.098365 -0.009918 10.323670 -85.597290 736.256653 -22.721142 -84.634888 739.366943 43.368481 -86.559700 733.146423
613 227 623 221 635 221 645 227 635 230 624 231 706 225 717 218 730 218 741 223 730 227 717 227 849 38 -29.909170 14.095589 16.208727 -0.420553 0.106917 -0.001453 32.259682 -86.262535 730.007507 -0.758273 -85.480927 733.437317 65.277634 -87.044144 726.577759
609 228 618 222 630 222 640 228 630 231 619 231 700 226 711 220 724 219 735 225 724 228 712 228 1368 5 -133.111908 7.307424 18.766317 -0.382055 0.107216 0.001172 28.939939 -86.561142 738.417175 -4.076493 -85.927841 741.891907 61.956371 -87.194443 734.942444
613 229 622 223 634 223 644 229 634 232 623 232 703 227 714 221 727 220 739 226 727 230 715 230 100 47 119.020271 16.259022 11.635134 -0.379658 0.111514 0.004364 31.521986 -85.925606 739.747314 -1.478739 -85.372978 743.381348 64.522713 -86.478226 736.113281
614 230 624 225 635 225 645 230 635 233 624 233 705 229 717 223 730 223 741 228 729 232 717 232 256 480 88.098404 101.748848 22.524754 -0.402322 0.104254 0.012514 32.760464 -84.371056 736.721802 -0.263921 -84.088326 740.167053 65.784851 -84.653793 733.276611
573 270 581 265 592 264 602 270 593 272 583 273 661 264 671 257 684 255 696 258 685 263 673 265 1213 898 -102.093666 183.862793 38.182667 0.343217 0.144413 -0.114169 1.811792 -58.168541 726.726440 -30.837444 -55.285236 732.043701 34.461029 -61.051842 721.409180
628 230 637 224 650 224 660 230 650 233 638 233 722 227 733 221 746 220 757 225 746 229 733 229 27 345 133.601578 75.187645 17.978743 -0.443864 0.095914 -0.009589 42.395493 -83.287811 718.808716 9.342306 -82.285500 721.815674 75.448685 -84.290123 715.801758
627 237 637 231 649 231 660 237 649 240 638 240 721 235 732 228 745 227 757 233 745 237 733 237 182 562 102.830452 117.991806 23.926302 -0.444756 0.105543 -0.001964 42.144402 -78.576500 721.492981 9.121396 -77.747688 724.862488 75.167412 -79.405312 718.123413
627 235 636 229 649 228 659 235 649 238 637 239 719 233 731 226 744 226 756 232 744 236 732 236 1337 163 -126.912842 38.547501 22.178871 -0.393615 0.111724 0.006472 41.954144 -80.199677 726.995178 8.954377 -79.688652 730.643982 74.953911 -80.710709 723.346375
626 236 636 230 648 230 659 236 648 240 637 240 719 235 731 228 744 227 756 233 744 237 732 237 1463 358 -151.922638 77.018898 27.438677 -0.434681 0.105771 0.002809 41.452698 -78.732193 721.494629 8.430675 -78.071709 724.910645 74.474716 -79.392677 718.078552
629 236 638 230 651 230 661 236 651 239 639 240 722 235 733 228 747 228 759 233 747 238 734 238 557 330 28.215666 71.951012 21.017830 -0.431538 0.106608 0.011913 43.311367 -78.653557 721.232178 10.294472 -78.284927 724.740540 76.328262 -79.022179 717.723816
631 237 641 231 653 231 664 238 653 241 641 241 724 237 736 230 749 230 761 236 749 240 736 240 254 648 88.533478 134.950241 26.350853 -0.436726 0.104804 0.020919 44.689934 -77.353912 721.206848 11.671575 -77.278160 724.719971 77.708298 -77.429665 717.693787
630 236 640 230 653 230 663 237 653 240 641 240 724 236 735 229 749 229 761 235 749 239 736 239 660 31 7.669092 12.809350 14.842796 -0.411837 0.098444 0.017245 44.429798 -77.949127 720.053894 11.388351 -77.841652 723.341919 77.471245 -78.056610 716.765930
615 241 624 236 634 235 643 240 634 242 625 243 701 237 712 231 724 231 735 235 724 238 713 239 1469 1009 -152.970718 205.667221 42.352551 -0.290951 0.145670 -0.018033 32.294258 -82.153015 773.125488 -0.556008 -80.867325 777.790955 65.144531 -83.438705 768.460022
617 238 626 233 637 232 647 238 637 241 627 241 705 235 716 229 729 228 740 233 729 237 717 237 1721 180 -203.261703 41.709759 25.017567 -0.360488 0.122482 -0.010690 34.100891 -81.729347 754.966797 1.144022 -80.658669 758.872925 67.057762 -82.800026 751.060608
620 234 628 228 639 228 649 233 639 236 629 236 706 230 717 224 729 224 740 228 729 232 718 232 1699 645 -198.783813 133.614929 35.502609 -0.365975 0.144696 -0.008031 35.895424 -86.867722 770.482422 3.034803 -85.740005 775.115723 68.756042 -87.995438 765.849121
623 235 631 230 642 230 652 235 642 238 632 238 710 233 720 228 733 227 744 232 733 235 721 235 1419 780 -143.079956 160.437653 36.800774 -0.375344 0.129927 0.002271 37.980770 -84.376358 764.970886 5.052639 -83.650719 769.186462 70.908897 -85.101990 760.755249
624 238 633 233 644 233 654 238 644 240 634 241 712 236 723 230 735 230 746 235 735 238 723 238 1861 810 -230.958359 166.139191 40.306614 -0.385483 0.115116 0.001180 39.429771 -82.015968 761.916077 6.442037 -81.327255 765.643677 72.417503 -82.704681 758.188538
623 237 632 231 643 231 653 237 643 240 632 240 711 235 722 229 734 228 746 233 734 237 722 237 1019 150 -63.686192 36.141815 19.852709 -0.364482 0.121581 0.001556 38.330513 -82.361336 757.764771 5.368152 -81.685036 761.712524 71.292877 -83.037636 753.816956
625 236 634 231 646 231 656 236 646 239 635 239 714 235 725 229 737 229 749 234 738 237 725 237 1608 324 -180.761292 70.225273 27.586987 -0.357433 0.122409 0.011173 40.457611 -82.473228 757.207275 7.500668 -82.117653 761.241272 73.414551 -82.828804 753.173279
708 226 717 221 728 220 738 225 728 228 717 229 795 224 805 218 817 218 828 223 817 226 806 226 846 772 -29.149261 159.151093 32.961754 -0.431948 0.144306 0.022569 102.019913 -92.622803 778.331177 69.163193 -92.329430 783.117615 134.876633 -92.916168 773.544800
598 197 609 190 621 190 632 195 621 198 610 199 693 191 703 185 716 184 727 190 716 194 704 194 176 255 103.955116 57.325180 16.872953 -0.443569 0.053816 -0.039205 22.590498 -107.843735 723.848633 -10.541939 -106.195419 725.292358 55.722935 -109.492050 722.404968
577 211 587 205 599 204 610 209 599 213 588 214 670 204 680 198 693 197 704 201 693 206 681 206 1159 712 -91.397987 147.132996 33.587933 -0.450391 0.071376 -0.060947 7.095391 -99.651428 731.782104 -25.965731 -97.173958 733.621643 40.156513 -102.128906 729.942566
587 213 597 207 609 206 620 210 609 214 598 215 681 206 692 200 705 200 716 205 705 208 693 208 104 896 118.413940 184.037369 31.060619 -0.465098 0.068665 -0.046530 14.359128 -96.079018 715.665527 -18.733568 -94.070396 717.509033 47.451824 -98.087639 713.822083
577 217 586 212 598 211 609 215 598 219 587 220 669 211 679 206 692 205 703 209 692 213 680 213 808 939 -21.556351 192.173355 36.535294 -0.448203 0.060709 -0.049371 6.477770 -95.471626 734.837585 -26.627127 -93.444229 736.423462 39.582664 -97.499016 733.251648
586 210 595 204 608 203 619 208 608 212 596 213 679 205 689 198 702 198 713 203 702 207 690 207 326 116 74.098915 29.778763 14.653878 -0.454113 0.066961 -0.037197 13.199293 -98.877159 726.589294 -19.909817 -97.189255 728.459412 46.308403 -100.565071 724.719116
572 223 581 217 592 216 603 221 593 224 582 225 662 215 673 208 686 207 697 211 686 216 674 217 1467 807 -152.618027 165.748764 37.724014 -0.441967 0.082613 -0.071484 2.471763 -93.163330 740.251343 -30.538300 -90.275063 742.385193 35.481827 -96.051605 738.117493
578 217 588 211 600 211 610 216 600 219 589 220 670 212 681 206 694 205 705 210 694 214 682 215 371 229 65.176498 52.086838 17.523108 -0.407815 0.074908 -0.037747 7.659711 -95.061485 734.461670 -25.429964 -93.344101 736.625793 40.749386 -96.778877 732.297485
573 223 582 217 594 216 604 221 594 225 583 226 664 216 674 209 687 208 699 212 688 217 676 218 1670 602 -193.027176 125.132111 34.334999 -0.436325 0.078238 -0.066396 3.400146 -92.477875 738.114502 -29.632755 -89.788948 740.153320 36.433048 -95.166794 736.075684
570 226 578 220 590 219 600 223 590 227 580 228 659 218 669 211 682 210 693 214 682 219 671 219 906 904 -41.049976 185.206268 36.360851 -0.439787 0.091732 -0.073484 0.224241 -92.021896 748.214172 -32.755150 -89.006996 750.628662 33.203632 -95.036804 745.799683
570 226 579 218 592 216 602 222 592 226 580 228 662 215 673 208 686 207 699 212 687 217 674 217 1494 43 -158.156662 14.752290 20.438618 -0.421163 0.096716 -0.082297 2.024975 -90.033501 721.985962 -30.916386 -86.722702 724.528625 34.966335 -93.344299 719.443359
573 226 582 220 594 219 604 224 594 228 583 229 664 219 674 212 687 211 699 216 688 220 676 221 611 421 17.498833 89.906792 23.441778 -0.416486 0.082171 -0.057689 3.301535 -90.360931 738.665649 -29.738468 -87.943901 740.918579 36.341541 -92.777954 736.412720
574 224 583 218 595 217 605 223 595 226 584 227 665 218 676 211 689 210 700 215 689 220 677 220 546 14 30.332500 9.508364 13.726925 -0.404445 0.080223 -0.054709 4.228669 -90.805984 735.800659 -28.821848 -88.510345 738.026184 37.279186 -93.101631 733.575134
574 224 583 218 595 217 605 222 595 226 584 227 665 217 676 210 688 209 700 214 689 218 677 219 472 372 45.125992 80.294777 21.435175 -0.447652 0.082713 -0.060601 4.171382 -91.203293 734.770813 -28.861921 -88.657036 736.979248 37.204685 -93.749542 732.562439
573 225 583 218 595 217 606 223 595 227 584 228 665 218 676 211 689 210 701 215 689 219 677 220 1105 149 -80.786232 35.900009 20.378611 -0.418994 0.077026 -0.059318 4.263813 -90.666595 734.421753 -28.786486 -88.229523 736.494934 37.314114 -93.103661 732.348572
573 225 583 219 594 219 605 224 595 227 584 228 665 219 675 213 688 212 700 216 689 221 676 221 965 438 -52.884987 93.084465 26.089050 -0.417879 0.070964 -0.051962 3.888519 -90.350510 737.802124 -29.189800 -88.192200 739.732422 36.966839 -92.508820 735.871765
577 229 586 222 598 221 609 226 599 230 588 231 669 220 679 213 692 212 703 216 692 221 681 222 593 674 21.134186 139.914200 29.108067 -0.404148 0.058573 -0.086252 6.634988 -88.855072 735.215393 -26.391958 -85.686188 736.533936 39.661934 -92.023956 733.896851
567 213 577 207 589 206 600 211 589 214 578 215 659 206 670 199 682 199 693 203 683 207 671 208 482 529 43.172596 111.316162 25.086491 -0.411179 0.057704 -0.066758 -0.169158 -98.389145 729.996704 -33.246593 -95.849068 731.407776 32.908276 -100.929230 728.585693
570 224 579 218 591 217 601 221 591 225 580 226 661 216 671 210 684 209 695 213 684 217 672 218 990 420 -57.859867 89.514442 25.837265 -0.430763 0.065339 -0.067819 1.175189 -92.619064 742.529541 -31.884754 -89.979645 744.152283 34.235130 -95.258484 740.906799
570 227 579 220 591 219 602 224 592 228 580 229 661 218 672 211 684 210 696 215 685 219 673 220 1386 501 -136.580505 105.318291 30.214954 -0.461888 0.063706 -0.079147 1.507245 -90.062035 734.880066 -31.529356 -87.051361 736.321777 34.543846 -93.072708 733.438416
517 209 527 204 539 204 550 209 539 212 528 212 613 208 624 203 637 203 648 208 636 211 624 211 1228 1047 -105.043022 213.300644 41.683083 -0.471180 0.009237 -0.015474 -32.591770 -95.124100 708.462952 -65.791290 -94.558197 708.639648 0.607751 -95.690002 708.286316
531 218 542 212 555 212 566 219 554 221 542 222 629 218 641 212 654 212 665 217 653 221 641 221 752 757 -10.462107 156.235077 32.019199 -0.451322 -0.002902 -0.009285 -21.412861 -86.732025 692.817017 -54.616131 -86.455467 692.655457 11.790408 -87.008583 692.978516
531 224 541 218 554 218 565 224 554 227 542 227 628 223 640 218 653 217 664 223 653 226 640 226 978 913 -55.364094 186.947861 37.025925 -0.454402 -0.002140 -0.012037 -21.904097 -83.347939 694.318726 -55.106468 -82.977753 694.160828 11.298279 -83.718117 694.476624
526 222 537 216 550 215 561 221 550 224 538 225 624 218 635 211 649 211 660 216 649 220 636 220 549 445 29.831947 94.681557 23.594576 -0.458768 0.004330 -0.047582 -24.595339 -85.930748 692.676147 -57.762917 -84.373825 692.458801 8.572242 -87.487679 692.893433
522 228 533 222 546 222 557 228 546 231 533 232 621 226 632 220 646 220 658 225 646 229 633 229 1019 699 -63.563972 144.635849 32.397560 -0.464625 -0.001509 -0.029494 -26.747534 -80.234833 687.267456 -59.938126 -79.301926 686.995728 6.443058 -81.167732 687.539185
545 240 557 234 571 235 583 242 570 244 557 244 647 243 659 237 673 237 684 243 672 247 659 246 53 613 128.491531 128.136765 24.268541 -0.467600 -0.015482 0.018490 -9.793470 -69.003929 673.567322 -42.988804 -69.713707 673.212769 23.401863 -68.294151 673.921875
531 239 544 232 558 232 570 238 557 242 544 242 634 240 647 234 661 235 674 243 661 246 647 244 1222 513 -103.968895 107.774010 29.442703 -0.483534 -0.011644 0.025462 -17.298498 -68.137581 654.618958 -50.490551 -69.042038 654.447693 15.893553 -67.233124 654.790222
533 233 544 227 558 227 569 234 557 237 544 237 633 234 645 228 659 228 670 235 658 238 646 238 728 398 -5.769988 85.301392 23.662777 -0.464827 -0.012362 0.003494 -18.613075 -74.685318 679.135925 -51.815197 -74.890900 678.766541 14.589046 -74.479736 679.505310
521 236 534 229 549 229 561 235 548 239 534 240 628 235 640 229 654 230 667 238 654 241 641 240 1238 511 -107.150696 107.370544 29.499096 -0.504256 -0.020339 0.002295 -21.908659 -69.209770 641.786194 -55.106663 -69.449478 641.157959 11.289346 -68.970062 642.414429
524 237 537 230 551 229 563 236 550 240 537 241 627 236 640 229 655 230 668 238 655 241 641 240 1800 300 -218.942963 65.383713 28.263697 -0.469387 0.005787 0.003837 -21.582464 -70.188377 654.716736 -54.786491 -70.266869 654.931213 11.621563 -70.109879 654.502197
560 230 572 225 586 226 598 232 585 235 572 235 661 234 672 227 685 227 695 233 684 237 672 237 4 51 138.109329 17.098831 11.113976 -0.448995 -0.022527 0.012590 -0.976002 -76.900612 689.236023 -34.169945 -77.469841 688.605286 32.217937 -76.331383 689.866821
519 249 530 243 544 243 556 248 544 252 531 252 619 247 632 240 647 240 660 246 647 250 633 250 1136 631 -86.842812 131.137497 31.590294 -0.399866 -0.025443 -0.038570 -26.076694 -63.649235 657.058533 -59.246536 -62.569454 655.983765 7.093148 -64.729012 658.133362
510 229 520 222 533 221 544 228 533 231 521 232 608 225 619 218 633 217 646 223 634 227 620 228 1854 151 -229.713226 35.910408 25.203558 -0.456540 0.012359 -0.043536 -34.898540 -80.573006 685.903809 -68.069939 -79.085518 685.975708 -1.727138 -82.060493 685.831909
554 233 565 227 579 227 591 234 579 237 566 237 654 234 665 228 678 228 689 233 678 237 665 237 409 597 57.702690 124.791916 26.174515 -0.451990 -0.013564 -0.000166 -5.412223 -76.457489 692.461609 -38.614033 -76.552246 692.025146 27.789587 -76.362732 692.898010
554 232 565 228 578 228 589 234 577 236 565 236 651 237 663 231 676 232 686 237 675 240 663 240 751 901 -10.231214 184.693039 35.303272 -0.464178 -0.015460 0.033018 -6.708602 -76.095787 698.704895 -39.891743 -77.269981 698.459778 26.474539 -74.921593 698.950012
557 233 569 228 583 229 594 236 582 238 569 238 657 238 669 232 682 233 693 239 681 242 669 241 634 655 12.977720 136.138336 28.935524 -0.477945 -0.015938 0.035748 -2.991375 -74.123016 688.944458 -36.171238 -75.389091 688.713562 30.188488 -72.856941 689.175354
553 234 565 228 579 228 590 236 578 238 565 238 653 238 665 231 679 232 690 239 678 242 665 242 1711 59 -201.300293 17.802732 22.188864 -0.455696 -0.022289 0.029296 -5.413996 -73.499443 683.855286 -38.596703 -74.604401 683.358459 27.768709 -72.394485 684.352051
560 236 571 231 585 232 596 239 584 241 571 240 660 241 671 235 684 235 695 242 683 245 671 244 952 814 -50.216423 167.396713 34.597836 -0.463856 -0.014656 0.037481 -1.581232 -72.567635 691.424561 -34.759636 -73.878555 691.238770 31.597174 -71.256714 691.610352
597 222 608 216 621 217 631 223 620 226 608 226 691 227 702 222 714 223 724 229 713 232 702 230 322 323 74.940338 70.688408 19.358381 -0.442057 -0.002118 0.060140 21.513906 -85.862556 725.515320 -11.631775 -87.809204 725.881409 54.659588 -83.915909 725.149231
582 229 592 224 605 225 615 231 604 233 592 233 677 233 688 228 700 228 710 234 699 237 688 236 894 815 -38.683769 167.624146 34.250599 -0.416636 0.002325 0.036454 10.972945 -80.561905 718.352661 -22.210037 -81.721512 718.676147 44.155926 -79.402298 718.029175
508 208 521 202 535 202 547 209 534 212 521 212 620 209 633 203 649 203 662 209 648 212 634 212 1618 835 -182.635880 171.204575 39.327332 -0.508978 -0.028230 -0.010065 -26.176743 -80.802841 602.396606 -59.366962 -80.716370 601.416138 7.013478 -80.889313 603.377136
504 211 517 204 533 205 546 213 532 216 518 216 622 214 636 206 653 206 668 213 653 217 637 217 1277 365 -114.937767 78.497810 26.411795 -0.580211 -0.030355 -0.004480 -24.314396 -73.642540 566.800476 -57.504013 -73.786293 565.806335 8.875222 -73.498779 567.794556
509 224 523 216 539 216 553 223 538 227 523 227 628 224 643 216 660 216 675 224 659 227 643 227 959 649 -51.645000 134.785629 30.872192 -0.598065 -0.024552 -0.013762 -20.683374 -66.807442 558.251831 -53.875423 -66.613876 557.351807 12.508675 -67.001015 559.151855
529 221 544 214 560 213 574 218 559 222 543 223 653 215 668 209 685 209 701 214 686 218 669 218 303 18 78.650307 10.423703 12.267783 -0.527804 -0.008812 -0.048325 -7.904951 -67.059685 531.307495 -41.070633 -65.604591 530.614746 25.260731 -68.514771 532.000183
500 203 512 197 526 197 539 205 526 207 513 207 614 205 628 198 643 198 657 205 643 208 628 208 1846 913 -227.952911 186.501877 42.564491 -0.567735 -0.036129 -0.008136 -29.070301 -80.174438 580.667419 -62.252949 -80.250069 579.456787 4.112350 -80.098801 581.878052
496 213 510 204 527 204 541 213 526 217 510 217 619 213 634 204 651 204 666 213 651 217 635 217 753 374 -10.746206 80.545639 23.273890 -0.587067 -0.021154 -0.012814 -25.539932 -70.377769 541.357971 -58.734879 -70.176659 540.573975 7.655015 -70.578873 542.141968
499 220 514 212 530 211 544 219 529 222 514 223 622 218 636 211 652 211 667 219 652 222 637 222 872 1001 -34.267990 204.392990 38.360390 -0.575676 -0.016238 -0.015713 -24.748703 -68.396149 550.304810 -57.945271 -68.053749 549.648865 8.447865 -68.738556 550.960693
499 223 513 215 529 215 543 223 528 227 513 227 619 223 634 215 651 215 666 223 651 227 635 227 1326 638 -124.619911 132.423218 32.962605 -0.556473 -0.023558 -0.015002 -25.617710 -66.768433 555.965271 -58.809902 -66.507736 555.087830 7.574484 -67.029121 556.842712
495 227 510 218 527 218 542 226 526 230 510 231 620 225 634 217 651 217 666 226 651 229 635 229 601 828 19.577789 170.343765 32.678070 -0.586576 -0.020374 -0.021258 -25.459681 -63.595665 542.157898 -58.650509 -63.122456 541.318481 7.731148 -64.068878 542.997314
496 223 511 214 529 214 543 223 528 227 511 228 622 223 636 214 653 214 668 223 653 227 637 227 1194 151 -98.482101 36.249519 20.992207 -0.566940 -0.025070 -0.012941 -24.555426 -64.958725 540.173035 -57.747375 -64.781425 539.265991 8.636523 -65.136024 541.080078
503 219 516 212 533 212 547 222 532 225 517 225 623 223 637 214 655 214 669 221 654 227 638 227 801 45 -20.363531 15.503600 16.062399 0.577146 -0.048839 0.024349 -23.610569 -67.754906 554.567871 -56.767307 -68.063866 552.808655 9.546170 -67.445938 556.327087
502 222 515 215 532 216 546 226 531 229 516 228 621 226 636 217 653 217 668 224 653 230 637 230 1497 380 -158.678131 81.349091 28.158333 0.582359 -0.046929 0.022624 -24.383087 -66.370026 556.816101 -57.544109 -66.638206 555.132568 8.777934 -66.101845 558.499695
505 221 519 214 535 215 549 225 535 228 519 227 625 226 639 217 657 217 671 224 656 230 640 230 245 378 90.262878 81.597137 20.123827 0.561828 -0.052457 0.027934 -22.528509 -66.580559 556.559692 -55.676224 -66.983109 554.655396 10.619208 -66.178017 558.463989
506 225 520 217 537 217 550 225 536 229 520 229 626 226 641 217 658 218 672 226 657 230 641 229 477 803 44.227768 165.466949 31.315586 -0.539555 -0.016658 -0.002647 -22.061449 -66.013046 559.323914 -55.261654 -66.074982 558.774109 11.138754 -65.951111 559.873718
502 228 517 220 534 220 548 228 533 232 517 232 626 229 640 221 657 222 672 230 657 233 641 233 1261 921 -111.632629 188.383423 39.014503 -0.591377 -0.030205 -0.003736 -22.457052 -62.737381 545.889893 -55.646931 -62.908447 544.908936 10.732827 -62.566315 546.870850
502 227 517 218 535 218 549 228 533 232 517 232 624 228 639 219 657 219 672 229 657 233 640 233 1877 397 -234.231659 84.513405 30.971508 -0.557931 -0.022349 -0.004834 -22.590029 -63.506565 549.816162 -55.786385 -63.555973 549.068420 10.606327 -63.457161 550.563965
502 230 518 222 535 222 549 230 533 233 518 234 627 231 642 223 659 223 674 232 659 235 643 234 767 978 -13.395432 199.901657 37.164845 -0.598354 -0.024990 -0.000537 -21.684723 -61.404140 542.694153 -54.879467 -61.628288 541.907898 11.510024 -61.179993 543.480347
511 226 524 219 541 220 554 229 540 232 525 231 628 231 643 222 660 221 674 229 659 234 643 234 526 747 34.472385 154.374985 30.348627 0.555509 -0.047664 0.031089 -20.653847 -65.218193 565.705505 -53.806278 -65.769394 563.924438 12.498585 -64.666992 567.486572
501 233 516 224 534 224 548 233 533 236 516 237 625 233 640 224 657 224 672 233 657 237 641 236 1698 1000 -198.505951 203.770966 43.608109 -0.592076 -0.023592 -0.012514 -22.602015 -60.604420 545.370667 -55.795330 -60.438011 544.512878 10.591302 -60.770832 546.228394
510 225 524 218 540 219 553 229 539 231 524 230 628 231 642 222 659 222 674 230 659 235 643 234 265 501 86.313560 105.894272 23.062038 0.534408 -0.043718 0.041263 -20.926889 -65.090248 564.378845 -54.073135 -66.016670 562.638794 12.219355 -64.163834 566.118896
599 216 612 209 626 209 638 215 625 218 612 219 706 213 718 206 733 206 746 212 733 216 719 216 308 503 77.764099 106.267418 23.382114 -0.507205 0.054687 -0.007603 25.643772 -81.877724 634.317200 -7.511518 -81.185471 635.992676 58.799061 -82.569969 632.641724
568 222 579 216 592 215 605 221 593 225 580 226 672 218 684 210 698 209 712 214 699 219 685 220 1696 619 -198.193100 128.478317 34.889359 -0.470499 0.055760 -0.039350 5.586785 -81.551674 654.844910 -27.542147 -79.866318 656.325806 38.715717 -83.237022 653.364014
582 222 592 216 606 216 617 221 606 224 593 225 685 218 697 211 710 210 723 215 711 219 697 220 447 746 50.180130 154.217957 29.821690 -0.448205 0.060401 -0.032806 13.603813 -82.083221 659.154419 -19.523897 -80.589058 660.852051 46.731522 -83.577385 657.456787
576 223 587 217 600 217 612 223 601 226 588 226 679 220 691 213 706 212 719 216 706 221 692 222 1367 875 -132.719391 179.238388 38.639755 0.530700 -0.004692 -0.043914 10.255854 -79.985626 648.389709 -22.917336 -78.555038 648.619019 43.429043 -81.416222 648.160400
575 221 586 215 600 215 612 221 600 224 587 225 679 218 691 211 705 210 718 214 705 219 692 220 654 287 8.919094 63.403461 20.654205 0.524011 -0.010924 -0.041729 9.816359 -80.835747 647.242737 -23.358269 -79.420250 647.251221 42.990986 -82.251244 647.234253
570 225 581 218 595 217 607 223 595 227 582 228 673 219 685 212 700 211 713 216 700 221 686 221 674 93 4.899204 25.054670 16.348850 -0.453059 0.059812 -0.041490 6.549503 -80.581444 655.960754 -26.568869 -78.809555 657.571167 39.667873 -82.353325 654.350281
569 222 580 215 594 215 606 221 594 225 581 226 672 217 684 209 698 208 711 214 699 219 685 220 1436 111 -146.609085 28.220331 21.622355 -0.436386 0.058518 -0.045153 5.993508 -83.066223 665.396118 -27.122074 -81.198318 666.954590 39.109089 -84.934135 663.837708
572 223 583 217 596 216 608 222 596 226 584 226 674 219 686 212 700 211 713 216 700 221 687 221 706 440 -1.386267 93.612785 24.482115 -0.439975 0.057038 -0.034743 7.324771 -82.648834 668.972656 -25.807203 -81.123100 670.555054 40.456745 -84.174568 667.390198
567 226 578 220 591 219 603 225 591 229 579 229 668 221 680 214 694 213 707 218 695 223 681 223 1735 636 -205.943878 131.817841 35.526665 -0.437488 0.053942 -0.046534 4.016703 -81.213615 671.106506 -29.105221 -79.333138 672.507080 37.138626 -83.094093 669.705994
566 227 577 221 590 220 602 226 590 230 578 231 667 222 679 215 693 214 706 219 694 224 680 224 1791 487 -217.111816 102.343498 32.479290 -0.434152 0.055164 -0.048421 3.298791 -80.744957 672.843140 -29.818010 -78.797363 674.272827 36.415592 -82.692551 671.413452
569 223 579 217 592 217 603 223 592 226 580 226 667 221 678 214 692 213 704 218 692 223 679 223 1500 77 -159.342102 21.468327 21.253815 -0.362308 0.040517 -0.025878 3.685321 -83.987305 687.537292 -29.481544 -82.906006 688.698975 36.852188 -85.068596 686.375610
592 222 602 216 615 215 627 220 616 223 604 224 692 215 703 208 716 207 728 211 717 215 704 216 371 586 65.255974 122.637604 25.680689 -0.462080 0.051941 -0.066168 19.143181 -84.868645 672.449951 -13.946297 -82.360252 673.613586 52.232658 -87.377037 671.286316
560 228 571 222 584 221 596 227 585 231 572 232 661 223 673 215 687 214 701 218 688 224 674 225 1895 154 -237.864792 36.482204 25.533724 0.519125 -0.019968 -0.063358 -0.435980 -78.773125 658.683655 -33.569183 -76.595856 658.584229 32.697224 -80.950401 658.783142
550 230 560 224 573 223 585 228 574 232 562 233 650 220 661 213 675 211 688 215 676 220 663 222 1433 282 -145.974518 62.015099 25.510624 -0.435416 0.056388 -0.100875 -7.632233 -81.102615 674.812805 -40.619038 -77.464447 675.905518 25.354572 -84.740784 673.720093
551 223 561 216 574 215 586 221 575 225 563 226 651 215 663 208 677 206 690 211 678 216 664 217 1370 132 -133.481293 32.404289 21.681076 -0.435295 0.062368 -0.070415 -6.755908 -85.233673 677.208191 -39.816235 -82.528748 678.710815 26.304419 -87.938599 675.705627
550 226 560 219 573 217 585 223 574 227 562 228 650 217 661 209 676 208 689 213 676 218 663 219 1354 206 -130.283463 47.036476 23.269911 -0.443417 0.068910 -0.074495 -7.495808 -84.020470 678.654663 -40.532574 -81.132675 680.325684 25.540958 -86.908272 676.983643
550 229 560 222 573 221 585 226 574 230 561 231 649 220 661 213 675 212 688 216 676 221 662 222 1227 412 -104.985550 87.811699 27.166719 -0.446577 0.064374 -0.075865 -7.927842 -82.086067 680.031616 -40.971146 -79.184952 681.542603 25.115463 -84.987190 678.520569
547 236 557 230 570 229 582 234 571 238 559 239 647 229 659 221 673 220 686 224 674 229 660 230 1904 783 -239.514282 160.781311 39.964031 -0.439843 0.051623 -0.080491 -9.343237 -76.492386 676.055481 -42.398788 -73.538391 677.134399 23.712315 -79.446381 674.976624
545 230 555 223 568 222 579 228 568 232 556 233 643 223 654 215 669 214 681 218 669 223 656 224 1819 41 -222.778488 14.190060 22.466688 -0.378097 0.059911 -0.074290 -11.819036 -82.080811 690.134705 -44.874535 -79.304726 691.613525 21.236464 -84.856888 688.655884
549 234 559 227 572 226 584 232 573 236 561 237 648 226 660 218 674 217 687 222 675 227 661 228 1376 468 -134.599503 98.801926 29.397085 -0.435146 0.064443 -0.079098 -8.461428 -78.480064 680.687439 -41.496281 -75.482353 682.194702 24.573423 -81.477783 679.180115
511 183 522 176 535 176 547 182 535 186 523 186 610 179 621 172 634 172 646 178 634 182 622 182 32 876 132.725616 180.121933 30.144192 -0.385147 0.001069 -0.043474 -34.409931 -112.422150 698.429932 -67.583740 -111.007713 698.190002 -1.236125 -113.836586 698.669861
512 187 523 180 537 179 548 185 536 189 524 190 612 183 624 176 638 176 650 183 638 187 625 186 1198 763 -99.141197 157.191635 35.002155 -0.429372 0.003547 -0.037109 -32.211231 -107.242859 683.156128 -65.393326 -106.023552 683.009827 0.970866 -108.462166 683.302429
502 178 513 171 526 171 537 178 526 182 513 182 601 177 612 170 626 170 638 176 626 180 613 180 1898 151 -238.461960 35.887802 25.484314 -0.304445 0.016116 -0.016245 -40.310570 -114.520210 697.940186 -73.506760 -113.908318 698.385559 -7.114383 -115.132103 697.494812
511 179 522 173 535 173 546 180 535 183 522 184 610 179 622 172 636 172 648 178 635 183 622 182 956 61 -51.179398 18.585899 17.417034 -0.326485 0.009609 -0.010794 -34.040489 -112.823410 695.090149 -67.241867 -112.419716 695.345581 -0.839114 -113.227112 694.834778
499 190 509 183 522 183 533 189 522 193 510 193 597 187 608 180 622 180 634 185 622 190 609 190 1871 909 -232.924667 185.698547 42.632610 -0.352942 0.007616 -0.034830 -42.773228 -107.551422 698.184021 -75.957161 -106.374855 698.229675 -9.589297 -108.727989 698.138367
504 188 514 182 528 182 539 188 527 192 515 192 603 187 614 180 628 180 640 186 628 190 615 190 1341 501 -127.632935 105.341415 29.927818 -0.329739 0.007670 -0.021627 -39.040909 -107.427208 695.951233 -72.237061 -106.680481 696.083984 -5.844758 -108.173935 695.818542
503 191 514 185 527 185 538 191 527 195 514 195 602 190 613 183 627 183 639 189 627 193 614 193 1345 904 -128.338562 184.980698 39.162037 -0.343219 0.005572 -0.024694 -39.764477 -105.720551 697.620422 -72.958755 -104.885239 697.662476 -6.570197 -106.555862 697.578369
517 192 527 186 540 186 552 193 540 196 528 196 616 192 627 185 641 185 652 191 641 195 628 195 392 770 61.121399 158.989120 30.019154 -0.348896 0.002430 -0.011701 -30.555746 -104.463348 696.139221 -63.758213 -104.068718 696.151184 2.646720 -104.857979 696.127258
514 193 525 187 539 187 550 194 538 197 526 198 614 194 626 187 640 186 652 192 640 197 627 197 913 594 -42.510834 123.940094 29.321903 -0.348596 -0.000185 -0.010683 -31.259504 -102.688957 690.289734 -64.462440 -102.342453 690.222534 1.943433 -103.035461 690.356934
514 196 525 190 538 190 549 196 538 200 525 200 613 196 625 189 639 189 651 195 639 199 626 199 1058 879 -71.278465 180.187637 36.759480 -0.357666 -0.000243 -0.016540 -31.992559 -101.671837 694.035950 -65.192879 -101.135712 693.930847 1.207760 -102.207970 694.140991
514 197 525 191 539 191 550 197 538 201 526 201 614 197 626 190 639 190 651 195 639 200 626 200 1307 769 -120.812881 158.321365 35.834766 -0.354811 -0.004252 -0.016850 -31.502560 -100.890450 692.705872 -64.702415 -100.367439 692.469421 1.697292 -101.413460 692.942322
525 193 536 186 550 186 561 193 549 197 537 197 625 193 637 186 651 186 662 193 650 197 637 197 19 189 135.157516 44.362850 14.363038 -0.327268 -0.006299 -0.005538 -24.236256 -103.223671 691.969849 -57.439911 -103.076973 691.734558 8.967401 -103.370369 692.205139
538 190 550 185 564 186 575 194 563 196 550 195 639 197 651 191 664 192 675 199 663 202 650 201 1179 733 -95.370010 151.272766 34.195408 -0.401183 -0.021023 0.055178 -15.287601 -101.248619 688.179749 -48.435318 -103.169098 687.863159 17.860117 -99.328133 688.496277
563 192 575 187 589 188 600 197 588 199 575 197 665 204 677 198 690 200 701 208 689 210 676 209 840 801 -27.949795 164.885193 33.586128 -0.380408 -0.033950 0.106217 1.439851 -96.951103 680.822510 -31.561205 -100.598007 680.386597 34.440907 -93.304207 681.258423
514 194 525 187 538 187 549 194 538 197 526 198 612 193 623 186 637 186 649 192 637 196 624 196 1477 679 -154.634872 140.448105 34.862976 -0.395048 0.008203 -0.015700 -32.642715 -104.054962 698.942383 -65.842384 -103.494041 699.106079 0.556956 -104.615891 698.778687
513 176 524 169 537 169 548 175 536 179 524 179 610 174 621 167 635 166 647 172 635 177 622 177 1308 11 -121.180466 8.523979 18.520571 -0.385030 0.013386 -0.023847 -34.149719 -117.829254 705.948181 -67.342270 -116.972427 706.231140 -0.957170 -118.686073 705.665222
517 178 528 172 541 172 552 179 540 182 528 182 615 180 627 173 640 174 652 181 640 184 627 184 1792 20 -217.414612 10.053887 21.814548 -0.404468 -0.001501 0.013851 -30.709841 -113.184990 698.794189 -63.911476 -113.642403 698.837463 2.491794 -112.727570 698.750916
525 189 536 183 549 183 560 190 549 193 536 193 624 191 636 184 649 184 661 191 649 194 636 194 533 625 33.053379 130.261597 27.605547 -0.418532 -0.008127 0.009690 -24.940674 -105.461639 693.898743 -58.142872 -105.829720 693.703064 8.261522 -105.093559 694.094421
526 191 538 185 551 186 563 193 551 196 538 196 626 194 638 187 652 187 663 193 651 198 638 197 710 84 -2.260861 23.257584 16.372908 -0.380237 -0.010402 0.010367 -23.469530 -103.225060 691.726501 -56.670807 -103.625938 691.454041 9.731745 -102.824181 691.998962
537 194 549 188 563 188 574 196 562 198 549 198 637 197 649 190 663 191 674 197 662 201 649 200 825 574 -25.017805 120.032883 28.303383 -0.411172 -0.017033 0.016053 -16.113417 -101.326599 692.409790 -49.309261 -101.959320 691.968079 17.082430 -100.693878 692.851440
540 227 549 222 561 221 571 226 561 230 550 230 631 225 641 219 654 219 665 224 654 227 642 227 1360 297 -131.456207 65.016922 25.387579 -0.385413 0.027885 -0.024077 -20.508085 -88.947174 753.299927 -53.690643 -87.991295 754.050720 12.674473 -89.903046 752.549133
560 235 570 229 582 229 593 234 582 237 571 238 651 233 662 227 673 227 684 233 673 236 662 236 135 784 112.225121 161.887863 28.699183 -0.474538 0.001355 -0.019487 -5.770732 -83.189270 753.392273 -38.969330 -82.555771 753.284912 27.427864 -83.822762 753.499634
555 238 565 232 577 232 588 237 577 240 566 241 646 235 656 230 668 230 678 235 668 238 657 238 603 637 19.137598 132.597092 28.326410 -0.416654 0.006803 -0.025930 -9.677252 -82.048615 760.368530 -42.870304 -81.166023 760.411133 23.515802 -82.931213 760.325867
545 237 555 232 567 231 577 237 566 240 555 240 636 236 646 231 658 231 669 236 658 240 647 239 1503 513 -159.841537 107.629631 31.235718 -0.405884 0.016644 -0.002430 -16.979652 -81.616158 758.205811 -50.179832 -81.427048 758.727295 16.220528 -81.805267 757.684387
548 237 558 232 569 232 580 237 569 240 558 241 638 236 649 230 661 230 672 235 661 239 649 239 616 242 16.464808 54.530029 19.383467 -0.420478 0.010752 -0.016798 -14.877217 -80.923477 752.339417 -48.075523 -80.308083 752.570496 18.321089 -81.538872 752.108398
548 239 558 234 569 234 580 239 569 242 558 242 638 238 649 232 661 232 672 237 661 241 649 241 733 321 -6.781305 70.081993 21.935204 -0.445192 0.011325 -0.014395 -14.950043 -79.804359 752.396912 -48.149376 -79.259689 752.656006 18.249292 -80.349030 752.137817
544 233 554 228 566 228 576 234 565 236 554 236 635 234 645 229 658 229 668 234 657 237 646 237 572 16 25.163237 9.890247 13.938527 -0.415387 0.008148 0.007667 -17.524616 -83.114761 752.759888 -50.727379 -83.306702 753.074829 15.678149 -82.922821 752.444885
551 239 561 234 573 234 584 239 573 242 562 242 642 238 652 232 665 232 675 237 664 240 653 240 290 371 81.313744 80.190666 20.251011 -0.459201 0.008886 -0.020730 -12.305449 -79.881989 753.222656 -45.501965 -79.151100 753.352173 20.891068 -80.612885 753.093140
543 244 553 239 564 238 575 244 565 247 554 247 633 242 643 236 656 235 666 240 656 244 644 244 1571 775 -173.303986 159.371445 37.656410 -0.465135 0.009499 -0.034844 -18.558781 -76.996391 754.764465 -51.742329 -75.808891 754.804321 14.624768 -78.183899 754.724609
544 247 554 242 565 241 576 246 565 249 554 250 634 244 644 238 657 238 667 243 657 246 645 247 1054 643 -70.535667 133.551086 31.341270 -0.448250 0.009776 -0.037503 -17.923994 -75.130981 755.309326 -51.104286 -73.855751 755.348633 15.256298 -76.406212 755.269958
546 244 556 239 568 239 578 244 568 247 557 247 637 243 647 237 660 236 670 241 659 245 648 245 1011 402 -62.039413 85.946472 25.559956 -0.445308 0.012571 -0.022734 -15.972991 -76.389191 753.591614 -49.166786 -75.567696 753.830017 17.220802 -77.210686 753.353210
548 245 558 240 570 240 580 245 570 248 558 248 638 244 649 238 661 238 672 243 661 246 650 246 713 562 -2.750952 117.718979 27.314526 -0.438646 0.011937 -0.017968 -14.760317 -75.591560 754.040222 -47.957527 -74.928383 754.295227 18.436893 -76.254730 753.785278
549 245 558 240 570 240 581 246 570 248 559 249 639 244 649 239 662 238 672 243 662 247 650 247 290 278 81.293045 61.811893 18.125927 -0.425051 0.013050 -0.020295 -14.427741 -75.342857 753.984009 -47.623032 -74.598427 754.263245 18.767551 -76.087288 753.704712
547 251 556 246 568 246 578 251 568 253 557 254 637 249 647 243 659 243 669 247 659 251 647 251 905 845 -40.864277 173.547119 35.006298 -0.443847 0.010383 -0.027429 -16.240343 -72.014854 755.984985 -49.431110 -71.058571 756.119690 16.950424 -72.971130 755.850281
591 232 601 226 614 226 624 233 613 236 602 236 682 232 691 225 703 224 712 230 702 234 692 234 165 3 106.086197 7.530291 11.044472 -0.225369 0.000119 -0.014396 16.155155 -86.210960 766.880188 -17.046230 -85.736542 766.830444 49.356544 -86.685379 766.929871
568 243 578 238 589 239 599 245 589 247 578 246 657 248 668 243 680 243 690 249 679 251 668 251 1752 895 -209.266418 182.992996 41.553387 -0.446773 0.008477 0.051043 -1.113469 -75.007858 760.095764 -34.274578 -76.584351 760.740112 32.047638 -73.431358 759.451416
582 246 593 241 606 242 616 248 605 250 593 250 674 250 685 244 697 245 707 251 696 254 685 253 139 363 111.336060 78.687279 19.104702 -0.453877 -0.004928 0.035117 10.715103 -72.213913 752.424561 -22.469191 -73.376595 752.526611 43.899399 -71.051231 752.322510
566 247 576 242 588 243 598 249 588 251 577 251 656 251 667 245 679 246 689 251 678 254 667 253 1245 577 -108.527847 120.409950 31.051886 -0.453124 0.006814 0.034404 -1.996231 -72.455887 759.651672 -35.180969 -73.508957 760.124634 31.188509 -71.402824 759.178711
567 251 577 246 589 247 599 253 589 255 577 255 658 255 668 249 680 250 691 255 680 258 668 257 709 687 -1.927784 142.423676 30.145298 -0.442678 0.003978 0.031210 -1.086151 -69.171303 755.040833 -34.274799 -70.145180 755.394226 32.102497 -68.197433 754.687378
567 266 578 261 590 262 601 269 590 271 578 270 659 270 670 263 683 263 694 269 683 273 671 273 156 540 107.995262 113.657501 23.257692 0.474182 -0.014009 0.023602 0.129053 -56.408344 728.797668 -33.063488 -57.054661 728.167419 33.321594 -55.762028 729.427917
