568 399 579 392 591 391 602 397 591 401 579 402 665 395 676 388 689 387 701 393 690 397 677 398 1267 434 -85.789726 89.793320 17.528839 -0.187169 -0.097249 -0.052166 -13.046093 24.552824 661.767151 -46.049507 25.970379 658.401917 19.957319 23.135271 665.132385
569 397 581 390 594 390 605 396 594 400 581 401 663 394 673 387 685 386 695 392 685 397 674 397 1263 593 -85.015594 121.181862 18.098608 -0.155910 -0.296087 -0.046811 -13.728674 24.433386 680.907715 -45.455750 25.199173 671.142151 17.998402 23.667599 690.673218
578 395 589 388 601 387 612 394 601 397 589 398 675 393 685 386 698 385 710 391 699 395 687 395 603 342 45.320236 71.688965 17.638899 -0.211108 -0.115384 -0.033567 -6.669853 22.597095 663.738342 -39.636101 23.298336 659.827576 26.296392 21.895857 667.649170
581 395 592 389 605 389 616 395 604 399 592 399 672 394 682 388 693 388 702 393 693 397 682 397 87 893 147.145691 180.506485 19.944767 -0.140140 -0.370737 -0.019841 -7.068839 24.293686 684.751770 -38.015060 24.084021 672.716553 23.877384 24.503353 696.786987
579 394 590 387 604 387 614 394 603 398 590 398 671 393 680 386 692 386 702 392 692 396 681 396 1269 188 -86.160423 41.230274 16.650076 -0.157385 -0.396535 -0.027282 -7.836110 23.028643 672.113831 -38.457706 22.886734 659.274109 22.785484 23.170553 684.953491
580 395 591 389 604 388 615 395 603 399 591 399 672 394 681 387 693 387 702 393 693 398 682 398 1039 485 -40.778160 99.880928 17.861217 -0.146272 -0.393288 -0.026053 -7.349135 23.910261 674.300232 -38.012463 23.808990 661.560181 23.314192 24.011532 687.040344
582 395 594 388 607 388 617 395 606 398 594 399 674 394 683 387 695 387 704 394 695 398 684 398 469 404 71.771255 83.939964 17.948479 -0.136823 -0.399582 -0.016485 -5.784021 23.832371 673.664734 -36.372791 23.469355 660.751343 24.804747 24.195385 686.578125
582 396 593 389 606 389 617 396 605 399 593 400 673 395 683 389 695 388 704 395 694 399 684 399 843 580 -2.089036 118.651817 18.329420 -0.148716 -0.389439 -0.015766 -6.245344 24.649916 676.489136 -36.964424 24.210686 663.891296 24.473738 25.089144 689.086914
583 397 594 391 607 391 618 397 607 401 595 401 674 397 684 390 695 390 704 396 695 400 684 400 895 988 -12.396087 199.190628 19.750374 -0.153751 -0.381366 -0.019990 -5.620017 25.767242 683.198486 -36.437538 25.452600 670.839661 25.197506 26.081884 695.557312
582 395 594 388 607 388 618 395 606 399 594 399 675 394 684 387 697 386 706 393 696 397 685 398 1378 230 -107.685638 49.512081 16.727949 -0.133679 -0.417403 -0.024496 -5.127592 23.338827 662.122742 -35.476196 23.214727 648.650330 25.221014 23.462927 675.595215
586 394 598 387 611 387 622 394 610 398 598 398 681 395 691 388 704 389 713 396 703 400 692 399 546 120 56.596207 27.868864 16.884678 -0.157013 -0.324753 0.005096 -1.751874 23.782896 663.473511 -33.224201 22.779894 652.935669 29.720455 24.785896 674.011353
586 394 598 387 611 387 622 395 610 398 598 398 678 394 688 387 700 387 709 393 699 398 688 398 1116 52 -55.938557 14.395730 16.265959 -0.132464 -0.435889 -0.010727 -2.713195 23.084009 659.901367 -32.815903 22.485855 645.900330 27.389515 23.682165 673.902405
586 395 597 389 611 388 621 395 610 399 598 399 682 396 693 389 705 389 716 395 705 399 693 399 1076 286 -48.063919 60.593136 17.126999 -0.167178 -0.272671 -0.008298 -1.239088 23.914545 658.775208 -33.218880 23.435007 649.852051 30.740704 24.394085 667.698364
589 394 600 388 613 388 624 395 612 398 600 399 680 395 690 388 702 388 711 395 701 399 690 399 334 263 98.439667 56.116817 17.534647 -0.121352 -0.435273 -0.001654 -1.341601 23.694622 662.700256 -31.454002 22.885555 648.730713 28.770802 24.503691 676.669800
590 397 602 391 615 391 625 397 614 401 601 401 682 398 691 391 703 391 712 397 702 401 692 401 1404 785 -112.873672 159.072403 18.690388 -0.138169 -0.416664 -0.002720 -0.505722 25.640108 670.439514 -30.874084 24.787006 657.038208 29.862642 26.493210 683.840820
587 396 599 390 612 390 623 397 611 400 599 400 679 396 689 390 700 390 709 396 700 400 689 400 936 568 -20.449883 116.274864 18.225241 -0.132974 -0.429649 -0.009047 -2.220562 24.837845 667.353882 -32.410606 24.195583 653.544189 27.969481 25.480108 681.163635
590 395 602 389 615 389 625 396 614 399 601 399 682 396 691 389 703 389 712 396 702 400 692 400 369 225 91.532967 48.612209 17.376009 -0.127246 -0.443569 0.000844 -0.469393 24.248888 662.825867 -30.465166 23.301294 648.616150 29.526381 25.196482 677.035522
589 395 601 388 614 389 625 396 613 399 601 399 681 396 691 389 703 389 712 395 702 400 691 399 607 119 44.552395 27.666182 16.840855 -0.125545 -0.445068 -0.001966 -0.738833 24.076740 660.022400 -30.713081 23.228466 645.761108 29.235415 24.925013 674.283691
586 397 597 390 611 390 621 397 610 401 597 401 678 397 688 390 699 389 709 395 699 400 688 400 1352 492 -102.577927 101.235756 17.679621 -0.139556 -0.425125 -0.015298 -2.943672 24.811184 663.551514 -33.193871 24.333712 649.867310 27.306526 25.288658 677.235718
587 395 598 389 611 389 622 396 611 399 598 399 684 396 694 389 706 389 717 395 706 399 695 399 1375 112 -107.081711 26.217955 16.309042 -0.167948 -0.296552 -0.010223 -0.507286 23.911915 653.125061 -32.264400 23.425905 643.439575 31.249828 24.397926 662.810608
490 313 501 307 514 307 524 313 513 317 501 317 580 313 589 306 601 306 610 312 601 316 590 316 770 440 12.337931 91.020721 17.878239 -0.127608 -0.291422 -0.036908 -75.435394 -34.242630 723.742371 -107.219803 -33.650089 714.152771 -43.650982 -34.835171 733.331909
552 319 563 312 575 312 585 319 574 323 563 323 640 320 650 313 661 313 670 320 661 324 650 324 1083 129 -49.430569 29.599155 16.562384 -0.095620 -0.294210 -0.008929 -30.556444 -29.434853 726.607544 -62.334282 -29.606426 716.979492 1.221394 -29.263277 736.235596
557 317 569 310 582 310 592 317 580 321 568 321 649 320 659 313 672 314 683 323 672 326 660 324 231 496 118.753197 102.122253 18.433697 -0.153580 -0.256579 0.016204 -23.185291 -28.107306 686.911499 -55.300938 -29.286709 678.559631 8.930356 -26.927902 695.263367
568 396 579 390 591 391 600 397 589 400 578 400 655 399 664 394 676 395 685 401 675 404 665 403 206 688 123.670349 140.027145 19.135029 -0.180034 -0.237726 0.030346 -19.949661 29.254005 743.092773 -52.208046 27.556135 735.406799 12.308721 30.951876 750.778687
562 392 572 387 585 387 594 393 584 396 572 396 648 394 657 388 669 388 678 394 668 398 658 397 329 147 99.438278 33.217686 17.124193 -0.140183 -0.312520 0.010642 -24.708872 25.408192 739.646606 -56.306095 24.341448 729.495850 6.888351 26.474934 749.797302
561 394 571 388 583 388 593 394 583 397 572 398 650 395 660 389 672 389 682 395 672 398 661 398 736 81 19.086224 20.153456 16.620180 -0.206820 -0.141386 -0.003733 -23.795122 25.837658 729.751465 -56.669556 25.477373 725.092957 9.079309 26.197943 734.409912
560 393 570 387 582 387 592 393 581 396 570 397 647 395 657 388 668 389 677 396 668 399 657 398 1484 131 -128.604660 29.959328 16.304876 -0.202345 -0.249563 0.006452 -25.831524 25.741747 736.863159 -58.010490 24.699982 728.739807 6.347443 26.783510 744.986450
561 394 571 388 583 387 592 393 582 397 571 397 649 394 659 388 671 388 681 395 671 398 660 397 1208 206 -74.118286 44.788929 16.754538 -0.221365 -0.153308 -0.005224 -24.359474 25.566265 733.210327 -57.175976 25.177610 728.161987 8.457027 25.954920 738.258667
560 394 570 388 582 388 591 393 581 397 570 397 649 394 658 388 670 388 680 394 670 397 659 397 1666 324 -164.557922 68.043739 16.873165 -0.217786 -0.150842 -0.011778 -24.997200 25.380659 731.329285 -57.824169 25.224968 726.336731 7.829771 25.536350 736.321838
561 395 571 389 583 389 592 394 582 398 571 398 649 395 659 389 670 390 680 396 670 399 659 398 1122 797 -57.196449 161.465698 18.919296 -0.222650 -0.143948 -0.008560 -24.850643 26.588602 740.741943 -57.712242 26.340527 735.986572 8.010954 26.836676 745.497314
560 393 570 387 581 386 591 392 581 396 570 396 648 393 658 387 670 387 680 393 670 396 659 396 1016 36 -36.192871 11.245810 16.274885 -0.189813 -0.158670 -0.011590 -25.228889 24.534616 730.457764 -58.015633 24.418072 725.206543 7.557855 24.651161 735.709045
560 394 570 388 581 388 591 394 581 397 570 398 648 394 658 388 669 388 679 394 669 397 658 397 1103 407 -53.406723 84.477417 17.540768 -0.193105 -0.156337 -0.013764 -25.421864 25.659851 734.274292 -58.219852 25.613533 729.092651 7.376125 25.706169 739.455933
560 394 570 388 582 388 592 394 581 397 570 398 648 394 658 389 670 389 680 395 670 398 659 398 273 379 110.472176 79.021652 17.988657 -0.191413 -0.139920 -0.004943 -25.159983 26.040199 735.613037 -58.040878 25.760223 730.994812 7.720913 26.320175 740.231262
557 393 568 387 580 387 590 393 579 396 568 396 643 394 652 388 664 388 672 394 663 398 653 397 1165 157 -65.623497 35.119553 16.608139 -0.153949 -0.364935 0.000921 -28.105150 25.255859 737.946960 -59.127636 24.305470 726.146057 2.917336 26.206249 749.747864
561 392 571 386 584 387 593 393 582 396 571 396 646 394 655 388 666 389 675 395 666 399 655 398 98 318 145.030365 66.994759 17.886572 -0.141004 -0.369852 0.015998 -26.058350 25.653677 741.924133 -57.017456 24.281704 729.998901 4.900757 27.025650 753.849365
560 395 569 389 581 389 591 395 580 398 570 398 648 395 657 389 669 389 679 395 669 399 658 398 232 627 118.542877 127.982887 18.900293 -0.242300 -0.106307 -0.010909 -25.937155 26.618122 738.468079 -58.953468 26.550985 734.935669 7.079162 26.685259 742.000488
559 396 569 390 580 389 590 395 580 398 569 399 647 395 656 389 668 389 678 395 668 398 657 398 1220 651 -76.531326 132.635361 18.333862 -0.250601 -0.125185 -0.018485 -26.489336 26.543612 737.748169 -59.430035 26.631945 733.569458 6.451365 26.455278 741.926941
558 394 569 388 581 388 591 394 580 397 569 398 644 395 653 389 664 390 672 396 663 399 653 399 911 575 -15.514542 117.658897 18.266708 -0.163318 -0.342970 0.002470 -28.111269 26.576803 746.875671 -59.386436 25.577925 735.765930 3.163897 27.575682 757.985352
558 394 569 388 581 388 590 394 580 398 569 398 644 395 653 390 664 390 672 396 663 399 653 399 1326 566 -97.451729 115.846344 17.960726 -0.165193 -0.351641 0.000332 -28.060537 26.688215 743.799011 -59.238129 25.725121 732.415222 3.117053 27.651312 755.182739
559 397 569 391 580 391 590 396 580 399 569 400 647 396 657 391 668 391 678 397 668 400 657 399 1005 952 -34.111073 192.074356 19.549372 -0.229767 -0.129794 -0.015588 -26.324181 27.682486 738.930969 -59.246914 27.701820 734.612122 6.598552 27.663151 743.249878
591 339 605 331 622 331 635 341 621 344 605 344 708 340 722 330 738 330 752 337 738 343 723 344 683 884 29.471659 178.678299 19.519333 -0.005303 -0.200136 -0.006048 10.046997 -10.887420 537.953064 -22.494431 -10.705496 531.351379 42.588425 -11.069344 544.554749
560 363 571 355 587 356 600 366 587 371 572 370 677 369 691 360 708 360 722 368 708 375 692 374 1580 840 -147.628723 169.914749 18.770412 0.002548 0.301820 0.019858 -8.164647 3.775652 517.008362 -39.862057 3.113605 526.877258 23.532763 4.437699 507.139435
597 341 612 331 631 332 646 345 629 349 612 348 720 345 734 333 753 333 767 342 752 350 735 350 481 273 69.414841 58.078217 17.473303 0.016532 -0.250500 0.012490 15.141685 -8.137514 506.143280 -17.024218 -8.479501 497.909363 47.307587 -7.795528 514.377197
583 325 597 316 615 316 629 327 614 332 598 332 704 327 718 316 736 315 750 325 735 331 719 331 920 29 -17.237833 9.872234 16.313272 -0.007252 -0.237089 -0.003990 7.065921 -17.108095 513.693787 -25.209753 -17.005268 505.894440 39.341595 -17.210922 521.493103
604 325 619 316 637 317 650 327 635 331 619 331 725 328 738 318 755 318 768 326 754 332 739 332 317 429 101.779846 88.888351 18.137962 0.007817 -0.280943 0.007904 17.878016 -17.092953 516.437134 -14.023966 -17.315748 507.229858 49.779995 -16.870157 525.644348
600 328 614 320 631 321 645 331 630 335 614 335 720 333 734 323 751 323 764 332 750 337 735 337 1005 573 -34.073811 117.255951 18.197538 -0.008941 -0.239319 0.018512 15.504416 -14.757039 518.723450 -16.748423 -15.401180 510.855835 47.757256 -14.112898 526.591064
602 327 616 318 634 319 648 330 633 334 617 333 723 330 736 320 754 320 767 329 753 335 737 335 397 173 86.009727 38.344471 17.172054 0.009396 -0.264169 0.012814 16.788063 -15.733829 514.057312 -15.262184 -16.113413 505.385651 48.838310 -15.354247 522.728943
603 327 618 318 635 319 649 330 634 335 618 334 724 331 738 321 755 321 769 330 754 337 739 336 266 31 111.888474 10.323563 16.752016 0.015307 -0.291414 0.019973 17.343548 -15.039687 508.205170 -14.454798 -15.619953 498.661163 49.141895 -14.459420 517.749207
602 332 616 323 634 324 648 335 633 339 616 338 723 336 737 326 754 326 767 335 753 341 737 341 111 442 142.451447 91.472481 18.320282 0.019646 -0.257672 0.022451 16.700832 -12.819309 513.945007 -15.399512 -13.472898 505.477417 48.801174 -12.165719 522.412598
596 334 610 325 628 326 642 337 627 342 610 341 717 338 731 327 749 327 763 336 748 343 732 343 1130 282 -58.725346 59.798828 17.077093 -0.012277 -0.249282 0.008904 13.837009 -11.708308 512.401733 -18.340149 -12.051433 504.211975 46.014168 -11.365184 520.591492
595 335 610 326 628 326 642 338 627 342 610 342 717 338 731 327 749 327 763 336 748 343 732 343 1044 170 -41.734398 37.696335 16.734364 -0.012913 -0.237442 0.008144 13.716893 -11.647483 513.008789 -18.555210 -11.966022 505.200500 45.988998 -11.328942 520.817078
600 335 615 326 633 327 647 338 631 343 615 342 722 340 736 329 753 329 766 338 752 345 736 344 26 214 159.256363 46.470337 17.563137 0.021946 -0.278641 0.024316 15.992891 -10.932999 508.228058 -15.921574 -11.629008 499.087921 47.907356 -10.236990 517.368164
597 335 612 326 630 327 644 338 628 343 612 342 719 339 733 328 751 328 764 337 750 344 734 344 558 37 54.235073 11.482793 16.580711 0.007103 -0.278460 0.015511 14.580826 -11.146519 507.201141 -17.340996 -11.622269 498.072571 46.502647 -10.670769 516.329712
594 339 608 331 626 332 640 342 625 346 608 346 715 342 729 332 747 331 760 340 746 346 730 346 1178 449 -68.218941 92.762161 17.641079 -0.019356 -0.227129 0.001649 12.766382 -9.491760 516.148621 -19.585608 -9.618705 508.672516 45.118370 -9.364815 523.624756
593 338 607 329 626 329 640 341 624 345 608 345 714 341 729 330 747 329 761 339 746 345 730 345 1149 73 -62.456181 18.538490 16.319084 -0.013629 -0.248199 0.003918 12.525426 -10.050574 510.503052 -19.661640 -10.235211 502.347198 44.712494 -9.865937 518.658936
592 341 607 332 624 333 638 343 623 347 607 347 714 344 727 333 745 333 759 342 744 348 728 348 1446 429 -121.131195 88.790802 17.392874 -0.028495 -0.218457 0.003211 11.993980 -8.766628 518.148193 -20.421539 -8.975323 510.954468 44.409500 -8.557935 525.341980
596 341 611 332 629 333 643 344 628 348 611 347 718 345 732 334 750 334 763 343 749 349 733 349 777 387 10.961054 80.557388 17.684576 -0.001642 -0.225325 0.015760 14.306341 -8.281351 515.876526 -18.055016 -8.806346 508.458557 46.667698 -7.756357 523.294556
599 342 613 334 631 334 644 345 629 348 613 348 720 346 734 336 751 336 764 345 750 350 734 350 239 626 117.160889 127.784866 18.892107 0.009662 -0.230523 0.022275 15.115523 -7.779389 516.863037 -17.202765 -8.475616 509.273346 47.433811 -7.083162 524.452698
596 344 610 336 627 337 641 347 626 350 610 350 716 347 730 338 746 338 760 346 746 351 730 351 778 884 10.714751 178.670090 19.456636 -0.018777 -0.187440 0.012397 13.241529 -6.973173 526.530090 -19.379166 -7.440643 520.346924 45.862225 -6.505702 532.713257
593 339 607 330 625 331 639 341 624 345 608 345 714 342 728 331 745 331 759 340 744 346 729 346 1069 458 -46.698738 94.548271 17.745115 -0.024329 -0.166503 0.004519 12.189203 -9.917616 524.502563 -20.556087 -10.134046 519.001770 44.934494 -9.701187 530.003357
580 336 592 329 606 330 618 338 605 342 592 341 681 339 692 330 706 330 717 338 705 343 692 342 638 129 38.430737 29.637604 16.856064 -0.033878 -0.245246 0.005617 -2.866493 -13.695145 625.871521 -35.077320 -14.016980 617.814331 29.344334 -13.373310 633.928772
572 338 584 331 599 332 611 340 598 343 584 343 673 340 685 332 699 332 710 339 698 344 685 344 681 260 29.927889 55.494606 17.294943 -0.033272 -0.266051 0.002572 -7.407910 -12.534415 622.911499 -39.444469 -12.764870 614.184265 24.628651 -12.303961 631.638794
574 339 586 332 600 333 612 341 599 344 586 344 674 341 686 334 700 334 710 341 699 345 686 345 763 516 13.712547 106.024490 18.153938 -0.039663 -0.270008 0.005865 -6.740794 -11.917580 625.377686 -38.742153 -12.286613 616.526855 25.260565 -11.548545 634.228455
566 338 578 331 593 331 605 339 592 343 579 343 668 340 679 332 693 331 704 339 693 344 680 344 1417 147 -115.377678 33.123676 16.406162 -0.044255 -0.298795 -0.001345 -10.806651 -12.682407 617.118164 -42.540432 -12.856305 607.345947 20.927130 -12.508510 626.890381
568 340 580 334 594 334 606 342 593 346 580 346 669 342 680 335 694 334 705 341 693 346 681 346 497 740 66.209869 150.267319 19.128458 -0.015052 -0.295185 0.004852 -10.230899 -11.129167 621.936646 -41.999187 -11.361163 612.278381 21.537388 -10.897171 631.594910
550 352 562 346 575 346 587 354 575 357 562 357 651 356 663 348 677 348 688 355 676 359 663 359 1457 848 -123.344246 171.504654 18.880121 -0.056571 -0.207740 0.020899 -21.923971 -3.133959 626.501587 -54.407856 -4.016846 619.676819 10.559916 -2.251072 633.326294
558 332 570 325 584 326 595 334 583 337 570 337 657 337 669 329 683 330 694 338 682 342 669 341 1390 455 -110.077049 93.928299 17.522570 -0.018961 -0.294588 0.042450 -17.153492 -15.228014 626.228821 -48.898460 -16.708792 616.604675 14.591477 -13.747235 635.852966
551 331 563 324 577 325 588 333 576 336 563 336 651 336 662 328 677 329 688 337 676 341 663 340 1288 38 -89.897057 11.617128 16.102510 -0.011932 -0.313347 0.042915 -21.281406 -15.575608 620.568542 -52.839333 -17.038479 610.345154 10.276519 -14.112739 630.791870
556 337 568 331 582 331 593 339 580 342 568 342 655 341 666 334 680 334 692 342 680 346 667 345 643 860 37.371666 173.943909 19.460127 -0.018724 -0.288187 0.030090 -18.885796 -12.345660 629.521423 -50.706482 -13.419781 620.095398 12.934892 -11.271539 638.947449
555 334 567 327 581 328 592 336 580 339 567 339 654 338 666 330 680 330 691 338 679 342 666 342 997 333 -32.470688 69.878235 17.346777 0.005419 0.275275 0.021363 -19.915600 -14.309250 618.869202 -51.862789 -15.034236 627.892029 12.031590 -13.584264 609.846375
563 334 574 328 588 329 599 337 587 340 574 339 661 340 673 333 687 333 697 341 686 345 673 344 459 797 73.707031 161.522980 19.356846 -0.011459 -0.307234 0.046569 -14.713371 -13.580994 629.618347 -46.327908 -15.160502 619.589111 16.901167 -12.001486 639.647583
559 335 570 328 584 329 595 336 583 340 570 339 657 339 669 332 682 332 693 340 681 343 669 343 1354 896 -103.012527 180.989243 19.119305 -0.037190 -0.268759 0.031926 -17.719627 -14.015016 636.641663 -49.715847 -15.226903 627.847778 14.276591 -12.803129 645.435608
561 333 573 326 587 327 598 335 586 338 573 338 660 338 672 331 686 331 697 339 685 343 672 342 1556 389 -142.845795 80.884895 17.177605 -0.027242 -0.315274 0.036504 -15.361450 -14.634284 627.910339 -46.907990 -15.967403 617.634216 16.185089 -13.301165 638.186462
564 338 576 331 589 332 600 340 588 343 575 342 663 343 674 336 688 337 698 344 687 347 674 347 861 952 -5.679549 192.086807 19.644405 -0.025412 -0.285738 0.043996 -14.127990 -11.625051 632.758911 -45.954853 -13.185223 623.422119 17.698875 -10.064879 642.095703
560 337 572 330 586 331 597 339 585 342 572 342 659 341 671 334 685 334 696 342 684 346 671 345 1171 587 -66.850418 120.005348 18.137922 -0.028831 -0.298854 0.031026 -15.887272 -12.439243 626.617493 -47.604630 -13.595840 616.858826 15.830084 -11.282647 636.376099
562 339 573 333 587 333 598 341 586 344 573 343 660 343 672 336 686 337 697 344 685 348 672 347 712 1016 23.732889 204.733917 19.971016 -0.027093 -0.282433 0.036311 -15.472294 -11.226361 630.963562 -47.340019 -12.541875 621.729004 16.395433 -9.910848 640.198120
559 339 570 333 584 333 595 341 583 344 570 344 658 343 669 336 682 337 693 344 682 347 669 347 1673 918 -165.998413 185.304703 18.987251 -0.035260 -0.295219 0.031802 -17.356693 -11.291800 631.993652 -49.108620 -12.503644 622.354858 14.395230 -10.079956 641.632446
562 334 573 328 588 328 599 337 586 340 573 340 661 340 672 332 686 333 697 341 686 345 673 344 1010 210 -35.025330 45.595676 16.899475 0.010954 0.296631 0.037081 -15.805758 -13.346540 617.999817 -47.537930 -14.613068 627.696472 15.926412 -12.080014 608.303162
563 337 574 330 588 331 599 339 587 342 574 342 662 341 673 335 687 335 698 342 686 346 673 346 561 790 53.568722 160.132294 19.264563 -0.021902 -0.298663 0.038368 -14.516081 -12.275062 627.440979 -46.226933 -13.637565 617.687805 17.194769 -10.912558 637.194214
561 337 573 331 586 332 598 340 585 343 573 342 660 342 672 335 685 335 697 342 685 346 672 346 961 651 -25.394070 132.657730 18.504791 -0.030159 -0.300599 0.033195 -15.498700 -11.901789 626.038757 -47.196678 -13.136489 616.226807 16.199280 -10.667088 635.850647
577 417 588 409 602 409 613 417 601 421 588 422 671 415 682 406 696 405 707 411 696 417 683 418 651 246 35.852501 52.733456 17.264805 -0.074934 -0.205920 -0.033251 -7.814361 37.611450 665.583069 -40.299778 38.451382 658.760132 24.671055 36.771523 672.405945
558 408 567 400 581 398 592 405 581 410 569 411 648 399 658 390 671 388 682 394 672 400 660 401 1568 228 -145.199249 49.100842 16.595425 -0.095499 -0.275028 -0.103191 -23.214100 29.138918 684.720642 -54.997669 32.078510 675.570618 8.569470 26.199326 693.870667
562 408 572 401 585 400 596 405 585 409 573 411 657 401 666 394 678 393 689 398 679 403 668 403 1590 555 -149.575104 113.652023 17.747263 -0.218796 -0.153970 -0.082116 -19.272047 30.099863 683.777649 -51.974609 32.235378 678.435181 13.430516 27.964348 689.120056
575 406 585 399 597 399 608 405 597 408 585 409 664 401 674 394 686 393 697 399 687 403 675 404 644 1036 37.156921 208.687988 20.087231 -0.152038 -0.102196 -0.061149 -13.067074 31.353544 714.285583 -46.037140 33.114239 710.759399 19.902994 29.592852 717.811829
577 403 587 395 599 394 610 401 599 405 588 406 667 397 676 389 689 388 699 394 689 399 678 400 694 200 27.367052 43.648880 17.072351 -0.131458 -0.141887 -0.065496 -11.177313 28.215708 709.579468 -43.978073 30.066822 704.758362 21.623447 26.364592 714.400574
580 402 590 396 602 395 613 400 602 404 591 405 670 397 679 391 691 390 701 395 691 399 680 400 47 282 155.103409 59.892406 17.791824 -0.117266 -0.178989 -0.050501 -9.164467 28.456966 711.830750 -41.797356 29.773302 705.837280 23.468422 27.140633 717.824158
580 403 590 396 602 395 612 401 602 405 590 406 669 397 678 390 691 389 701 395 691 399 680 400 419 364 81.647240 76.047890 17.838802 -0.138956 -0.146758 -0.063295 -9.570742 28.612307 714.878479 -42.353043 30.361012 709.896301 23.211561 26.863604 719.860718
580 402 590 395 602 395 613 401 602 405 591 405 669 397 679 390 691 389 702 395 692 400 680 400 787 437 8.981727 90.427025 17.856318 -0.136079 -0.153069 -0.057117 -9.198500 28.553577 714.319214 -41.961823 30.091356 709.146240 23.564823 27.015800 719.492126
577 402 587 395 600 394 611 400 600 404 588 405 667 396 677 389 689 388 700 394 690 398 678 399 1483 166 -128.410660 36.868763 16.430376 -0.134814 -0.183677 -0.070838 -10.587891 27.671501 707.025757 -43.152321 29.592239 700.826721 21.976540 25.750765 713.224854
578 404 588 396 600 395 611 401 600 406 589 407 667 398 677 390 689 389 700 395 690 400 678 400 1073 594 -47.501873 121.395691 18.227566 -0.156201 -0.126649 -0.068867 -10.677216 29.073320 714.918823 -43.538284 31.015652 710.567139 22.183853 27.130989 719.270508
580 406 590 399 602 398 612 404 602 407 590 408 669 400 678 394 690 393 700 398 690 402 679 403 878 964 -9.037228 194.454254 19.675989 -0.185600 -0.096826 -0.065915 -10.171950 31.297586 726.255249 -43.149891 33.171593 722.863586 22.805988 29.423580 729.646912
579 402 589 395 601 394 612 400 601 404 590 405 668 397 678 389 690 388 701 394 691 399 679 399 828 38 0.925867 11.656874 16.406090 -0.120251 -0.197322 -0.063284 -9.756912 27.904373 706.695496 -42.252205 29.593588 700.080200 22.738382 26.215157 713.310791
581 404 591 397 603 397 613 403 603 406 592 407 670 399 679 392 691 391 702 397 692 401 681 402 209 816 123.065445 165.295364 19.589605 -0.144108 -0.129734 -0.059085 -8.983285 30.110971 719.057861 -41.851856 31.750137 714.638611 23.885286 28.471806 723.477112
580 406 590 399 602 398 613 404 602 408 591 409 669 400 679 393 691 392 701 398 691 402 680 402 841 723 -1.708212 146.881622 18.840797 -0.151151 -0.136139 -0.066140 -9.407648 30.774920 718.797363 -42.233578 32.614044 714.145935 23.418282 28.935795 723.448792
578 402 588 395 601 394 611 400 601 404 589 405 669 397 678 389 690 388 701 394 691 399 680 399 1024 134 -37.782036 30.591303 16.619156 -0.031642 0.184913 -0.078739 -10.282281 27.483656 699.749207 -42.818790 30.176975 705.805725 22.254230 24.790337 693.692688
580 404 590 397 602 397 613 402 602 406 591 408 669 399 679 392 691 391 701 396 691 401 680 401 909 636 -15.125657 129.701080 18.485605 -0.138660 -0.162642 -0.066389 -9.451056 29.765965 714.481506 -42.145657 31.579193 708.973816 23.243542 27.952738 719.989258
579 406 588 399 601 398 611 403 601 407 589 409 668 399 677 392 690 391 700 397 690 401 679 402 1470 540 -125.880699 110.701241 17.772955 -0.145527 -0.168200 -0.072295 -10.313633 30.293722 712.735779 -42.964504 32.267910 707.027649 22.337236 28.319532 718.443909
581 405 591 398 603 397 614 403 603 407 592 408 670 399 680 392 692 392 702 397 692 401 681 402 571 756 51.597652 153.419495 19.136692 -0.159972 -0.110930 -0.065822 -8.854735 30.568453 721.992737 -41.784290 32.445110 718.161011 24.074820 28.691793 725.824463
581 405 591 399 602 398 613 403 602 406 591 407 671 399 680 393 692 392 703 397 693 400 681 401 705 733 25.142799 148.867477 18.966221 -0.289316 -0.007356 -0.073109 -8.806139 29.951351 714.628418 -41.921978 32.307949 714.039185 24.309702 27.594751 715.217651
581 404 590 397 603 397 613 402 603 406 591 407 670 399 679 392 691 391 702 396 692 401 680 401 657 402 34.652515 83.528900 17.817272 -0.182155 -0.090443 -0.067475 -9.162778 29.896339 718.401794 -42.157005 31.847256 715.218323 23.831448 27.945423 721.585327
666 334 677 325 692 323 705 329 693 334 679 336 772 319 781 310 795 308 807 314 796 320 784 321 153 1041 134.100021 209.717468 20.429102 -0.138194 -0.117390 -0.147035 51.296238 -21.740051 601.848572 18.676485 -17.170109 597.650146 83.915993 -26.309992 606.046997
665 336 677 327 691 325 704 331 692 336 679 338 771 321 781 312 795 310 807 316 796 322 784 323 521 978 61.447884 197.248840 19.961529 -0.134629 -0.133844 -0.147635 50.779457 -20.325438 597.851379 18.230761 -15.768074 593.121460 83.328156 -24.882803 602.581360
665 337 677 328 692 326 705 332 693 338 679 340 772 322 782 313 796 311 808 316 797 323 785 324 1442 1021 -120.399635 205.657898 19.507084 -0.142737 -0.151262 -0.153071 50.732811 -19.586514 590.869995 18.292608 -14.916588 585.542297 83.173012 -24.256441 596.197754
671 335 682 326 698 324 711 330 698 336 684 338 778 321 788 311 802 309 814 316 804 322 791 323 469 495 71.762306 101.904282 18.273060 -0.111197 -0.185368 -0.143289 53.536850 -20.095423 582.582947 21.238293 -15.730999 576.233582 85.835403 -24.459845 588.932373
668 333 680 322 696 320 710 327 696 333 682 336 777 318 787 307 801 305 814 312 803 319 789 320 937 29 -20.594334 9.870766 16.302053 -0.106173 -0.224445 -0.150554 51.570816 -21.425385 570.278259 19.570185 -16.889074 562.666382 83.571449 -25.961695 577.890198
672 331 684 322 699 320 713 326 700 332 686 334 781 317 791 308 806 306 818 312 807 318 794 319 256 67 113.859344 17.431189 16.887022 -0.088556 -0.176851 -0.136340 54.257065 -22.112146 575.118225 21.876156 -17.887175 569.102722 86.637978 -26.337116 581.133667
667 333 680 323 695 320 709 327 696 334 682 336 776 318 786 307 801 305 813 312 803 319 789 320 1466 328 -125.070091 68.850662 17.019424 -0.127976 -0.203760 -0.156072 51.695805 -21.433184 573.741333 19.577227 -16.751570 566.738525 83.814377 -26.114799 580.744141
670 331 682 321 698 319 712 326 699 332 684 335 777 317 787 307 801 305 814 311 803 318 790 320 1061 39 -45.078018 11.834152 16.255888 -0.111895 -0.260493 -0.151722 52.676323 -22.173155 573.610229 20.967310 -17.701408 564.829468 84.385330 -26.644901 582.390991
671 332 683 323 698 321 712 327 699 333 685 335 780 318 791 309 805 306 818 312 807 319 793 320 1163 350 -65.247589 73.219864 17.297861 -0.118830 -0.155778 -0.146277 54.067215 -21.667618 576.621521 21.616764 -17.164558 571.213196 86.517670 -26.170677 582.029907
671 338 683 328 698 326 712 332 699 338 685 340 779 323 789 313 803 311 815 317 804 323 791 325 1170 893 -66.683060 180.412903 19.230036 -0.138826 -0.160491 -0.150749 53.971138 -19.089384 585.008484 21.566719 -14.507940 579.393860 86.375557 -23.670830 590.623047
676 333 688 324 702 322 716 327 703 333 689 335 784 318 794 310 808 308 820 313 809 318 796 320 648 370 36.432632 77.212563 17.709074 -0.117383 -0.146676 -0.146092 56.642384 -21.672392 582.508484 24.145739 -17.151602 577.400635 89.139023 -26.193182 587.616333
675 336 687 326 702 324 715 330 702 336 688 338 781 321 790 311 804 309 816 315 805 321 793 323 1065 664 -45.929226 135.215088 18.482525 -0.136343 -0.218276 -0.155615 55.698963 -20.267319 585.960815 23.678238 -15.668074 578.472168 87.719688 -24.866566 593.449402
679 337 691 327 705 325 719 331 706 337 692 339 784 322 793 313 807 311 818 317 808 323 796 324 409 957 83.563354 193.112900 19.960539 -0.130944 -0.208701 -0.147636 58.319866 -19.640274 592.824036 26.192621 -15.255774 585.670288 90.447113 -24.024776 599.977722
674 333 686 322 702 320 716 327 702 334 688 336 781 318 790 307 805 305 817 312 807 319 793 320 1439 28 -119.709686 9.629981 15.967190 -0.125645 -0.267543 -0.162301 54.534321 -21.473185 570.989441 22.939886 -16.738390 561.937744 86.128761 -26.207977 580.041077
677 333 689 324 704 322 718 328 705 334 691 336 783 319 792 309 806 308 818 314 807 320 795 321 362 429 92.894997 88.884460 18.108265 -0.120709 -0.247189 -0.150970 56.922256 -21.316853 583.630676 25.098898 -16.877121 575.256775 88.745613 -25.756582 592.004578
678 334 690 324 705 322 719 328 706 334 692 336 783 319 793 310 806 308 818 314 808 320 795 321 137 417 137.320435 86.534981 18.213951 -0.116359 -0.257565 -0.149145 57.408680 -21.106848 583.876282 25.662104 -16.731720 575.183044 89.155258 -25.481976 592.569519
678 336 690 326 705 324 719 330 706 336 692 339 784 321 793 312 807 310 819 316 808 322 796 323 771 764 12.108637 154.981491 19.033236 -0.128230 -0.244564 -0.154154 57.547184 -20.001883 584.608521 25.718393 -15.484454 576.297058 89.375977 -24.519312 592.919983
675 333 687 322 703 320 717 327 704 333 689 336 782 317 791 307 806 305 818 311 807 318 794 320 1202 10 -72.914368 6.097078 16.059395 -0.123149 -0.285828 -0.162429 55.110672 -21.565544 569.536987 23.681910 -16.860632 559.911133 86.539436 -26.270456 579.162781
678 334 690 324 705 322 719 328 706 334 692 337 783 319 793 309 807 307 819 314 809 320 796 321 683 308 29.528288 64.970116 17.464830 -0.120493 -0.270199 -0.156361 56.869698 -20.954643 577.620911 25.267851 -16.394564 568.505615 88.471542 -25.514723 586.736206
675 335 687 324 703 322 717 329 704 335 689 337 782 319 791 309 805 307 817 313 807 320 794 321 1345 396 -101.186401 82.284996 17.341824 -0.128900 -0.273866 -0.162795 55.475395 -20.806353 574.766907 23.939283 -16.086905 565.506226 87.011513 -25.525803 584.027588
673 349 685 340 699 340 712 347 699 351 686 353 774 342 784 334 797 333 808 339 798 345 785 345 1379 5 -107.860954 5.094734 15.924749 -0.124482 -0.164130 -0.079207 56.764526 -9.789621 632.018921 24.108881 -7.518700 626.450134 89.420166 -12.060542 637.587708
687 343 699 336 712 335 724 341 712 345 699 346 783 338 793 331 805 330 815 336 805 340 794 341 545 804 56.726402 162.897415 19.325058 -0.163383 -0.181086 -0.069201 66.976654 -13.589966 666.029358 34.392437 -11.805272 659.893921 99.560867 -15.374660 672.164795
686 342 698 335 712 334 724 340 712 345 699 346 785 338 795 331 808 330 819 337 808 341 796 342 1005 351 -34.051987 73.430923 17.405701 -0.150255 -0.140671 -0.049843 66.217964 -13.327852 650.517883 33.381550 -12.034772 645.757935 99.054382 -14.620933 655.277893
691 344 702 337 716 336 727 342 716 346 703 348 787 339 797 332 809 332 819 338 809 343 798 343 433 1006 78.819954 202.783920 20.119476 -0.139951 -0.337199 -0.068876 66.995323 -12.059034 638.229004 35.734493 -10.598791 627.130005 98.256149 -13.519278 649.328003
690 343 702 335 716 334 728 340 716 345 703 346 787 337 797 330 809 329 819 336 809 340 798 341 244 243 116.211342 52.176392 17.522705 -0.128700 -0.317532 -0.071301 66.409637 -13.190140 633.215210 34.945320 -11.542208 622.734741 97.873955 -14.838072 643.695740
692 340 704 333 718 333 729 339 717 343 704 344 789 338 799 331 811 331 821 337 811 341 800 341 1646 820 -160.657867 165.960846 18.655519 -0.201718 -0.177899 -0.046660 70.591637 -14.160961 663.125000 37.944923 -13.222889 657.135681 103.238350 -15.099033 669.114319
693 336 705 329 718 329 730 335 718 339 705 340 789 333 799 327 811 326 821 333 811 337 800 337 592 219 47.504181 47.408482 17.207438 -0.167935 -0.215198 -0.047758 70.713585 -16.832605 661.470764 38.310349 -15.863198 654.283997 103.116821 -17.802011 668.657593
691 339 702 332 716 331 727 337 715 341 703 342 788 335 798 329 810 329 819 334 810 338 798 338 639 962 38.151402 194.080078 19.826584 -0.154741 -0.176415 -0.049248 69.831909 -15.791337 666.528259 37.181400 -14.622730 660.600525 102.482414 -16.959944 672.456055
689 338 701 331 714 330 726 336 714 341 701 342 787 335 797 328 810 328 820 334 810 339 798 338 1253 653 -83.047081 133.027328 18.319218 -0.164527 -0.191094 -0.046635 68.179222 -15.848917 655.438538 35.613270 -14.836449 649.035950 100.745178 -16.861383 661.841125
690 337 701 330 715 329 726 335 715 339 702 340 787 332 797 326 809 325 820 331 810 335 798 335 1462 275 -124.275116 58.388275 16.833021 -0.257846 -0.061947 -0.056566 70.486267 -17.831600 678.187134 37.397575 -16.239830 675.914673 103.574959 -19.423372 680.459656
700 335 711 329 725 328 736 333 724 337 712 338 797 331 807 325 820 325 831 331 820 335 808 335 241 9 116.826668 5.982702 16.690044 -0.195906 -0.114138 -0.048627 76.275177 -18.168163 665.946716 43.324768 -16.937511 662.033203 109.225594 -19.398815 669.860229
688 338 699 331 713 330 725 337 713 341 700 342 787 335 797 328 810 327 820 334 810 339 798 339 1657 141 -162.762970 31.918480 16.226374 -0.183053 -0.121157 -0.043129 67.622101 -15.727118 655.104797 34.690739 -14.673623 650.984741 100.553474 -16.780615 659.224854
696 340 708 333 721 333 732 338 721 342 708 343 793 336 803 330 815 330 825 336 815 340 804 339 47 469 155.085022 96.808083 18.458824 -0.184996 -0.138879 -0.048798 73.380966 -14.847212 666.999390 40.534237 -13.666516 662.281616 106.227707 -16.027906 671.717224
692 338 704 331 718 331 730 338 718 342 704 342 792 337 802 330 815 330 825 337 815 341 803 341 1368 222 -105.710442 47.933662 16.706015 -0.178958 -0.110971 -0.019262 70.590714 -14.597112 652.784729 37.595734 -14.290775 649.070312 103.585701 -14.903448 656.499084
693 341 704 334 718 333 729 339 718 343 705 344 788 336 797 330 809 329 819 335 810 339 799 340 971 772 -27.380379 156.543488 18.929779 -0.231149 -0.212442 -0.073997 71.066872 -14.756082 671.014526 38.695004 -13.149627 663.800598 103.438751 -16.362535 678.228455
693 341 704 335 717 334 728 340 717 344 704 345 787 338 796 332 808 332 817 337 808 341 797 341 146 840 135.501877 170.038651 19.716787 -0.209304 -0.157466 -0.049341 71.109444 -14.090553 680.322571 38.354050 -13.015474 674.985168 103.864845 -15.165633 685.659973
688 339 699 332 713 331 724 337 713 341 700 343 782 333 792 326 804 325 814 331 804 336 793 336 709 214 24.404058 46.411324 17.112389 -0.196920 -0.223616 -0.090847 67.507362 -16.728479 671.250549 35.261967 -14.485651 663.650269 99.752754 -18.971308 678.850769
687 340 698 333 712 332 723 337 712 342 699 343 782 335 792 328 804 328 814 333 804 338 793 338 1302 610 -92.717468 124.534462 18.133505 -0.282324 -0.094197 -0.062738 68.022003 -16.068163 681.888733 35.028217 -14.455064 678.517151 101.015785 -17.681263 685.260376
692 343 703 337 716 336 727 341 716 345 704 346 786 338 796 332 807 332 817 337 807 341 797 341 837 962 -0.941944 194.062973 19.695913 -0.272363 -0.111195 -0.061801 71.310822 -13.753776 686.786011 38.372681 -12.231491 682.871765 104.248962 -15.276059 690.700256
667 347 678 341 691 340 702 345 691 349 678 350 760 342 770 336 782 335 791 341 782 345 771 345 1229 686 -78.311737 139.543930 18.452763 -0.251076 -0.127035 -0.070230 54.351288 -11.192149 698.188293 21.493845 -9.418569 693.738281 87.208733 -12.965730 702.638245
579 389 590 381 604 380 616 387 604 391 591 392 675 383 685 375 698 374 709 380 698 386 687 386 987 702 -30.532555 142.723404 18.669540 -0.136745 -0.298183 -0.069609 -5.625648 16.768732 657.604980 -37.288380 18.366354 647.731873 26.037085 15.171110 667.478149
583 387 595 380 609 379 620 386 608 390 596 391 678 382 688 374 700 373 711 380 701 385 689 385 783 381 9.776997 79.372406 17.659214 -0.137607 -0.349212 -0.065428 -3.298583 16.086708 657.055603 -34.432907 17.418829 645.590942 27.835741 14.754588 668.520325
592 388 603 381 617 380 628 387 616 391 604 392 686 384 695 376 707 375 717 382 707 386 696 387 254 844 114.177841 170.818970 19.659779 -0.142486 -0.331681 -0.061407 1.726400 17.330475 667.209656 -29.610350 18.548332 656.297119 33.063148 16.112617 678.122253
575 391 586 382 600 381 611 388 600 393 587 394 671 383 680 374 694 373 704 379 694 385 682 386 1632 198 -157.832535 43.173012 16.446182 -0.135752 -0.237793 -0.089548 -8.762938 17.324713 660.960327 -40.903221 19.724939 652.972778 23.377346 14.924488 668.947876
579 382 590 375 604 374 615 381 603 385 590 386 674 379 684 372 697 371 708 378 697 382 685 382 1199 329 -72.353409 69.071136 17.199198 -0.124236 -0.235341 -0.039556 -6.422937 14.000751 669.112305 -38.687931 14.815928 661.310669 25.842056 13.185575 676.913940
584 383 595 375 609 375 620 382 608 386 596 386 679 379 689 371 702 371 713 378 702 382 691 383 642 171 37.636845 37.928482 17.003231 -0.122117 -0.273640 -0.043455 -2.847492 13.944941 661.266602 -34.787495 14.815351 652.231201 29.092512 13.074531 670.301941
578 382 589 374 603 374 614 380 603 385 590 385 673 378 683 370 696 369 707 375 696 380 685 381 1430 427 -117.971947 88.397362 17.396299 -0.127941 -0.238169 -0.054789 -6.979630 13.139916 672.246582 -39.199112 14.433494 664.322449 25.239855 11.846339 680.170654
582 388 593 380 607 379 618 386 606 390 594 391 677 383 687 375 699 374 710 380 700 385 688 385 1228 667 -78.112427 135.793228 18.385653 -0.138932 -0.267130 -0.066401 -4.514327 16.629034 668.220520 -36.471153 18.187813 659.338440 27.442499 15.070255 677.102539
582 389 593 381 607 380 618 387 606 391 594 392 677 383 686 376 699 375 709 381 699 386 688 386 612 883 43.490078 178.487015 19.562622 -0.129484 -0.291164 -0.063461 -4.637341 17.294674 668.449036 -36.380718 18.744576 658.814941 27.106037 15.844772 678.083130
575 388 586 380 600 379 612 386 600 390 587 392 671 381 680 373 693 371 704 377 694 383 682 384 1555 403 -142.649719 83.648720 17.228201 -0.117807 -0.346593 -0.086118 -8.450722 15.508042 651.927124 -39.562851 17.630718 640.521423 22.661406 13.385366 663.332764
583 389 594 382 608 381 620 387 608 392 595 393 678 383 688 375 700 374 711 380 701 385 689 386 915 759 -16.322395 153.981995 18.920368 -0.142681 -0.272555 -0.080601 -3.722011 17.143663 669.692017 -35.596905 19.134897 660.604309 28.152882 15.152428 678.779663
584 385 596 377 610 376 621 383 609 388 596 389 680 379 690 371 703 370 714 377 704 382 692 383 1427 307 -117.367821 64.708420 16.970259 -0.128276 -0.391973 -0.067634 -1.968402 14.076372 637.496521 -32.584435 15.434649 624.714783 28.647633 12.718096 650.278259
587 391 598 383 612 382 623 388 612 393 599 394 682 384 691 376 704 375 714 381 704 386 693 387 1394 1021 -110.922462 205.662033 19.538763 -0.159658 -0.271175 -0.081590 -1.170806 17.978882 671.525330 -33.055912 19.928080 662.464417 30.714298 16.029682 680.586243
580 388 591 380 605 378 617 385 605 390 592 391 676 380 685 372 698 371 709 377 699 382 687 383 1086 138 -50.023777 31.375586 16.592506 -0.133072 -0.320264 -0.090718 -5.104525 15.289430 656.729065 -36.489426 17.537569 646.122803 26.280376 13.041291 667.335388
586 388 598 380 611 379 623 386 611 391 598 392 682 381 691 373 704 372 714 378 704 384 693 384 499 254 65.862762 54.325871 17.393652 -0.122373 -0.312265 -0.080242 -1.215705 15.959333 658.760132 -32.711765 17.943104 648.434326 30.280355 13.975564 669.085938
584 390 595 382 609 381 621 387 609 392 596 393 680 382 689 374 702 373 712 379 702 384 691 385 1068 504 -46.505821 103.629219 17.909849 -0.129309 -0.304793 -0.088895 -2.711289 16.694662 660.316284 -34.258884 18.940981 650.203796 28.836308 14.448345 670.428772
586 388 597 380 610 379 622 385 610 390 598 391 679 381 688 373 701 372 711 378 701 383 690 383 114 75 141.895203 19.022738 17.009270 -0.121682 -0.384678 -0.082706 -2.408998 15.669522 656.711304 -33.079594 17.572577 644.131470 28.261597 13.766469 669.291138
586 388 597 380 611 378 622 385 611 390 598 391 681 380 690 372 703 371 714 377 704 382 692 383 628 38 40.414093 11.674154 16.538080 -0.115042 -0.351221 -0.084151 -1.557980 15.192261 651.520691 -32.623020 17.257229 639.976868 29.507061 13.127292 663.064453
585 390 596 382 610 381 622 387 610 392 597 393 679 382 688 374 701 373 711 379 701 384 690 385 1182 582 -69.021782 119.017349 18.112829 -0.139189 -0.364901 -0.093933 -2.583876 16.584898 660.468811 -33.463070 18.788748 648.461426 28.295319 14.381049 672.476196
587 388 598 380 611 379 623 385 611 390 599 391 680 380 689 372 702 371 712 377 702 382 691 383 639 37 38.242340 11.475794 16.527254 -0.130284 -0.393906 -0.091744 -1.685978 15.445543 653.985291 -32.215611 17.561750 641.100281 28.843653 13.329336 666.870239
586 445 603 432 626 432 644 444 626 451 605 452 749 440 768 426 792 425 812 436 792 445 770 446 1365 243 -105.120178 52.079533 16.782898 -0.263704 0.156481 -0.037634 16.676327 31.849751 381.453094 -16.101849 33.759258 386.403320 49.454502 29.940241 376.502869
594 450 610 441 629 441 646 449 629 454 611 455 753 445 771 435 791 435 810 443 791 449 772 449 1209 988 -74.392601 199.163498 19.543148 -0.384259 0.121151 -0.027190 18.528452 35.020599 395.152283 -14.423863 36.661533 398.895508 51.480766 33.379665 391.409027
591 443 606 434 627 435 645 447 628 453 608 452 749 443 767 429 790 427 810 435 791 445 769 447 1271 407 -86.576836 84.462906 17.429895 -0.150680 0.235606 -0.047073 17.060566 32.851891 389.397430 -15.192263 34.979549 396.999237 49.313393 30.724234 381.795593
591 444 606 434 627 435 645 447 628 452 609 452 750 443 767 429 790 427 810 435 791 445 769 447 1435 516 -118.967896 105.966423 17.710449 -0.160155 0.204949 -0.047484 17.310328 32.992786 391.059509 -15.163952 35.092972 397.660248 49.784607 30.892601 384.458740
598 459 612 451 630 452 647 461 631 466 614 466 753 457 770 446 791 445 809 451 791 459 772 461 677 831 30.661516 168.216080 19.334249 -0.253486 0.177573 -0.037650 19.097822 39.965775 401.716278 -13.564363 41.937069 407.360321 51.760010 37.994484 396.072205
598 468 612 459 631 460 649 471 632 476 614 476 753 466 770 454 792 452 810 460 792 469 772 470 755 684 15.275560 139.190063 18.758448 -0.267468 0.172799 -0.037824 19.454166 43.902954 405.198090 -13.235593 45.898277 410.671478 52.143925 41.907635 399.724701
599 461 613 453 633 454 650 464 634 468 616 468 755 460 772 449 793 447 811 454 793 462 773 464 657 771 34.616238 156.373215 19.133438 -0.285937 0.166546 -0.028841 20.086512 41.222191 405.184235 -12.648325 42.945728 410.477570 52.821346 39.498653 399.890900
599 453 614 445 634 446 652 457 635 463 616 462 758 454 776 441 799 439 818 447 799 457 778 458 136 429 137.516693 88.903992 18.257414 -0.225246 0.222167 -0.025759 20.447271 37.508369 394.691101 -11.934014 39.173260 401.849335 52.828556 35.843475 387.532898
596 465 610 456 630 456 648 468 631 473 613 473 750 463 767 450 789 448 808 456 790 465 769 467 1428 553 -117.589447 113.271202 17.847042 -0.195577 0.224620 -0.052363 18.328619 42.327324 400.710785 -13.999720 44.763454 407.887390 50.656956 39.891193 393.534180
606 466 619 459 637 459 654 468 638 472 621 472 758 464 775 455 795 453 812 459 794 467 776 468 409 918 83.567192 185.413910 19.821432 -0.292605 0.175781 -0.030613 21.920685 43.967335 411.651154 -10.760725 45.809654 417.227081 54.602097 42.125015 406.075256
599 459 614 449 636 449 654 462 636 468 617 468 755 458 773 443 796 441 816 450 797 461 775 462 1187 233 -69.974670 50.120811 16.864700 -0.186695 0.264795 -0.051204 20.109411 39.381313 393.508179 -11.898564 41.864628 401.986511 52.117386 36.898003 385.029846
605 465 619 456 639 457 657 468 640 473 622 473 762 464 779 452 801 450 820 458 801 467 781 469 200 636 124.860115 129.762344 18.953512 -0.246938 0.205258 -0.027266 22.543428 42.598743 401.618439 -9.955704 44.322773 408.205841 55.042561 40.874710 395.031036
608 467 622 460 641 461 658 470 642 475 624 474 760 467 777 457 797 455 815 462 797 470 778 471 1060 860 -44.961292 173.907883 19.184925 -0.264184 0.157337 -0.026705 23.380411 45.306587 415.880157 -9.404918 46.863930 420.905762 56.165737 43.749245 410.854584
578 443 593 431 612 430 628 440 612 447 594 449 724 434 742 422 764 422 783 432 764 440 744 440 1196 34 -71.732079 10.835437 16.148960 -0.378631 0.266082 -0.029732 9.529346 32.799126 414.931061 -22.506521 35.394260 423.269409 41.565212 30.203989 406.592712
640 366 654 355 673 354 688 364 672 370 655 371 773 360 788 350 807 349 824 359 808 365 790 365 952 76 -23.560570 19.147741 16.459795 -0.301505 0.131719 -0.021840 37.476456 1.274864 481.349060 4.564938 2.640382 485.535583 70.387970 -0.090654 477.162537
640 404 652 393 669 391 683 399 669 406 654 408 764 391 779 381 797 380 813 388 798 394 781 395 1339 273 -99.989662 58.004082 16.907061 -0.374089 0.222238 -0.063375 35.860115 18.356815 501.094452 3.527776 21.752180 507.851013 68.192451 14.961451 494.337891
647 418 659 409 675 407 688 413 675 420 661 422 769 406 783 397 800 396 816 403 801 409 785 410 1547 856 -141.114731 173.076157 18.849260 -0.405110 0.222166 -0.060803 39.338177 26.405451 512.779907 6.998375 29.819508 519.491150 71.677979 22.991394 506.068634
677 417 689 409 705 408 719 413 705 418 690 420 803 407 817 400 834 400 849 406 834 411 818 411 10 972 162.340897 196.108536 20.277363 -0.479246 0.173738 -0.034878 55.411121 26.487226 507.406464 22.716402 28.948174 512.656128 88.105835 24.026278 502.156799
667 400 680 389 697 387 712 395 697 402 682 403 795 389 809 379 828 378 844 386 828 392 811 393 1244 395 -81.244743 82.096313 17.404911 -0.393708 0.196647 -0.047302 50.656761 16.709293 499.186005 18.120090 19.493689 505.200317 83.193428 13.924897 493.171692
667 400 680 390 697 389 711 396 697 402 682 404 794 390 808 380 826 379 842 387 827 393 810 394 1570 461 -145.617050 95.097206 17.425179 -0.387996 0.187015 -0.049294 50.582008 17.181990 501.800446 17.988531 19.953926 507.504944 83.175484 14.410054 496.095947
625 424 636 417 651 417 662 424 650 428 637 428 723 423 734 415 748 415 759 421 748 426 735 426 678 487 30.497896 100.306946 18.106596 -0.108976 -0.159863 -0.009598 25.440300 41.756599 644.698669 -7.340019 41.784985 639.406311 58.220619 41.728218 649.991089
631 403 642 396 657 396 668 403 656 407 643 408 731 403 742 395 756 395 767 402 756 407 743 407 877 437 -8.787976 90.419243 17.796923 -0.117584 -0.114710 -0.005937 29.677570 28.051268 640.427673 -3.308689 28.024086 636.624268 62.663830 28.078451 644.231018
638 406 650 399 664 399 676 405 663 408 651 409 739 404 749 398 761 398 771 405 761 408 750 407 302 353 104.748940 73.886482 17.876781 -0.244501 -0.274451 -0.019670 34.041824 28.960548 630.974731 2.079854 28.497478 621.987122 66.003792 29.423618 639.962402
637 410 649 403 663 403 674 410 662 414 649 415 736 408 746 400 760 400 771 407 760 411 747 412 1156 230 -63.853703 49.531261 16.874458 -0.148034 -0.157665 -0.025865 33.465118 32.286297 645.008606 0.682447 32.752388 639.751343 66.247787 31.820210 650.265869
635 415 646 408 660 407 672 414 660 418 647 419 733 412 743 405 757 405 767 411 756 416 744 416 1345 989 -101.244698 199.349152 19.456961 -0.146866 -0.167558 -0.025110 31.920349 35.408833 651.743591 -0.809869 35.828773 646.165405 64.650566 34.988892 657.321777
628 413 639 406 653 405 664 412 652 416 639 417 726 410 737 401 750 400 762 407 751 412 738 413 1194 377 -71.370918 78.547256 17.373707 -0.377995 -0.001355 -0.045991 27.419195 33.812447 657.891357 -5.750893 35.294544 657.562317 60.589283 32.330349 658.220459
631 418 642 411 656 410 668 417 656 421 643 422 729 415 739 407 753 406 764 412 753 417 740 418 767 798 12.895059 161.693771 19.157148 -0.145857 -0.123480 -0.039459 29.484434 37.346458 656.923767 -3.442269 38.350330 652.754395 62.411137 36.342583 661.093201
631 420 642 413 656 412 668 419 656 423 643 423 729 416 740 409 753 408 764 414 753 419 741 419 992 871 -31.536375 176.085266 19.269037 -0.142624 -0.142219 -0.039429 29.531637 38.221466 654.220398 -3.312829 39.185932 649.438110 62.376102 37.257000 659.002686
630 414 641 407 655 406 667 413 655 417 642 418 728 411 738 403 752 402 763 409 752 413 739 414 544 219 56.981358 47.412628 17.239115 -0.082432 0.212067 -0.055306 28.107485 34.796665 651.945312 -4.303531 36.905258 658.847473 60.518497 32.688068 645.043152
622 420 633 412 647 411 659 418 647 422 634 423 720 414 730 406 744 405 755 411 744 416 731 417 942 541 -21.631874 110.944275 18.124977 -0.126956 -0.175439 -0.057200 23.224810 37.084385 647.781372 -9.417040 38.599632 641.884460 55.866657 35.569141 653.678284
624 421 635 414 649 413 660 419 649 424 636 424 722 416 732 409 745 408 757 414 746 419 733 419 1188 891 -70.236801 180.016541 19.211023 -0.137570 -0.161416 -0.049572 24.783722 38.569763 654.547058 -7.949583 39.835575 649.116760 57.517029 37.303947 659.977356
623 420 634 412 648 411 660 418 648 422 635 423 721 415 731 407 745 406 756 413 745 418 733 418 1393 581 -110.681763 118.801704 17.970011 -0.137000 -0.179457 -0.049095 24.167534 37.620529 650.647034 -8.465139 38.829884 644.629944 56.800209 36.411179 656.664185
625 422 636 415 650 414 661 420 649 424 637 425 722 417 733 409 746 408 757 414 746 419 734 420 1056 993 -44.184601 200.163757 19.661955 -0.149630 -0.113745 -0.052233 25.295345 39.398079 659.905518 -7.650198 40.839813 656.023193 58.240887 37.956348 663.787842
619 419 631 412 645 411 657 417 644 421 631 422 721 414 730 407 742 407 753 413 743 417 732 417 1275 509 -87.376625 104.598381 17.791073 -0.263098 -0.214984 -0.046431 21.776949 35.910141 629.499023 -10.632578 36.491936 622.298767 54.186478 35.328350 636.699280
636 412 647 405 661 405 673 412 660 415 648 416 734 411 744 403 757 403 768 410 757 414 745 414 292 165 106.741829 36.774261 17.212814 -0.118434 -0.182748 -0.009133 32.345932 33.949211 648.821838 -0.305225 33.892147 642.783752 64.997093 34.006275 654.859863
622 402 633 395 647 396 658 403 646 407 633 407 721 404 732 397 746 397 756 403 745 408 733 408 755 424 15.301121 87.863457 17.831068 -0.086007 0.217924 0.002837 22.749493 28.553165 639.951782 -9.670328 28.769590 647.125916 55.169312 28.336740 632.777710
611 408 623 401 637 400 649 407 636 411 623 411 714 405 725 398 738 398 749 405 738 408 726 408 1515 289 -134.740875 61.147434 16.847979 -0.334232 -0.058398 -0.027061 17.205242 29.812666 631.097107 -15.931456 30.373030 629.046570 50.341938 29.252302 633.147705
619 412 630 404 644 404 655 411 643 415 630 416 717 409 728 401 741 401 753 407 741 412 729 412 1634 636 -158.270477 129.638443 18.007139 -0.213303 -0.016467 -0.033940 21.214817 33.332134 654.092224 -11.966462 34.392208 653.429993 54.396095 32.272057 654.754456
615 413 626 405 639 405 651 412 639 416 626 417 713 409 723 401 737 401 749 407 737 412 725 412 1486 516 -129.037399 105.962021 17.676790 -0.165220 -0.058342 -0.041889 18.482260 33.567936 650.890198 -14.637142 34.791740 648.848816 51.601662 32.344135 652.931519
614 414 625 407 638 407 650 413 638 417 625 418 711 411 722 403 736 402 747 408 736 413 723 413 1537 709 -139.125870 144.057755 18.331533 -0.165107 -0.069686 -0.046415 17.742098 34.516457 652.369446 -15.346657 35.858402 649.941833 50.830853 33.174507 654.796997
518 447 528 439 542 438 554 443 542 448 530 449 614 438 624 430 637 428 648 434 637 439 625 440 819 966 2.611603 194.854172 19.722059 -0.215138 -0.207496 -0.101463 -47.722248 54.649723 666.141113 -80.048660 57.228127 659.005676 -15.395835 52.071323 673.276550
512 449 522 441 536 440 548 445 536 450 524 452 608 438 618 430 631 428 642 433 632 439 620 440 1061 709 -45.143887 144.098877 18.645672 -0.187898 -0.278395 -0.123422 -50.723301 54.804604 658.206238 -82.404816 57.956665 648.777222 -19.041786 51.652546 667.635193
505 445 515 436 529 434 541 440 530 445 517 447 601 432 611 423 624 421 636 426 625 432 613 433 1343 190 -100.771263 41.618702 16.608374 -0.204945 -0.212651 -0.144820 -55.529442 51.067909 659.941833 -87.645157 55.073330 652.519104 -23.413725 47.062492 667.364563
505 447 516 439 529 437 541 442 530 447 517 449 601 434 611 425 624 423 635 429 625 434 613 435 844 464 -2.275073 95.752167 17.915007 -0.183556 -0.268585 -0.138801 -55.657738 52.546291 660.491699 -87.360786 56.249645 651.339600 -23.954685 48.842934 669.643860
505 452 515 444 528 442 540 447 529 452 517 454 600 437 610 429 622 427 634 431 624 437 612 439 918 740 -16.912851 150.230942 18.850618 -0.209377 -0.208756 -0.163629 -56.807106 55.860889 666.149353 -88.854958 60.472549 658.785400 -24.759260 51.249233 673.513306
502 453 512 444 526 442 538 447 526 452 514 454 598 437 607 428 620 426 631 430 621 436 609 438 1094 626 -51.651283 127.710991 18.327847 -0.187191 -0.281767 -0.170448 -58.030422 55.111332 661.138977 -89.456215 59.771374 651.481689 -26.604630 50.451290 670.796265
504 451 514 442 528 440 540 445 529 450 516 453 600 435 610 426 623 424 634 429 624 435 612 437 286 68 107.936012 17.626005 16.870790 -0.157608 -0.308722 -0.155576 -55.523457 53.429615 652.720093 -86.767815 57.673946 642.311707 -24.279097 49.185280 663.128540
500 453 511 444 524 442 536 447 525 452 513 455 596 437 605 428 618 425 630 430 620 436 608 438 624 536 41.154900 109.984703 18.317009 -0.168066 -0.294836 -0.169613 -58.677208 54.775234 656.829895 -89.984108 59.460205 646.805481 -27.370312 50.090267 666.854309
502 455 512 446 525 444 538 449 526 454 514 456 597 438 607 430 620 427 631 432 621 438 609 440 515 664 62.663399 135.262604 18.845499 -0.168045 -0.288504 -0.168847 -57.955704 56.134857 658.885559 -89.326836 60.815945 649.062195 -26.584566 51.453770 668.708923
497 458 507 450 520 447 533 452 522 457 509 460 593 441 602 432 615 429 626 434 616 440 604 442 1174 1003 -67.483643 202.127670 19.619749 -0.191979 -0.245340 -0.187136 -61.558773 58.293709 662.499451 -93.200165 63.598240 653.941223 -29.917377 52.989178 671.057739
500 457 510 449 523 447 535 451 524 457 512 459 595 440 604 432 617 429 629 434 619 439 607 441 825 848 1.438557 171.559265 19.297213 -0.184407 -0.247102 -0.181026 -60.179501 58.180214 665.379395 -91.843040 63.315380 656.799744 -28.515965 53.045048 673.959045
505 455 515 447 528 445 540 450 529 455 517 457 600 440 609 432 622 429 634 434 623 439 612 441 213 470 122.309700 96.991150 18.352839 -0.155858 -0.320658 -0.156075 -55.998108 56.909508 656.826477 -87.117928 61.142784 646.047058 -24.878288 52.676228 667.605896
503 454 513 445 527 443 539 449 528 454 515 456 599 439 609 429 622 427 633 432 623 438 611 440 359 28 93.526741 9.723297 16.679939 -0.148024 -0.355962 -0.155051 -55.560497 54.966827 646.147888 -86.298309 59.106091 634.289795 -24.822689 50.827564 658.005920
503 458 513 449 526 447 538 452 527 457 515 459 598 441 608 432 620 430 632 434 622 440 610 442 1236 926 -79.717422 186.921738 19.304186 -0.193021 -0.273666 -0.177193 -57.415852 58.064735 659.801208 -88.876991 62.942093 650.368958 -25.954706 53.187374 669.233459
502 458 512 449 525 447 537 452 526 457 514 460 597 441 606 432 619 430 631 434 621 440 609 442 1353 1015 -102.826782 204.481125 19.544420 -0.197333 -0.271723 -0.180768 -58.435551 58.308838 661.109192 -89.893372 63.287266 651.718750 -26.977734 53.330410 670.499634
537 438 549 431 563 431 574 439 562 442 549 442 635 439 646 432 659 432 670 439 659 443 647 443 858 389 -5.031875 80.945206 17.638252 -0.176962 -0.201836 0.009955 -33.097599 52.737682 656.228271 -65.628487 51.821648 649.635742 -0.566711 53.653721 662.820862
536 451 547 445 560 445 571 451 559 454 547 454 636 453 647 447 660 447 671 453 660 456 647 456 1527 911 -137.171310 183.935440 19.058636 -0.358935 -0.098268 0.005439 -33.096916 60.772739 647.708618 -66.142761 60.017410 644.552490 -0.051069 61.528065 650.864807
534 451 545 445 558 445 569 451 557 454 545 455 633 452 644 445 657 445 668 452 657 455 645 455 944 707 -22.043077 143.714172 18.715754 -0.301045 -0.095065 -0.002331 -34.964058 60.829514 651.001038 -68.019981 60.434429 647.885071 -1.908134 61.224602 654.117065
536 453 547 447 561 447 572 454 560 457 547 457 633 453 643 447 656 446 666 452 655 456 644 456 108 1048 142.984192 211.103226 20.483768 -0.163023 -0.228893 -0.000833 -35.067688 63.160778 663.215454 -67.408371 62.572609 655.712463 -2.727010 63.748943 670.718384
530 452 541 445 554 445 565 452 554 455 542 456 632 450 643 442 656 441 668 447 657 452 644 452 1506 419 -132.976685 86.811516 17.317608 -0.230224 -0.056362 -0.039694 -35.285046 58.247162 633.856567 -68.411339 59.338161 631.852051 -2.158754 57.156162 635.861084
633 466 645 458 660 457 672 465 660 469 646 470 738 462 749 454 763 453 775 460 764 465 750 465 1498 359 -131.391251 74.967606 17.108877 -0.258154 -0.066325 -0.041423 32.025661 64.905579 615.940735 -1.078245 65.981850 613.588562 65.129562 63.829300 618.292908
637 467 649 459 664 458 676 466 663 470 649 471 742 464 753 455 767 455 779 462 767 467 754 467 605 529 44.906971 108.604469 18.304579 -0.214491 -0.066290 -0.028063 34.188229 65.691177 616.005615 1.069083 66.380035 613.723694 67.307381 65.002327 618.287537
637 466 650 458 665 457 677 465 664 470 650 470 743 463 754 455 768 454 780 462 768 467 755 467 783 407 9.774441 84.505066 17.751953 -0.220139 -0.080160 -0.026311 34.665035 65.098259 612.895935 1.577849 65.672211 610.163086 67.752220 64.524300 615.628784
636 470 648 462 663 462 675 468 662 472 649 473 741 466 752 459 766 458 777 465 766 469 753 469 1182 1003 -69.063171 202.126984 19.614470 -0.283846 -0.041570 -0.033505 33.871513 67.973633 621.914917 0.713698 68.876213 620.396912 67.029327 67.071053 623.432922
642 470 653 463 668 463 680 470 667 473 654 474 746 468 756 460 770 460 782 467 770 471 758 471 590 1001 47.822182 201.783310 19.998028 -0.259578 -0.047964 -0.022608 37.007320 69.069580 623.499146 3.848915 69.606033 621.828247 70.165726 68.533119 625.170105
638 469 650 461 665 460 677 468 665 472 651 473 743 466 754 458 769 457 780 465 769 469 756 470 1096 614 -52.044987 125.341904 18.283724 -0.241543 -0.087456 -0.026916 35.148354 66.958466 613.606079 2.081779 67.493538 610.627014 68.214928 66.423401 616.585205
640 470 652 463 667 462 679 470 666 474 653 474 745 468 756 460 771 460 782 467 771 471 758 471 618 862 42.307495 174.340897 19.483759 -0.250707 -0.058324 -0.021337 36.329334 68.151031 615.118530 3.188202 68.610260 613.115051 69.470467 67.691803 617.122009
637 467 649 459 664 459 677 467 664 471 650 472 742 465 754 456 768 455 780 463 768 468 755 468 1264 441 -85.198090 91.175446 17.555788 -0.210244 -0.128835 -0.026790 34.343674 65.178703 605.763062 1.424881 65.611748 601.435791 67.262466 64.745651 610.090271
639 467 651 459 666 458 679 466 666 470 652 471 744 465 755 456 770 456 781 463 770 468 756 468 617 147 42.575230 33.192799 16.934126 -0.213479 -0.104855 -0.017641 35.340252 65.403496 608.814331 2.322255 65.613853 605.303284 68.358246 65.193146 612.325317
642 468 654 460 669 460 681 468 669 472 655 472 747 467 759 458 773 458 785 465 773 470 760 470 376 695 90.104668 141.394318 19.047806 -0.203395 -0.086533 -0.013487 37.563026 66.879021 612.486572 4.485030 67.032173 609.591370 70.641022 66.725868 615.381836
640 468 652 460 668 460 680 468 667 472 653 472 746 466 757 457 772 457 783 464 771 469 758 469 1093 433 -51.434868 89.610947 17.640104 -0.219703 -0.113959 -0.022143 36.328983 65.990974 607.273376 3.346770 66.305138 603.447815 69.311195 65.676811 611.098877
639 469 651 461 666 460 678 468 665 472 652 473 744 466 756 457 770 457 782 464 770 469 757 469 1274 515 -87.179779 105.782928 17.813135 -0.244308 -0.090278 -0.030263 35.501537 66.228958 608.173645 2.446382 66.858284 605.088135 68.556694 65.599625 611.259094
638 469 650 461 665 461 677 468 664 473 650 473 743 466 755 458 769 457 781 465 769 469 756 470 1101 506 -53.021576 104.021187 17.895205 -0.233074 -0.094908 -0.028745 34.791702 66.486198 607.976868 1.749283 67.065216 604.748413 67.834122 65.907181 611.205322
638 471 650 463 665 463 677 470 664 475 651 475 743 468 754 460 768 460 780 467 768 471 755 472 893 738 -11.976626 149.838287 18.859983 -0.228964 -0.093583 -0.027929 34.814545 68.368233 613.568726 1.767269 68.932152 610.387695 67.861824 67.804321 616.749756
635 470 647 462 663 462 675 469 662 474 648 474 741 467 752 459 767 458 779 465 767 470 754 471 687 425 28.727020 88.066742 17.879511 -0.207572 -0.082684 -0.027812 33.370026 66.985802 607.272949 0.291027 67.617775 604.455139 66.449028 66.353821 610.090759
636 470 648 462 663 461 675 469 662 473 649 474 741 466 752 458 767 457 778 464 767 469 753 470 766 551 13.116783 112.933578 18.276798 -0.219186 -0.096312 -0.032474 33.643322 66.954971 611.380859 0.609188 67.674026 608.096252 66.677460 66.235916 614.665466
634 468 646 460 661 459 673 467 660 471 646 472 739 464 750 455 765 454 777 462 765 467 752 467 1453 135 -122.484383 30.751646 16.339602 -0.204699 -0.171788 -0.036415 31.949066 64.368881 599.717102 -0.746872 64.983147 593.958801 64.645004 63.754608 605.475342
630 468 642 461 657 461 668 468 656 472 642 472 735 468 746 461 761 461 772 468 760 472 747 472 1558 975 -143.298279 196.567001 19.266455 -0.246360 -0.035943 0.001769 29.786797 67.848228 614.043213 -3.396626 67.643829 612.869202 62.970219 68.052620 615.217224
634 465 646 458 660 458 672 466 660 469 646 470 738 466 750 458 764 458 776 465 764 469 751 469 1421 771 -116.228790 156.307190 18.629232 -0.224730 -0.071505 0.000756 32.214733 66.235237 615.034058 -0.905574 65.944801 612.684509 65.335045 66.525673 617.383606
633 467 644 459 659 459 671 467 658 470 645 471 737 466 749 459 763 459 775 466 763 470 750 470 1241 894 -80.701477 180.604187 19.186747 -0.249104 -0.028151 -0.003158 31.359171 66.870285 615.932190 -1.832389 66.858231 614.994202 64.550735 66.882339 616.870117
535 400 549 390 568 388 584 396 568 402 551 404 667 386 680 375 698 372 714 378 699 386 683 388 987 770 -30.539240 156.147293 18.912086 -0.270462 -0.074344 -0.125005 -14.200257 14.949748 485.386078 -47.056625 18.704386 482.399200 18.656111 11.195109 488.372925
539 398 554 387 573 385 589 394 573 400 556 402 673 385 686 372 705 370 720 376 706 384 689 387 213 446 122.312057 92.253311 18.267233 -0.188845 -0.043851 -0.115498 -11.531224 13.945418 480.581787 -44.483711 17.611145 478.777496 21.421265 10.279692 482.386108
526 397 541 385 560 383 577 392 561 399 543 401 659 381 672 368 691 364 707 371 693 380 676 383 1605 17 -152.483841 7.444128 15.818402 -0.148499 -0.231153 -0.141204 -16.780478 12.341650 467.082397 -48.776817 16.390728 459.183105 15.215862 8.292573 474.981689
526 401 540 390 559 387 575 396 560 402 542 405 658 385 671 372 690 369 706 375 691 384 675 386 1493 489 -130.416824 100.631340 17.575867 -0.162165 -0.161280 -0.143315 -17.849892 14.503600 476.970428 -50.286533 18.773199 471.296417 14.586751 10.234000 482.644440
530 403 544 392 563 390 580 398 564 404 547 407 663 387 676 375 694 372 710 378 696 386 679 389 938 539 -20.841913 110.549797 18.120483 -0.159882 -0.128767 -0.136486 -15.895028 15.611842 478.248932 -48.518238 19.757984 473.655975 16.728182 11.465700 482.841919
529 404 543 393 562 391 578 399 563 405 545 407 661 388 675 375 693 372 709 379 694 387 678 389 1033 627 -39.607471 127.913673 18.371670 -0.171052 -0.106453 -0.139756 -16.612217 16.014782 479.358704 -49.307175 20.308199 475.464355 16.082741 11.721365 483.253052
528 406 542 396 560 394 577 401 561 407 545 410 660 390 673 378 691 375 706 381 692 389 676 391 1256 802 -83.654053 162.441162 18.848698 -0.178239 -0.137823 -0.142842 -17.291206 17.140398 481.358856 -49.845772 21.421934 476.416382 15.263361 12.858862 486.301361
527 405 541 394 560 391 576 399 561 406 544 408 659 388 673 376 691 373 707 379 693 387 676 390 1208 561 -74.153183 114.869492 18.020765 -0.174605 -0.130091 -0.143473 -17.360733 16.221609 477.534821 -49.946339 20.556810 472.850403 15.224874 11.886410 482.219269
526 405 540 394 559 391 575 399 560 406 543 408 658 388 672 376 690 372 706 379 691 387 675 390 1148 525 -62.303177 107.767914 17.931957 -0.152484 -0.174100 -0.141703 -17.734194 16.145363 475.917358 -50.107525 20.354990 469.850586 14.639140 11.935734 481.984161
532 406 546 396 565 394 581 402 565 408 548 410 665 391 679 379 696 376 712 382 698 390 681 393 153 738 134.129822 149.902222 19.348349 -0.161895 -0.023689 -0.129324 -15.349687 17.578783 480.725250 -48.268551 21.778454 479.597992 17.569180 13.379113 481.852478
527 402 542 391 560 389 577 397 561 404 544 406 660 386 673 374 692 370 708 377 693 385 676 388 604 311 45.125843 65.569168 17.527668 -0.131139 -0.140018 -0.135200 -17.077929 15.276116 475.922150 -49.656658 19.420856 471.022430 15.500800 11.131377 480.821838
527 405 542 394 560 392 577 400 561 406 544 409 660 388 674 376 692 373 708 379 693 387 677 390 770 550 12.327117 112.735825 18.270590 -0.143605 -0.127022 -0.139011 -17.046778 16.360949 476.685791 -49.665638 20.632322 472.177460 15.572082 12.089576 481.194122
525 407 539 397 557 394 573 401 558 408 541 410 656 390 670 378 688 375 703 381 689 389 673 391 1305 930 -93.341255 187.705414 19.272915 -0.172554 -0.106407 -0.147253 -18.978020 17.413448 481.817383 -51.637714 21.948711 477.901367 13.681677 12.878186 485.733429
530 407 544 396 563 394 579 401 564 408 547 410 664 390 677 378 695 375 711 382 697 390 680 392 453 573 74.913696 117.303650 18.561834 -0.144945 -0.075687 -0.134610 -15.801524 17.344761 476.946442 -48.611877 21.599655 474.129303 17.008827 13.089867 479.763580
529 410 543 399 561 397 577 404 562 410 545 413 660 392 673 381 691 378 706 383 692 391 676 394 1076 979 -48.132050 197.398300 19.598820 -0.169559 -0.136466 -0.146327 -17.227612 18.602833 482.565735 -49.771557 23.024107 477.676605 15.316337 14.181560 487.454834
528 403 542 392 561 390 578 398 562 405 545 407 661 387 674 374 693 371 709 378 694 386 677 389 602 452 45.506863 93.404160 18.031912 -0.139551 -0.089933 -0.138118 -16.800014 15.697436 477.489105 -49.555580 20.040510 474.207306 15.955550 11.354362 480.770905
531 402 545 391 564 389 581 398 565 404 547 407 665 387 678 374 697 371 713 378 699 386 682 389 94 74 145.844131 18.827055 17.018902 -0.094441 -0.219536 -0.122829 -14.439778 15.136813 465.803619 -46.600246 18.824259 458.409912 17.720690 11.449367 473.197296
614 386 631 381 649 385 663 397 646 398 629 395 747 412 762 406 778 409 790 419 775 423 760 420 336 862 97.985901 174.365265 19.669867 -0.111885 -0.264500 0.187729 23.852768 20.929489 463.123047 -7.622500 14.331055 454.856995 55.328037 27.527925 471.389130
558 374 575 368 594 372 607 386 590 387 572 384 689 401 706 394 724 397 737 409 721 412 704 409 1131 341 -58.928589 71.445938 17.286877 -0.140537 -0.137482 0.185346 -2.777230 16.190279 478.888275 -35.103256 9.791684 474.808411 29.548800 22.588875 482.968170
558 374 575 368 594 372 607 385 590 386 573 383 689 401 706 394 724 398 737 409 721 412 704 409 1167 439 -66.046104 90.789009 17.612669 -0.116346 -0.172343 0.193661 -2.515791 16.111628 476.770294 -34.612301 9.436670 471.495941 29.580717 22.786585 482.044617
515 427 531 420 548 422 562 433 546 436 529 434 638 441 652 433 668 434 681 444 666 448 651 447 476 678 70.362228 138.029709 18.921173 -0.166992 -0.229176 0.099749 -28.985119 40.842110 523.503296 -61.160545 36.949017 516.282104 3.190305 44.735207 530.724487
496 432 511 425 527 427 541 437 526 439 510 438 618 443 632 435 648 436 660 444 646 449 631 448 1501 910 -132.037750 183.740280 19.072227 -0.220199 -0.173175 0.071323 -40.317333 42.881561 530.763550 -72.943832 39.917439 525.351990 -7.690830 45.845688 536.175110
504 430 519 423 536 426 549 436 533 439 518 437 625 444 639 436 656 437 669 446 654 451 639 449 620 677 41.930801 137.819855 18.822573 -0.182644 -0.173683 0.097847 -35.853127 42.754070 526.980591 -68.402176 39.021069 521.578430 -3.304080 46.487068 532.382812
505 424 521 417 539 420 552 432 536 434 519 432 627 440 642 432 659 433 672 443 657 448 641 446 1159 77 -64.430984 19.327267 16.326752 -0.163839 -0.296568 0.116564 -33.360115 39.423126 511.391022 -64.897079 34.836815 502.066620 -1.823144 44.009434 520.715454
509 428 524 421 542 424 555 435 539 437 523 435 631 445 646 437 663 439 675 448 660 452 645 451 1097 640 -52.244984 130.474472 18.375801 -0.186611 -0.201574 0.122744 -32.258957 42.229515 520.939270 -64.546005 37.595222 514.723999 0.028090 46.863808 527.154541
531 426 547 421 564 424 577 435 561 437 545 435 652 446 667 439 683 441 694 451 680 455 665 453 341 195 97.064270 42.692329 17.287481 -0.117460 -0.405075 0.159819 -19.797882 40.920113 501.497284 -49.907433 35.014812 488.804688 10.311667 46.825413 514.189880
512 417 527 411 545 414 557 425 541 427 525 425 632 437 647 429 664 432 676 442 661 446 646 443 1279 178 -88.133850 39.255310 16.607809 -0.165130 -0.266170 0.151078 -30.975622 37.495800 518.350037 -62.640877 31.857388 510.098969 0.689633 43.134212 526.601013
512 426 527 420 543 423 556 433 541 435 525 433 632 445 646 438 662 440 674 450 660 453 645 450 1552 903 -142.106552 182.354004 19.013601 -0.219425 -0.194463 0.140370 -32.406719 42.551937 531.378784 -64.664948 37.270420 525.541687 -0.148492 47.833458 537.215881
526 421 542 415 560 418 572 430 556 432 540 429 647 442 662 435 679 437 690 448 676 451 661 449 57 234 153.133713 50.415859 17.614016 -0.129375 -0.317263 0.171627 -22.831379 39.509834 511.561798 -53.902328 33.276302 501.647217 8.239572 45.743366 521.476379
527 425 543 420 560 423 572 434 557 436 541 433 648 447 662 441 678 443 690 453 676 456 661 454 115 736 141.632782 149.510681 19.366293 -0.163050 -0.229578 0.172640 -23.440393 43.083210 524.987854 -55.287739 36.838551 517.965759 8.406951 49.327869 532.010010
525 424 541 419 558 422 571 433 555 435 539 432 646 445 661 439 677 441 688 451 674 454 659 452 266 585 111.834007 119.688728 18.728046 -0.148483 -0.261210 0.167397 -24.069309 41.776859 519.673096 -55.691795 35.689804 511.578278 7.553174 47.863918 527.767883
518 425 534 419 551 422 564 433 548 435 532 433 640 445 654 438 671 440 683 449 668 453 653 451 1636 304 -158.632721 64.098129 16.821627 -0.194118 -0.272219 0.143546 -27.353634 41.460480 517.988892 -59.003330 35.930859 509.605560 4.296062 46.990097 526.372131
518 425 534 420 551 423 564 434 549 436 532 433 641 445 655 438 672 441 684 450 669 454 654 452 1566 408 -144.822067 84.634827 17.238775 -0.196673 -0.262390 0.144243 -26.967525 41.752445 517.448425 -58.699711 36.217037 509.386963 4.764661 47.287853 525.509888
520 429 535 423 552 426 565 437 549 439 534 436 641 449 655 442 671 444 683 453 669 457 654 455 1465 986 -124.937340 198.746552 19.367065 -0.213888 -0.218462 0.145593 -27.366087 44.205399 527.610413 -59.437508 38.694496 521.006348 4.705331 49.716305 534.214478
526 422 542 416 560 419 572 431 556 433 540 431 647 444 662 437 679 439 690 450 676 454 660 451 438 353 77.896942 73.874733 17.787027 -0.166013 -0.249501 0.171421 -23.425003 40.950420 517.729065 -55.123489 34.689945 510.075867 8.273484 47.210896 525.382324
527 425 543 419 561 422 573 434 557 436 541 433 648 447 663 440 680 442 691 453 677 456 662 453 288 516 107.497086 106.065529 18.467417 -0.156654 -0.262491 0.171057 -22.757128 42.268730 518.228333 -54.348812 36.028503 510.129913 8.834556 48.508957 526.326782
525 427 540 421 557 424 569 436 554 437 538 435 645 448 659 442 675 444 687 454 673 457 658 455 794 749 7.568965 152.018356 18.964554 -0.190174 -0.223161 0.165824 -25.044331 43.814400 526.490906 -56.977894 37.713825 519.738892 6.889232 49.914974 533.242981
527 429 543 424 559 427 572 438 556 439 541 437 648 451 662 445 678 447 689 457 675 459 661 457 714 961 23.343414 193.876190 19.773521 -0.190445 -0.218678 0.166618 -23.788017 45.240921 528.200012 -55.749645 39.125969 521.595398 8.173612 51.355873 534.804626
522 426 538 420 556 423 568 434 552 436 536 434 644 447 659 440 675 442 687 452 672 456 657 453 1093 487 -51.440178 100.271088 17.832714 -0.195744 -0.238069 0.157283 -25.360434 42.625729 521.284119 -57.227001 36.740788 514.041931 6.506132 48.510666 528.526306
528 427 544 422 561 425 573 436 558 438 542 435 648 449 663 442 679 445 690 455 676 458 661 455 447 826 76.073471 167.248901 19.468204 -0.169443 -0.245357 0.168650 -23.020014 43.935997 524.421021 -54.767479 37.761406 516.902222 8.727450 50.110592 531.939819
619 466 628 459 640 458 650 463 640 468 629 469 707 458 716 451 728 449 739 455 729 460 718 460 1544 417 -140.479248 86.413414 17.285397 -0.206066 0.021240 -0.094759 18.191265 74.052086 720.531677 -14.857658 77.243736 720.908081 51.240189 70.860435 720.155334
615 467 625 460 637 459 647 465 637 469 626 470 704 460 713 452 726 451 736 457 726 461 715 462 1338 659 -99.830170 134.204437 18.284523 -0.188502 0.074036 -0.092378 15.849609 75.124756 720.118042 -17.123478 78.397636 722.268250 48.822697 71.851875 717.967834
627 477 637 470 649 468 660 474 649 478 638 479 717 468 726 460 738 459 748 464 738 468 727 470 834 854 -0.339003 172.742950 19.312674 -0.239734 -0.057792 -0.106042 25.036345 81.008087 719.673035 -7.927774 84.258423 717.357483 58.000465 77.757751 721.988586
625 475 634 467 647 466 658 472 647 476 636 478 714 465 723 457 736 455 747 461 737 466 725 467 1537 285 -139.084183 60.355892 16.819193 -0.128152 0.218026 -0.133652 22.574476 77.608971 702.577393 -9.551950 82.447304 709.436157 54.700905 72.770645 695.718628
629 478 639 470 651 469 662 474 651 479 640 480 719 468 728 461 740 459 750 464 741 469 729 470 739 855 18.417807 172.948563 19.378937 -0.195628 -0.119882 -0.100321 26.222107 80.498604 710.014404 -6.579124 83.407722 705.751099 59.023338 77.589493 714.277710
631 478 641 470 653 469 664 475 653 479 642 481 721 469 731 461 743 460 753 465 744 470 732 471 155 569 133.751556 116.539757 18.744232 -0.176117 -0.112036 -0.091143 27.770956 80.361954 705.061035 -5.089041 83.036079 701.107605 60.630951 77.687820 709.014404
632 479 642 472 655 471 665 476 655 481 643 482 723 471 732 463 744 461 755 467 745 472 734 473 257 763 113.593483 154.828491 19.368885 -0.177605 -0.119122 -0.090219 28.797142 81.422249 705.161377 -4.038607 84.041451 700.976562 61.632893 78.803055 709.346252
632 480 642 473 654 471 665 477 655 481 643 482 722 471 732 464 744 462 754 467 745 472 733 473 661 766 33.826965 155.385818 19.112965 -0.184714 -0.122807 -0.090689 28.631748 81.685837 704.278320 -4.187975 84.293602 699.962646 61.451473 79.078072 708.593994
630 480 640 473 653 472 663 477 653 482 641 483 720 471 730 463 742 462 753 467 743 472 731 473 1573 827 -146.245346 167.349030 18.728662 -0.118742 0.237096 -0.130110 26.585453 81.190414 697.116638 -5.413816 85.912155 704.620789 58.584721 76.468674 689.612549
632 483 642 476 654 475 665 480 655 484 643 486 722 474 732 467 744 465 754 470 744 475 733 476 1143 964 -61.359131 194.431351 19.501101 -0.197543 -0.153639 -0.091868 28.600552 83.787277 702.744324 -4.075388 86.300827 697.403442 61.276493 81.273727 708.085144
634 482 644 475 657 474 668 480 657 484 645 485 725 474 734 466 747 465 757 470 747 475 736 476 705 783 25.137884 158.737976 19.144562 -0.182683 -0.128887 -0.086290 30.146458 83.199692 700.314636 -2.660845 85.648544 695.815369 62.953758 80.750832 704.813965
632 481 641 473 654 472 665 478 654 483 643 484 722 472 731 464 744 462 755 468 745 473 733 474 1322 477 -96.653214 98.277199 17.645916 -0.123397 0.240383 -0.124677 27.537659 81.343834 692.787964 -4.458684 85.911736 700.399048 59.534000 76.775932 685.176941
632 481 642 473 655 472 666 478 655 482 643 484 723 472 732 464 745 462 756 467 746 473 734 474 1215 203 -75.500076 44.196091 16.739216 -0.116529 0.287829 -0.127769 27.517439 80.048523 684.308594 -4.056323 84.763435 693.442444 59.091202 75.333618 675.174744
635 480 645 472 658 471 669 478 658 482 646 483 726 472 735 464 748 463 759 468 749 474 737 475 338 290 97.647247 61.446541 17.628311 -0.144976 0.229200 -0.107542 30.140480 81.053741 691.916626 -2.007678 85.121994 699.162659 62.288639 76.985481 684.670593
636 481 646 473 659 472 670 479 659 483 647 484 727 473 737 465 749 464 760 469 750 475 738 476 151 661 134.532272 134.701828 19.075022 -0.159416 0.182193 -0.103360 31.400982 82.542313 699.004333 -1.079551 86.414314 704.712402 63.881516 78.670319 693.296204
638 481 647 474 660 473 671 479 660 483 648 484 728 474 738 466 750 465 760 470 750 475 739 476 122 723 140.251968 146.943756 19.315306 -0.214748 -0.005525 -0.085934 32.569679 83.997383 706.516785 -0.512572 86.805817 706.029907 65.651932 81.188950 707.003601
636 481 646 474 658 473 669 479 658 483 647 485 726 474 735 466 748 464 759 470 749 475 737 476 1017 824 -36.467781 166.804840 19.084898 -0.154607 0.175347 -0.108042 30.937992 83.246613 702.155457 -1.566435 87.242226 707.637878 63.442417 79.250999 696.673035
637 482 647 474 660 473 671 479 660 483 648 485 728 474 737 466 750 465 760 470 750 475 739 476 995 676 -32.109528 137.590057 18.571524 -0.144297 0.214870 -0.108408 31.822180 82.915703 698.190735 -0.427290 86.979706 704.974182 64.071648 78.851700 691.407288
643 481 653 474 666 473 676 479 666 483 654 484 734 474 743 466 756 465 766 471 756 476 745 476 730 789 20.201265 159.920288 19.149464 -0.175930 -0.151215 -0.069083 36.359146 82.682732 698.586609 3.610963 84.514763 693.413635 69.107330 80.850700 703.759583
642 480 652 472 665 471 676 478 665 482 653 483 733 473 743 465 755 464 766 470 756 475 744 476 521 217 61.522697 47.019798 17.247160 -0.133003 0.270564 -0.098768 35.174721 81.193825 690.368347 3.335727 85.011116 698.986145 67.013718 77.376534 681.750549
568 322 580 314 596 312 609 318 596 324 582 325 675 311 685 301 699 299 711 305 700 311 687 313 256 916 113.775879 185.032318 19.915272 -0.080706 -0.274900 -0.133073 -7.497122 -27.081989 590.952026 -39.166122 -23.101748 581.798279 24.171879 -31.062231 600.105835
561 321 574 311 590 310 604 317 590 323 576 325 672 309 683 298 698 296 710 302 699 309 685 311 1125 226 -57.732635 48.744301 16.880650 -0.042143 -0.285539 -0.131839 -9.311621 -27.015736 566.395386 -40.887955 -22.909271 556.980957 22.264713 -31.122200 575.809814
562 321 574 312 590 310 604 318 591 323 576 325 673 310 684 299 699 297 711 303 700 310 686 312 1427 353 -117.372345 73.789284 17.134333 -0.049515 -0.265227 -0.131831 -8.958994 -26.777651 567.726562 -40.718281 -22.682129 558.943909 22.800291 -30.873171 576.509155
572 324 584 316 599 315 612 321 599 326 585 327 679 314 689 305 703 303 715 308 704 314 691 316 43 1005 155.822098 202.620209 20.373291 -0.184647 -0.110709 -0.121139 -5.639122 -25.744007 597.897949 -38.399082 -22.100060 593.889648 27.120838 -29.387953 601.906189
570 324 582 315 598 313 611 320 598 326 584 327 679 313 690 303 705 301 717 307 706 313 692 315 513 646 63.060051 131.709396 18.782616 -0.073077 -0.158497 -0.117610 -5.432810 -25.868164 585.998657 -37.993286 -22.183308 580.632385 27.127665 -29.553020 591.364929
566 323 579 314 594 312 608 319 595 325 580 327 677 312 687 301 702 299 714 305 703 312 690 314 1643 503 -160.034378 103.382126 17.526810 -0.085476 -0.216921 -0.132608 -6.953515 -26.068773 576.241455 -39.091572 -22.024137 568.937622 25.184542 -30.113409 583.545288
572 324 584 316 599 314 612 321 599 326 585 328 678 314 689 304 703 302 715 308 704 314 691 316 254 866 114.175682 175.161987 19.738249 -0.072109 -0.272269 -0.121464 -5.241813 -25.324404 587.739929 -36.982471 -21.677568 578.696106 26.498848 -28.971239 596.783752
571 322 583 313 599 311 612 318 599 324 585 325 678 311 689 301 703 299 715 305 704 311 691 313 1003 449 -33.666740 92.777283 17.756571 -0.078975 -0.277260 -0.129476 -5.316154 -26.796890 581.980835 -36.979259 -22.929409 572.758606 26.346952 -30.664371 591.203125
567 320 579 311 596 309 609 317 596 323 581 325 678 309 688 298 703 296 715 302 704 309 691 311 1487 38 -129.187851 11.599934 15.971180 -0.049251 -0.299011 -0.132906 -6.053360 -27.042513 563.701050 -37.496685 -22.951767 553.844971 25.389967 -31.133257 573.557190
568 325 581 316 596 314 610 321 597 326 582 328 678 313 688 303 703 301 715 306 703 313 690 315 979 908 -28.973278 183.390564 19.409590 -0.059524 -0.261238 -0.132470 -6.152422 -25.387865 578.718323 -37.943428 -21.310690 570.042603 25.638586 -29.465040 587.394043
571 325 583 316 598 315 611 321 598 326 585 328 677 314 688 305 701 302 713 308 702 314 690 315 378 1008 89.679016 203.183502 20.162907 -0.170612 -0.121750 -0.127416 -6.383678 -25.974613 603.492126 -39.075436 -22.129213 599.130737 26.308079 -29.820011 607.853455
568 325 580 316 595 315 609 321 596 327 582 328 677 313 687 303 701 301 713 306 702 313 689 314 943 903 -21.864904 182.406616 19.415514 -0.245490 -0.073776 -0.139378 -7.241246 -26.081188 594.315979 -40.036091 -21.817104 591.336792 25.553598 -30.345272 597.295105
570 328 582 319 597 318 611 324 598 329 584 331 676 315 687 305 700 303 712 309 702 315 689 316 820 931 2.417603 187.944733 19.596560 -0.122079 -0.215921 -0.149557 -6.611983 -24.416889 593.742371 -38.679394 -19.954599 586.371582 25.455429 -28.879181 601.113220
569 323 581 313 597 312 610 319 597 324 583 326 676 310 686 299 701 297 713 303 702 310 689 312 552 77 55.415787 19.379713 16.727345 -0.058461 -0.348808 -0.146959 -6.340291 -26.541405 571.177856 -37.195503 -22.114508 559.735962 24.514923 -30.968304 582.619812
569 325 582 315 597 313 611 320 598 326 583 328 677 312 687 302 702 299 714 305 703 312 689 314 841 432 -1.679603 89.435310 17.802847 -0.070042 -0.317382 -0.143874 -5.939611 -25.530403 575.387756 -37.149509 -21.218260 564.904114 25.270288 -29.842546 585.871399
573 324 586 315 601 313 615 320 602 326 587 327 680 312 691 302 705 300 717 306 706 313 693 314 19 481 160.612198 99.179420 18.520103 -0.056854 -0.320125 -0.131931 -3.822951 -25.509283 577.488770 -35.057709 -21.516972 566.952637 27.411806 -29.501596 588.024963
572 328 584 319 600 317 613 323 600 329 586 331 679 315 689 306 703 304 715 309 704 316 691 317 1094 1033 -51.691299 208.056885 19.779551 -0.091156 -0.296316 -0.142545 -4.797436 -23.978592 585.377930 -36.224510 -19.780842 575.515015 26.629639 -28.176342 595.240845
573 328 586 319 601 318 615 324 602 330 587 332 680 316 691 306 705 304 717 310 706 316 693 318 930 921 -19.299940 185.961121 19.488297 -0.080151 -0.310519 -0.141142 -3.971689 -23.556250 581.605103 -35.264603 -19.373959 571.318115 27.321224 -27.738541 591.892029
570 324 583 314 599 313 613 320 599 326 585 328 678 312 689 301 704 299 716 305 705 312 691 314 1233 177 -79.051460 39.061874 16.634600 -0.062072 -0.362301 -0.142213 -4.784576 -25.446093 566.693359 -35.506741 -21.213797 554.827637 25.937588 -29.678391 578.559143
