522 232 539 220 564 220 585 232 565 240 542 240 700 225 720 210 746 207 768 216 747 228 723 230 1354 654 -124.018639 135.156387 20.080824 0.044228 0.047498 -0.064842 -0.491616 -50.333923 381.416748 -33.589241 -48.218712 383.039276 32.606010 -52.449135 379.794220
622 225 644 214 670 215 690 230 667 235 644 235 801 225 819 210 842 207 858 217 840 228 819 230 31 476 139.136826 99.498566 18.266106 0.095974 -0.260410 -0.044553 35.856014 -50.674675 379.221710 3.802410 -48.802490 370.758789 67.909615 -52.546860 387.684631
535 235 553 225 577 225 598 237 578 243 555 243 714 232 734 218 760 216 781 224 760 235 736 236 1260 777 -105.295799 159.471146 22.668293 0.050657 0.050618 -0.044779 4.305553 -48.355103 381.205566 -28.823477 -46.912548 382.921936 37.434586 -49.797661 379.489166
616 207 637 196 663 197 684 212 661 217 637 217 796 209 815 194 839 192 855 203 837 213 816 214 227 201 100.094238 45.131741 12.499848 0.109886 -0.272615 -0.035070 33.643635 -55.801517 373.285278 1.683988 -54.160217 364.428253 65.603287 -57.442814 382.142273
536 211 554 198 580 198 600 211 580 219 557 220 714 205 734 189 760 187 781 198 760 209 736 211 1426 102 -138.445496 25.923672 8.931499 0.063793 0.146779 -0.044969 4.323219 -56.851856 379.004242 -28.491236 -55.520634 383.903107 37.137672 -58.183075 374.105347
539 224 557 212 582 212 603 225 583 232 560 233 717 219 737 204 763 201 784 211 763 223 739 224 1269 490 -107.140091 102.668877 16.909060 0.061079 0.050275 -0.049924 5.662108 -52.803535 383.241699 -27.459421 -51.199165 384.959229 38.783638 -54.407906 381.524200
664 268 680 258 700 258 717 269 699 274 681 275 806 266 821 254 840 254 855 263 840 270 822 271 300 578 85.642891 119.773933 19.952925 0.053172 -0.130286 -0.036191 53.834805 -46.015972 488.539886 20.933018 -44.703663 484.260895 86.736588 -47.328281 492.818909
627 272 641 261 661 260 677 270 661 276 643 278 766 264 781 252 801 250 818 259 802 267 783 268 951 532 -43.871387 110.879257 18.170725 0.017529 0.046673 -0.063578 35.948242 -46.700691 495.403076 2.846647 -44.605476 496.969635 69.049835 -48.795906 493.836487
666 267 682 257 702 256 719 267 702 272 683 273 808 263 823 251 841 250 856 259 841 267 824 267 133 437 118.838295 91.812294 17.350203 0.044721 -0.157398 -0.048951 54.660263 -47.165123 488.415375 21.905449 -45.431026 483.250641 87.415077 -48.899220 493.580139
612 265 625 253 644 252 660 262 645 269 628 271 747 254 762 241 783 239 800 248 784 257 765 258 1402 188 -133.654953 42.937691 10.685437 0.002310 0.204129 -0.074146 27.836649 -51.026745 497.212891 -4.588167 -48.591862 503.940613 60.261467 -53.461628 490.485168
666 268 683 258 702 258 719 268 702 273 683 274 808 264 823 253 842 252 856 261 841 268 824 268 75 876 130.458862 178.683731 26.218126 0.047758 -0.118816 -0.045427 55.285946 -47.220814 494.174133 22.349360 -45.622997 490.276947 88.222527 -48.818626 498.071320
623 262 637 251 656 249 673 259 657 266 639 268 761 251 776 239 796 238 813 247 797 255 778 256 1035 168 -60.650146 38.860764 10.770329 0.000904 0.096384 -0.071897 33.947803 -52.285027 498.969757 0.982758 -49.904900 502.163574 66.912849 -54.665150 495.775970
611 271 625 260 645 259 661 268 645 275 627 276 748 262 763 250 782 249 797 257 782 265 765 266 563 624 33.332047 128.963425 20.526251 0.037100 -0.066451 -0.072713 28.494841 -48.304558 503.496429 -4.549030 -45.853703 501.338776 61.538712 -50.755413 505.654114
615 271 629 261 649 260 664 269 648 275 631 277 752 263 767 252 785 251 801 260 786 267 768 268 312 851 83.306961 173.811996 25.404026 0.043088 -0.044450 -0.062334 30.442863 -48.020439 507.197784 -2.664700 -45.921543 505.768280 63.550426 -50.119331 508.627289
602 271 616 261 635 260 651 269 635 275 618 277 739 262 753 251 772 250 789 258 773 266 755 267 927 634 -39.077831 131.060104 20.245073 0.008621 0.053834 -0.065164 23.904623 -48.307705 507.201233 -9.181646 -46.154263 508.995941 56.990894 -50.461147 505.406494
606 270 621 260 640 259 655 268 640 274 622 276 743 262 758 250 777 249 793 258 778 265 760 266 831 457 -20.013462 95.995987 16.827524 0.004345 0.024947 -0.065127 26.178265 -48.642853 506.364990 -6.945829 -46.483871 507.197357 59.302357 -50.801834 505.532623
609 270 623 259 642 258 658 267 642 274 625 275 746 262 761 251 780 249 796 258 780 266 763 266 770 464 -7.877211 97.361809 17.048382 0.010804 0.004487 -0.058009 27.422470 -48.532448 505.399628 -5.726157 -46.608200 505.558929 60.571098 -50.456696 505.240326
640 273 655 264 675 263 690 272 674 278 656 279 778 268 792 257 810 256 824 265 810 272 793 272 251 723 95.417862 148.457611 22.921436 0.033688 -0.162766 -0.053959 42.529320 -46.059391 504.343781 9.811451 -44.185982 498.996735 75.247192 -47.932800 509.690857
615 266 629 255 649 254 665 264 648 270 631 272 752 259 767 247 786 246 802 256 786 263 769 264 903 190 -34.386806 43.172588 11.385476 0.027135 -0.037769 -0.053293 30.310581 -49.821659 503.152039 -2.823424 -48.036545 501.922943 63.444588 -51.606773 504.381104
606 268 620 257 639 256 655 266 639 272 622 273 742 260 757 248 776 247 792 256 777 263 759 264 1287 297 -110.757141 64.474686 13.020323 0.001538 0.039492 -0.060166 25.629742 -49.221848 504.310425 -7.489116 -47.226791 505.622162 58.748600 -51.216904 502.998718
605 268 619 257 638 256 654 266 638 272 621 274 741 260 755 248 775 246 791 255 775 263 758 264 1418 300 -136.816849 65.110725 12.907136 0.004422 0.044046 -0.064818 25.151829 -49.387218 505.672577 -7.951074 -47.240402 507.138367 58.254734 -51.534035 504.206757
636 260 651 249 671 248 686 259 670 265 652 266 774 255 788 243 807 243 822 252 807 259 790 260 315 69 82.563309 19.033705 9.740087 0.044398 -0.169376 -0.049641 40.348682 -51.596043 498.360748 7.659647 -49.832314 492.804138 73.037720 -53.359776 503.917328
632 262 648 251 667 251 683 261 667 267 649 268 771 257 785 245 804 245 819 254 804 261 787 262 422 329 61.326260 70.529350 14.805206 0.038607 -0.139029 -0.050840 38.989094 -50.947147 501.347809 6.147391 -49.176659 496.781921 71.830795 -52.717636 505.913727
615 273 630 263 649 262 665 271 649 277 632 278 753 266 767 254 786 253 802 262 787 269 769 270 780 748 -9.813214 153.576416 22.722408 0.016312 -0.025282 -0.060627 30.880993 -47.160267 507.834229 -2.252211 -45.141838 507.011810 64.014198 -49.178696 508.656647
630 269 645 259 664 259 680 268 664 274 646 275 768 265 782 254 801 253 816 262 801 269 784 269 266 835 92.454887 170.630310 25.144457 0.039100 -0.085647 -0.042422 37.913071 -47.969112 507.293854 4.859786 -46.507446 504.482544 70.966354 -49.430775 510.105194
594 265 607 253 626 252 641 261 626 268 609 270 727 255 742 242 761 241 778 250 762 258 744 259 1360 183 -125.300682 41.934505 10.640860 -0.021978 0.166665 -0.064664 19.028980 -51.959194 508.004364 -13.646679 -49.762985 513.484985 51.704639 -54.155403 502.523682
578 326 590 316 606 314 620 322 606 328 592 330 695 315 708 304 725 303 739 310 726 317 710 318 1062 477 -65.963326 100.029053 16.922508 -0.109516 0.078459 -0.090973 7.236088 -26.401424 584.821899 -25.729647 -23.251612 587.250610 40.201824 -29.551235 582.393188
624 325 638 317 655 317 669 326 654 330 638 330 745 325 758 316 773 316 785 324 773 330 758 330 180 802 109.556961 164.070969 24.597361 -0.020703 -0.215885 -0.011968 33.581146 -22.258179 571.802734 1.149443 -21.937822 564.686462 66.012848 -22.578533 578.919067
576 324 588 314 604 313 618 321 605 327 590 329 694 316 707 306 724 304 738 312 725 319 709 320 1299 609 -113.085747 126.231918 19.252419 -0.107693 0.093574 -0.065837 6.403422 -26.292408 582.042725 -26.584501 -23.948313 585.019592 39.391346 -28.636505 579.065857
618 310 631 301 648 300 662 309 647 314 632 315 738 308 750 299 766 299 779 308 766 313 752 313 476 188 50.557381 42.639000 11.910184 -0.062205 -0.102663 -0.023279 30.313135 -31.694578 584.193176 -2.707926 -31.029430 580.768738 63.334194 -32.359726 587.617615
624 310 638 300 655 300 668 309 654 314 638 315 744 307 756 298 772 298 784 307 772 312 758 312 237 104 98.086685 25.936005 10.544145 -0.061961 -0.157157 -0.029597 33.780197 -31.848719 582.963745 0.998941 -31.032034 577.740540 66.561455 -32.665405 588.186951
625 319 639 311 656 311 669 319 655 324 639 324 746 317 758 309 774 308 786 316 774 322 759 322 200 540 105.529099 112.220436 19.324217 -0.023996 -0.156446 -0.024347 34.338028 -26.350004 578.679443 1.548516 -25.607227 573.497192 67.127541 -27.092783 583.861694
615 314 628 304 645 304 659 312 644 318 629 319 735 310 748 301 764 300 776 309 764 314 749 314 499 201 45.984352 45.219479 12.140096 -0.052177 -0.098815 -0.035494 28.777170 -30.238054 583.465759 -4.244826 -29.147696 580.161438 61.799164 -31.328415 586.770142
604 325 617 316 634 315 647 323 633 328 618 329 724 320 737 311 753 311 766 319 753 324 738 324 788 833 -11.388720 170.402832 24.414000 -0.058421 -0.019389 -0.037434 22.624432 -24.636986 584.688293 -10.550888 -23.413872 584.008728 55.799751 -25.860102 585.367859
595 318 607 308 624 307 637 315 624 321 609 322 714 311 727 301 743 300 757 309 744 315 729 315 1039 327 -61.416023 70.332512 13.949099 -0.106281 0.056306 -0.050288 17.117395 -29.185272 583.380676 -15.992931 -27.420977 585.156433 50.227722 -30.949568 581.604980
594 315 606 305 623 304 636 312 622 318 607 320 712 308 725 298 742 297 756 306 742 311 727 312 1098 108 -73.194214 27.005436 9.485471 -0.101642 0.064349 -0.054651 16.282066 -30.871374 584.984070 -16.804585 -28.953548 587.022461 49.368717 -32.789200 582.945679
587 325 600 316 616 314 629 322 616 328 601 329 706 317 718 308 735 307 749 315 736 320 720 321 1250 855 -103.291817 174.906265 24.243511 -0.197827 0.065930 -0.059883 12.755274 -25.815586 586.331543 -20.318352 -23.627047 588.307739 45.828899 -28.004124 584.355408
619 311 633 302 650 301 663 310 649 315 634 316 740 308 752 299 768 298 781 307 768 313 753 312 477 54 50.333282 16.117046 9.225439 -0.062826 -0.087429 -0.028452 31.192835 -31.610611 584.205139 -1.871778 -30.758923 581.278442 64.257446 -32.462303 587.131897
637 310 651 302 667 302 681 310 666 315 651 315 757 309 769 300 784 300 796 308 784 314 770 313 31 162 139.077866 37.349350 11.978086 -0.044944 -0.176372 -0.019708 40.472889 -31.204416 580.138916 7.789519 -30.684900 574.300537 73.156265 -31.723934 585.977356
600 313 613 303 629 302 642 311 629 316 614 317 719 308 731 298 748 298 762 307 748 312 733 312 1078 119 -69.213486 29.176188 9.732204 -0.096522 0.069885 -0.033565 19.798374 -31.278999 585.546509 -13.306777 -30.055483 587.807434 52.903526 -32.502514 583.285645
636 320 650 312 666 312 680 320 665 325 650 325 757 320 769 311 784 311 796 320 784 325 770 324 146 872 116.333847 177.914917 26.044117 -0.054043 -0.121485 -0.012019 40.440216 -25.658541 585.740173 7.482464 -25.369463 581.707458 73.397972 -25.947618 589.772827
610 318 623 308 640 308 653 316 639 321 624 322 729 313 742 304 759 303 772 312 759 317 744 317 841 408 -22.011999 86.300774 15.833046 -0.079514 -0.007528 -0.035843 25.815050 -28.611401 586.871216 -7.367508 -27.432695 586.574280 58.997608 -29.790106 587.168091
624 313 638 304 654 303 668 312 653 317 638 318 744 311 756 302 772 302 785 311 772 316 757 315 401 162 65.472504 37.468697 11.488716 -0.034237 -0.108299 -0.019210 33.739956 -30.215240 585.904724 0.735770 -29.640284 582.305725 66.744141 -30.790195 589.503723
596 317 609 307 625 306 638 314 625 320 610 321 714 309 727 299 743 298 758 307 744 313 729 313 1295 75 -112.390289 20.537374 8.564072 -0.118350 0.093208 -0.053930 17.452772 -30.093153 585.304321 -15.559926 -28.127291 588.280334 50.465469 -32.059017 582.328308
613 321 626 311 642 310 656 319 642 324 627 325 732 315 745 306 761 306 774 314 761 320 746 320 665 883 13.089478 180.259537 25.577959 -0.134889 0.000411 -0.040064 27.523338 -27.457195 591.143372 -5.654868 -26.130350 591.067383 60.701542 -28.784040 591.219299
614 321 627 312 643 311 656 319 642 324 627 325 733 316 745 307 761 307 774 315 761 320 747 320 774 773 -8.614920 158.522675 23.230984 -0.129455 -0.007807 -0.039846 27.811209 -27.408875 592.843018 -5.366274 -26.106602 592.499084 60.988693 -28.711147 593.187012
521 276 537 266 558 265 575 277 557 283 538 283 673 272 689 260 710 258 727 268 710 276 691 277 1175 639 -88.412376 132.129745 20.017191 0.000928 0.103102 -0.036659 -9.137873 -39.297394 449.820221 -42.144089 -38.084160 453.237427 23.868343 -40.510628 446.402985
503 277 520 265 541 265 558 276 540 283 521 284 655 271 671 258 692 257 710 267 693 275 673 276 949 424 -43.493801 89.502449 16.010612 0.033673 0.121631 -0.046817 -16.570627 -39.515987 450.558838 -49.493862 -38.034016 454.611511 16.352606 -40.997963 446.506165
532 273 549 263 571 262 588 274 570 280 550 281 684 270 700 258 721 257 737 267 720 275 702 276 676 291 10.790041 63.090038 13.708290 0.039247 -0.236368 -0.040681 -3.384886 -40.190895 449.485535 -35.639339 -38.700100 441.740387 28.869568 -41.681686 457.230682
571 269 589 259 610 260 627 271 608 277 589 277 721 270 736 259 755 258 770 268 754 275 737 276 133 240 118.801300 52.820591 13.405170 0.036913 -0.353952 -0.025029 12.477155 -40.590553 445.007324 -18.659346 -39.562374 433.517273 43.613655 -41.618736 456.497345
496 289 510 278 530 278 547 288 531 294 512 295 643 282 660 270 681 269 699 278 682 286 662 287 1400 792 -133.143661 162.485214 22.783508 0.024638 0.160960 -0.051391 -21.196451 -35.114681 454.146912 -53.928429 -33.482201 459.486603 11.535527 -36.747162 448.807251
544 280 560 269 581 269 597 282 579 287 561 287 692 279 707 266 727 264 743 275 727 283 709 283 590 579 27.952396 120.065399 19.589392 0.489687 0.018202 -0.034767 -0.396231 -39.170368 473.147430 -33.575985 -38.206833 474.004822 32.783524 -40.133904 472.290039
582 278 600 269 621 270 637 282 619 287 600 286 727 280 742 269 760 268 773 277 759 285 742 286 218 542 101.948669 112.622093 19.340460 0.006828 -0.361307 -0.028262 16.228338 -37.749664 460.157288 -14.819658 -36.791122 448.424316 47.276337 -38.708206 471.890289
571 274 588 264 609 266 625 279 607 284 588 283 718 277 733 264 752 263 766 273 751 282 734 282 224 429 100.733849 90.258232 17.069639 0.040213 -0.342564 -0.023194 11.818771 -38.863216 455.359924 -19.448225 -37.881889 444.225677 43.085770 -39.844547 466.494202
560 285 577 276 598 277 614 289 596 294 577 294 709 288 724 276 744 275 758 284 743 293 725 293 532 821 39.535976 167.945129 24.512283 0.042075 -0.257175 -0.015647 7.495938 -34.580399 460.852448 -24.612989 -33.888103 452.420532 39.604866 -35.272690 469.284363
556 276 572 266 593 267 609 280 591 285 573 285 704 279 719 266 739 265 753 275 737 283 720 284 692 403 7.628139 85.263069 15.929989 0.089094 0.230760 -0.013136 4.099449 -38.440250 462.262726 -28.222942 -38.348114 469.866272 36.421841 -38.532387 454.659149
528 280 544 270 565 270 581 281 564 287 545 287 676 279 692 267 713 266 730 276 713 284 694 284 1183 588 -90.013420 122.038025 18.985308 0.030953 0.132208 -0.023237 -7.165135 -37.753937 461.211182 -40.071262 -37.052620 465.599182 25.740993 -38.455254 456.823181
523 272 539 260 558 260 574 272 557 277 539 278 667 270 683 257 703 256 720 267 703 274 684 274 1404 303 -134.031219 65.699989 12.985729 -0.582924 0.007314 -0.025533 -11.314886 -45.613876 500.779968 -44.508316 -44.744560 500.769135 21.878544 -46.483189 500.790833
564 282 582 272 603 273 619 285 601 290 582 290 713 285 728 274 748 273 762 283 747 291 729 291 483 621 49.246155 128.343842 20.571983 0.036718 -0.276339 -0.007075 9.408681 -35.736912 460.066315 -22.535690 -35.337650 451.013275 41.353050 -36.136173 469.119354
601 293 616 282 636 282 653 292 636 299 618 300 742 287 757 274 777 272 793 281 778 290 759 291 1111 109 -75.780167 27.207558 9.488302 0.029832 0.228154 -0.055492 23.576607 -35.257553 484.302734 -8.717123 -33.544594 491.835358 55.870335 -36.970512 476.770111
627 289 642 280 662 280 677 290 661 295 643 295 767 288 782 278 801 278 815 287 800 293 783 293 557 888 34.575222 181.214340 25.820929 -0.154828 0.006100 -0.010487 36.656448 -37.302937 504.714478 3.454072 -36.940456 504.889313 69.858818 -37.665413 504.539673
621 290 638 279 658 279 674 290 657 296 638 297 764 289 779 277 798 276 813 286 798 293 780 294 1406 482 -134.395477 101.129646 16.567656 -0.067053 -0.044066 -0.024369 34.527782 -36.364105 494.881805 1.365041 -35.604919 493.393219 67.690521 -37.123295 496.370422
624 288 640 278 660 278 676 289 659 294 641 295 765 287 780 276 800 276 815 285 799 292 782 293 852 232 -24.233316 51.469090 12.294003 -0.023672 -0.073135 -0.019002 35.245022 -36.692444 492.790588 2.134956 -36.090889 490.357208 68.355087 -37.294003 495.223938
619 294 635 284 655 284 671 294 654 300 636 300 760 293 776 282 795 282 810 292 794 299 777 299 1224 637 -98.160484 131.749695 19.912331 -0.038344 -0.038536 -0.014323 33.132236 -34.273712 497.031494 -0.044523 -33.822884 495.743469 66.308998 -34.724541 498.319519
620 291 636 281 656 281 672 292 655 298 636 298 761 291 777 280 796 279 811 289 796 296 778 296 1055 417 -64.582054 88.151146 15.730235 -0.011134 -0.030691 -0.012335 33.537704 -35.302948 495.327393 0.351055 -34.899132 494.306213 66.724358 -35.706764 496.348572
621 289 638 279 657 279 673 290 656 295 638 295 762 289 777 277 796 277 811 287 796 294 778 294 823 77 -18.493355 20.780983 9.228400 -0.491511 0.046097 0.003873 34.657993 -37.249969 509.178650 1.487994 -37.004826 510.678864 67.827995 -37.495113 507.678436
627 295 643 285 662 286 678 297 661 301 643 301 767 295 781 284 799 283 815 292 799 298 783 299 390 627 67.748085 129.501404 20.815142 -0.635891 0.042248 -0.003330 37.970173 -35.533615 524.239807 4.794181 -34.999241 525.515625 71.146164 -36.067989 522.964050
631 294 647 286 667 288 683 297 666 301 648 300 772 296 788 286 806 286 821 293 806 299 789 300 80 452 129.384583 94.764114 17.720684 0.260405 0.042619 -0.018037 38.125340 -33.347294 490.096436 4.955875 -32.938538 491.572693 71.294800 -33.756050 488.620209
632 297 648 287 667 287 683 298 666 302 648 302 770 296 785 286 803 285 819 294 803 299 787 300 357 379 74.266319 80.404755 15.892453 -0.624943 0.027841 -0.007980 40.991249 -35.599072 533.922485 7.799914 -35.071468 534.707642 74.182587 -36.126678 533.137268
630 299 646 292 666 293 682 303 665 306 647 306 772 301 787 292 806 291 822 298 806 305 788 305 218 861 102.008575 175.760941 25.728607 0.318862 0.045555 -0.020055 37.015453 -30.333269 479.536133 3.851417 -29.917919 481.127930 70.179489 -30.748617 477.944366
630 299 646 293 666 294 683 304 665 307 647 306 771 302 786 293 805 292 821 298 805 305 787 306 551 724 35.738026 148.752304 22.544676 0.320391 0.042833 -0.019328 36.804844 -30.110632 479.617859 3.636372 -29.705864 481.117310 69.973312 -30.515402 478.118408
628 297 644 290 665 291 681 301 663 305 645 304 769 300 785 290 804 288 820 296 804 303 786 304 906 367 -34.950367 78.206711 14.926028 0.300966 0.048757 -0.022649 36.102894 -31.093945 478.387451 2.945691 -30.595289 480.093597 69.260094 -31.592600 476.681274
629 296 646 287 665 287 681 298 664 301 646 302 768 296 783 285 802 284 817 293 802 298 785 299 980 47 -49.731529 14.893802 8.419982 -0.629266 0.019641 -0.016635 39.862171 -35.759659 532.120972 6.667999 -35.044590 532.562744 73.056343 -36.474724 531.679199
629 298 646 292 666 293 682 303 665 306 646 306 770 301 786 292 805 291 821 298 805 304 787 305 414 657 62.979321 135.446976 21.384165 0.329166 0.039109 -0.019310 36.532764 -30.337040 478.410065 3.359246 -29.919355 479.789490 69.706284 -30.754726 477.030640
617 301 634 294 654 295 671 305 654 309 635 308 760 303 776 293 795 291 812 298 795 305 777 306 1250 688 -103.323181 141.852386 20.899246 0.358968 0.027310 -0.028642 31.112413 -29.052128 469.302429 -2.066679 -28.282616 470.358521 64.291504 -29.821638 468.246338
619 299 636 291 657 293 674 303 656 307 636 306 761 301 778 290 798 289 814 296 797 303 779 305 1266 319 -106.575401 68.822319 13.488660 0.338308 0.029322 -0.025682 32.008244 -29.962702 469.309113 -1.171586 -29.289448 470.406891 65.188080 -30.635958 468.211334
617 299 635 292 656 293 673 303 654 307 635 306 760 301 777 290 797 288 813 296 797 303 778 304 1262 361 -105.771782 77.133980 14.335023 0.347371 0.029774 -0.027695 31.503277 -29.915224 468.480347 -1.674363 -29.184214 469.607056 64.680916 -30.646235 467.353668
619 297 636 290 657 291 674 302 656 305 637 305 762 300 778 289 798 287 815 295 798 302 779 303 1075 137 -68.613304 32.737915 10.096632 0.322866 0.020393 -0.021904 32.109650 -30.585754 469.060760 -1.080423 -29.979488 469.842468 65.299721 -31.192020 468.279022
625 300 642 294 662 295 678 305 661 308 642 307 766 303 782 294 801 292 818 299 801 306 783 306 412 690 63.383385 141.977936 22.047651 0.391305 0.022332 -0.017415 34.369110 -29.228205 472.159851 1.177442 -28.807890 472.994202 67.560776 -29.648520 471.325500
597 164 616 155 639 156 656 168 636 173 616 173 756 165 772 153 792 151 807 160 791 169 773 170 26 190 140.077789 42.889706 12.545414 0.088698 -0.342830 -0.057779 24.187763 -79.023506 415.397919 -7.031743 -76.646393 404.341187 55.407269 -81.400620 426.454651
533 209 553 199 576 199 596 211 575 215 554 216 699 204 717 191 739 189 758 197 739 206 719 207 599 848 26.212509 173.310791 24.964357 0.449773 0.021855 -0.064888 0.687717 -64.831863 426.093567 -32.440598 -62.911240 427.270752 33.816029 -66.752487 424.916412
586 194 606 182 629 182 647 197 627 203 605 203 751 194 768 179 789 177 802 189 786 199 768 200 75 486 130.385635 101.492035 18.408165 0.105455 -0.372011 -0.057195 21.332584 -67.080536 411.936127 -9.550068 -64.586304 399.994598 52.215237 -69.574776 423.877655
550 188 569 177 593 177 612 190 592 196 570 196 721 185 739 170 761 169 778 178 761 188 740 190 524 105 40.992989 26.226507 10.184578 0.117704 -0.263045 -0.063252 8.498358 -67.483459 395.997192 -23.500057 -64.903198 387.511688 40.496773 -70.063721 404.482666
584 207 604 196 628 197 647 211 626 216 605 216 751 206 768 192 789 190 804 199 787 210 768 211 121 710 121.276756 145.842621 22.833046 0.112494 -0.327144 -0.055114 20.650124 -60.912445 402.519745 -10.746030 -58.514805 391.979706 52.046276 -63.310085 413.059784
565 195 585 184 610 185 629 198 608 203 586 204 738 193 755 179 778 177 795 187 777 197 756 198 295 129 86.553246 30.902899 10.968071 -0.006111 -0.113119 -0.044941 14.480583 -65.469070 404.675323 -18.478558 -63.991978 400.923950 47.439724 -66.946167 408.426697
574 202 595 192 620 193 639 206 618 211 595 211 746 201 764 186 786 185 802 194 784 204 764 205 170 473 111.484520 98.949615 18.022184 0.127589 -0.339055 -0.059912 17.774361 -60.697605 389.005005 -13.484284 -58.042442 378.123505 49.033005 -63.352764 399.886505
555 196 576 184 600 184 620 197 599 201 577 202 727 191 745 177 767 175 785 186 767 194 746 195 404 206 64.883965 46.178471 12.365872 -0.410766 -0.007030 -0.049419 11.053124 -71.025681 431.357300 -22.110907 -69.478409 430.798218 44.217155 -72.572945 431.916382
