548 341 567 326 591 323 612 334 591 343 569 346 720 328 740 315 765 314 786 327 765 335 742 335 1273 1 -102.481674 -8.316779 49.794533 0.114720 0.015323 -0.056848 11.544896 -14.037608 405.076416 -21.602446 -12.184360 405.691925 44.692238 -15.890856 404.460907
613 337 634 325 660 324 680 336 658 343 634 344 789 339 808 328 831 330 849 344 830 349 809 347 56 352 139.428757 61.592628 58.957382 0.014187 -0.029467 0.006642 38.413960 -11.929655 411.692932 5.224295 -12.143234 410.713104 71.603630 -11.716075 412.672760
568 350 587 337 611 335 631 343 611 351 588 354 742 338 761 329 784 329 803 340 784 346 762 345 1279 478 -103.941055 85.865402 61.360600 0.165944 0.056840 -0.058895 19.331926 -10.250841 407.789520 -13.761978 -8.462552 409.827942 52.425831 -12.039131 405.751129
580 341 599 329 623 327 643 335 623 343 600 346 757 331 776 321 798 322 817 333 798 339 777 338 373 451 76.310661 80.983330 61.189342 -0.299539 -0.000685 -0.040990 25.228924 -14.119162 419.814331 -7.948198 -12.782105 419.589661 58.406044 -15.456218 420.039032
583 343 603 331 626 328 646 336 626 344 604 346 757 332 776 323 798 324 817 335 798 340 777 339 95 398 131.644592 70.656136 60.052258 -0.302608 0.008034 -0.035121 26.164143 -13.522961 424.030609 -7.019287 -12.334701 424.118195 59.347572 -14.711222 423.943024
588 337 608 323 632 321 653 330 632 339 609 341 763 328 782 317 805 319 824 331 805 337 783 335 31 120 144.531433 15.795891 53.343746 0.189377 0.076114 -0.042330 27.471304 -14.581700 408.460297 -5.608033 -13.424743 411.101990 60.550640 -15.738658 405.818604
583 350 602 338 625 336 646 343 625 351 603 354 756 339 775 331 797 332 816 342 797 347 776 346 575 627 36.027382 115.634941 65.350266 -0.341007 0.002712 -0.036583 25.862230 -10.538904 425.373627 -7.320460 -9.332639 425.256836 59.044918 -11.745170 425.490417
567 354 585 342 607 339 627 345 608 353 587 356 736 340 755 332 776 333 795 342 777 347 756 346 1299 892 -108.150444 167.601089 71.391174 -0.307353 0.010145 -0.053810 18.465700 -10.055651 430.264404 -14.689735 -8.246431 430.323486 51.621136 -11.864869 430.205353
598 345 618 333 642 331 662 339 641 347 619 349 773 339 792 330 814 332 833 343 814 348 793 346 245 519 101.736671 94.473610 62.906952 -0.342275 -0.011352 -0.012512 32.270813 -11.346740 421.906219 -0.929306 -11.003232 421.466217 65.470932 -11.690248 422.346252
584 350 604 337 627 335 648 343 627 351 605 354 758 339 777 330 799 331 818 342 799 347 778 346 574 497 36.298748 89.966530 62.197746 -0.341230 0.001308 -0.037376 26.615322 -10.751469 423.728455 -6.566497 -9.527308 423.561340 59.797142 -11.975629 423.895538
568 345 587 330 612 327 632 337 612 346 589 349 741 331 759 319 783 320 803 332 783 338 761 338 1359 51 -119.618088 1.513243 50.961338 0.152061 0.053703 -0.073619 19.513786 -12.830797 410.784729 -13.553526 -10.534307 412.743958 52.581100 -15.127287 408.825500
575 339 595 326 619 324 638 334 618 343 596 346 752 329 770 318 793 318 812 330 794 337 772 337 730 103 5.484138 12.092645 52.558308 0.217116 0.077057 -0.063074 22.426729 -13.740663 404.467926 -10.614234 -11.942591 407.228577 55.467693 -15.538733 401.707245
572 349 591 336 615 332 635 341 615 350 593 353 746 335 764 324 787 325 807 336 788 342 766 341 882 385 -24.911360 67.699081 59.316868 -0.273784 -0.018404 -0.067116 21.658644 -12.031910 421.780884 -11.466292 -9.915953 420.874847 54.783581 -14.147866 422.686951
577 348 596 335 619 332 639 340 619 348 597 351 749 334 768 325 791 326 810 337 791 342 770 341 274 363 96.054420 63.656536 59.107815 -0.336383 0.028207 -0.044340 23.324692 -12.329310 426.536682 -9.834711 -10.729261 427.210022 56.484097 -13.929360 425.863312
570 344 589 330 613 326 634 335 613 345 591 348 742 329 761 318 784 318 804 330 785 336 763 336 1294 74 -106.700012 6.086891 51.553883 0.172124 0.065084 -0.079620 20.146366 -13.482275 411.648651 -12.883460 -11.041567 414.022034 53.176193 -15.922983 409.275238
581 351 600 339 622 336 642 342 622 351 601 354 751 337 770 329 791 330 810 340 792 345 771 344 199 807 110.727303 151.362915 69.916725 -0.392662 0.029707 -0.045856 24.496340 -11.136622 431.295074 -8.659557 -9.462415 431.960785 57.652237 -12.810831 430.629333
565 348 583 334 606 331 626 339 607 348 585 352 736 331 754 321 777 321 797 332 778 338 757 338 1258 282 -99.654182 47.174995 56.617977 -0.266745 -0.011027 -0.078283 18.116791 -13.078026 423.311951 -14.984926 -10.560562 422.606079 51.218510 -15.595490 424.017853
568 351 586 339 608 335 628 342 609 351 588 354 738 335 757 326 779 327 798 337 779 342 758 342 996 402 -47.599617 70.999268 59.668339 -0.335131 0.011707 -0.066573 19.160120 -11.636286 429.483337 -13.969572 -9.404046 429.497742 52.289814 -13.868526 429.468964
583 350 602 338 624 335 644 342 624 350 603 353 753 337 771 329 793 330 812 340 793 345 772 344 21 640 146.231079 118.476494 65.961281 -0.356023 0.032357 -0.039384 25.212742 -11.180459 431.166748 -7.949401 -9.711531 431.987823 58.374882 -12.649387 430.345642
580 352 599 341 621 338 640 344 621 352 600 356 749 338 768 330 789 331 808 341 790 346 769 345 664 814 18.217829 152.514557 69.838295 -0.387977 0.018705 -0.050179 23.967270 -10.613450 432.708466 -9.190536 -8.870583 432.994690 57.125076 -12.356318 432.422241
533 301 553 289 576 286 597 295 576 302 554 305 714 291 734 282 757 283 777 294 757 299 735 298 522 809 46.469627 151.597702 69.792824 -0.357809 0.004050 -0.029158 7.253081 -28.610476 402.814880 -25.937498 -27.639153 402.775146 40.443661 -29.581800 402.854645
532 306 554 293 580 291 602 300 579 308 555 310 724 297 746 288 771 289 793 301 771 306 747 304 624 719 26.228226 133.776337 67.555496 -0.349832 0.008261 -0.020259 9.641735 -24.877712 379.758667 -23.555212 -24.171204 379.910950 42.838680 -25.584221 379.606415
495 288 515 275 539 271 560 279 539 287 517 291 683 271 704 262 730 262 752 273 730 278 706 277 1254 688 -99.084633 127.342964 66.467331 -0.370159 0.037054 -0.052679 -5.069596 -33.347214 381.228943 -38.206345 -31.413822 382.110626 28.067154 -35.280605 380.347260
547 259 569 243 597 241 619 253 596 262 570 265 739 254 760 243 787 245 808 260 786 266 762 263 444 184 62.334911 28.228140 54.675564 -0.296633 -0.028506 -0.003318 15.419185 -41.344471 382.847168 -17.772055 -41.375267 381.898346 48.610424 -41.313671 383.795990
545 273 567 260 593 258 615 267 592 276 568 278 738 266 759 257 784 258 805 271 784 276 760 274 556 386 39.941456 68.058151 59.515133 -0.330425 -0.015277 -0.013688 14.479678 -36.593575 382.610046 -18.718212 -36.230381 382.037567 47.677570 -36.956772 383.182495
533 297 556 281 585 279 609 293 584 302 557 304 732 290 754 275 783 275 806 290 783 299 756 298 575 36 36.356659 -1.059873 51.016014 0.167392 0.012562 -0.032059 11.383335 -25.623728 352.505554 -21.801842 -24.599213 353.009552 44.568512 -26.648243 352.001587
591 301 614 292 640 291 662 301 639 307 614 307 785 308 806 301 829 303 847 315 827 318 805 316 140 867 122.431145 163.239365 71.403473 -0.270144 -0.052006 0.042371 31.081287 -22.990591 380.550049 -2.049296 -24.611176 379.034210 64.211868 -21.370005 382.065887
569 294 592 281 619 281 641 292 617 300 592 301 766 293 787 282 811 283 831 295 811 302 788 301 410 412 68.971733 73.264320 60.223679 0.219300 0.038624 -0.008313 22.927059 -26.191492 364.422974 -10.251946 -26.057779 365.725006 56.106064 -26.325203 363.120911
551 291 573 277 601 276 623 289 599 298 574 299 747 288 768 274 794 274 815 288 794 297 770 296 776 147 -3.691466 20.757778 53.600941 0.229861 0.043790 -0.025478 16.472202 -27.490417 361.729340 -16.690195 -26.818552 363.266754 49.634598 -28.162283 360.191925
545 307 567 295 593 293 615 302 593 309 568 311 736 302 757 293 782 295 802 306 781 310 758 308 958 840 -40.284054 157.502594 70.311974 -0.342200 -0.021518 -0.011246 14.179335 -24.098772 384.640656 -19.015787 -23.853676 383.876801 47.374454 -24.343868 385.404480
545 301 568 288 594 286 617 297 593 305 568 307 737 296 758 286 783 287 804 300 783 306 759 304 390 379 72.968849 66.758278 59.433964 -0.203602 -0.011354 -0.009094 14.559229 -26.316605 385.139465 -18.642084 -26.054977 384.734436 47.760540 -26.578230 385.544464
544 305 565 293 590 291 612 300 590 307 566 309 734 298 754 289 779 290 799 301 778 306 755 305 466 588 57.733215 107.988312 64.462532 -0.301222 -0.002101 -0.017308 13.309143 -25.630774 388.093292 -19.890661 -25.075167 387.938690 46.508949 -26.186382 388.247894
532 301 554 288 580 285 603 296 580 305 555 307 723 293 744 281 769 282 790 294 769 301 745 300 1213 209 -90.661354 32.783226 54.871441 0.211846 0.050561 -0.044303 9.191925 -25.732040 370.469910 -23.938168 -24.450142 372.290161 42.322018 -27.013941 368.649658
535 297 557 281 585 279 607 292 584 301 558 303 725 290 747 277 774 278 795 292 773 299 748 298 667 48 18.047794 1.263955 51.257954 0.213422 0.042103 -0.030113 10.427615 -26.917189 369.796387 -22.732891 -26.073898 371.289459 43.588123 -27.760479 368.303314
539 296 561 282 588 280 610 292 587 300 562 303 730 290 751 278 777 279 798 292 776 299 752 298 243 81 102.378578 7.990114 52.284668 0.214633 0.037228 -0.027014 11.669179 -26.964024 370.550781 -21.500648 -26.206337 371.872894 44.839008 -27.721710 369.228638
540 294 562 282 588 281 609 293 586 301 562 302 733 290 752 278 777 277 797 289 777 298 754 298 35 258 143.658798 43.042442 56.688694 0.236216 0.012873 -0.027216 11.853315 -27.097349 369.610413 -21.336519 -26.252411 370.140076 45.043152 -27.942287 369.080780
540 303 561 290 586 288 608 297 586 305 562 307 729 295 749 285 774 286 794 298 773 303 750 302 139 521 122.822853 94.921066 63.012043 -0.309060 -0.001453 -0.022169 11.679708 -26.669275 389.226929 -21.516977 -25.952284 389.066620 44.876392 -27.386265 389.387238
535 301 557 288 582 285 604 295 582 303 558 306 725 292 746 282 771 283 792 295 771 300 747 299 367 289 77.594536 48.998898 57.263359 -0.270789 -0.006638 -0.026952 10.307321 -27.472908 387.028534 -22.884779 -26.618643 386.690369 43.499420 -28.327173 387.366669
531 299 553 284 580 281 602 293 579 302 554 305 720 290 741 278 767 278 789 293 767 299 743 298 691 113 13.237099 14.086512 52.821671 0.237297 0.049126 -0.038087 8.597598 -26.757385 373.248016 -24.543383 -25.697926 375.012238 41.738579 -27.816845 371.483765
539 306 560 294 584 291 606 299 584 307 561 310 724 296 745 288 768 289 789 300 768 305 745 303 590 809 32.941933 151.563980 69.756523 -0.370527 -0.010835 -0.027970 10.638290 -26.141083 395.062103 -22.551756 -25.299467 394.540497 43.828339 -26.982697 395.583740
565 424 581 412 601 409 619 418 602 425 583 427 712 412 729 401 751 401 769 410 751 416 731 417 1190 570 -86.286942 104.075218 63.639496 0.126860 -0.001330 -0.059704 13.293901 21.001425 470.404785 -19.851799 22.980183 470.486298 46.439602 19.022667 470.323242
593 385 610 374 631 373 649 382 631 388 611 390 740 380 755 371 775 371 791 381 775 386 757 386 27 506 145.112122 92.014793 62.708012 -0.301499 -0.052713 -0.030172 27.113493 5.956069 498.218170 -6.030554 6.680430 496.345459 60.257542 5.231709 500.090881
509 356 525 342 546 339 564 348 547 357 527 360 661 337 678 325 700 323 720 333 702 341 681 342 1093 29 -66.688660 -2.698852 50.569733 0.164224 -0.036808 -0.098686 -9.888318 -10.902646 453.038025 -42.909531 -7.546490 452.091766 23.132895 -14.258803 453.984253
567 300 590 288 617 287 640 296 616 303 591 305 766 295 789 285 815 286 837 298 814 303 789 301 570 777 36.938496 145.255402 68.991066 -0.317552 0.030277 -0.003684 23.065779 -25.528894 367.684021 -10.123720 -25.250372 368.653137 56.255280 -25.807417 366.714905
589 290 612 279 639 278 662 287 638 294 613 295 789 289 811 281 836 283 857 294 835 299 811 297 429 788 64.982445 147.497284 69.333122 -0.310076 0.022758 0.021608 30.768585 -28.046289 368.489166 -2.420011 -28.635994 369.342987 63.957180 -27.456587 367.635345
546 279 567 267 593 264 615 273 593 282 569 284 741 268 763 258 789 258 811 269 789 276 764 275 886 498 -25.770065 90.009300 62.055458 -0.313943 0.041724 -0.031689 14.791331 -34.628113 373.258270 -18.368290 -33.377914 374.456665 47.950951 -35.878311 372.059875
532 271 552 258 577 257 598 267 576 275 553 277 725 263 746 251 771 251 793 262 772 269 748 269 1363 381 -120.597694 66.670799 58.963100 0.258271 0.041761 -0.045084 8.809363 -35.707172 362.174835 -24.333117 -34.405708 363.737457 41.951843 -37.008640 360.612213
528 267 548 253 573 250 594 260 573 270 549 273 718 252 738 240 764 240 787 252 765 260 741 260 393 117 72.518013 15.024063 53.077755 -0.228593 0.050735 -0.051312 7.177398 -41.225632 384.530579 -25.941380 -39.346451 386.005341 40.296177 -43.104813 383.055817
533 272 552 260 575 258 595 264 575 273 553 276 715 259 736 250 759 251 780 260 759 266 737 265 820 888 -12.857529 167.048752 71.549835 -0.328312 0.026663 -0.045131 7.297957 -39.838749 395.228790 -25.861656 -38.223648 395.854187 40.457569 -41.453854 394.603394
543 271 563 260 587 258 607 266 586 274 564 276 725 263 745 254 768 255 789 265 768 271 746 270 629 847 25.162228 159.047867 70.657372 -0.305112 0.009913 -0.030258 11.271587 -39.297199 398.608643 -21.916525 -38.258335 398.780579 44.459702 -40.336063 398.436707
540 258 561 244 587 241 608 252 586 262 562 264 730 247 751 234 777 235 799 248 778 255 753 255 79 41 135.026489 0.173294 51.402039 0.303875 -0.002381 -0.039270 11.660618 -41.393055 369.193787 -21.518700 -40.097500 369.312531 44.839935 -42.688606 369.075043
574 256 596 242 622 241 644 251 621 260 596 262 765 251 786 240 811 242 832 255 811 262 787 260 609 143 29.533195 20.050758 53.593067 -0.305286 0.019421 0.003554 24.818874 -42.982189 387.000610 -8.379517 -43.000702 387.653351 58.017265 -42.963680 386.347870
567 264 588 252 613 249 635 257 613 264 589 267 753 256 774 248 798 250 819 262 798 266 775 264 958 728 -40.221653 135.387833 67.595497 -0.398002 0.020671 -0.001050 21.384344 -41.164375 392.868805 -11.813451 -40.995628 393.530304 54.582138 -41.333118 392.207336
560 258 581 245 606 242 628 250 606 259 582 262 748 249 769 240 794 242 815 254 793 259 770 257 1250 293 -98.068817 49.350945 56.889046 -0.347887 0.010050 -0.013419 19.041176 -43.309170 389.387695 -14.159018 -42.815083 389.638000 52.241371 -43.803257 389.137421
558 257 579 243 604 241 626 250 604 258 580 261 745 248 766 238 791 240 811 252 790 257 767 255 1311 124 -110.109795 15.951120 52.757519 -0.329649 0.008275 -0.018591 18.174290 -43.882366 390.862366 -15.023711 -43.231346 391.031311 51.372288 -44.533390 390.693390
560 259 580 247 605 244 626 251 604 260 581 263 746 249 767 241 791 243 811 254 791 259 768 257 1041 425 -56.564583 75.518379 60.202164 -0.376366 0.022671 -0.014427 18.500797 -43.543629 393.327728 -14.692169 -42.935871 393.973694 51.693764 -44.151386 392.681763
563 263 583 252 606 249 627 256 606 264 584 267 746 254 766 246 789 248 810 259 789 263 767 262 724 612 6.394169 112.599274 64.906914 -0.407824 0.036314 -0.007464 18.939512 -42.445957 399.430847 -14.242800 -41.962524 400.553406 52.121822 -42.929394 398.308289
558 254 579 240 604 237 626 247 604 256 580 259 746 245 767 235 792 236 813 249 792 255 768 253 689 24 13.684558 -3.485828 50.664108 -0.336307 0.032335 -0.010804 18.264999 -45.024178 390.279480 -14.920701 -44.493393 391.273071 51.450699 -45.554966 389.285919
563 256 584 243 608 241 629 250 608 258 584 261 750 248 771 239 795 241 816 253 795 258 772 256 118 180 127.190514 27.599949 54.752560 -0.355529 0.050081 0.002526 19.841263 -44.243599 393.745911 -13.322250 -44.033249 395.388092 53.004776 -44.453949 392.103729
563 261 583 249 607 247 628 254 607 262 584 265 747 252 767 244 791 246 811 257 791 262 768 260 473 688 56.284943 127.730156 66.884216 -0.424572 0.042089 -0.002338 19.241232 -43.017399 398.410004 -13.934525 -42.649895 399.749298 52.416988 -43.384903 397.070679
546 316 567 301 593 299 614 311 592 320 568 322 730 310 752 297 778 299 800 313 778 320 753 318 912 129 -30.736832 17.136198 53.091770 0.194746 0.025952 -0.014198 12.999591 -20.379892 379.531738 -20.190741 -19.995144 380.433655 46.189922 -20.764641 378.629791
622 315 645 302 671 303 692 316 669 323 644 323 806 325 828 315 854 318 874 333 852 338 828 335 249 115 101.166016 14.700547 53.106110 0.162035 0.130895 0.049683 41.057217 -17.032768 383.694489 8.176601 -19.020695 387.874542 73.937836 -15.044843 379.514435
503 249 522 233 547 230 569 239 547 250 524 254 687 231 708 219 735 219 757 233 735 240 711 239 1065 214 -61.221508 33.843864 55.071712 -0.323355 0.069100 -0.050520 -2.910815 -48.708469 389.292908 -35.995113 -46.694569 391.276093 30.173483 -50.722374 387.309692
558 262 579 249 605 247 626 258 604 267 580 269 749 257 770 246 795 248 815 261 795 268 771 266 744 232 2.627151 37.557163 55.679630 -0.239327 0.022683 -0.003448 18.763527 -40.904007 388.310669 -14.432589 -40.700935 389.042969 51.959644 -41.107075 387.578369
560 270 581 258 606 256 627 265 605 273 582 275 748 265 769 256 794 258 814 271 793 276 770 273 694 614 12.361156 113.009056 64.971436 -0.353354 0.019267 0.006757 18.992077 -37.985893 390.862823 -14.205887 -38.093761 391.528564 52.190041 -37.878029 390.197113
568 270 589 258 613 256 634 265 613 272 590 275 754 266 774 258 798 260 818 272 797 276 775 274 350 596 80.805420 109.625443 64.718483 -0.357631 0.018660 0.014211 21.601561 -38.371529 396.921906 -11.594216 -38.723763 397.611786 54.797337 -38.019295 396.232025
567 269 588 257 612 255 633 264 612 272 588 274 753 265 774 257 798 259 818 272 797 276 774 273 436 432 63.788231 77.200493 60.694881 -0.355750 0.017080 0.015062 21.243700 -38.472721 395.007599 -11.952595 -38.862522 395.650818 54.439995 -38.082920 394.364380
554 270 575 259 598 256 619 264 598 272 575 274 737 263 757 255 781 257 801 269 780 273 758 271 1277 581 -103.600563 106.204071 63.859852 -0.355911 0.006629 -0.008037 15.793463 -39.280136 399.635040 -17.409567 -38.980103 399.803528 48.996494 -39.580173 399.466522
565 274 585 263 608 261 628 269 607 277 585 279 743 269 763 261 786 263 806 275 786 279 764 277 624 887 26.134626 166.948471 71.630203 -0.402615 0.024864 0.009278 19.044895 -38.012928 407.990448 -14.148382 -38.148762 408.855011 52.238174 -37.877098 407.125885
551 273 571 260 594 258 615 266 594 274 572 276 733 265 753 257 777 258 797 270 776 274 754 272 1213 478 -90.811226 85.898125 61.395828 -0.380819 0.017138 -0.007936 14.349006 -38.744820 401.223297 -18.849957 -38.380608 401.729126 47.547966 -39.109032 400.717499
562 273 582 261 606 259 627 267 606 275 583 277 741 268 762 261 785 263 805 275 784 279 762 276 374 694 75.976334 128.963959 67.082588 -0.421185 0.021847 0.015130 18.329496 -38.062859 405.804901 -14.863764 -38.399956 406.613220 51.522758 -37.725761 404.996582
547 282 567 270 590 268 611 275 590 283 568 285 727 274 748 266 771 268 792 279 771 283 749 281 1003 618 -49.112518 113.645676 64.903511 -0.394278 0.017150 -0.010240 12.622664 -35.256725 402.280457 -20.575609 -34.814659 402.769073 45.820938 -35.698792 401.791809
553 282 573 270 597 268 618 276 597 284 574 286 735 275 756 267 779 269 800 281 779 285 756 283 529 466 45.268173 83.867790 61.469887 -0.392986 0.028227 0.000841 15.332940 -34.911636 402.609924 -17.858803 -34.757042 403.528534 48.524685 -35.066235 401.691315
555 281 574 269 598 267 618 275 597 283 575 285 734 274 754 266 777 268 797 279 776 283 754 281 351 500 80.659966 90.669441 62.389542 -0.378868 0.037104 0.001296 15.244263 -35.926296 408.262054 -17.937941 -35.737698 409.472595 48.426468 -36.114895 407.051514
558 273 578 259 602 257 622 267 601 275 578 277 737 267 757 257 781 260 801 273 780 277 758 275 91 143 132.582413 20.307568 53.869564 -0.361153 0.036913 0.011405 16.683592 -38.838634 408.251495 -16.496712 -38.990158 409.518036 49.863895 -38.687107 406.984955
544 272 563 260 585 257 605 264 585 273 563 276 720 261 740 253 762 254 782 265 762 270 741 269 1267 397 -101.508682 69.877647 59.402412 -0.405896 0.028985 -0.020608 10.339472 -41.038116 414.133881 -22.844631 -40.179985 414.932922 43.523575 -41.896244 413.334839
548 272 567 260 590 258 610 266 590 275 568 277 726 263 746 255 769 256 789 268 769 273 747 271 526 237 45.992573 38.652504 55.917267 -0.402867 0.043343 -0.007983 12.431572 -40.278095 412.879425 -20.741432 -39.734276 414.226898 45.604576 -40.821915 411.531952
552 279 571 267 594 265 614 272 594 280 572 283 729 270 748 262 772 264 791 275 771 280 749 278 504 478 50.234905 86.249626 61.774281 -0.414057 0.037112 -0.008768 13.822968 -37.642685 413.785217 -19.358047 -37.108387 414.922913 47.003983 -38.176979 412.647522
551 285 570 273 593 271 612 278 592 286 571 289 726 275 746 268 769 269 788 280 769 285 747 283 769 698 -2.605898 129.557938 66.968758 -0.422023 0.036371 -0.012403 13.039050 -35.547485 415.208496 -20.141611 -34.896801 416.294739 46.219711 -36.198166 414.122253
554 286 573 274 596 271 615 279 596 287 574 290 728 276 748 268 770 270 790 281 770 286 749 284 427 662 65.450516 122.619179 66.278160 -0.399248 0.042477 -0.009272 14.106409 -35.526150 418.072083 -19.067440 -34.948689 419.384277 47.280258 -36.103607 416.759888
539 353 557 342 578 340 597 346 579 353 558 356 703 343 722 336 743 337 762 346 743 350 722 349 1219 802 -92.185364 149.869980 69.250992 -0.421400 -0.003534 -0.036372 5.893038 -9.296335 440.559204 -27.289932 -8.148672 440.194611 39.076008 -10.443999 440.923798
509 262 528 250 551 247 571 254 551 262 529 265 682 249 702 241 725 242 744 252 725 257 703 256 904 455 -29.326969 81.509895 61.002918 -0.403059 -0.001535 -0.047163 -3.790853 -45.877823 418.702881 -36.959202 -44.364552 418.341980 29.377497 -47.391094 419.063751
536 291 555 280 578 278 598 285 578 292 556 295 710 284 730 276 752 278 772 288 752 292 730 290 743 825 2.495699 154.647385 70.062927 -0.377073 0.004363 -0.016046 7.051410 -32.899391 417.945068 -26.148867 -32.352146 417.987274 40.251686 -33.446640 417.902893
517 264 540 249 568 247 592 259 567 268 541 270 717 259 739 247 767 249 789 264 766 270 740 268 567 116 37.903580 14.740346 52.960621 -0.286090 -0.027635 -0.009399 6.195558 -38.047123 367.423401 -26.995207 -37.869663 366.474030 39.386322 -38.224583 368.372742
541 176 564 161 591 158 614 168 590 177 565 180 739 165 761 155 788 157 810 171 787 176 763 174 661 158 19.180128 22.986776 53.929123 -0.312153 -0.006176 -0.023398 14.176975 -70.735268 372.340637 -19.018194 -70.002731 372.018616 47.372147 -71.467804 372.662628
614 211 638 200 665 200 688 211 663 216 638 217 810 218 831 209 854 212 873 225 852 229 830 226 219 846 106.726837 159.053680 70.851967 -0.206198 -0.082338 0.032755 39.706818 -54.978477 375.809998 6.631828 -56.337692 373.210541 72.781807 -53.619263 378.409454
529 199 549 186 573 184 594 193 573 202 550 204 717 190 736 181 761 182 781 193 761 199 738 198 1260 286 -100.054283 47.963818 56.713928 -0.226194 -0.011180 -0.029783 7.046422 -65.108612 388.851318 -26.141663 -64.170052 388.371918 40.234505 -66.047173 389.330688
532 210 552 198 575 195 596 202 575 210 553 213 714 200 735 193 758 194 778 205 757 209 735 207 668 728 17.469995 135.531601 67.750298 -0.322890 0.011185 -0.018181 7.047637 -62.470757 397.281982 -26.149677 -61.818096 397.550323 40.244949 -63.123413 397.013641
517 214 536 201 559 199 580 206 560 214 537 217 698 202 719 193 742 194 763 205 742 210 720 208 884 485 -25.364948 87.443405 61.741222 -0.297278 0.015577 -0.035736 1.217919 -61.890282 398.550446 -31.961853 -60.645069 398.884918 34.397690 -63.135494 398.216003
562 219 582 207 606 206 627 215 605 222 583 224 739 217 758 209 781 212 800 224 780 228 759 225 63 409 138.004440 72.843987 60.336136 -0.301856 -0.038157 0.009773 18.087870 -59.319008 413.916290 -15.091383 -59.828281 412.717346 51.267124 -58.809734 415.115204
553 219 573 206 597 204 617 214 596 222 574 224 729 214 747 204 771 206 790 218 770 224 749 222 1019 173 -52.047577 25.771090 54.101841 -0.263044 -0.040208 -0.014813 14.339068 -60.793545 416.428619 -18.835442 -60.482044 415.044983 47.513580 -61.105045 417.812286
536 221 556 207 580 204 601 215 580 223 557 226 712 213 732 202 756 203 776 216 756 222 733 220 274 138 96.179779 19.229576 53.650612 -0.274417 0.000374 -0.019814 7.912383 -60.366699 413.158661 -25.285952 -59.715363 413.081207 41.110718 -61.018036 413.236115
526 231 544 220 566 218 585 224 566 232 545 235 697 220 716 212 738 213 757 222 738 227 717 226 934 745 -35.456642 138.756439 68.020630 -0.323685 -0.002236 -0.044716 2.055740 -58.495354 423.194550 -31.116089 -57.048767 422.883453 35.227570 -59.941944 423.505615
518 228 536 214 559 211 579 219 559 228 538 231 690 213 709 203 733 204 753 215 733 221 711 220 1159 239 -79.935486 38.733589 55.627892 -0.291167 0.008061 -0.057989 -0.543203 -59.892826 417.941071 -33.691525 -57.956802 417.926575 32.605118 -61.828850 417.955597
521 231 539 219 561 216 581 222 562 230 541 233 693 217 712 209 734 210 754 220 734 224 713 223 833 564 -15.263190 103.067490 63.684528 -0.358143 0.013657 -0.050364 0.329335 -58.787148 420.349976 -32.830761 -57.070763 420.497406 33.489429 -60.503532 420.202576
519 227 538 215 560 212 579 220 560 228 539 231 693 215 711 206 734 206 753 217 734 222 713 221 1111 275 -70.406586 45.865700 56.526665 -0.292131 -0.003059 -0.050795 -0.025420 -59.919571 419.555481 -33.187557 -58.272270 419.210846 33.136715 -61.566875 419.900146
520 226 538 214 561 212 580 219 561 228 540 231 694 215 712 206 735 206 755 217 736 222 714 221 826 266 -13.704603 44.229916 56.460506 -0.304549 0.005046 -0.044524 0.399774 -59.916500 418.837799 -32.771965 -58.436012 418.779358 33.571514 -61.396984 418.896240
525 234 543 222 565 219 585 226 565 234 545 237 693 221 712 212 735 213 754 223 735 228 713 227 69 818 136.582947 153.599350 70.252914 -0.338414 0.020021 -0.045474 1.157869 -58.155453 425.870361 -32.006355 -56.563370 426.269257 34.322094 -59.747540 425.471466
523 231 541 220 563 217 582 224 563 232 542 235 695 220 714 212 736 213 755 222 736 227 715 226 437 594 63.499039 109.187408 64.623535 -0.324824 0.009766 -0.039802 0.992321 -58.495342 422.763702 -32.184856 -57.145004 422.869476 34.169498 -59.845680 422.657928
525 233 543 222 564 220 583 226 564 234 544 236 694 222 712 214 734 215 752 224 734 229 713 228 501 861 50.618328 161.875671 71.065254 -0.321629 -0.001054 -0.041759 0.884259 -58.276928 427.737610 -32.291836 -56.920082 427.482178 34.060356 -59.633778 427.993042
559 337 577 327 598 326 616 332 597 340 577 341 726 331 744 324 765 325 783 335 765 339 745 338 829 698 -14.542101 129.528198 66.936729 -0.375792 0.029111 -0.005673 14.217318 -14.772799 435.546722 -18.973063 -14.409384 436.455658 47.407700 -15.136215 434.637787
575 149 599 135 627 135 650 147 625 155 599 156 774 152 796 141 821 144 841 158 819 163 796 161 347 269 81.584419 45.059750 56.788952 -0.097808 -0.089175 0.008064 26.389252 -76.648148 369.112152 -6.682650 -77.059723 366.172852 59.461155 -76.236572 372.051453
567 288 587 276 611 275 632 286 611 293 588 294 742 281 762 269 786 269 806 279 786 287 763 287 879 665 -24.470552 122.987450 66.109650 0.219986 0.052086 -0.049170 19.301027 -32.502190 401.252045 -13.818984 -31.073435 403.144958 52.421040 -33.930946 399.359131
545 310 563 298 586 296 606 306 586 314 565 316 717 301 735 289 758 289 778 299 759 306 737 307 941 558 -36.745014 101.829224 63.481354 0.236539 0.035563 -0.059339 9.764508 -25.226324 408.814484 -23.361250 -23.414825 410.215271 42.890266 -27.037823 407.413696
538 287 556 273 580 269 600 278 580 287 558 291 708 271 728 259 754 258 776 270 754 277 731 277 1028 51 -53.770035 1.677342 51.138023 -0.254894 0.070119 -0.062659 7.347673 -36.929962 416.994873 -25.711227 -34.579971 419.031097 40.406574 -39.279953 414.958649
514 256 532 240 558 237 579 249 558 259 535 262 695 240 715 225 741 224 764 238 743 247 718 247 1205 21 -88.965118 -4.334003 50.315914 0.243099 -0.008510 -0.073935 0.513128 -44.874622 382.481873 -32.600224 -42.411819 382.499146 33.626476 -47.337421 382.464600
521 268 540 252 566 249 587 259 566 270 543 273 701 251 721 237 748 237 770 250 748 258 724 258 1097 186 -67.571884 28.299311 54.375511 0.253127 -0.009204 -0.070983 3.061122 -41.097912 386.253448 -30.059122 -38.729576 386.247955 36.181366 -43.466244 386.258972
592 275 614 263 640 262 661 273 639 279 615 281 778 275 798 265 822 267 842 280 821 285 799 283 371 706 76.566460 131.334885 67.375237 -0.220189 -0.027640 0.010009 31.284763 -35.822315 398.070251 -1.905762 -36.252552 397.196411 64.475288 -35.392082 398.944061
531 283 549 269 573 265 594 274 573 283 551 287 705 265 725 253 750 253 771 264 751 271 728 271 1199 356 -87.958145 61.815781 58.444286 -0.273150 0.061073 -0.068147 5.271173 -38.271172 409.770874 -27.795572 -35.764488 411.463959 38.337921 -40.777851 408.077820
538 287 555 276 575 274 594 279 576 287 556 290 704 272 723 264 744 265 763 273 744 278 724 278 1268 881 -101.977280 165.444473 71.140923 -0.276012 0.056255 -0.053416 5.341562 -37.525692 430.259338 -27.764023 -35.520214 431.858704 38.447147 -39.531170 428.660004
548 285 566 274 587 271 606 277 588 285 568 288 719 271 737 263 759 264 779 273 759 278 738 277 534 684 44.152031 126.910103 66.754639 -0.380509 0.062853 -0.038049 10.643143 -37.554970 425.278229 -22.473162 -35.930813 427.076019 43.759449 -39.179127 423.480408
552 284 570 273 591 270 610 276 591 284 571 287 720 271 739 263 761 264 780 273 761 278 740 277 755 658 0.201502 121.666756 66.006065 -0.383862 0.058112 -0.038391 11.873561 -38.362743 430.858917 -21.251734 -36.754410 432.498352 44.998856 -39.971077 429.219452
559 287 576 276 597 274 615 280 597 288 577 291 721 275 739 267 761 267 780 277 761 282 741 281 605 862 29.928352 162.021561 71.033989 -0.403447 0.064661 -0.032878 13.500877 -37.722107 442.532623 -19.617790 -36.233646 444.402893 46.619545 -39.210567 440.662354
548 283 565 270 586 267 605 273 587 281 567 285 715 265 733 256 756 256 775 266 756 271 735 271 1327 430 -113.463272 76.363853 60.170773 -0.391123 0.059127 -0.060699 9.899483 -40.004025 430.349457 -23.187702 -37.663052 431.871857 42.986668 -42.345001 428.827057
555 278 573 264 596 261 615 269 596 278 575 281 724 263 743 253 766 254 786 265 766 271 745 270 108 246 129.143112 40.636814 56.358677 -0.377649 0.078961 -0.034138 13.639625 -41.122242 429.300751 -19.443855 -39.527912 431.646210 46.723106 -42.716576 426.955322
551 277 569 262 592 259 612 268 592 277 571 281 720 261 739 250 762 250 783 262 763 269 741 268 669 15 17.668306 -5.252991 50.456497 -0.342160 0.069622 -0.047298 12.110328 -41.851677 429.231537 -20.978081 -39.922028 431.229858 45.198738 -43.781326 427.233215
546 283 564 271 585 267 604 273 585 281 565 285 711 264 730 256 752 256 771 266 752 271 731 270 1305 567 -109.162994 103.425842 63.505344 -0.388560 0.070949 -0.060986 8.853589 -40.640884 435.973114 -24.207827 -38.217709 437.878540 41.915005 -43.064056 434.067688
557 277 575 264 597 261 616 269 597 278 576 281 724 263 743 253 766 254 785 265 766 271 744 270 324 153 86.224586 22.166584 53.987736 -0.374389 0.071679 -0.035493 13.959817 -41.720989 433.802399 -19.140072 -40.130909 435.906830 47.059708 -43.311069 431.697998
551 279 569 266 591 263 610 270 591 280 570 283 717 264 735 254 758 255 778 266 759 272 737 271 739 238 3.618492 38.744358 55.827827 -0.394235 0.062641 -0.046583 11.360457 -41.560974 437.696625 -21.744535 -39.650967 439.420258 44.465450 -43.470982 435.972992
554 285 571 273 592 269 611 275 593 284 573 288 717 268 736 260 757 261 777 271 758 275 737 274 363 589 78.223137 108.236824 64.541763 -0.449678 0.077674 -0.046412 11.809344 -39.831902 442.257538 -21.261906 -37.774487 444.406738 44.880596 -41.889317 440.108337
579 358 595 348 613 347 628 356 612 361 595 362 712 359 727 352 745 354 759 365 744 368 727 366 551 257 41.008011 42.589172 56.389008 -0.417452 -0.011560 0.039216 17.454435 -5.285096 551.814697 -15.723030 -6.628372 551.709839 50.631901 -3.941820 551.919556
577 354 594 344 614 344 630 353 612 358 594 359 723 356 739 348 759 350 774 361 758 364 740 363 569 725 37.166405 134.988327 67.730377 -0.295167 -0.017618 0.031997 19.035908 -6.546550 501.549286 -14.146917 -7.679097 501.128540 52.218735 -5.414003 501.970032
553 304 574 293 597 293 618 302 597 308 574 309 738 304 759 295 783 296 803 307 782 312 759 310 851 850 -19.003395 159.530167 70.611633 -0.307712 0.022068 0.016864 15.691928 -24.788887 395.630219 -17.500179 -25.228132 396.436859 48.884037 -24.349642 394.823578
560 282 582 267 609 266 630 281 607 289 582 290 747 282 769 268 796 269 818 285 795 292 770 291 1115 13 -71.056358 -5.869009 50.169922 0.185891 0.063209 0.000005 18.708866 -30.714674 374.196381 -14.429828 -30.909294 376.281738 51.847561 -30.520054 372.110992
565 295 586 282 611 281 632 292 610 299 587 300 749 294 770 283 795 285 815 298 794 303 771 301 1293 777 -106.892754 144.896957 68.605141 -0.244595 0.005365 0.009623 20.471268 -28.661507 397.023773 -12.731541 -28.956192 397.239014 53.674076 -28.366821 396.808533
574 287 595 273 622 273 643 287 620 294 596 295 760 289 781 275 808 277 829 291 807 299 783 297 669 119 17.610363 15.282138 52.978939 0.215234 0.056350 0.010118 23.308596 -28.856628 377.119354 -9.842026 -29.390345 378.938995 56.459217 -28.322914 375.299683
571 289 592 276 618 275 638 287 616 295 592 297 754 289 775 276 800 277 821 291 800 298 776 296 1128 270 -73.785721 44.870007 56.396320 0.245320 0.076008 -0.005843 21.774124 -29.174225 383.761688 -11.334736 -29.290220 386.281525 54.882984 -29.058229 381.241852
574 291 595 277 621 276 642 288 619 295 596 297 757 290 778 279 804 281 824 295 803 300 779 298 1003 355 -48.965988 61.715496 58.524651 -0.274301 0.009061 0.015894 23.899822 -29.987486 398.263580 -9.299468 -30.467628 398.632599 57.099113 -29.507343 397.894562
579 292 600 280 625 279 646 291 624 297 600 299 763 293 784 283 809 285 829 298 808 303 785 301 412 512 68.518143 93.008644 62.648033 -0.318180 0.032899 0.029490 25.759092 -29.017685 398.832886 -7.413590 -29.807852 400.061066 58.931774 -28.227516 397.604706
578 293 599 281 623 280 644 291 622 297 599 299 761 293 781 283 805 285 825 297 804 302 782 300 702 490 10.838749 88.520897 61.959641 -0.334008 0.017515 0.019682 25.098606 -29.205173 401.783752 -8.094790 -29.750341 402.462677 58.292000 -28.660006 401.104858
573 287 593 273 618 272 639 284 617 291 594 293 754 285 774 274 799 275 820 289 799 295 776 293 1149 233 -77.942780 37.553829 55.487705 -0.262471 0.009987 0.007865 23.074564 -32.133327 403.076355 -10.127581 -32.348213 403.438263 56.276711 -31.918438 402.714478
589 290 609 278 633 277 653 288 632 294 609 296 769 291 789 282 813 284 832 298 811 302 789 299 176 600 115.418175 110.501518 64.908379 -0.362638 0.034878 0.039276 28.937622 -30.467905 409.430115 -4.221894 -31.535400 410.796326 62.097137 -29.400410 408.063873
587 291 607 279 631 278 651 288 630 295 608 296 766 291 786 282 809 284 828 297 808 301 786 299 428 584 65.295036 107.217339 64.385796 -0.367398 0.030553 0.033580 28.152258 -30.676016 412.694855 -5.018725 -31.581495 413.888855 61.323242 -29.770536 411.500885
588 285 608 272 632 271 652 282 631 290 608 291 767 285 787 275 811 277 830 291 810 295 788 293 201 265 110.631409 44.342319 56.769867 -0.292121 0.037970 0.030737 28.568424 -32.982716 411.473328 -4.597055 -33.805672 412.863739 61.733906 -32.159760 410.082886
578 287 598 273 622 271 643 283 621 291 598 293 754 284 774 272 799 274 819 288 798 294 775 292 895 40 -27.305321 -0.428706 50.942219 -0.230875 0.022341 0.006585 24.558809 -33.556793 416.007935 -8.637036 -33.688240 416.768250 57.754658 -33.425346 415.247620
574 287 594 273 618 271 638 282 617 290 594 292 750 282 769 271 794 272 813 286 793 292 771 290 1234 139 -94.800026 18.951092 53.162434 -0.233999 0.013149 -0.004107 22.906141 -34.291283 418.544617 -10.295536 -34.105289 418.961365 56.107819 -34.477276 418.127869
583 291 602 278 626 277 645 287 624 295 603 297 755 288 774 278 797 280 816 293 796 298 775 296 12 607 148.039902 111.964996 65.165695 -0.309471 0.047975 0.017856 25.631298 -32.503002 426.652130 -7.530366 -32.841740 428.310120 58.792961 -32.164265 424.994141
587 294 606 280 629 280 647 292 627 300 606 301 743 292 762 280 784 281 803 295 784 302 763 300 1390 809 -126.207443 151.167374 69.329498 -0.216318 0.060113 0.014145 25.083591 -32.666088 450.758301 -8.058172 -32.916843 452.788116 58.225357 -32.415333 448.728485
563 300 583 287 606 285 626 295 606 302 584 305 742 294 762 284 786 285 806 298 785 303 763 301 317 563 87.388718 103.125847 63.935707 -0.397001 0.054899 0.004561 18.586439 -28.570250 409.313690 -14.568663 -28.360647 411.117828 51.741539 -28.779852 407.509552
566 298 585 285 609 283 629 293 608 300 586 302 744 292 764 282 788 283 807 296 787 301 765 299 359 467 79.086861 84.149521 61.584881 -0.400630 0.051135 0.004932 19.468691 -29.458248 410.719940 -13.692899 -29.282080 412.404419 52.630283 -29.634418 409.035461
534 199 554 184 579 183 600 196 579 204 555 206 713 194 733 179 759 179 779 193 759 201 735 201 830 108 -14.412320 13.030334 52.626202 0.318375 0.052044 -0.034370 7.516574 -64.379349 390.266815 -25.624222 -63.530701 392.144867 40.657372 -65.227997 388.388763
570 208 591 198 615 197 635 207 614 213 591 214 749 211 769 203 792 205 811 217 790 221 769 218 531 784 44.693127 146.656906 69.181664 -0.274778 -0.033005 0.022889 21.616831 -62.091221 410.558044 -11.561370 -62.991127 409.579926 54.795033 -61.191319 411.536194
576 209 597 198 621 197 641 209 620 214 597 215 751 213 770 204 793 206 811 219 791 223 770 221 51 886 140.125931 167.035095 71.911812 -0.242057 -0.050972 0.028595 23.567425 -62.677696 419.040588 -9.580969 -63.821201 417.479828 56.715820 -61.534191 420.601349
541 201 561 186 586 185 606 198 585 206 562 208 714 198 734 183 759 184 779 198 758 206 735 205 1426 197 -133.028198 30.308187 54.466694 0.237007 0.040246 -0.021740 9.194102 -65.333611 402.883209 -23.976141 -64.776321 404.291748 42.364346 -65.890892 401.474670
510 216 528 203 551 200 571 210 551 219 530 221 683 204 703 191 727 191 748 203 727 210 705 210 1342 532 -116.504150 96.496643 62.636700 -0.172824 0.023493 -0.056919 -3.306174 -63.552353 413.678192 -36.448212 -61.605736 414.291046 29.835865 -65.498970 413.065338
522 216 541 202 564 200 584 210 564 218 542 220 696 205 715 193 739 193 759 204 739 211 717 211 1425 597 -133.052109 109.289948 64.168922 -0.173330 -0.000764 -0.052456 1.667376 -63.741856 415.582977 -31.491869 -62.011772 415.407227 34.826622 -65.471939 415.758759
529 210 549 196 573 194 594 204 573 212 550 215 706 200 727 188 753 188 775 200 753 207 729 207 632 197 24.927565 30.701828 54.890518 0.343011 0.008381 -0.036054 5.336123 -61.724808 392.340912 -27.846169 -60.598515 392.817017 38.518414 -62.851097 391.864838
533 219 551 207 574 204 594 214 574 221 553 224 705 210 724 199 748 200 767 211 747 217 726 216 1102 885 -68.956017 166.316589 71.326546 -0.220591 0.006174 -0.037676 5.356522 -62.440311 419.908173 -27.824192 -61.177181 419.974060 38.537235 -63.703438 419.842285
537 218 556 205 579 203 599 212 579 220 557 222 711 209 730 199 753 199 773 210 753 216 731 215 715 773 8.094899 144.393692 68.816650 -0.244940 0.011035 -0.031711 7.384970 -62.846046 419.386810 -25.801222 -61.759151 419.621216 40.571163 -63.932945 419.152435
537 218 555 205 578 203 598 212 578 220 557 222 707 209 726 198 749 198 769 209 749 215 728 215 1168 828 -82.054077 155.029037 69.908829 -0.215334 -0.001487 -0.039633 6.687366 -63.535683 423.542023 -26.491436 -62.235458 423.351898 39.866169 -64.835907 423.732117
536 214 555 200 579 198 599 209 579 216 557 219 711 205 730 193 754 194 774 205 754 212 732 211 815 426 -11.605443 75.827873 60.347054 -0.159061 0.006464 -0.036421 7.542163 -64.061539 416.166412 -25.639984 -62.840534 416.284149 40.724312 -65.282555 416.048706
546 216 565 205 587 203 607 211 587 218 566 220 717 209 736 199 759 200 778 211 759 216 738 215 573 765 36.348370 142.884476 68.698410 -0.289000 0.013067 -0.021530 10.399067 -63.588856 423.763397 -22.795288 -62.821671 424.088654 43.593422 -64.356049 423.438141
547 216 566 204 589 202 608 211 589 218 567 220 719 209 738 198 761 199 781 210 761 216 739 215 484 820 54.023094 153.788513 70.079903 -0.302385 0.012452 -0.022432 11.077926 -63.592190 422.437042 -22.116043 -62.796700 422.732422 44.271893 -64.387680 422.141663
554 219 573 206 596 205 615 214 595 221 574 223 723 213 742 203 765 204 784 216 765 221 743 220 162 840 118.069580 157.897217 70.736862 -0.303545 0.014020 -0.010349 13.356933 -62.667015 427.475708 -19.842876 -62.258533 427.882355 46.556744 -63.075497 427.069092
545 216 564 203 587 202 606 211 587 219 565 220 717 209 736 199 759 200 778 211 758 217 737 216 1151 475 -78.475479 85.336502 61.356159 0.296334 0.049650 -0.027463 9.874946 -61.573044 411.700623 -23.276823 -60.917324 413.458435 43.026714 -62.228760 409.942841
557 211 577 200 600 198 620 208 599 214 578 216 732 210 752 201 776 202 796 214 775 218 753 216 1041 436 -56.570713 77.690361 60.468960 0.232342 0.061012 0.003019 15.289618 -60.639542 402.448486 -17.853539 -60.973053 404.443359 48.432777 -60.306026 400.453613
596 222 617 211 641 211 662 220 640 226 618 227 772 224 790 216 812 218 829 229 811 233 791 231 48 843 140.746689 158.546097 70.870476 -0.056602 -0.138070 0.001340 31.436356 -56.977943 411.651001 -1.452518 -57.151772 407.084656 64.325226 -56.804115 416.217316
512 211 529 196 552 193 571 203 552 212 531 215 680 195 699 182 723 181 744 193 724 200 702 201 1276 80 -103.122498 7.280533 51.709015 0.192621 0.029478 -0.068945 -4.086483 -66.358665 413.914398 -37.198284 -64.179550 415.105957 29.025316 -68.537781 412.722839
570 208 590 195 614 195 633 206 612 213 590 214 743 209 762 199 786 201 804 214 785 219 763 217 561 207 39.046501 32.711559 55.170959 0.335176 0.090406 0.014530 19.978788 -62.236614 409.377533 -13.088220 -63.207478 412.239349 53.045795 -61.265747 406.515717
550 219 568 207 591 205 611 215 591 222 569 224 720 214 739 204 762 205 782 216 762 222 740 221 1182 437 -84.621346 77.817909 60.417953 -0.179055 0.002111 -0.013202 11.835706 -62.217155 425.591461 -21.366148 -61.774864 425.622040 45.037560 -62.659447 425.560913
620 287 642 275 667 276 687 290 664 295 641 295 799 301 818 291 841 294 858 309 838 313 817 310 100 216 130.751312 34.717186 55.635319 -0.284081 -0.088865 0.071236 41.125702 -28.457361 410.127289 8.134570 -31.201847 407.555756 74.116829 -25.712875 412.698822
552 315 570 303 592 301 612 308 592 315 571 318 723 305 743 296 767 297 788 308 767 312 744 311 824 831 -13.621518 155.791946 70.165215 -0.417539 0.063518 -0.019376 12.573609 -24.046766 416.728394 -20.559072 -22.988594 418.642914 45.706291 -25.104939 414.813904
594 295 615 282 640 282 659 294 638 301 615 302 772 299 791 288 814 290 832 304 813 310 792 307 289 165 93.180687 24.553375 54.297470 -0.287892 -0.039200 0.027930 31.177979 -28.405622 415.531525 -1.988642 -29.505976 414.380829 64.344597 -27.305269 416.682220
629 298 649 287 673 287 692 298 671 304 649 305 797 305 815 297 836 299 851 313 834 317 815 314 129 870 124.617775 163.837173 71.482109 -0.396207 -0.086772 0.043718 44.115414 -27.206020 434.167053 11.065176 -29.180658 431.648682 77.165649 -25.231380 436.685455
562 294 580 280 603 278 622 289 602 297 581 299 733 288 751 277 774 279 792 292 773 298 752 296 1205 106 -89.012474 12.449515 52.377525 -0.400377 0.001449 -0.011806 16.725851 -32.125263 428.773010 -16.476645 -31.734148 428.742432 49.928349 -32.516376 428.803589
569 305 587 292 609 290 627 300 608 308 588 310 733 299 750 290 772 291 791 304 772 309 752 307 762 761 -1.248441 142.000961 68.500511 -0.481132 0.015596 -0.004919 18.302944 -28.408176 442.304413 -14.897514 -28.128902 442.763947 51.503403 -28.687450 441.844879
563 301 581 288 604 286 622 295 603 303 582 306 732 294 750 284 773 285 791 298 772 303 752 301 1292 316 -106.436974 53.871548 57.424473 -0.439057 -0.001643 -0.018869 16.769653 -29.652569 431.228821 -16.429300 -29.057798 431.040680 49.968605 -30.247339 431.416992
572 299 591 286 614 284 632 294 613 302 592 304 743 295 762 285 784 287 802 300 784 305 763 303 527 167 45.832634 24.830288 54.218937 -0.439627 0.010025 0.006243 20.999884 -29.653179 429.891968 -12.202651 -29.781849 430.259064 54.202419 -29.524509 429.524872
580 297 598 285 621 283 639 293 619 301 599 302 750 295 768 286 790 288 808 301 789 305 769 303 293 188 92.372124 29.092813 54.853184 -0.436522 0.020129 0.022237 23.756227 -30.048311 432.829407 -9.433887 -30.619785 433.635254 56.946339 -29.476837 432.023560
574 305 592 293 615 291 633 300 614 308 593 310 741 301 759 292 781 294 799 307 780 311 760 309 825 607 -13.695654 111.561935 64.731728 -0.480653 0.008025 0.007595 21.006630 -27.479729 437.382355 -12.196196 -27.659489 437.698151 54.209454 -27.299967 437.066589
578 304 596 291 618 290 637 299 617 306 597 308 747 300 765 291 787 293 804 306 786 310 766 308 501 414 50.867374 73.614105 60.223610 -0.471595 0.015891 0.014636 22.815248 -27.815315 434.885132 -10.381960 -28.161314 435.505890 56.012455 -27.469316 434.264374
575 303 593 290 616 289 634 299 615 306 594 308 741 300 759 290 781 292 798 305 780 309 760 307 1342 380 -116.419464 66.483757 58.950054 -0.430120 -0.004741 0.002583 21.242594 -28.374405 439.419403 -11.961741 -28.490908 439.284943 54.446930 -28.257904 439.553864
575 301 594 288 617 286 635 296 616 304 594 306 745 297 764 287 786 289 804 302 785 307 765 305 554 148 40.471928 21.065292 53.743694 -0.427697 0.019713 0.009979 22.053797 -29.105719 432.227875 -11.143035 -29.289194 432.932404 55.250629 -28.922243 431.523376
580 310 598 298 620 296 638 306 619 314 599 316 742 307 760 298 782 299 800 313 781 317 761 315 814 845 -11.639952 158.561249 70.510109 -0.460790 0.013041 0.011406 22.933426 -25.663345 447.561157 -10.266491 -25.930794 448.064697 56.133343 -25.395899 447.057587
568 313 585 299 607 297 625 308 606 316 586 318 727 308 745 297 767 298 786 312 767 317 746 315 1185 758 -85.397003 141.198883 68.201958 -0.437123 0.039638 0.002871 17.031448 -25.449490 449.702332 -16.147560 -25.258699 450.997162 50.210457 -25.640282 448.407501
566 306 583 293 605 290 624 300 605 308 584 310 733 299 750 289 773 290 791 303 773 308 752 307 1384 110 -124.624382 13.150585 52.378994 -0.386910 0.017148 -0.013182 17.356173 -27.901983 435.164856 -15.840970 -27.366356 435.636505 50.553314 -28.437613 434.693237
576 308 594 297 616 294 635 302 616 310 595 312 744 303 763 295 786 296 805 308 785 312 764 310 577 394 35.759327 69.627365 59.697960 -0.461282 0.059589 0.014005 22.012960 -26.450747 433.722321 -11.130758 -26.450991 435.735687 55.156677 -26.450500 431.708984
566 311 584 299 605 297 623 306 605 313 585 315 732 305 750 296 772 297 791 310 772 314 752 313 1028 475 -54.006264 85.397484 61.421814 -0.451719 0.033816 0.000329 17.306335 -25.523224 436.823181 -15.879813 -25.284472 437.910431 50.492485 -25.761976 435.735931
573 313 591 301 613 299 631 308 612 316 592 318 741 309 759 300 781 302 799 314 780 318 760 316 521 516 46.831810 93.744415 62.686867 -0.466972 0.042676 0.013400 20.478928 -24.234671 436.082916 -12.693272 -24.338640 437.550568 53.651127 -24.130703 434.615265
569 311 586 298 608 296 626 306 608 313 587 315 736 305 754 295 776 297 794 310 776 314 755 313 1118 244 -71.781868 39.741184 55.771046 -0.427071 0.023976 -0.003411 18.555153 -25.476034 434.840881 -14.640071 -25.198755 435.589142 51.750378 -25.753311 434.092621
491 245 509 234 530 230 550 236 531 245 510 248 665 228 684 220 707 220 727 229 707 234 686 234 1283 822 -104.928459 153.787308 69.701920 -0.325090 0.011927 -0.072836 -11.063915 -52.975655 412.860748 -44.179123 -50.537899 412.859985 22.051292 -55.413406 412.861511
503 232 522 217 547 214 567 224 546 233 524 236 681 219 701 207 726 208 747 221 726 227 703 226 771 14 -2.622682 -5.501012 50.377796 -0.297003 0.008007 -0.045733 -4.553929 -56.241470 405.678192 -37.723221 -54.706486 405.716278 28.615364 -57.776451 405.640137
526 235 546 223 570 220 590 228 569 237 547 239 705 226 724 218 747 219 767 231 747 236 725 234 397 319 71.609718 54.907619 57.974972 -0.363540 -0.023822 -0.026805 4.266101 -54.557762 411.249725 -28.917597 -53.829548 410.316193 37.449799 -55.285973 412.183258
514 241 533 228 556 225 577 233 557 241 534 245 690 228 710 219 734 220 754 231 734 236 711 235 745 418 2.324585 74.282951 60.190384 -0.365608 -0.011503 -0.049178 -0.955253 -53.501583 412.546448 -34.118195 -51.974491 411.877960 32.207687 -55.028679 413.214935
533 238 552 225 576 223 596 231 576 239 553 241 710 231 730 222 753 224 772 236 752 240 731 238 459 207 59.338047 32.762127 55.225403 -0.360674 -0.021931 -0.014257 6.585738 -53.265617 412.509369 -26.607840 -52.932381 411.712494 39.779316 -53.598858 413.306244
546 233 566 220 590 218 611 228 590 236 567 238 724 228 743 219 766 221 784 233 765 238 744 236 147 140 121.443634 19.687445 53.766911 -0.330419 -0.055655 -0.017014 12.029882 -54.960468 414.681183 -21.119225 -54.708500 412.775146 45.178989 -55.212433 416.587189
537 244 558 232 581 229 602 237 581 245 559 247 715 234 734 226 756 228 775 239 756 243 735 241 412 446 68.554916 79.976730 61.047253 -0.366952 -0.054169 -0.038589 8.570371 -51.818943 415.168304 -24.561850 -50.893295 413.178650 41.702591 -52.744591 417.157959
540 247 560 235 584 233 604 240 583 248 561 251 713 238 732 230 754 232 773 243 754 247 733 246 711 874 8.834373 164.338455 71.268463 -0.378938 -0.053706 -0.037552 8.788353 -51.194984 422.507721 -24.346035 -50.312313 420.534698 41.922741 -52.077652 424.480743
536 247 556 236 579 233 600 239 579 248 557 251 711 236 730 229 752 230 771 240 751 245 731 243 682 627 14.741155 115.581894 65.293144 -0.375292 -0.047534 -0.046363 7.377532 -51.354225 419.653198 -25.754963 -50.144363 417.827393 40.510029 -52.564087 421.479034
549 245 570 234 593 231 613 238 593 246 570 249 724 237 742 230 764 231 782 242 763 246 743 244 11 833 148.112915 156.589905 70.647690 -0.370844 -0.056394 -0.031618 12.562473 -51.671383 421.758148 -20.573759 -50.989273 419.737152 45.698704 -52.353497 423.779144
488 256 505 244 526 240 545 246 527 255 507 259 654 236 672 227 695 227 715 236 696 242 674 242 1329 885 -114.114647 166.204056 71.205383 -0.326241 0.071354 -0.073542 -14.651227 -50.711300 424.928925 -47.683407 -47.933922 426.857880 18.380955 -53.488678 423.000000
509 243 528 231 550 228 570 236 550 245 529 248 684 230 703 220 725 220 745 231 726 237 704 237 711 91 9.270621 9.732627 52.277401 -0.318243 -0.000948 -0.059485 -3.647369 -53.552570 417.662292 -36.793930 -51.616665 417.319824 29.499193 -55.488472 418.004791
488 254 505 242 526 238 545 243 527 252 507 256 656 233 675 224 697 224 717 232 698 238 677 238 1292 439 -106.505501 78.158287 60.407745 -0.334836 0.038779 -0.089664 -14.170092 -52.060879 424.477936 -47.218060 -48.930214 425.246216 18.877878 -55.191544 423.709625
524 254 543 242 565 239 585 245 565 254 544 257 695 240 713 232 735 233 754 243 735 248 715 246 599 688 31.218916 127.667686 66.816956 -0.393204 -0.015339 -0.057462 1.430524 -50.417217 427.067291 -31.716333 -48.657902 426.201080 34.577381 -52.176529 427.933472
553 243 573 231 597 228 617 237 596 245 574 247 728 238 747 230 769 232 787 244 768 248 747 246 440 319 63.055443 54.886299 57.952019 -0.361043 -0.067510 -0.016058 14.254589 -51.661583 420.332062 -18.871174 -51.540440 418.045380 47.380352 -51.782726 422.618713
525 241 544 230 566 227 585 234 566 243 545 245 697 230 715 222 737 222 755 233 737 238 717 237 1428 220 -133.438873 34.848618 55.023472 -0.297997 -0.038930 -0.053432 1.965171 -54.631519 425.733551 -31.167643 -53.075867 424.198547 35.097984 -56.187172 427.268555
520 246 539 233 561 230 581 237 561 246 540 249 691 231 710 222 732 223 752 234 733 239 712 238 1332 181 -114.319229 27.195539 54.128803 -0.354881 -0.016857 -0.063296 -0.002365 -53.527916 425.024689 -33.136715 -51.569763 424.108124 33.131985 -55.486065 425.941254
521 251 539 239 561 236 581 242 562 251 540 254 692 237 711 228 733 229 752 239 733 244 712 243 975 440 -43.443119 78.512894 60.601208 -0.392270 -0.008449 -0.058546 0.095333 -51.546364 425.849548 -33.052147 -49.707249 425.199982 33.242813 -53.385479 426.499115
520 252 538 240 560 236 580 243 561 251 540 254 692 237 710 228 732 229 751 239 732 244 711 243 988 334 -45.970238 57.576416 58.023319 -0.372803 -0.010274 -0.061167 -0.172499 -51.445740 425.686005 -33.314201 -49.525558 424.978821 32.969204 -53.365921 426.393219
536 257 555 245 577 242 597 249 577 257 556 260 705 245 723 237 745 238 764 249 745 253 724 252 230 765 104.583664 143.054520 68.881500 -0.398356 -0.014574 -0.042782 5.900056 -49.137917 431.832947 -27.271296 -47.850204 431.082733 39.071407 -50.425629 432.583191
549 260 573 247 601 246 624 257 600 264 574 266 752 258 775 248 802 249 824 263 801 268 775 266 602 585 30.679493 107.328529 64.317169 0.284680 0.051474 -0.000064 16.966949 -36.522789 349.107391 -16.194181 -36.762283 350.793121 50.128078 -36.283295 347.421661
562 253 586 240 614 239 637 253 612 260 586 261 764 254 786 242 814 244 835 257 812 265 787 263 359 326 79.165421 56.308628 58.165035 0.266193 0.034843 0.008241 21.232525 -38.386669 352.011719 -11.951133 -38.810101 353.118622 54.416183 -37.963238 350.904846
562 253 585 242 611 242 633 254 609 261 585 261 763 254 784 243 809 243 830 254 809 262 785 262 685 580 14.170530 106.300110 64.151596 0.285207 0.033395 -0.003195 20.462746 -38.819389 354.094757 -12.723512 -38.871799 355.203491 53.649002 -38.766979 352.986023
561 241 585 227 614 227 636 243 611 252 584 252 764 244 785 229 813 229 835 244 812 254 787 254 645 14 22.443346 -5.438546 50.445053 0.258499 0.034714 0.002110 20.885841 -41.801079 349.970276 -12.299004 -42.018501 351.100922 54.070686 -41.583660 348.839600
554 242 577 229 605 229 627 243 603 252 577 253 755 245 776 230 803 231 825 245 803 255 778 254 887 82 -25.737226 7.868293 51.965168 0.269876 0.044765 -0.001366 18.108400 -41.908661 352.782288 -15.063321 -42.063183 354.256287 51.280121 -41.754139 351.308258
565 241 588 228 616 228 637 243 613 251 587 251 766 245 787 231 814 231 835 245 813 255 788 254 336 161 83.832893 23.740261 54.175365 0.261623 0.013843 0.009622 21.733562 -41.954811 352.663269 -11.466559 -42.330433 353.076111 54.933685 -41.579189 352.250427
550 247 573 235 600 234 622 247 598 255 573 256 751 248 772 236 798 236 819 248 798 257 773 256 1404 363 -128.744064 63.096317 58.504639 0.282391 0.067935 -0.008479 16.577105 -40.780701 353.980774 -16.550438 -40.819359 356.244415 49.704647 -40.742043 351.717133
563 252 584 243 608 242 629 251 607 258 584 259 758 251 778 242 802 243 822 252 801 259 779 258 202 724 110.176735 134.972824 67.902023 0.248852 0.008947 0.000465 19.680555 -40.723824 364.515259 -13.522931 -40.775887 364.807343 52.884045 -40.671764 364.223145
565 250 586 240 610 240 630 249 609 256 586 256 758 250 778 241 801 241 821 251 801 258 778 257 150 599 120.591087 110.316956 64.898003 0.206363 0.015595 0.003230 20.064083 -41.763401 368.493134 -13.136535 -41.923111 368.996246 53.264698 -41.603691 367.990051
556 249 579 236 606 235 628 246 605 254 579 255 753 249 776 239 801 241 822 255 800 260 776 258 644 379 22.438923 66.632355 59.298382 -0.212764 0.003812 0.022198 19.267897 -43.138058 375.072906 -13.928527 -43.856117 375.276642 52.464317 -42.419994 374.869171
559 253 580 244 604 242 625 250 603 257 580 259 753 251 773 243 796 244 816 254 796 259 774 258 812 868 -11.254892 163.103653 71.069023 -0.176203 0.029135 0.008946 18.915751 -43.281059 383.506409 -14.273683 -43.491539 384.494781 52.105183 -43.070576 382.518066
550 241 573 226 601 225 624 239 600 247 574 249 745 241 768 228 796 230 817 245 794 252 769 250 1057 59 -59.543655 3.242590 51.316574 0.282919 0.070529 0.003775 16.407299 -43.757534 360.669403 -16.715277 -44.210056 362.960632 49.529877 -43.305012 358.378143
560 250 581 239 606 238 628 246 606 253 582 255 752 249 774 242 798 244 818 256 797 260 773 257 80 757 134.428635 141.549255 68.767532 -0.295979 0.026472 0.031398 19.273861 -43.547695 382.178162 -13.903157 -44.445698 383.197296 52.450882 -42.649693 381.159058
554 249 576 236 602 235 624 244 601 252 576 254 748 247 770 238 796 241 816 254 794 258 770 256 600 524 31.111351 95.284874 62.838730 -0.326270 0.007197 0.024570 17.693851 -43.558712 377.310028 -15.500176 -44.321419 377.676666 50.887878 -42.796001 376.943420
555 241 578 227 605 226 627 238 603 246 578 248 750 241 772 230 799 233 821 247 798 253 773 251 524 179 46.422760 27.201214 54.511589 0.221747 0.006471 0.016512 18.643406 -45.815697 373.343109 -14.556207 -46.383175 373.495667 51.843021 -45.248222 373.190552
555 237 578 223 605 222 628 235 603 243 578 245 750 239 772 227 799 229 821 245 798 251 773 248 326 61 85.877975 3.999902 51.755280 0.289442 0.055515 0.021618 17.815750 -44.696316 361.637054 -15.330565 -45.668575 363.350555 50.962063 -43.724052 359.923523
559 248 581 238 605 237 627 245 605 251 581 253 750 248 772 241 796 244 816 255 794 259 772 256 123 771 125.866554 144.292282 69.084145 -0.302585 0.019897 0.033196 18.935049 -44.190075 384.194458 -14.245088 -45.176132 385.010406 52.115189 -43.204021 383.378479
557 238 580 224 607 224 629 237 605 246 580 246 754 239 775 226 802 227 823 242 801 250 776 248 385 33 74.156303 -1.558036 51.044670 0.305428 0.032743 0.011752 18.665615 -44.708702 360.947845 -14.519264 -45.257545 361.958923 51.850494 -44.159859 359.936798
555 243 577 231 603 230 626 240 602 247 578 249 749 243 771 234 796 237 817 250 795 254 771 252 662 306 18.898733 52.209347 57.518215 -0.292565 0.003004 0.025840 18.208462 -45.597752 379.730591 -14.985196 -46.428997 379.953552 51.402119 -44.766502 379.507629
553 242 575 230 601 229 622 239 599 248 575 249 747 241 768 230 793 232 814 244 792 251 769 249 942 230 -36.761204 37.064095 55.525433 0.322554 0.060395 0.001346 16.543356 -44.399509 366.094849 -16.601412 -44.763924 368.057312 49.688122 -44.035091 364.132416
548 259 577 242 610 243 636 263 606 271 576 270 768 271 793 254 823 257 845 276 820 284 793 282 324 144 86.229607 20.389505 53.769447 -0.020938 -0.133878 0.025164 20.538797 -31.901644 326.754700 -12.358418 -32.781040 322.332092 53.436016 -31.022247 331.177307
564 255 589 245 617 244 642 255 616 261 589 261 772 265 794 258 819 262 839 275 817 278 793 274 454 782 60.012367 146.300171 69.174255 -0.299390 -0.094618 0.048348 23.366209 -36.485817 356.594635 -9.652732 -38.530693 353.743744 56.385151 -34.440945 359.445557
528 261 552 251 578 250 602 258 578 264 552 266 735 260 757 253 781 256 802 266 780 270 757 268 657 765 19.637686 142.842834 68.653572 -0.284672 -0.049114 0.005939 10.579487 -37.198608 359.495880 -22.584974 -37.623585 357.915558 43.743950 -36.773628 361.076202
518 255 543 241 573 240 598 252 572 261 544 263 729 254 752 243 780 244 802 259 779 266 753 264 819 369 -12.369432 64.571060 58.962429 0.300894 0.069643 -0.007603 8.213548 -36.539753 337.649445 -24.910429 -36.636425 339.962982 41.337524 -36.443081 335.335876
518 259 543 246 572 244 597 255 571 262 544 264 727 257 751 248 777 250 799 263 776 268 751 266 810 463 -10.631373 83.136124 61.247128 -0.260728 -0.066089 -0.001374 8.454061 -37.793102 354.768951 -24.678644 -38.032398 352.594971 41.586765 -37.553810 356.942963
520 254 545 239 575 238 599 253 573 261 545 263 731 254 754 241 782 242 804 257 781 265 755 264 351 180 80.838257 27.484434 54.628189 0.226134 0.026625 -0.005617 8.920196 -36.665241 336.539703 -24.272377 -36.579876 337.437164 42.112770 -36.750607 335.642242
516 254 541 239 571 238 596 252 570 261 541 262 727 254 750 241 779 242 801 257 777 265 751 263 849 212 -18.250061 33.556042 55.138500 0.269064 0.065622 -0.010541 7.676237 -36.662685 336.313538 -25.455706 -36.608391 338.511505 40.808178 -36.716976 334.115540
519 266 543 255 570 253 595 261 570 269 544 271 725 263 747 256 773 258 794 269 771 273 747 271 721 827 6.871192 155.053192 70.123177 -0.281225 -0.059571 -0.003939 7.772594 -35.970997 359.710602 -25.373451 -36.118240 357.741455 40.918640 -35.823753 361.679779
525 266 549 255 576 254 600 262 575 269 549 270 731 264 754 256 779 259 800 270 778 274 754 271 133 723 123.903931 134.809570 67.914597 -0.263173 -0.046365 0.002914 9.639506 -35.749729 358.394714 -23.529688 -36.046734 356.886078 42.808701 -35.452728 359.903320
518 263 542 253 568 251 592 259 568 266 543 268 726 259 747 252 772 253 793 264 771 268 748 267 861 230 -20.647331 37.104252 55.568672 0.234952 0.035362 -0.016644 7.130506 -35.441616 345.806396 -26.049067 -35.031452 347.034149 40.310078 -35.851784 344.578674
510 257 536 242 566 240 592 254 565 263 537 265 721 255 745 242 774 244 797 260 773 267 746 265 812 185 -10.874360 28.243151 54.503387 0.264092 0.061649 -0.012091 6.116531 -35.923710 335.999786 -27.023157 -35.795803 338.074493 39.256218 -36.051620 333.925110
502 262 526 249 554 247 579 257 554 266 527 268 711 256 734 246 761 248 783 260 760 266 735 264 1079 443 -64.134209 79.053696 60.618458 0.277482 0.042729 -0.024105 2.538213 -35.631268 339.880981 -30.626904 -35.036980 341.391418 35.703331 -36.225552 338.370544
508 268 531 257 558 255 581 263 557 271 532 273 715 261 737 253 762 255 783 265 761 270 737 269 628 697 25.444736 129.430389 67.019768 -0.239301 -0.039618 -0.022572 3.804596 -36.355206 360.130676 -29.365870 -35.769726 358.738892 36.975060 -36.940685 361.522430
504 254 529 238 559 236 584 250 558 260 529 262 714 250 737 235 766 236 789 252 765 260 738 259 621 11 27.219498 -6.019007 50.385101 0.236488 0.025872 -0.021262 3.761894 -37.645767 337.433563 -29.424389 -37.047569 338.367554 36.948177 -38.243965 336.499542
504 267 527 255 555 253 579 262 554 271 528 273 712 261 735 251 761 252 782 263 760 270 735 269 693 543 12.599651 98.990379 63.249920 0.290109 0.030132 -0.025392 2.731101 -34.355576 342.121216 -30.448118 -33.668522 343.228943 35.910320 -35.042629 341.013489
499 258 524 242 554 240 579 253 553 263 525 265 708 253 732 239 761 240 785 256 760 263 733 262 750 204 1.449131 32.025497 54.997311 0.254756 0.041228 -0.023671 2.209015 -36.541882 337.033875 -30.958487 -35.938072 338.487122 35.376514 -37.145691 335.580627
514 264 538 251 566 250 591 260 565 268 539 270 721 261 744 251 771 253 793 266 770 271 745 269 128 586 124.974945 107.760971 64.594437 0.277969 0.039335 -0.009213 6.096174 -34.720211 343.133118 -27.081720 -34.598652 344.464355 39.274067 -34.841770 341.801849
490 264 513 250 542 247 566 258 542 267 515 269 696 256 719 244 746 245 769 258 745 264 720 263 1378 325 -123.550545 55.605988 57.596855 0.219376 0.031764 -0.038718 -1.778274 -35.952366 343.186005 -34.941624 -34.792782 344.372253 31.385075 -37.111950 341.999756
491 268 515 255 542 253 567 261 542 269 516 272 697 259 720 250 747 251 770 263 746 268 721 266 1036 604 -55.669632 110.864975 64.546341 -0.243070 -0.053366 -0.033955 -1.499847 -36.640656 357.548309 -34.638584 -35.739235 355.658569 31.638891 -37.542080 359.438049
493 261 517 247 546 245 570 256 545 266 518 268 702 254 725 242 753 243 776 256 753 264 727 263 616 280 28.064308 47.098373 56.912159 0.274867 0.024065 -0.027146 -0.128057 -36.017368 338.415710 -33.311161 -35.236626 339.327698 33.055046 -36.798115 337.503754
638 312 657 300 680 300 699 314 679 321 658 321 792 314 809 298 833 296 852 308 833 318 812 319 25 403 145.567383 71.678108 60.210896 0.044242 0.343842 -0.024391 43.946903 -22.947582 431.963074 12.695054 -22.403923 443.169586 75.198753 -23.491241 420.756561
613 319 627 311 645 310 660 319 645 324 628 324 756 317 772 308 791 308 808 315 791 321 773 321 1078 711 -64.084587 131.971634 67.119125 -0.003357 0.175074 -0.016915 32.831200 -23.360386 480.211426 0.138692 -22.791872 485.993835 65.523705 -23.928900 474.429016
598 287 614 277 634 277 652 286 634 292 615 293 750 284 767 274 788 274 806 283 788 290 768 290 493 134 52.614868 18.331190 53.436695 -0.247837 0.093472 -0.002050 28.630760 -37.606255 467.926514 -4.429775 -37.156612 470.985687 61.691292 -38.055901 464.867340
566 220 583 211 603 210 620 220 603 227 583 228 721 220 738 210 759 210 777 219 759 226 739 226 152 651 120.164246 120.583527 66.158157 -0.192667 0.014109 -0.007195 15.194396 -65.471230 459.853790 -18.006266 -65.188812 460.296417 48.395058 -65.753639 459.411163
617 333 633 324 652 323 669 330 652 336 634 338 764 331 780 324 799 325 815 334 799 338 781 337 714 311 8.551238 53.170834 57.611729 -0.489765 0.061583 0.019528 37.581245 -17.670193 495.716888 4.444329 -17.801910 497.835144 70.718163 -17.538475 493.598633
613 290 630 279 650 278 666 288 648 295 630 296 762 294 778 286 798 289 813 302 796 306 778 303 206 178 109.685196 27.161415 54.657078 -0.462958 0.000243 0.064478 36.135059 -35.415234 491.461426 2.998024 -37.477268 491.955841 69.272095 -33.353199 490.967041
590 293 607 282 627 281 643 290 625 297 607 298 741 292 758 284 777 286 793 297 777 302 758 300 468 344 57.471287 59.808746 58.543430 -0.458031 0.006757 0.026512 25.662687 -35.268856 484.527191 -7.529914 -36.068138 484.941864 58.855289 -34.469570 484.112518
582 300 597 291 616 291 633 298 616 304 598 306 730 297 746 290 764 290 780 299 764 304 746 303 992 417 -46.812229 73.963043 60.034286 -0.450702 0.011024 -0.007251 21.069643 -33.355053 495.004578 -12.132328 -33.041275 495.304993 54.271614 -33.668831 494.704132
575 305 591 295 609 293 625 300 609 307 592 309 723 299 739 292 757 293 773 303 757 307 739 306 948 691 -38.211670 128.087021 66.703430 -0.508336 0.014338 -0.010413 17.820282 -31.752518 494.561035 -15.379429 -31.303057 494.930847 51.019993 -32.201981 494.191193
582 304 597 298 614 297 630 303 614 307 598 308 719 301 733 295 750 296 764 302 749 306 733 306 126 740 125.287010 138.169754 68.330658 -0.295298 0.005942 -0.011776 18.958654 -34.134377 534.755798 -14.243292 -33.720119 534.892944 52.160599 -34.548630 534.618713
579 311 594 303 612 301 627 307 612 314 595 315 723 306 739 300 756 301 772 309 756 313 739 312 1145 624 -77.364876 114.759995 64.973244 -0.515679 0.019116 -0.009694 18.716793 -29.222689 504.398224 -14.480560 -28.754854 504.923981 51.914146 -29.690523 503.872467
581 304 596 294 615 293 631 302 615 308 597 310 727 301 743 293 762 294 778 304 762 309 744 308 148 149 121.239677 21.464027 53.984665 -0.470510 0.036427 0.006155 20.295988 -31.531296 497.280151 -12.886584 -31.448860 498.492493 53.478558 -31.613731 496.067810
576 311 591 302 610 300 626 307 610 314 592 316 721 306 737 298 755 299 771 307 755 312 737 312 1421 563 -132.237427 102.578522 63.346409 -0.496225 0.013094 -0.018804 17.792116 -29.335365 501.556000 -15.404158 -28.630667 501.821381 50.988388 -30.040064 501.290619
583 311 598 305 616 304 632 310 616 315 599 316 722 309 738 303 755 304 769 310 754 315 737 314 1116 768 -71.675941 143.207626 68.481331 -0.439176 0.013792 -0.003340 20.266014 -29.604240 526.923706 -12.935510 -29.397911 527.343140 53.467537 -29.810568 526.504333
583 311 598 303 616 301 632 307 616 314 599 316 727 307 743 301 762 302 777 310 761 314 744 313 669 553 17.368561 100.976807 63.505272 -0.523583 0.032476 0.000383 20.706755 -28.802547 501.290863 -12.480943 -28.538790 502.323700 53.894455 -29.066307 500.258026
584 314 600 304 618 303 634 309 618 316 600 318 730 309 746 303 764 304 780 314 764 318 746 316 176 473 115.488937 85.424973 61.828091 -0.524016 0.041674 0.012020 21.658045 -27.512173 500.464142 -11.516248 -27.538876 501.887238 54.832340 -27.485472 499.041077
584 307 599 297 618 295 634 303 617 310 600 311 729 303 745 295 764 296 780 305 764 310 746 309 71 107 136.581207 13.209168 53.007088 -0.469052 0.045020 0.006465 21.430906 -30.761158 497.389008 -11.740194 -30.623812 498.878571 54.602009 -30.898502 495.899414
588 315 604 306 622 304 638 311 622 318 604 320 733 312 749 305 768 306 784 316 767 320 750 319 178 463 115.096634 83.449448 61.584480 -0.545274 0.043247 0.014515 23.441669 -26.505163 499.876862 -9.729448 -26.581591 501.370453 56.612785 -26.428734 498.383301
587 318 602 308 621 306 637 313 620 320 603 322 732 312 748 306 767 307 782 317 766 321 748 319 541 658 42.773960 121.772850 66.120293 -0.563468 0.037385 0.005494 22.836592 -25.900600 499.974518 -10.345140 -25.732933 501.200989 56.018322 -26.068266 498.748047
588 317 604 307 623 305 639 312 622 319 605 321 733 312 749 305 768 306 784 316 768 320 750 319 542 343 42.750526 59.574608 58.479675 -0.526300 0.036123 0.004412 23.757099 -26.336025 501.410034 -9.426232 -26.167456 502.592285 56.940430 -26.504595 500.227783
591 314 605 308 621 307 635 312 621 317 606 318 719 310 733 305 749 305 762 310 748 315 733 314 1388 567 -125.674744 103.384697 63.461040 -0.286866 0.034948 -0.015033 21.683342 -31.050138 564.660400 -11.497608 -30.392622 565.733643 54.864292 -31.707655 563.587219
577 313 592 304 610 303 627 310 611 315 593 317 718 307 733 300 751 300 766 308 750 313 733 312 1114 342 -71.040726 59.093575 58.150097 -0.467611 0.028023 -0.019525 17.515594 -29.768686 520.261902 -15.670204 -28.930260 521.009827 50.701393 -30.607115 519.513916
576 312 592 304 610 302 627 310 610 315 593 317 717 307 733 300 751 300 766 308 750 313 733 313 580 133 35.307930 18.090605 53.366005 -0.464457 0.034602 -0.012195 17.466722 -29.821772 522.188416 -15.716146 -29.169310 523.203918 50.649590 -30.474232 521.172913
372 457 387 444 408 441 425 451 408 460 389 463 517 441 531 427 551 425 567 435 552 445 534 446 167 126 117.472694 16.913185 53.416676 0.195570 -0.092238 -0.087902 -79.575172 37.091728 507.445068 -112.511665 40.282207 504.694153 -46.638668 33.901245 510.195953
371 457 386 443 407 441 424 451 408 460 389 463 516 440 530 426 550 424 567 434 552 444 533 445 131 834 124.239960 156.727875 70.607887 0.182122 -0.102063 -0.092136 -80.151741 36.793041 508.510925 -113.044037 40.133190 505.428650 -47.259457 33.452892 511.593170
