598 345 613 335 632 334 647 345 631 350 614 351 736 342 751 330 771 329 787 338 771 345 753 346 495 559 30.316305 132.101715 2.142410 -0.032310 0.483458 -0.031646 18.803068 -7.133629 424.342072 -10.580579 -5.869359 439.755157 48.186714 -8.397899 408.929016
615 354 630 345 648 345 663 355 648 360 631 360 751 353 766 343 785 342 801 350 785 357 768 358 467 772 36.208885 179.798584 3.568600 -0.041285 0.493345 -0.020561 26.065235 -2.588432 432.276154 -3.173856 -1.602019 447.981628 55.304329 -3.574844 416.570679
602 366 615 357 632 356 647 366 632 371 616 371 728 363 742 352 760 351 775 359 761 366 744 367 949 640 -71.418732 149.377151 4.211510 -0.041104 0.458505 -0.042669 18.944208 2.036591 464.182343 -10.802365 3.710829 478.841736 48.690781 0.362352 449.522949
606 377 620 368 637 368 651 378 637 383 621 383 733 376 747 365 765 363 780 371 765 379 749 379 875 674 -54.919048 157.119843 4.210701 -0.051088 0.461035 -0.039048 21.034298 7.835168 463.948761 -8.680019 9.469455 478.677917 50.748615 6.200881 449.219604
618 381 631 372 649 372 662 382 648 387 632 387 739 380 752 369 769 368 783 377 769 384 753 384 545 405 19.397366 97.561401 1.209041 -0.056131 0.461756 -0.031543 26.392212 10.416377 491.240967 -3.320093 11.848782 505.995178 56.104519 8.983972 476.486755
634 370 648 361 666 361 679 372 664 377 648 377 756 371 769 360 787 359 800 368 787 376 771 376 90 53 121.830841 19.669233 -2.794942 -0.044722 0.529236 -0.016656 33.804596 5.523561 478.264587 5.146060 6.434741 495.010254 62.463131 4.612381 461.518921
626 377 639 368 657 368 670 379 656 384 640 384 746 378 760 367 777 366 791 375 777 382 761 383 604 110 6.711432 31.464809 -0.699757 -0.044761 0.496974 -0.025239 29.833134 9.103507 485.739777 0.654598 10.268844 501.545319 59.011669 7.938170 469.934265
615 387 628 379 644 379 658 388 644 392 629 392 735 386 748 377 764 376 778 383 764 389 749 390 1039 751 -91.752769 174.039047 5.298404 -0.056880 0.448274 -0.031936 24.751740 13.560863 497.577576 -5.156847 15.001534 511.928894 54.660328 12.120194 483.226227
625 377 638 369 655 370 668 381 654 385 638 385 747 381 760 371 777 370 790 378 777 385 761 386 125 389 113.410255 94.762352 -0.285043 -0.032891 0.491994 -0.011603 29.248676 9.901620 481.675568 -0.016015 10.534714 497.351562 58.513367 9.268526 465.999573
631 389 644 381 661 382 674 391 660 395 645 395 751 390 764 380 781 380 794 387 780 393 765 394 204 739 95.119110 172.905365 2.469218 -0.073067 0.480696 -0.019820 32.551033 15.117509 494.570465 3.113800 16.321672 509.885773 61.988270 13.913346 479.255157
631 386 644 378 661 378 674 388 660 393 644 393 752 388 765 378 782 377 795 385 782 392 766 392 337 621 65.563919 146.263580 2.065167 -0.056685 0.494987 -0.017329 32.388828 13.791827 488.887756 3.173130 14.799943 504.635315 61.604527 12.783711 473.140167
627 408 641 399 658 400 671 409 657 414 641 414 747 409 760 399 777 399 790 406 776 413 761 413 202 556 95.887192 131.974747 1.158284 -0.092350 0.477240 -0.017931 30.977156 24.903196 498.505981 1.484929 26.192804 513.708130 60.469383 23.613590 483.303833
624 399 638 390 655 390 669 401 654 405 638 405 745 400 758 389 776 388 789 397 775 404 759 404 604 324 6.336604 79.333374 0.825563 -0.068630 0.486353 -0.025503 29.383919 19.944838 490.088226 0.038285 21.300995 505.565765 58.729553 18.588680 474.610687
625 390 638 381 656 381 669 392 654 397 639 397 745 391 758 380 775 379 789 388 775 395 759 395 373 116 58.392597 33.235870 -1.416014 -0.061005 0.499973 -0.027573 29.347569 15.555234 490.151581 0.217999 16.928198 506.030609 58.477135 14.182270 474.272583
625 389 639 380 656 380 670 391 655 396 639 396 746 390 759 379 777 378 791 386 777 394 761 394 383 2 56.354538 7.717226 -2.195709 -0.064552 0.498847 -0.025914 29.564949 14.857294 485.308075 0.415919 16.205256 501.153473 58.713978 13.509334 469.462677
616 395 630 386 647 386 661 396 646 401 630 401 737 395 750 384 768 383 782 391 768 398 752 399 677 391 -10.116213 94.184700 1.542981 -0.087425 0.409230 -0.031830 25.698681 17.616478 490.585724 -4.749738 19.227947 503.733215 56.147099 16.005009 477.438232
616 392 629 382 647 382 661 393 646 399 630 399 737 392 750 380 769 379 783 388 768 396 752 396 836 111 -45.205769 31.257689 0.069679 -0.053279 0.527186 -0.035448 24.775509 15.670362 477.650055 -3.902133 17.248343 494.313263 53.453152 14.092383 460.986847
613 399 626 391 643 390 656 399 642 404 627 404 732 398 745 388 762 387 776 394 762 401 747 401 1042 677 -92.294472 157.480789 4.780814 -0.059046 0.502266 -0.040964 23.291948 19.268507 491.000275 -5.786375 21.052984 506.932190 52.370274 17.484028 475.068329
624 395 637 386 654 386 668 396 653 400 638 401 744 394 757 384 774 383 788 391 774 398 758 398 177 570 101.457008 135.152756 1.175926 -0.071916 0.506834 -0.031363 28.831352 17.424404 489.725586 -0.185323 19.012737 505.790131 57.848026 15.836071 473.661041
611 391 624 381 642 381 656 392 641 397 625 397 732 390 745 379 763 378 778 386 763 394 747 395 1143 169 -114.005814 43.661335 1.491828 -0.041514 0.526529 -0.039692 22.266071 14.898237 476.399261 -6.417055 16.509928 493.049805 50.949200 13.286548 459.748718
645 356 660 345 681 344 697 356 680 362 662 362 788 351 804 338 824 336 841 345 825 354 806 355 523 520 24.118956 123.326019 1.956434 -0.046500 0.489868 -0.051631 39.660881 -2.744148 412.846283 10.402912 -0.728308 428.417633 68.918846 -4.759988 397.274902
682 371 696 362 714 362 728 372 713 376 697 377 807 370 821 360 838 359 851 367 837 374 822 374 157 659 105.776588 155.097855 1.744572 -0.050317 0.569397 -0.026750 57.234295 5.375813 471.763153 29.278469 6.679189 489.633057 85.190117 4.072436 453.893280
663 378 677 369 695 369 710 379 695 384 678 384 791 377 805 366 823 365 837 373 823 380 806 381 788 781 -35.638168 181.215683 4.687495 -0.053508 0.518123 -0.036750 48.427849 8.440437 464.527039 19.601538 10.055922 480.928070 77.254158 6.824953 448.126038
676 367 691 358 710 358 724 368 709 373 692 374 805 367 819 356 837 355 851 364 837 371 820 371 234 367 89.057480 89.638885 -0.083698 -0.045122 0.568437 -0.025607 53.927586 3.570287 455.982910 25.953871 4.789542 473.830750 81.901299 2.351032 438.135101
688 366 703 357 721 357 735 367 719 372 703 372 816 367 830 357 847 356 861 365 846 371 831 371 98 707 118.895149 165.944275 1.892837 -0.049743 0.570905 -0.013936 59.582989 3.468444 461.240051 31.646019 4.364969 479.164368 87.519958 2.571919 443.315735
658 363 673 352 692 352 707 363 691 369 674 370 789 361 803 349 822 348 837 357 822 365 805 366 1201 215 -127.065247 53.843136 2.010278 -0.017950 0.554038 -0.042637 45.204857 1.058481 446.110687 16.995781 2.563311 463.561859 73.413933 -0.446349 428.659546
655 366 670 356 688 356 703 366 688 372 671 373 785 364 799 352 818 350 833 359 818 367 801 368 1187 524 -124.473648 122.987755 4.166725 -0.028094 0.505912 -0.049564 44.584057 2.330603 454.828491 15.577498 4.137118 470.888245 73.590622 0.524089 438.768738
667 363 682 353 701 353 716 364 700 370 683 370 798 362 812 350 831 349 846 358 831 366 814 367 382 256 56.133423 64.535042 -0.388569 -0.039808 0.536455 -0.035077 49.845867 1.505197 451.008240 21.324303 2.960358 467.948212 78.367432 0.050035 434.068268
666 368 681 359 700 359 715 369 699 375 682 375 797 367 811 356 830 355 845 363 830 371 813 372 522 430 24.500368 103.196236 1.311659 -0.043958 0.536136 -0.034656 49.400749 3.791652 451.054199 20.873182 5.269374 467.982117 77.928314 2.313930 434.126312
675 369 689 359 707 359 722 369 707 374 690 374 804 367 818 356 836 356 851 364 836 371 820 371 35 446 133.450027 107.679520 -0.174490 -0.059115 0.548734 -0.028789 53.255695 3.901432 455.180603 24.937471 5.334415 472.460175 81.573921 2.468449 437.901001
673 374 688 365 706 365 721 375 705 380 688 380 804 373 818 362 836 361 851 369 836 376 819 377 666 683 -8.166152 159.521103 3.588115 -0.052048 0.535605 -0.034911 52.690556 6.464518 453.601837 24.153971 8.020082 470.507568 81.227142 4.908953 436.696136
673 366 688 356 707 356 723 367 706 373 689 373 805 365 819 353 838 352 853 361 838 369 821 369 378 311 56.932182 76.845131 -0.009690 -0.037121 0.564157 -0.036300 52.198727 2.762370 445.398468 24.159470 4.242751 463.123260 80.237984 1.281989 427.673676
663 368 677 358 697 358 712 369 696 375 678 375 795 366 809 353 828 352 843 360 828 369 811 370 989 396 -79.942299 94.723763 2.603793 -0.026515 0.540194 -0.053146 47.600449 3.235957 445.024078 19.168064 5.147071 462.068359 76.032829 1.324843 427.979828
662 368 676 359 695 358 710 368 695 374 678 374 792 365 806 354 825 352 840 361 825 368 808 369 989 561 -80.231300 131.631760 3.779857 -0.031619 0.518207 -0.051239 47.807419 3.199380 455.762238 19.003391 5.090545 472.172943 76.611443 1.308215 439.351532
681 353 695 343 713 343 726 352 712 358 696 359 802 350 814 340 831 339 844 348 831 355 816 355 171 98 103.626373 29.584642 -2.208046 -0.007557 0.566464 -0.038760 57.630146 -3.964827 488.400513 29.635403 -2.676696 506.210480 85.624886 -5.252959 470.590546
672 360 686 350 704 350 719 360 704 366 687 367 796 357 809 346 827 345 841 353 827 361 811 362 723 58 -19.826532 19.612223 -0.679384 -0.012743 0.574790 -0.050596 52.212303 -0.489764 470.361603 24.383408 1.216808 488.394897 80.041199 -2.196335 452.328308
671 365 685 355 703 354 717 364 702 370 686 371 795 361 808 350 826 349 839 357 826 365 810 366 781 249 -33.139938 62.228329 0.872577 -0.018640 0.562709 -0.052263 51.807583 1.474613 473.003998 23.765348 3.288544 490.693054 79.849815 -0.339318 455.314972
666 368 679 358 697 358 712 367 697 373 680 374 790 364 803 353 821 351 835 359 821 367 805 368 884 412 -56.474106 98.497696 2.372825 -0.023568 0.523695 -0.058061 49.816025 2.807596 476.452728 21.114630 4.847567 493.024658 78.517418 0.767626 459.880829
667 369 681 359 698 359 713 368 698 374 681 374 791 365 804 354 821 353 835 361 822 368 806 369 917 437 -63.902420 104.028542 2.659448 -0.024666 0.543321 -0.054434 50.082985 3.340386 475.271729 21.706337 5.276213 492.405853 78.459633 1.404558 458.137634
670 371 683 363 701 362 715 371 700 376 684 377 793 368 806 358 823 357 837 364 823 371 808 372 513 648 26.132496 151.976242 2.835917 -0.041795 0.525200 -0.049722 51.848984 4.790548 480.692078 23.157906 6.721564 497.294891 80.540062 2.859532 464.089294
609 396 624 386 643 386 659 396 642 401 625 402 746 393 761 381 780 380 796 388 780 396 763 397 718 530 -19.534389 125.200760 2.668444 -0.114621 0.345984 -0.046740 24.664904 15.431826 440.918488 -6.538924 17.600149 452.062042 55.868732 13.263500 429.774902
610 394 625 385 643 385 658 396 642 401 625 401 748 394 763 383 782 382 797 390 782 398 764 399 833 557 -45.315632 131.026703 3.238760 -0.069385 0.406524 -0.035608 24.487309 15.337620 433.987396 -5.991968 16.948137 447.063293 54.966587 13.727102 420.911469
598 389 614 378 633 377 649 388 633 394 615 395 736 384 751 371 771 370 787 380 771 388 753 388 1270 194 -142.468842 49.017624 2.087318 -0.084583 0.365210 -0.057538 20.083416 11.824511 436.953094 -10.879098 14.196325 448.711365 51.045933 9.452696 425.194824
654 371 670 361 689 362 704 373 687 378 670 378 785 373 799 362 818 362 832 372 817 379 801 378 64 91 127.582397 28.217539 -2.609522 -0.081175 0.364414 -0.003788 45.760395 6.379529 464.841766 14.735086 6.987853 476.657837 76.785698 5.771204 453.025665
653 383 668 374 686 374 700 383 685 388 668 388 784 382 798 372 815 372 829 380 815 386 799 386 487 671 31.910320 157.169281 2.914422 -0.061526 -0.320649 0.001463 44.742889 10.443398 449.740356 13.229991 10.071053 439.282898 76.255783 10.815742 460.197815
637 386 652 377 670 376 685 386 669 391 652 391 769 384 783 374 801 373 816 381 801 387 785 388 672 495 -9.179504 117.457214 2.267829 -0.088114 0.388677 -0.034857 37.072193 11.819657 459.061584 6.362129 13.507506 471.575714 67.782257 10.131807 446.547485
643 383 658 374 677 373 692 384 676 389 659 390 775 382 789 371 807 370 822 379 807 386 790 386 375 333 57.564968 81.771774 0.137261 -0.071718 0.436344 -0.036080 39.505215 10.679320 454.858734 9.431185 12.349500 468.834534 69.579247 9.009140 440.882935
649 384 665 375 684 376 700 385 683 389 666 389 780 384 795 374 814 373 830 381 814 386 797 387 159 217 106.103218 56.225422 -1.399284 -0.381410 0.114815 0.002130 45.899738 11.663538 481.729645 12.910981 12.312152 485.455322 78.888496 11.014925 478.003937
632 392 647 382 666 382 682 392 666 398 648 398 766 390 781 378 800 377 815 386 800 393 783 394 786 365 -34.461983 88.166489 1.715815 -0.119895 0.231845 -0.037374 36.562626 14.811267 463.694122 4.268129 16.496752 471.229645 68.857124 13.125782 456.158600
656 390 670 382 688 381 703 390 687 395 671 395 787 389 801 380 818 379 832 387 818 393 802 393 343 776 63.949791 180.923584 3.189670 -0.080523 -0.203599 -0.001010 47.040939 14.034450 462.639496 14.521613 13.796601 455.931549 79.560265 14.272298 469.347412
644 391 658 382 676 381 691 391 675 396 659 397 775 390 790 380 807 379 822 387 807 394 791 394 694 648 -14.370506 151.640137 3.430649 -0.043896 -0.401308 0.005334 39.689049 13.580086 435.097351 9.122367 13.119223 422.134888 70.255730 14.040949 448.059814
639 385 655 374 675 374 690 386 674 393 655 393 774 385 789 372 809 370 824 380 809 389 791 390 431 37 45.552109 15.457064 -1.788522 -0.060684 0.473793 -0.039054 37.372829 11.335768 437.225983 7.848972 13.051745 452.324219 66.896683 9.619790 422.127747
658 385 674 375 693 375 708 386 691 391 674 391 792 385 806 374 825 374 840 383 825 390 808 390 95 329 120.228554 81.396973 -0.811278 -0.045270 -0.289451 0.009618 47.419327 11.527091 441.867889 15.597094 10.996284 432.400909 79.241562 12.057899 451.334839
625 405 640 395 658 394 673 403 658 409 641 410 761 400 775 389 794 387 809 395 794 402 777 403 1179 704 -122.998734 163.265884 5.423418 -0.089097 -0.329656 -0.028387 32.258198 18.382267 432.187134 0.853288 18.823624 421.412323 63.663109 17.940910 442.961945
628 405 643 395 663 394 679 406 662 411 644 412 768 402 783 389 802 387 818 396 802 404 785 406 798 407 -37.220829 97.538971 2.054607 -0.128328 0.298428 -0.050650 34.070236 19.523533 440.844421 2.372957 21.805319 450.469177 65.767517 17.241747 431.219696
635 402 651 393 670 393 685 402 669 408 652 408 772 399 787 389 805 387 821 395 806 403 789 403 569 533 13.802607 126.148499 2.200241 -0.080789 0.478860 -0.054523 35.249695 18.060257 430.681732 5.825142 20.429102 445.885132 64.674248 15.691412 415.478302
628 400 643 390 662 390 677 400 661 405 644 406 766 397 780 386 799 384 814 393 799 400 782 401 876 606 -55.023716 141.907425 3.729305 -0.071837 -0.263531 -0.018026 34.404121 17.113129 438.447052 2.350501 17.391874 429.784058 66.457741 16.834381 447.110046
630 394 645 384 665 383 681 394 664 400 646 401 768 391 782 379 802 378 817 387 802 395 784 396 175 301 102.375717 74.985245 -0.747987 -0.075698 0.532374 -0.048007 32.448704 14.264293 423.563080 3.873537 16.435026 440.335327 61.023869 12.093559 406.790863
639 397 654 388 673 387 688 398 672 403 655 403 774 395 788 384 807 383 822 392 807 399 790 400 313 409 71.305809 98.886948 0.475243 -0.082056 0.578329 -0.042825 35.408714 15.921661 424.931519 7.629470 18.029356 442.998901 63.187954 13.813967 406.864105
637 400 652 390 671 389 686 400 670 405 653 406 772 397 787 386 806 384 821 393 806 401 788 402 696 446 -14.464243 106.452087 1.997433 -0.080358 0.500692 -0.047584 35.751759 17.139202 434.814301 6.656626 19.305462 450.668030 64.846886 14.972941 418.960602
598 396 611 387 628 387 641 397 627 402 611 402 717 395 731 384 748 383 762 391 748 398 732 399 1247 638 -138.099731 148.376419 5.176427 -0.054160 0.426229 -0.041506 16.128752 17.919992 496.139099 -14.078263 19.633118 509.819794 46.335766 16.206867 482.458405
591 392 605 382 622 382 636 393 622 398 606 399 711 391 724 379 743 377 757 386 743 394 726 395 921 124 -64.249283 34.007751 0.441633 -0.057563 0.441107 -0.044043 13.059771 15.724132 490.852295 -16.936384 17.552933 504.974823 43.055923 13.895330 476.729767
600 390 614 380 631 380 645 391 630 396 615 396 720 389 734 377 751 376 765 385 751 393 735 393 732 104 -21.921064 29.885014 -0.321939 -0.051171 0.455335 -0.038924 17.496252 14.798270 491.695099 -12.301897 16.425726 506.254700 47.294399 13.170814 477.135529
601 393 614 384 631 384 645 394 630 399 615 399 721 392 734 381 751 380 765 388 751 396 736 396 582 324 11.259621 79.374222 0.753275 -0.058307 0.429765 -0.038350 17.762285 16.551640 496.453186 -12.400198 18.194677 510.240295 47.924767 14.908603 482.666077
598 394 611 385 628 385 642 394 628 400 612 400 717 392 730 381 747 380 761 388 748 395 732 396 1268 406 -142.392609 96.442528 3.591811 -0.045849 0.427718 -0.049252 16.388691 16.849125 500.172638 -13.786333 18.754450 513.898438 46.563717 14.943801 486.446869
598 397 610 388 627 388 640 397 627 402 611 403 716 395 729 384 746 383 760 391 746 398 731 398 1216 658 -131.197784 152.907669 5.217120 -0.053760 0.415036 -0.051392 15.918325 18.437838 504.652771 -14.425564 20.459166 517.984009 46.262215 16.416510 491.321503
602 393 615 384 632 384 646 395 631 400 616 400 721 393 734 381 752 380 766 389 752 396 736 397 613 273 4.411971 67.908730 0.491624 -0.056155 0.443133 -0.039848 18.148685 16.754469 495.839508 -11.824320 18.439985 510.028839 48.121693 15.068953 481.650146
599 398 612 389 628 389 641 398 628 403 613 404 717 396 729 385 746 384 760 392 746 398 731 399 1063 737 -97.098808 170.862885 5.277476 -0.061057 0.412180 -0.050080 16.459604 19.041246 508.918915 -13.924713 21.067501 522.157043 46.843922 17.014992 495.680817
596 395 609 386 626 386 639 396 625 401 610 401 714 393 727 381 745 380 759 388 745 396 729 397 897 228 -59.060879 57.315544 1.104050 -0.054989 0.451070 -0.054109 14.901899 17.204906 498.391022 -14.935698 19.344187 512.802856 44.739498 15.065626 483.979187
603 395 617 386 634 385 647 396 633 401 618 401 722 393 735 382 753 381 767 390 753 397 737 397 563 261 15.621664 65.317360 0.241802 -0.059792 0.446794 -0.042948 18.922461 17.401943 499.000305 -10.994238 19.215801 513.292297 48.839161 15.588086 484.708344
603 394 616 384 633 385 647 395 632 401 617 401 723 394 736 382 753 381 767 390 753 398 738 398 489 142 32.389336 38.836273 -0.849540 -0.051154 0.469801 -0.038368 18.471352 17.059616 491.123901 -11.113245 18.677990 506.113647 48.055946 15.441242 476.134186
605 395 618 386 636 385 649 396 635 401 619 401 724 394 737 382 755 381 769 390 755 397 739 398 399 261 52.320515 65.621895 -0.297072 -0.061267 0.445256 -0.040947 19.930532 17.546772 498.856415 -10.010930 19.306005 513.103271 49.871998 15.787539 484.609528
604 396 617 386 635 386 648 397 634 402 618 402 724 394 737 383 755 381 769 390 755 398 739 398 578 272 12.245794 67.750038 0.369493 -0.058206 0.448425 -0.046571 19.312788 17.734285 494.302765 -10.575226 19.653893 508.640869 49.200802 15.814676 479.964661
603 402 616 393 632 393 645 402 632 406 617 407 721 399 734 389 750 387 764 395 750 401 735 402 804 736 -39.139725 171.120148 4.419323 -0.070794 0.396520 -0.052627 18.677649 20.831926 511.024597 -11.907147 22.991419 523.770813 49.262447 18.672436 498.278381
597 401 610 392 627 391 641 401 627 406 611 406 716 397 729 387 746 385 760 393 746 400 731 401 1175 555 -121.842659 129.944275 4.348252 -0.051283 0.407639 -0.061434 15.918340 19.923599 504.934692 -14.505346 22.247450 518.032715 46.342026 17.599749 491.836670
607 400 620 392 636 392 649 401 635 405 621 405 724 398 737 388 753 387 766 394 753 401 738 401 192 699 97.874458 163.980255 2.144682 -0.083993 0.416305 -0.043486 20.417200 20.437258 512.908020 -9.922766 22.409504 526.255554 50.757164 18.465010 499.560486
596 396 609 387 626 386 640 396 626 402 610 402 715 393 728 381 745 380 759 388 746 396 730 397 1066 226 -96.875099 56.554356 1.645097 -0.048512 0.435016 -0.061713 15.207655 17.373606 497.695129 -14.843949 19.701406 511.625031 45.259258 15.045804 483.765228
606 402 619 394 635 393 648 402 634 406 620 407 723 399 736 389 752 388 766 395 752 402 738 402 421 796 46.460430 185.252441 3.588516 -0.084064 0.403716 -0.048443 20.035358 21.094881 512.786194 -10.463729 23.212996 525.742981 50.534447 18.976767 499.829376
617 385 630 376 647 376 661 386 647 391 631 392 735 385 748 374 765 373 778 381 765 388 749 389 242 101 87.733200 30.123854 -1.953370 -0.057590 0.455603 -0.033834 25.772612 13.020689 504.435272 -4.027759 14.532838 519.002747 55.572983 11.508540 489.867828
616 395 628 387 644 387 658 395 644 400 629 400 732 393 745 384 761 383 774 390 761 396 746 397 451 702 39.911869 164.170364 3.017090 -0.072472 0.411061 -0.041254 25.041937 18.166939 518.285889 -5.370595 19.984356 531.489441 55.454472 16.349522 505.082306
570 226 582 217 598 217 611 225 598 231 583 231 689 222 702 213 720 212 735 219 720 226 704 226 1171 406 -120.686584 96.622650 3.273087 0.042571 0.424068 -0.002382 1.792744 -66.862335 483.079285 -28.471231 -67.080811 496.739594 32.056721 -66.643852 469.419006
591 370 604 361 620 361 633 372 619 376 604 376 704 372 716 361 733 361 747 369 733 376 718 376 866 191 -52.059097 49.096767 0.738467 -0.047271 0.451039 -0.005521 11.058284 6.035433 519.934265 -18.826008 6.560479 534.398499 40.942574 5.510386 505.470062
587 382 599 374 615 374 628 384 615 388 600 388 701 384 714 373 731 372 744 381 730 387 715 388 845 460 -47.831013 109.306992 2.586806 -0.048399 0.439394 -0.018907 9.044703 12.234325 514.250977 -21.000843 13.189196 528.354614 39.090248 11.279456 500.147308
572 385 584 376 601 376 614 387 600 391 585 392 685 385 698 373 715 372 730 381 716 388 700 389 1256 199 -139.344772 50.162048 2.076955 -0.037861 0.465170 -0.036550 1.129870 12.970579 506.703735 -28.525810 14.427465 521.569092 30.785549 11.513692 491.838440
574 386 586 377 603 377 617 388 603 393 588 393 688 386 701 374 719 373 733 382 719 389 703 390 667 44 -7.270697 16.584623 -0.963177 -0.044956 0.455332 -0.037919 2.757646 13.496114 505.985260 -27.041626 15.045367 520.551086 32.556919 11.946860 491.419464
593 395 606 387 622 388 635 398 621 402 607 402 708 397 721 387 737 386 751 394 737 401 722 401 171 593 102.759361 140.308655 1.320147 -0.069299 0.423335 -0.019789 12.849712 19.536039 520.447266 -17.418776 20.652752 534.053528 43.118202 18.419327 506.840942
588 401 600 393 617 393 630 403 616 407 601 407 702 402 715 391 732 390 746 398 732 405 717 406 973 605 -76.727989 141.503616 4.040901 -0.051757 0.440712 -0.033342 9.825800 21.931665 516.910767 -20.189079 23.375103 531.038147 39.840679 20.488226 502.783356
616 385 629 376 645 376 658 387 644 391 629 391 729 387 742 376 758 375 771 384 758 391 743 391 131 239 112.330345 61.198486 -1.334478 -0.050685 0.479860 -0.016371 24.242117 13.953832 520.864319 -5.209051 14.872583 536.172607 53.693287 13.035080 505.556030
588 396 601 387 617 387 630 397 617 402 602 402 701 395 714 384 731 383 744 391 731 398 716 399 883 349 -56.139988 84.407410 1.920496 -0.048645 0.443336 -0.047663 9.802167 18.855270 520.520935 -20.156755 20.737459 534.715332 39.761089 16.973080 506.326569
594 397 607 388 624 388 637 398 623 403 608 403 709 396 722 385 739 384 753 392 739 399 724 400 410 236 49.902794 60.009346 -0.439119 -0.054199 0.464025 -0.042441 13.286627 18.984520 511.838318 -16.379087 20.752579 526.649780 42.952339 17.216463 497.026855
587 400 599 391 616 391 629 401 615 406 600 406 700 398 713 387 730 385 744 393 730 401 715 402 790 370 -35.365833 89.277489 1.764597 -0.050628 0.442705 -0.054131 9.120378 20.477545 517.112976 -20.836998 22.581114 531.279541 39.077755 18.373978 502.946472
580 402 593 393 609 392 623 403 609 408 594 408 694 400 707 388 724 387 738 394 724 402 709 403 1170 334 -120.336708 80.519196 2.756610 -0.041785 0.466844 -0.060856 5.741359 21.062389 511.105164 -23.851587 23.326590 525.994446 35.334305 18.798187 496.215881
593 403 606 394 623 394 636 405 622 410 606 410 708 403 721 391 738 390 752 398 738 406 723 407 719 272 -19.306267 67.488213 0.832793 -0.051731 0.463671 -0.047755 12.646623 22.338469 510.174377 -17.016598 24.257658 524.971985 42.309841 20.419279 495.376770
584 401 597 392 614 392 628 402 614 407 598 408 699 400 712 388 729 386 743 394 729 402 714 403 1029 201 -88.551689 51.030937 1.345331 -0.043113 0.471417 -0.055993 8.119324 20.877203 509.755310 -21.414141 22.997908 524.783203 37.652790 18.756500 494.727448
611 401 624 393 641 393 654 403 640 407 625 407 726 403 739 392 755 392 768 399 755 406 740 407 137 502 110.527046 120.016464 0.559812 -0.073505 0.466837 -0.018062 22.198263 22.366310 518.622681 -7.449905 23.503136 533.530823 51.846432 21.229485 503.714478
600 399 613 390 630 391 644 401 629 406 614 406 715 400 728 388 745 387 758 395 745 403 730 404 151 133 108.040535 37.450748 -2.024294 -0.061061 0.475026 -0.036980 16.381935 20.780659 511.635223 -13.125771 22.434263 526.771973 45.889637 19.127056 496.498505
603 405 616 397 633 397 646 407 632 411 617 411 718 406 730 396 747 395 760 402 746 409 732 409 206 607 94.902771 143.375244 1.534938 -0.071238 0.462793 -0.030993 17.867672 24.240723 519.322266 -11.830401 25.769886 534.095398 47.565746 22.711561 504.549103
591 405 604 396 621 396 635 407 620 411 605 412 706 404 719 393 736 392 749 399 736 407 721 408 433 401 44.467003 96.874641 0.812519 -0.058412 0.456485 -0.048859 11.904955 23.486563 515.608826 -17.862654 25.486481 530.184448 41.672562 21.486647 501.033173
589 406 602 396 619 396 633 407 618 412 603 412 704 404 717 393 734 391 748 399 735 407 719 408 416 139 48.730053 38.300774 -1.110788 -0.058613 0.460349 -0.054466 10.723317 23.322319 509.839478 -18.978275 25.505646 524.523071 40.424911 21.138992 495.155884
588 408 601 399 618 399 632 409 618 414 602 414 703 407 716 395 733 394 747 402 733 409 718 410 263 461 82.403404 110.611412 0.681591 -0.063898 0.452026 -0.051897 10.399808 24.748518 514.278687 -19.428009 26.882925 528.711487 40.227623 22.614111 499.845917
563 339 576 329 595 328 610 339 594 345 577 346 698 337 713 325 733 324 751 333 734 341 715 341 1219 352 -131.333130 84.454536 3.045913 0.013431 -0.465090 -0.010711 4.988096 -8.911997 409.738098 -24.687954 -8.467183 394.848694 34.664146 -9.356811 424.627472
589 405 603 395 622 395 637 406 622 412 604 412 719 404 733 391 752 390 768 399 752 407 735 408 649 434 -3.925871 103.855148 1.757468 -0.061834 0.503784 -0.052162 13.478290 20.179111 445.511200 -15.559286 22.343019 461.470398 42.515865 18.015205 429.551971
602 406 617 397 635 397 650 408 634 413 617 413 730 407 745 396 763 395 777 403 763 411 746 412 398 581 51.983799 137.202911 1.980495 -0.074094 0.507691 -0.030935 19.200066 21.832035 454.673828 -9.803319 23.425503 470.761841 48.203449 20.238567 438.585815
603 403 618 395 636 395 650 405 635 410 618 410 729 404 743 393 760 392 774 400 760 408 744 408 238 658 87.652687 154.723755 2.003595 -0.069070 0.506639 -0.033621 19.381319 20.916281 465.851715 -9.636010 22.552816 481.910248 48.398647 19.279743 449.793213
583 410 596 401 614 401 628 411 613 416 597 416 708 410 722 399 740 398 754 406 740 413 724 413 1128 682 -111.547752 158.439529 5.099032 -0.057059 0.481802 -0.046677 9.604228 23.695868 463.951904 -19.786852 25.632576 479.280762 38.995308 21.759159 448.623077
614 393 629 383 648 384 662 395 646 400 629 400 741 395 755 384 774 383 788 393 773 400 757 400 446 182 41.941532 47.863514 -0.705724 -0.058584 0.526326 -0.018789 24.749548 16.335848 457.548706 -3.956981 17.430986 474.200897 53.456078 15.240710 440.896515
618 403 633 394 650 395 664 405 649 410 633 409 743 405 757 395 774 394 787 402 773 409 758 410 127 537 112.703484 127.863998 0.776423 -0.087502 0.468387 -0.012944 26.983187 21.853512 479.258820 -2.645001 22.934868 494.210754 56.611374 20.772156 464.306854
581 400 594 389 612 389 627 401 612 407 595 407 704 400 718 387 737 386 752 395 737 403 720 404 1233 118 -134.056107 32.086281 1.424041 -0.055677 -0.406920 -0.001034 10.487858 19.089302 470.285522 -20.006268 18.751774 457.149536 40.981983 19.426832 483.421478
607 411 621 403 638 403 652 413 637 418 621 418 729 412 743 402 760 401 773 409 759 416 744 417 489 679 31.448761 158.955048 2.978015 -0.083536 0.468365 -0.028185 21.010180 25.973553 486.332397 -8.608109 27.511780 501.263916 50.628468 24.435328 471.400848
599 406 612 397 629 397 643 408 629 413 613 413 721 407 734 396 752 395 766 403 752 410 736 411 903 482 -60.848412 114.120361 2.934192 -0.067680 0.451875 -0.034109 16.893660 22.936527 483.424713 -12.961005 24.528824 497.871948 46.748325 21.344231 468.977448
589 410 602 401 619 401 632 411 618 415 603 416 709 409 723 399 740 398 754 405 740 412 724 413 1273 713 -144.049210 165.104492 5.796433 -0.067475 0.439128 -0.040737 11.668121 24.717396 489.926544 -18.360847 26.509445 503.983917 41.697090 22.925348 475.869202
596 401 610 391 628 391 642 402 627 408 611 408 718 401 732 389 750 387 765 397 750 405 734 405 874 14 -53.539261 9.489693 -0.496843 -0.064770 0.475046 -0.038063 15.700008 19.886974 475.526733 -13.806238 21.603754 490.659271 45.206257 18.170195 460.394196
598 400 612 391 630 391 644 402 629 407 613 407 719 400 733 389 751 388 765 397 751 404 735 405 832 202 -44.470062 51.620438 0.705153 -0.061013 0.470706 -0.037395 16.567276 20.000065 482.358612 -13.005219 21.663235 497.367310 46.139771 18.336895 467.349915
604 403 618 394 635 395 649 405 634 410 618 410 726 404 739 393 757 393 771 401 757 408 741 409 431 328 45.042412 80.549362 0.285628 -0.073299 0.473493 -0.027379 19.450037 21.882614 483.104218 -10.091270 23.322458 498.197174 48.991348 20.442772 468.011261
601 400 615 391 633 391 646 401 632 406 616 407 722 400 736 389 753 388 767 396 753 403 737 404 680 359 -10.731484 87.021217 1.324753 -0.065048 0.460685 -0.037510 18.150928 20.001637 488.006439 -11.570922 21.690954 502.714172 47.872780 18.312319 473.298706
589 391 602 382 618 382 630 392 617 397 602 397 702 391 715 380 731 380 744 388 731 394 716 395 1129 291 -111.086678 70.976883 2.315402 -0.060309 0.444603 -0.030964 10.016316 16.526953 519.926025 -19.945959 17.958502 534.165894 39.978592 15.095404 505.686249
601 398 614 390 631 390 644 400 630 404 615 404 716 400 729 390 746 390 759 398 746 404 730 404 676 457 -10.008040 108.949760 2.010121 -0.068428 0.463426 -0.015360 16.917160 20.793491 511.864960 -12.783006 21.801958 526.678528 46.617325 19.785027 497.051361
599 398 612 388 629 389 643 400 628 405 612 404 715 399 728 388 746 387 759 396 746 403 730 404 648 27 -2.989224 12.817262 -1.146777 -0.062342 0.478089 -0.023464 15.864589 19.847803 499.811218 -13.609581 21.082327 515.052917 45.338757 18.613279 484.569550
596 406 609 397 625 398 638 407 625 411 610 412 712 406 725 396 741 396 754 403 741 410 726 410 838 782 -46.828594 181.346512 4.858913 -0.072316 0.435209 -0.027752 14.411759 24.253584 513.691101 -15.686735 25.659418 527.643311 44.510254 22.847750 499.738922
614 395 628 386 645 387 658 398 644 403 628 402 731 398 744 387 761 386 774 395 761 402 745 402 87 50 122.507416 19.003750 -2.826182 -0.066232 0.506049 -0.016297 23.558931 18.977211 498.290741 -5.481515 20.039593 514.355713 52.599377 17.914827 482.225769
656 485 666 478 679 477 689 483 679 487 667 488 749 478 759 471 772 469 783 474 773 479 761 480 500 667 29.008272 156.250397 2.928627 -0.382836 0.076051 -0.073862 50.495823 82.323418 671.073425 17.475166 85.189056 673.069458 83.516472 79.457787 669.077393
648 491 658 483 671 483 682 489 671 494 659 495 742 485 752 476 765 475 777 480 766 486 753 487 506 504 27.951130 119.778625 1.786533 -0.166877 0.434057 -0.104582 42.029922 81.682495 632.113525 12.072502 86.205093 645.702393 71.987343 77.159897 618.524597
643 494 653 487 665 486 676 492 666 496 654 498 736 487 746 479 759 477 771 482 760 488 748 489 1110 698 -107.547852 162.051910 5.153930 -0.148915 0.389409 -0.117407 39.090328 84.224449 638.924683 8.589278 88.949982 651.168701 69.591377 79.498917 626.680725
642 493 652 485 665 484 676 492 665 496 653 497 735 486 745 476 759 474 771 481 760 487 747 488 813 216 -40.242889 54.787308 0.742510 -0.164770 0.379575 -0.119295 38.818428 83.766220 640.031494 8.201548 88.628471 651.927917 69.435310 78.903961 628.135071
640 495 650 487 663 486 674 493 663 498 651 499 734 487 743 478 757 476 769 482 758 488 746 489 1208 541 -129.202667 126.751404 4.356897 -0.148706 0.433400 -0.128724 36.931465 83.430641 630.207397 7.056690 88.595314 643.749329 66.806244 78.265968 616.665466
642 496 651 488 664 487 675 494 664 498 653 499 735 488 744 479 758 477 770 482 759 488 747 489 911 490 -62.652611 115.894981 3.017500 -0.190987 0.278932 -0.119857 39.557854 87.453751 658.509216 7.866930 92.223808 667.197815 71.248779 82.683685 649.820618
648 493 658 485 671 484 682 491 671 495 659 496 741 485 751 476 765 475 777 480 766 486 753 487 535 381 21.677137 92.211540 1.005119 -0.154632 0.441966 -0.120263 41.937263 82.190201 631.307495 12.148272 87.142494 645.115112 71.726257 77.237907 617.499878
645 494 654 486 668 485 679 492 668 497 656 498 738 487 748 478 762 476 774 482 763 489 750 490 1100 451 -104.877487 106.820312 3.360539 -0.146445 0.551614 -0.120513 38.233387 80.259460 607.602600 10.173069 85.341545 624.612915 66.293701 75.177383 590.592346
651 495 660 488 673 487 684 494 673 498 662 499 744 488 754 480 767 479 779 484 768 490 756 491 305 774 72.456688 180.546783 3.050553 -0.167362 0.475733 -0.112439 43.313652 84.027298 629.667236 13.988741 88.889610 644.464783 72.638565 79.164993 614.869690
640 494 649 487 662 486 673 492 662 497 651 498 731 486 741 477 755 476 766 481 756 487 743 488 1025 744 -88.607674 172.499252 5.202509 -0.147114 0.473708 -0.135595 35.841003 82.710907 629.803772 6.578971 88.149239 644.525085 65.103035 77.272575 615.082458
651 492 660 485 673 483 684 490 674 495 662 496 744 484 754 475 767 474 779 479 768 485 756 487 225 364 91.076691 88.984543 -0.134654 -0.158921 0.456115 -0.123190 43.555893 81.659935 630.218872 13.980912 86.761864 644.426270 73.130875 76.558014 616.011475
651 493 661 486 673 485 684 491 674 496 662 497 744 486 754 477 767 476 779 481 768 487 756 488 27 331 135.441650 81.970612 -1.020458 -0.171183 0.443688 -0.117119 43.802204 82.887154 632.675659 14.024128 87.858414 646.500000 73.580284 77.915894 618.851318
647 497 657 490 669 489 680 495 670 500 658 501 740 490 750 481 763 480 775 485 764 491 752 492 502 791 28.343534 183.983612 3.819029 -0.155779 -0.321873 -0.058388 42.584450 85.253906 632.752747 11.136936 86.327141 622.147949 74.031967 84.180664 643.357544
646 498 656 490 669 488 680 495 669 500 657 501 740 489 750 480 763 478 776 483 765 489 752 491 1010 464 -84.760643 109.895340 3.157476 -0.153870 0.443262 -0.134858 40.643028 84.195679 626.709351 10.931985 89.607887 640.512329 70.354073 78.783478 612.906433
649 498 659 491 671 489 682 496 672 500 660 502 742 490 752 481 766 479 777 485 767 491 754 492 1028 796 -89.370079 184.125290 5.583005 -0.153194 0.463221 -0.130958 42.413128 85.251625 630.150085 12.974365 90.570778 644.559326 71.851891 79.932480 615.740906
653 494 662 486 675 485 686 492 675 496 664 497 746 486 755 477 769 475 780 481 770 487 757 488 112 516 116.096863 123.194473 0.577454 -0.174906 0.418582 -0.119679 45.153786 83.617065 637.722412 15.038398 88.640152 650.775818 75.269173 78.593979 624.669006
653 496 662 489 675 488 686 494 675 499 664 500 746 488 756 479 769 478 781 483 770 489 758 490 170 660 102.865784 155.297394 1.794415 -0.160239 0.477306 -0.130338 44.560410 83.902451 629.056091 15.329232 89.279259 643.861023 73.791588 78.525642 614.251099
650 495 659 488 672 487 682 493 672 498 660 499 742 487 752 478 765 477 777 482 766 488 754 489 375 586 57.121830 138.364044 1.940560 -0.159693 0.496074 -0.131435 42.132587 83.141411 628.237549 13.196020 88.582451 643.587830 71.069160 77.700363 612.887329
646 495 655 487 668 486 679 493 669 497 657 499 739 486 749 477 762 475 774 480 763 486 751 488 928 288 -66.102951 70.679070 1.633570 -0.143296 0.449789 -0.146120 40.087685 82.421455 627.142334 10.521234 88.126740 641.136414 69.654137 76.716179 613.148254
645 493 654 485 667 484 679 491 668 496 656 497 738 484 748 475 762 473 774 479 763 485 750 487 895 109 -58.404900 30.700760 0.249287 -0.132823 0.539825 -0.144865 38.181206 78.881905 607.677490 10.021849 84.589905 624.321655 66.340561 73.173897 591.033325
621 392 632 385 646 384 657 393 645 397 633 397 719 391 729 382 743 382 755 389 744 394 731 395 361 226 60.885212 57.863487 -0.671401 -0.055493 0.455642 -0.034116 25.318262 19.756769 609.102966 -4.481170 21.262426 623.673035 55.117695 18.251112 594.532898
622 396 632 389 646 389 657 397 645 401 633 401 719 395 729 387 743 386 754 393 743 398 731 398 1003 733 -83.665390 170.079559 5.051816 -0.051473 0.432170 -0.039422 25.590540 22.575018 615.864258 -4.537065 24.206236 629.728821 55.718143 20.943798 601.999634
617 396 628 389 641 389 652 397 641 400 629 401 714 395 725 386 738 386 750 392 738 397 726 398 819 767 -42.550625 178.026520 4.689568 -0.055673 0.422652 -0.042603 22.936058 22.421232 618.997925 -7.318405 24.177683 632.567810 53.190521 20.664782 605.428040
619 393 629 386 643 386 655 394 643 398 630 399 716 393 727 384 741 383 753 390 741 396 728 396 468 231 36.932690 58.783222 -0.284180 -0.052307 0.466892 -0.036816 23.613243 20.389885 603.708923 -6.016839 21.965614 618.613159 53.243324 18.814156 588.804749
617 395 628 387 642 387 653 395 641 399 628 400 715 394 725 385 739 384 751 391 740 397 727 397 438 381 43.383167 92.391655 0.686395 -0.053942 0.459542 -0.038019 22.636106 21.118496 606.047546 -7.101583 22.740253 620.730835 52.373795 19.496738 591.364258
621 391 632 383 646 384 657 393 645 397 632 397 719 392 730 383 744 383 755 390 744 396 731 396 589 87 10.108319 26.347912 -0.912981 -0.033483 0.511099 -0.024681 24.580706 19.275072 590.806580 -4.371505 20.337116 607.030029 53.532917 18.213028 574.583069
616 393 627 385 641 385 653 393 641 398 628 398 714 392 725 382 739 381 751 388 740 394 727 395 1233 153 -134.117401 39.915253 1.673509 -0.038949 0.465001 -0.047791 22.257986 19.722576 600.442078 -7.385071 21.547132 615.291992 51.901043 17.898020 585.592163
626 396 637 389 651 389 662 397 650 401 638 401 724 396 735 388 749 387 760 394 749 399 736 399 263 653 82.067108 153.558899 2.050102 -0.060916 0.438495 -0.030891 28.756502 22.699841 611.633362 -1.292506 24.128456 625.689514 58.805511 21.271227 597.577209
620 394 631 386 645 386 656 394 644 398 632 399 718 392 729 384 743 383 754 389 743 395 730 396 1189 286 -124.504326 69.747047 2.476912 -0.040394 0.454062 -0.046127 24.721697 20.415445 604.981018 -5.084908 22.193270 619.505676 54.528301 18.637623 590.456360
623 394 634 386 648 386 659 395 647 399 635 399 721 393 732 384 746 384 758 391 746 396 733 397 703 239 -15.668091 60.136322 0.545007 -0.050619 0.466661 -0.034352 26.422350 20.739683 603.022766 -3.213928 22.223682 617.924072 56.058628 19.255684 588.121521
628 395 639 387 652 388 664 396 652 400 639 400 726 395 736 386 751 385 762 392 750 398 738 398 251 504 85.013367 120.252144 0.948650 -0.057889 0.452516 -0.029116 29.413710 21.655693 607.767090 -0.436370 23.016565 622.247437 59.263790 20.294821 593.286743
621 393 632 385 646 385 657 393 646 398 633 398 719 392 730 383 744 382 756 389 744 395 731 395 1181 176 -122.521469 45.156563 1.666583 -0.039894 0.473436 -0.042788 25.256016 19.803482 601.305054 -4.267721 21.478640 616.408081 54.779755 18.128325 586.201965
623 397 634 390 648 390 659 397 647 401 635 401 721 396 732 388 745 387 757 394 745 399 733 399 1054 777 -95.154907 179.826996 5.533010 -0.049402 0.443279 -0.035688 26.715157 22.821028 612.318237 -3.260624 24.324438 626.522156 56.690937 21.317616 598.114319
624 395 635 388 649 388 660 396 648 400 636 400 722 395 732 387 746 386 757 393 746 398 734 398 494 631 30.413967 148.208893 2.652316 -0.056494 0.433191 -0.030997 27.399208 22.202351 614.885010 -2.723873 23.598854 628.785034 57.522289 20.805849 600.985046
624 395 635 388 649 388 660 396 648 399 636 400 722 394 733 386 747 385 758 392 747 397 734 398 680 404 -10.810304 97.087036 1.645498 -0.054839 0.425381 -0.033215 27.528946 21.706120 611.913269 -2.699695 23.156666 625.576538 57.757584 20.255573 598.250000
620 390 631 383 645 383 656 391 644 396 631 396 719 391 729 381 743 381 754 387 743 394 730 394 1028 4 -87.982864 6.966877 -0.062105 -0.030033 0.485807 -0.035263 24.267889 18.573599 595.927429 -5.075526 19.936052 611.408569 53.611305 17.211143 580.446228
631 390 642 383 656 383 666 392 655 395 642 395 729 392 740 384 753 383 764 390 753 395 741 396 43 331 131.861267 81.940903 -0.967884 -0.052386 0.458635 -0.010788 31.275211 19.446857 607.297424 1.502946 20.184338 621.981689 61.047478 18.709379 592.613159
630 391 642 383 656 384 667 392 655 396 642 396 728 391 739 383 753 382 764 389 753 394 740 395 374 288 57.867561 71.707809 -0.186770 -0.053974 0.433742 -0.023141 31.374922 19.525892 611.250305 1.252754 20.652479 625.176758 61.497089 18.399305 597.323914
629 390 639 383 653 383 664 392 652 396 640 396 727 391 737 383 751 382 762 389 751 395 739 395 656 206 -5.092936 52.841995 0.155361 -0.041198 0.474855 -0.022632 29.590067 19.098181 601.999084 0.066726 20.140171 617.159790 59.113407 18.056190 586.838440
654 394 665 387 679 387 690 395 678 399 665 399 751 396 762 387 776 387 786 394 775 399 763 399 350 413 63.019184 99.712982 0.625328 -0.059958 0.457039 -0.011673 46.196686 22.296883 618.532288 16.401070 23.117844 633.164673 75.992302 21.475922 603.899902
634 409 644 401 658 401 669 409 658 413 645 414 730 406 740 397 754 396 765 403 754 409 741 409 612 181 4.796885 47.331581 -0.167406 -0.058785 0.475154 -0.061888 32.897171 29.809671 618.348267 3.430840 32.240570 633.460693 62.363506 27.378771 603.235840
627 416 638 407 652 407 664 414 652 419 639 420 725 411 735 402 750 402 761 409 750 414 737 415 861 554 -51.576035 130.303665 3.309379 -0.085790 0.432364 -0.063167 29.222685 32.962185 606.633850 -0.864292 35.596722 620.432129 59.309662 30.327652 592.835571
646 415 657 408 671 408 681 416 670 420 658 420 743 415 753 406 766 405 777 412 766 417 754 418 40 662 131.952835 155.986160 1.381515 -0.074012 0.486571 -0.043243 40.861141 34.837261 619.410706 11.538079 36.801270 634.865845 70.184204 32.873253 603.955627
641 416 652 409 666 409 676 417 665 421 653 421 738 415 748 407 761 406 772 412 761 418 749 418 490 744 31.111137 173.492706 3.444599 -0.066664 0.481528 -0.050169 37.710258 35.103893 619.092651 8.319983 37.226646 634.398376 67.100533 32.981140 603.786926
649 412 660 405 674 405 685 413 673 417 661 417 746 412 756 403 770 402 780 409 769 415 757 415 89 488 121.292702 116.974007 0.302306 -0.067950 0.498524 -0.036864 42.571350 32.673439 615.876953 13.427993 34.396820 631.696411 71.714706 30.950060 600.057556
644 414 654 407 668 407 679 414 667 419 655 419 740 413 750 405 764 404 774 410 764 416 751 416 512 699 26.266941 163.386032 3.196142 -0.064566 0.490917 -0.044118 39.070259 33.719788 618.559814 9.816558 35.640617 634.151184 68.323959 31.798958 602.968445
650 411 661 404 675 404 686 413 674 417 662 417 747 412 758 403 771 402 782 409 771 415 759 415 268 298 81.570038 74.141495 -0.463789 -0.062170 0.518668 -0.036421 42.876701 32.110062 608.695618 14.058599 33.788116 625.104797 71.694801 30.432005 592.286438
649 413 660 406 673 406 684 414 673 418 660 418 745 413 756 404 769 404 780 410 769 416 757 417 449 450 40.800800 107.805489 1.214347 -0.062390 0.503002 -0.038119 42.199253 33.410927 614.274231 13.128979 35.132763 630.227722 71.269531 31.689093 598.320740
654 412 665 405 679 405 690 413 678 417 666 417 751 413 761 404 775 404 785 411 775 416 762 416 7 288 139.992432 72.389305 -1.392663 -0.067683 0.526205 -0.026393 45.451550 32.838428 611.469116 16.748016 34.251694 628.102478 74.155083 31.425165 594.835693
646 417 657 410 670 410 680 418 669 421 657 422 742 417 752 409 765 408 776 415 765 420 753 420 1006 758 -84.380501 175.666122 5.239866 -0.063885 0.491859 -0.037131 40.440212 36.208313 622.026062 11.192241 37.902058 637.654480 69.688187 34.514568 606.397644
650 413 661 406 675 406 686 414 674 418 662 418 747 414 757 405 771 405 781 411 771 417 758 417 230 368 89.950821 89.869995 -0.089714 -0.064366 0.513630 -0.031398 43.027405 33.556770 613.140808 14.121290 35.089901 629.408752 71.933517 32.023640 596.872864
649 417 660 410 673 410 684 418 673 421 660 422 746 417 756 409 769 408 780 414 769 420 757 420 703 658 -16.401983 153.860275 3.531498 -0.063160 0.503540 -0.038170 42.397202 35.764339 616.415649 13.335569 37.494476 632.383972 71.458832 34.034206 600.447327
650 409 661 402 675 402 686 411 674 415 661 415 746 410 757 401 771 400 782 407 771 413 758 414 281 96 79.014793 28.933010 -1.860862 -0.055733 0.519535 -0.036300 42.469460 30.872227 607.711182 13.665775 32.493038 624.151367 71.273140 29.251413 591.270935
653 413 663 406 677 406 688 414 676 418 664 418 749 414 759 405 772 405 783 411 772 417 760 417 671 633 -9.197443 148.327576 3.248160 -0.060993 0.504915 -0.029050 44.684429 33.780670 618.951965 15.635194 35.204426 634.973022 73.733665 32.356918 602.930908
650 410 661 404 675 404 685 411 674 415 661 415 746 411 757 403 770 402 780 409 769 414 757 414 924 576 -65.712296 135.107742 3.673194 -0.069163 -0.353774 0.005334 44.810974 32.262356 621.829956 13.662108 31.687208 610.341858 75.959839 32.837505 633.318115
653 408 664 401 678 401 689 409 677 413 664 413 749 409 760 400 773 400 784 407 773 412 761 413 382 225 56.187721 57.600807 -0.609526 -0.057087 0.512218 -0.025145 44.845791 30.676790 615.767639 15.911378 31.949951 632.007629 73.780205 29.403631 599.527588
656 410 667 404 680 404 691 412 679 415 667 415 752 412 762 404 775 403 785 410 775 415 763 415 337 579 65.637482 136.868805 1.765805 -0.061834 0.503510 -0.024604 46.866825 32.704330 623.359436 17.791222 33.992519 639.344116 75.942429 31.416142 607.374756
652 411 663 404 677 404 688 412 676 416 664 416 748 412 759 404 772 404 783 410 772 415 760 416 772 485 -31.539337 115.034668 2.525133 -0.067211 0.433047 -0.021865 45.708775 33.566467 632.882751 15.575583 34.744926 646.781067 75.841965 32.388012 618.984497
646 411 657 405 670 405 681 412 670 416 657 416 742 411 752 403 765 403 776 409 765 414 753 415 1204 694 -128.575562 160.982620 5.434286 -0.058249 0.462393 -0.035417 41.173771 33.082561 628.991760 11.474962 34.655323 643.758850 70.872574 31.509802 614.224731
653 407 664 400 677 400 688 408 676 412 664 412 749 408 759 400 772 399 783 406 772 411 760 412 594 302 8.612873 74.430870 0.635896 -0.056726 0.493337 -0.029010 44.894142 30.412893 620.969727 15.661094 31.792048 636.656860 74.127190 29.033741 605.282593
