549 262 563 253 581 252 596 261 580 266 564 267 678 260 694 250 713 250 729 259 712 264 695 264 734 183 -7.010862 42.809750 18.788233 -0.390680 0.048778 -0.007660 3.884085 -45.365181 533.051208 -29.280773 -44.805038 534.580322 37.048943 -45.925323 531.522156
550 269 564 262 580 262 594 269 580 273 565 273 675 268 690 260 707 260 722 267 706 272 690 271 229 846 93.548431 174.092087 30.715704 -0.504294 0.042837 -0.003105 2.621143 -42.371212 547.488831 -30.553692 -41.921410 548.825806 35.795979 -42.821018 546.151794
575 309 591 302 610 303 626 312 609 315 591 315 710 313 726 305 743 305 758 313 742 318 726 317 355 448 68.406609 95.374100 22.425243 -0.543876 0.031849 0.030192 18.367580 -18.629173 519.943298 -14.806044 -19.302156 521.215088 51.541206 -17.956190 518.671570
584 299 600 292 618 292 634 301 617 304 600 304 720 300 736 292 753 292 768 299 752 304 736 304 139 820 111.437798 169.000168 29.547319 -0.526687 0.050711 0.016171 22.663963 -24.223982 512.636353 -10.494902 -24.303032 514.380798 55.822830 -24.144934 510.891937
562 290 578 283 597 284 612 293 596 297 578 296 699 294 715 285 734 285 749 293 733 299 715 299 1220 315 -103.615303 68.646042 24.905569 0.431526 0.024317 0.010768 12.173006 -26.895443 496.220062 -21.020247 -27.413486 496.926636 45.366257 -26.377399 495.513489
565 293 580 286 599 287 615 296 598 299 581 299 702 298 718 289 736 290 752 297 736 302 718 302 871 673 -34.142178 139.573746 30.859087 0.473829 0.011966 0.019016 13.377256 -25.310936 494.128235 -19.819332 -26.011316 494.364044 46.573845 -24.610556 493.892426
571 289 587 283 605 284 620 292 604 295 587 295 707 293 723 285 741 286 756 293 740 298 723 297 78 374 123.467445 80.892456 18.966825 -0.531205 0.048524 0.035877 16.243704 -28.072979 512.295593 -16.902075 -28.790468 514.140076 49.389481 -27.355492 510.451080
570 290 586 284 604 285 620 294 603 297 586 296 707 296 723 288 741 288 756 296 740 301 723 300 99 670 119.357803 139.377548 25.864532 -0.556025 0.047861 0.042727 15.985388 -26.955099 510.541779 -17.152851 -27.870510 512.433594 49.123627 -26.039686 508.650024
568 271 585 259 608 263 623 281 605 287 585 285 704 285 720 269 743 268 758 281 741 293 721 293 389 246 61.601250 55.437149 18.026419 0.228183 0.010311 0.047483 15.899076 -32.950504 496.953522 -17.266716 -34.551785 497.113708 49.064869 -31.349224 496.793335
566 293 581 287 600 287 615 295 599 299 582 299 702 295 718 287 736 288 751 294 735 299 718 299 1337 731 -126.786392 150.796341 35.157879 -0.522280 0.015500 0.009322 14.013246 -26.889591 513.967163 -19.186258 -27.053858 514.537720 47.212749 -26.725325 513.396545
570 284 586 277 604 277 620 286 604 290 586 290 706 285 721 276 739 276 755 284 739 289 722 289 560 107 27.569515 27.879942 15.941340 -0.470171 0.029295 0.005193 16.042542 -31.748318 515.602051 -17.147844 -31.689959 516.578979 49.232929 -31.806675 514.625122
571 287 586 280 604 281 620 289 604 293 586 293 707 289 723 280 741 280 755 287 740 293 723 293 434 700 52.754745 145.134048 28.687622 0.441362 -0.010598 0.002395 15.963295 -29.283030 500.213226 -17.239590 -29.283588 499.855377 49.166180 -29.282471 500.571075
567 283 583 275 603 275 619 285 602 290 584 290 704 285 719 275 739 275 754 283 738 290 720 290 657 106 8.282294 27.632481 16.537432 0.425254 0.007845 -0.002242 14.815132 -31.168680 500.059143 -18.388592 -31.151020 500.327454 48.018856 -31.186342 499.790833
573 292 588 286 606 286 622 294 606 298 589 297 707 295 723 287 741 287 756 294 740 299 723 299 372 792 65.102997 163.347061 30.394245 -0.545371 0.045920 0.025299 16.904768 -27.490858 517.989197 -16.255541 -27.884005 519.662231 50.065075 -27.097712 516.316162
572 289 588 283 606 284 622 292 606 296 588 295 707 293 723 285 741 285 756 292 740 297 723 297 45 406 130.036118 87.233292 19.487469 0.434680 -0.004696 0.013593 16.697071 -27.838797 505.166595 -16.504362 -28.242704 504.918976 49.898502 -27.434889 505.414246
570 287 586 280 605 281 621 291 604 294 586 294 706 291 722 282 741 282 756 290 740 296 722 296 484 166 42.694111 39.578644 16.804569 0.445944 0.009762 0.009773 15.946362 -28.523756 500.414246 -17.255335 -28.908691 500.656555 49.148060 -28.138821 500.171906
570 282 586 272 606 273 621 286 604 291 586 290 707 285 723 272 743 271 758 281 742 290 724 290 251 128 89.014214 32.188755 14.449520 0.350802 -0.021384 -0.003538 16.273922 -31.411835 497.117767 -16.923172 -31.173479 496.442657 49.471016 -31.650188 497.792877
572 282 588 273 607 274 623 285 606 290 588 290 708 282 723 270 742 269 758 278 742 286 724 287 139 2 111.255692 7.346028 10.855721 0.379725 -0.049587 -0.016533 16.881426 -32.283531 500.284515 -16.278578 -31.439083 498.780975 50.041431 -33.127975 501.788055
573 282 588 274 608 276 623 287 606 291 589 290 709 287 725 276 744 276 758 284 742 292 725 292 401 195 59.203876 45.352303 16.937620 0.383828 -0.007116 0.009218 17.225731 -30.796696 500.652405 -15.976858 -31.050529 500.363861 50.428322 -30.542862 500.940948
543 255 557 244 576 242 592 249 577 256 559 259 675 239 690 228 709 225 726 232 710 240 693 242 542 137 31.155224 33.817825 16.511997 -0.431484 0.067857 -0.110975 1.913652 -52.828941 523.014160 -31.014971 -48.789581 524.410217 34.842274 -56.868301 521.618042
609 309 625 301 644 301 661 309 644 314 626 315 751 307 767 298 786 298 802 305 786 312 768 312 521 603 35.434502 125.920097 27.026270 -0.492892 0.076719 -0.000724 36.081635 -19.866329 499.900787 2.972538 -19.228382 502.338074 69.190727 -20.504276 497.463501
590 285 606 277 626 277 642 286 625 291 607 292 729 286 745 276 765 276 782 285 765 291 746 291 1135 240 -86.731018 53.868122 22.649420 -0.403423 0.059571 0.009864 26.789925 -30.800241 504.860352 -6.355191 -30.725279 506.849121 59.935040 -30.875204 502.871552
593 290 608 281 627 281 643 291 627 295 609 295 730 290 746 280 765 280 781 288 765 294 747 294 1390 356 -137.408127 76.661163 26.927176 -0.501454 0.057484 0.007174 27.547409 -28.944904 506.958466 -5.602862 -28.704617 508.845612 60.697681 -29.185192 505.071289
600 288 616 279 636 279 652 289 635 293 617 294 741 288 757 278 777 278 794 287 777 293 758 292 683 182 3.129502 42.638332 18.439960 -0.516577 0.071062 0.014217 31.501898 -29.164864 496.432404 -1.617681 -29.020073 498.805634 64.621475 -29.309654 494.059174
607 292 623 283 643 283 659 292 642 296 624 297 748 291 764 282 783 283 799 291 782 296 765 296 195 596 100.253166 124.704247 24.786165 -0.551867 0.080612 0.021073 34.813850 -27.488056 498.989624 1.721338 -27.432384 501.717621 67.906364 -27.543728 496.261627
607 296 623 288 642 287 658 296 641 300 623 300 747 295 763 286 782 286 797 294 781 299 763 299 503 831 39.064289 170.986984 32.121300 -0.521799 0.077603 0.013218 34.605354 -26.109180 502.884216 1.501062 -25.871168 505.454926 67.709648 -26.347195 500.313477
607 296 623 288 643 288 659 297 642 301 624 301 747 296 763 287 782 287 798 295 782 300 764 300 708 693 -1.727613 143.609924 30.276018 -0.520113 0.075899 0.016069 34.958611 -25.628727 503.081085 1.851444 -25.497622 505.622314 68.065781 -25.759832 500.539825
611 298 628 290 647 290 663 298 646 302 628 303 751 298 767 290 786 290 802 298 785 303 768 303 141 890 111.055710 182.832626 31.159607 -0.502023 0.085769 0.028678 37.106949 -24.795732 506.762238 4.035004 -25.007706 509.722137 70.178894 -24.583759 503.802307
610 298 627 290 646 290 663 299 645 303 627 303 752 298 768 289 787 290 802 298 786 303 768 303 215 676 96.294273 140.503662 26.741810 -0.443243 0.082743 0.021653 36.718987 -24.561178 502.190796 3.633574 -24.657349 505.002533 69.804398 -24.465006 499.379059
613 296 630 288 650 288 666 298 649 302 630 302 754 298 771 288 790 288 806 296 789 302 771 302 121 292 114.899277 64.665428 17.367472 0.437810 0.056918 -0.014557 37.110882 -24.249252 485.362213 3.962447 -24.188499 487.295380 70.259315 -24.310005 483.429047
608 303 624 295 644 295 660 304 643 308 625 308 749 303 765 293 783 293 799 301 783 307 765 307 1376 856 -134.513123 175.478958 38.263027 -0.531079 0.056978 0.005570 35.495567 -22.416340 502.181824 2.343889 -22.102083 504.033020 68.647247 -22.730597 500.330627
613 302 629 295 648 295 665 303 647 307 630 307 754 304 770 296 788 296 804 303 787 308 770 308 745 830 -9.054010 170.665009 33.642609 -0.552609 0.077688 0.032228 37.294380 -22.004057 497.712769 4.203987 -22.324928 500.448181 70.384773 -21.683186 494.977325
612 305 628 298 647 299 663 307 646 310 629 310 752 307 768 298 787 298 802 305 786 310 769 310 872 754 -34.322979 155.580551 32.716347 -0.576060 0.067896 0.018629 36.997860 -20.670069 500.344330 3.873059 -20.623165 502.647583 70.122665 -20.716970 498.041077
613 298 630 290 649 291 665 300 648 304 630 304 753 301 769 292 788 291 803 300 787 305 769 305 1155 216 -90.713066 49.114937 22.228628 -0.548633 0.058575 0.027111 37.625389 -23.663607 501.226227 4.488002 -23.998619 503.314514 70.762779 -23.328594 499.137939
609 296 625 289 644 289 661 298 644 302 626 302 749 297 766 288 784 288 800 296 784 301 766 301 1175 872 -94.543724 178.744171 37.346085 -0.558145 0.061590 0.013779 35.787357 -25.181376 500.591034 2.646954 -25.059351 502.654602 68.927765 -25.303398 498.527466
606 290 623 281 643 281 659 292 642 297 623 297 746 292 762 281 782 281 798 291 781 297 763 297 1406 77 -140.651596 21.516624 20.654016 -0.423840 0.042995 0.013467 34.769032 -27.920065 502.550903 1.597412 -28.055822 504.029053 67.940651 -27.784309 501.072754
609 287 626 278 647 278 664 289 646 294 626 294 751 290 768 279 788 279 804 289 787 296 768 295 523 48 34.913277 16.239302 14.357078 -0.413816 0.065663 0.027903 36.270447 -28.615593 494.170013 3.148908 -29.070562 496.475739 69.391983 -28.160622 491.864288
612 293 628 286 648 286 664 295 647 299 629 299 754 295 770 287 789 287 805 296 788 300 770 300 166 184 105.927658 43.299213 15.186769 -0.435282 0.078829 0.032600 37.332310 -26.043983 498.285431 4.246340 -26.530903 501.049683 70.418282 -25.557064 495.521179
608 297 624 290 643 290 660 299 643 303 625 303 749 299 765 291 784 291 799 299 783 304 765 303 625 500 14.732729 105.511673 25.336288 -0.455471 0.071955 0.025952 35.402191 -24.421843 502.681427 2.292802 -24.718754 505.179413 68.511574 -24.124933 500.183441
503 274 520 265 541 265 558 275 540 279 521 279 652 274 669 263 690 263 707 272 689 278 670 278 134 618 112.387001 129.083252 24.899641 -0.534216 0.008592 -0.010658 -11.191158 -33.948811 468.073273 -44.392933 -33.537106 468.252899 22.010616 -34.360516 467.893677
501 275 517 266 538 266 555 277 537 282 518 282 646 276 663 265 684 264 701 273 683 280 664 280 1429 341 -145.166031 73.676804 26.833273 0.439726 -0.037971 -0.007735 -13.048191 -32.932426 464.471771 -46.228477 -32.411110 463.307098 20.132095 -33.453743 465.636475
502 267 519 256 542 257 559 272 541 278 520 278 652 270 669 254 692 251 710 262 691 274 671 275 547 19 30.134779 10.495955 13.847557 0.383578 -0.095042 -0.009554 -10.350528 -34.971920 448.482574 -43.405819 -34.065445 445.468323 22.704763 -35.878391 451.496796
506 279 522 272 542 272 560 281 542 285 523 285 653 280 670 270 690 270 707 278 689 284 671 284 689 652 2.041125 135.517212 29.217918 0.466340 -0.063948 0.001935 -10.347644 -30.709753 459.993286 -43.485748 -30.285635 457.932739 22.790461 -31.133869 462.053802
507 279 524 271 544 272 562 282 544 285 525 285 655 281 673 271 693 271 710 279 692 285 673 285 30 490 133.037354 103.841179 21.311188 -0.550953 0.018897 -0.000208 -9.749485 -31.087173 470.264465 -42.948517 -30.912098 470.858765 23.449547 -31.262247 469.670135
505 282 521 274 541 274 558 284 541 288 522 288 650 283 667 273 687 272 704 280 687 286 668 286 1366 686 -132.562622 141.888489 34.314655 0.455485 -0.041693 -0.004376 -11.387541 -29.996250 465.066803 -44.563683 -29.546139 463.762695 21.788599 -30.446363 466.370941
507 284 524 276 543 276 560 285 543 289 525 289 655 284 672 275 691 275 708 282 691 288 672 288 528 792 34.084732 163.266907 31.389654 -0.573498 0.014114 -0.004352 -10.191357 -29.568342 472.625580 -43.392647 -29.300890 473.028656 23.009933 -29.835793 472.222504
509 282 526 274 546 274 563 284 545 287 527 287 657 283 674 273 694 273 711 281 693 286 675 286 113 522 116.541161 110.122414 22.572008 -0.557092 0.023114 -0.001562 -9.110117 -30.223072 471.200775 -42.306248 -29.965555 471.915039 24.086014 -30.480587 470.486481
503 278 520 268 542 269 560 281 541 285 521 285 652 279 670 267 692 266 710 276 692 284 671 284 731 41 -6.445969 14.749082 15.524339 0.448900 -0.060938 0.001104 -10.176001 -30.602411 451.281281 -43.320190 -30.191393 449.318268 22.968187 -31.013430 453.244324
508 284 525 277 545 277 562 287 544 290 526 290 657 286 674 277 694 276 711 284 693 290 674 290 481 627 43.393246 130.683563 27.319445 0.480388 -0.069398 0.011041 -8.879081 -28.069214 457.030823 -42.003510 -27.878883 454.729614 24.245348 -28.259544 459.332062
502 281 520 271 541 271 559 282 540 287 520 287 650 281 668 269 689 268 707 278 689 285 669 285 1414 240 -142.205994 53.724770 24.429672 -0.501559 -0.002498 -0.016600 -11.516347 -30.916843 469.405823 -44.716579 -30.408867 469.190979 21.683886 -31.424820 469.620667
505 284 522 275 543 275 560 286 542 290 523 290 651 286 668 275 689 274 706 283 688 290 669 290 1307 425 -120.889465 90.339668 27.974241 0.449597 -0.037637 0.001527 -10.889996 -28.721025 462.805359 -44.071648 -28.493834 461.586395 22.291658 -28.948217 464.024353
507 288 524 281 543 281 560 290 543 294 525 294 654 290 671 280 691 280 707 287 690 293 672 293 919 859 -43.644852 176.306625 35.415535 0.474626 -0.056849 0.005343 -9.987915 -26.704500 461.579285 -43.139622 -26.435726 459.721375 23.163792 -26.973276 463.437164
505 284 522 274 544 274 561 286 543 291 523 291 653 285 670 273 692 273 709 282 691 289 671 289 1001 303 -60.073101 66.387108 23.233961 0.452634 -0.049276 0.001446 -9.979015 -28.416336 456.828217 -43.144173 -28.098764 455.237305 23.186142 -28.733908 458.419128
505 282 523 273 544 274 562 285 544 289 524 289 655 284 673 273 694 272 712 282 693 289 674 289 531 161 33.347752 38.566387 16.990215 0.440892 -0.066028 0.008257 -9.186444 -28.577688 452.670349 -42.318954 -28.367521 450.490387 23.946066 -28.787855 454.850311
510 287 527 279 546 280 564 289 546 292 527 292 658 289 675 279 695 279 712 287 694 292 676 292 217 539 95.866104 113.428535 23.624073 0.468794 -0.070060 0.014879 -8.299441 -26.955494 457.573486 -41.420673 -26.896084 455.219757 24.821791 -27.014904 459.927246
508 291 525 283 544 284 561 293 544 297 525 296 655 293 672 284 692 283 709 291 691 297 673 297 790 611 -18.050341 127.362854 28.925518 0.469106 -0.054138 0.011849 -9.542516 -25.233265 460.513153 -42.697277 -25.198391 458.691040 23.612247 -25.268139 462.335266
505 288 523 278 544 279 561 290 543 295 523 295 653 289 670 278 691 277 709 287 691 294 671 294 1334 398 -126.264015 84.990028 27.529564 0.432566 -0.040525 0.000470 -10.033579 -26.741116 458.761749 -43.211548 -26.469744 457.454742 23.144392 -27.012487 460.068756
508 293 524 286 543 287 560 296 543 299 525 299 653 296 670 287 689 286 706 294 689 299 670 299 1155 778 -90.587952 160.178055 35.070534 0.461682 -0.041323 0.007975 -10.355781 -24.366207 465.435699 -43.531712 -24.310520 464.052155 22.820150 -24.421894 466.819214
505 285 523 275 545 276 562 288 544 292 524 292 653 287 671 274 692 274 710 283 692 291 672 291 1285 179 -116.569855 41.736156 22.212673 0.423165 -0.044472 -0.001844 -9.705183 -27.821838 457.440613 -42.877598 -27.454672 456.020844 23.467232 -28.189005 458.860382
541 268 556 259 575 259 592 267 575 272 557 273 683 264 700 254 719 254 736 262 719 268 701 268 512 613 37.226242 127.900932 27.197346 -0.548307 0.046911 -0.019225 3.570772 -38.674255 483.014587 -29.592436 -37.651314 484.324097 36.733982 -39.697193 481.705048
538 265 554 255 574 254 590 264 573 269 555 270 681 261 698 250 718 250 735 259 718 265 699 265 1157 381 -91.074005 81.721405 26.011700 -0.523422 0.036985 -0.022914 2.828948 -40.099049 481.619049 -30.345154 -39.058620 482.596863 36.003052 -41.139477 480.641235
541 267 557 257 576 257 593 265 576 270 558 271 683 263 700 253 720 252 737 261 719 266 701 267 571 454 25.459579 96.448845 23.940607 -0.535997 0.046947 -0.017244 3.786842 -39.481705 483.877411 -29.377436 -38.528587 485.212311 36.951118 -40.434818 482.542542
544 265 559 257 578 257 594 265 578 269 560 270 685 263 701 254 721 254 737 261 720 267 702 267 482 611 43.190849 127.521103 26.960220 -0.522470 0.044135 -0.008723 4.513906 -40.033161 488.319885 -28.658068 -39.382454 489.645203 37.685879 -40.683868 486.994568
545 270 560 263 578 262 595 269 578 274 561 274 685 267 702 259 720 259 737 266 720 271 702 270 312 859 77.048019 176.618515 31.542368 -0.550009 0.046062 -0.011820 4.749893 -37.940426 489.543518 -28.418320 -37.157528 490.891266 37.918106 -38.723324 488.195801
542 271 558 263 576 262 592 270 576 274 559 275 683 267 699 258 718 258 734 265 717 270 700 270 1077 825 -75.068352 169.506332 35.646797 -0.553582 0.034562 -0.022443 3.611052 -37.928413 489.887939 -29.566284 -36.911312 490.776489 36.788387 -38.945515 488.999359
546 270 561 262 580 262 596 269 580 273 562 274 687 267 703 259 722 259 738 266 721 271 704 271 9 746 137.269882 154.442993 27.026884 -0.533899 0.052229 -0.006012 5.316412 -38.059563 489.529938 -27.843601 -37.417412 491.130188 38.476425 -38.701714 487.929718
546 271 561 263 579 262 595 270 579 274 562 275 685 267 702 259 720 259 736 266 720 271 702 271 403 883 58.959370 181.314667 32.671432 -0.552274 0.043867 -0.013232 4.907861 -37.998020 491.998230 -28.262980 -37.188766 493.263153 38.078701 -38.807274 490.733307
544 273 560 265 578 264 594 272 578 276 561 277 684 269 701 261 719 261 735 268 719 273 701 273 616 813 16.591925 167.371735 32.431026 -0.552804 0.040810 -0.016126 4.341670 -36.942310 491.120117 -28.831985 -36.068829 492.262573 37.515327 -37.815792 489.977661
548 270 563 262 582 261 598 269 581 273 564 274 689 267 705 258 724 258 740 266 724 271 706 270 83 649 122.534485 135.235718 25.282581 -0.542121 0.051344 -0.007062 6.306983 -37.995667 489.061249 -26.854326 -37.321770 490.621094 39.468292 -38.669563 487.501434
549 270 564 262 582 262 598 269 582 273 565 274 689 267 705 259 724 259 740 266 723 271 706 271 45 726 130.107361 150.472076 26.799587 -0.543961 0.050646 -0.006156 6.418525 -38.039970 491.045532 -26.744139 -37.399452 492.590576 39.581188 -38.680489 489.500519
549 271 564 264 582 263 598 270 582 274 565 275 689 268 705 260 723 260 740 267 723 271 706 271 345 808 70.475105 166.522873 30.587568 -0.545265 0.046421 -0.010261 6.414620 -37.739532 492.264252 -26.753597 -37.005718 493.639252 39.582836 -38.473347 490.889282
543 268 559 258 579 258 596 268 579 273 560 273 686 265 703 255 723 254 741 263 723 269 704 269 977 207 -55.322433 47.427803 20.887186 -0.509700 0.038612 -0.016815 5.238431 -38.533676 482.738983 -27.937572 -37.679676 483.826691 38.414433 -39.387672 481.651276
545 273 560 265 579 264 595 272 579 276 562 277 685 269 702 261 720 260 737 267 720 273 702 273 1405 896 -140.270447 183.368896 39.362087 -0.544735 0.027170 -0.023285 4.956041 -37.113655 491.832733 -28.228037 -36.138622 492.485352 38.140121 -38.088684 491.180145
543 269 559 259 579 259 596 269 579 274 560 275 686 266 702 255 723 254 740 263 723 270 704 270 1128 174 -85.353867 40.828720 21.096630 -0.510321 0.035198 -0.023118 5.085688 -38.099537 482.857239 -28.090322 -37.073257 483.783966 38.261696 -39.125816 481.930542
548 271 563 264 582 263 599 271 582 276 564 276 689 269 706 260 725 260 741 267 724 273 706 273 433 660 52.944675 137.229721 27.767227 -0.528855 0.048098 -0.009798 6.498349 -37.186222 489.414246 -26.667395 -36.463482 490.853271 39.664093 -37.908966 487.975220
546 273 562 266 581 265 597 273 581 278 563 278 688 271 704 263 723 262 740 269 723 275 705 275 854 621 -30.773558 129.306183 29.562395 -0.527801 0.039240 -0.011246 5.912189 -36.196880 488.805328 -27.265600 -35.504765 489.952026 39.089977 -36.889000 487.658661
545 274 560 265 579 265 596 273 579 278 562 278 687 271 703 261 722 261 739 269 722 274 704 274 1168 527 -93.228683 110.568451 29.418043 -0.526626 0.034013 -0.018691 5.287819 -36.251335 488.013428 -27.892563 -35.368622 488.931396 38.468201 -37.134048 487.095459
543 269 560 259 580 259 597 269 580 275 561 275 688 267 705 255 726 255 743 264 725 271 706 272 889 17 -37.867249 9.924992 15.984102 -0.492836 0.040109 -0.016129 5.833594 -37.607384 480.134033 -27.340818 -36.771843 481.282867 39.008007 -38.442921 478.985199
545 270 561 260 581 259 598 270 581 275 562 276 688 267 705 256 726 256 744 265 726 272 707 272 727 98 -5.637939 26.015545 16.801287 -0.497738 0.042235 -0.014449 6.259700 -37.521923 481.840881 -26.912716 -36.720062 483.068695 39.432114 -38.323780 480.613098
574 269 591 260 612 260 629 270 611 275 592 275 722 269 740 258 761 258 779 267 760 274 741 274 7 559 137.625916 117.488861 22.741104 -0.488629 0.080871 0.015291 20.567572 -36.344772 471.119385 -12.527060 -36.189236 473.817688 53.662205 -36.500309 468.421112
569 272 585 263 605 263 622 273 605 277 586 278 715 271 733 261 753 261 771 270 753 276 734 275 898 590 -39.529202 123.157318 29.134790 -0.498494 0.065041 0.005191 17.798342 -35.365170 475.027924 -15.337267 -35.003304 477.139832 50.933949 -35.727036 472.916016
568 271 585 261 605 261 623 272 605 277 586 277 715 271 733 260 755 259 773 269 754 275 734 275 427 399 54.079582 85.653671 21.764996 -0.484876 0.072434 0.008191 17.762501 -35.487759 471.105621 -15.355845 -35.177460 473.480194 50.880848 -35.798058 468.731079
566 272 582 262 602 262 619 273 602 278 583 278 712 271 730 260 751 260 769 269 751 276 731 276 1134 384 -86.500130 82.326088 25.933491 -0.481968 0.056641 -0.000800 16.415499 -35.277885 472.851288 -16.737078 -34.807957 474.652802 49.568077 -35.747810 471.049774
569 272 585 262 606 262 623 273 605 278 586 278 716 272 733 261 755 260 773 270 754 276 735 276 413 376 56.858150 81.115578 21.150106 -0.484343 0.074639 0.009403 17.997177 -35.099121 472.168823 -15.115541 -34.810707 474.623291 51.109894 -35.387531 469.714386
568 271 584 261 605 261 623 272 605 277 585 278 715 270 733 259 755 259 773 269 754 275 734 275 567 111 26.178560 28.666830 16.077408 -0.463665 0.071582 0.005411 17.717196 -35.457886 470.623199 -15.403620 -35.090027 472.954681 50.838013 -35.825748 468.291687
563 272 580 261 600 261 618 272 600 277 581 277 711 270 728 258 750 258 768 268 750 274 730 274 1170 10 -93.741447 8.397264 17.617165 -0.455350 0.056589 -0.005918 15.641725 -35.627045 470.801239 -17.510279 -35.017025 472.571045 48.793728 -36.237064 469.031433
567 274 584 264 604 264 621 274 604 279 585 279 714 273 732 262 753 262 771 271 753 278 733 277 345 269 70.355110 60.005043 18.271219 -0.479732 0.074806 0.009150 17.232342 -34.405598 471.704071 -15.880013 -34.113422 474.162964 50.344700 -34.697777 469.245178
569 277 585 268 605 268 622 277 604 282 586 282 714 275 732 265 752 265 770 274 752 279 733 279 163 562 106.608315 118.001572 23.805065 -0.497969 0.079331 0.005338 17.486538 -33.488190 476.535889 -15.615522 -33.015934 479.103027 50.588600 -33.960442 473.968781
566 271 582 261 604 261 621 272 603 277 584 278 714 271 732 259 754 258 772 268 753 275 733 275 565 21 26.556194 10.881949 14.008113 -0.454341 0.071933 0.004689 17.004095 -35.394249 469.496887 -16.115957 -35.011421 471.836792 50.124146 -35.777077 467.156952
568 283 584 274 603 274 619 283 602 287 585 288 712 282 729 272 749 272 767 280 749 286 730 286 407 885 58.164474 181.707855 32.742657 -0.517301 0.069827 0.007669 16.655729 -30.899309 479.786438 -16.469002 -30.556330 482.065521 49.780460 -31.242289 477.507355
565 274 582 264 603 264 620 276 602 281 583 281 713 275 731 263 753 262 771 272 753 279 732 279 194 62 100.333122 19.175041 12.577688 -0.462252 0.076509 0.010345 16.688828 -33.771610 469.963806 -16.418823 -33.526188 472.490234 49.796478 -34.017036 467.437378
562 279 577 270 598 269 615 280 597 285 579 285 708 278 725 267 746 266 764 275 746 282 726 282 1401 387 -139.588409 82.781769 27.705727 -0.478306 0.052147 -0.009225 14.433868 -32.382675 474.901428 -18.725277 -31.681877 476.495056 47.593014 -33.083469 473.307831
564 275 581 266 601 266 619 277 601 282 582 282 711 276 729 264 751 264 769 273 750 280 730 280 581 295 23.435833 65.021935 20.371206 -0.470498 0.070416 0.005568 15.997196 -33.495682 472.083923 -17.126331 -33.133926 474.377533 49.120724 -33.857441 469.790314
566 282 582 274 601 274 617 283 601 287 583 287 710 281 727 272 747 272 764 280 747 285 728 285 852 894 -30.315111 183.257797 35.787785 -0.519657 0.060508 0.001590 15.767853 -31.198103 480.707825 -17.377508 -30.738283 482.639984 48.913216 -31.657923 478.775665
567 280 582 272 602 271 619 281 602 285 584 286 711 279 728 269 749 269 766 277 748 283 729 283 572 698 25.315065 144.667908 29.522476 -0.503505 0.068214 0.002770 16.214211 -32.025639 479.631989 -16.914873 -31.555635 481.823456 49.343296 -32.495644 477.440521
569 281 585 273 604 273 620 282 603 286 586 287 713 280 730 271 750 271 768 279 750 284 731 284 194 801 100.497635 165.217102 29.464109 -0.509937 0.074863 0.007863 17.050558 -31.462847 479.163971 -16.062246 -31.092649 481.606262 50.163361 -31.833044 476.721680
570 280 585 271 605 271 622 281 605 285 587 285 714 279 732 269 752 269 770 277 752 283 733 283 100 644 119.153183 134.238876 25.276802 -0.498083 0.077812 0.009816 17.605665 -32.090958 478.215668 -15.499171 -31.773302 480.770782 50.710499 -32.408611 475.660553
566 280 582 272 601 272 618 281 601 286 583 286 711 280 729 270 749 269 767 278 749 284 730 284 755 545 -11.105808 114.337837 27.194063 -0.490870 0.064193 0.003792 16.077286 -31.729551 476.902893 -17.060265 -31.337833 478.978699 49.214836 -32.121269 474.827118
564 279 580 269 600 269 617 279 600 284 581 284 710 278 727 267 748 267 766 275 748 282 728 282 1326 362 -124.681351 77.879768 26.655905 -0.473379 0.052442 -0.003992 15.496985 -32.611816 476.391205 -17.662764 -32.079784 478.036682 48.656734 -33.143848 474.745758
574 242 589 232 608 232 624 241 608 246 590 247 714 237 731 227 751 226 768 235 751 241 732 242 1371 354 -133.630707 76.275681 26.760239 -0.494114 0.081726 -0.010978 18.539562 -51.362816 486.422516 -14.554701 -50.356827 488.935944 51.633823 -52.368805 483.909088
611 275 625 266 644 266 658 277 643 282 626 282 741 276 756 265 775 265 790 274 774 281 757 281 622 27 15.223933 12.038390 14.508923 0.444744 0.019975 -0.004854 34.764202 -36.707096 518.701965 1.566289 -36.696251 519.378784 67.962112 -36.717941 518.025146
595 285 609 276 627 276 642 285 627 290 610 290 725 283 740 273 759 273 775 281 759 287 741 287 863 244 -32.646999 54.798363 21.005234 -0.509200 0.089749 0.004730 27.235235 -33.197338 527.858704 -5.838438 -32.605518 530.746887 60.308907 -33.789154 524.970581
598 285 613 276 631 275 646 285 631 289 614 290 729 283 744 273 763 273 779 282 763 287 745 287 228 252 93.615028 56.705601 17.136206 -0.516224 0.099177 0.012169 29.083241 -33.036591 526.096558 -3.959597 -32.591694 529.341980 62.126076 -33.481487 522.851196
601 290 615 282 632 282 647 289 632 293 616 294 729 288 744 280 762 279 777 287 762 291 745 291 578 855 24.157007 175.691345 33.148270 -0.539632 0.090378 0.008427 29.970823 -31.139612 535.666138 -3.100580 -30.615974 538.593201 63.042225 -31.663248 532.739075
600 287 615 278 633 278 648 287 632 291 615 292 730 285 746 276 764 275 780 284 764 289 747 289 485 471 42.563179 99.852592 23.780312 -0.514836 0.094917 0.010686 29.996895 -32.222412 529.149780 -3.059877 -31.768318 532.248718 63.053665 -32.676506 526.050903
601 290 615 282 632 282 647 290 632 294 616 295 729 288 744 280 762 279 777 287 762 292 745 292 1005 698 -60.780506 144.445435 32.285378 -0.533400 0.084950 0.005747 29.809868 -30.823841 534.515503 -3.277483 -30.271357 537.250732 62.897221 -31.376326 531.780273
599 290 613 281 631 280 647 289 631 294 614 295 729 287 744 277 763 277 779 286 763 291 745 291 1061 291 -72.005875 63.984825 23.342607 -0.522193 0.087379 0.001400 29.363478 -30.906353 529.125916 -3.717477 -30.210691 531.905518 62.444431 -31.602016 526.346313
603 293 617 285 635 284 650 293 635 297 618 297 732 292 748 283 766 282 782 290 766 295 749 295 605 638 18.740150 132.793671 28.362022 -0.533642 0.091505 0.012881 31.278475 -29.138460 531.029114 -1.787999 -28.754471 534.032532 64.344948 -29.522448 528.025696
601 293 616 285 633 285 648 294 633 298 617 298 730 292 746 283 764 282 780 290 764 295 747 295 1250 738 -109.486183 152.224396 34.762699 -0.537243 0.079947 0.002794 30.436237 -29.042530 532.561340 -2.664917 -28.435068 535.111694 63.537392 -29.649994 530.010986
605 295 619 287 637 287 651 295 636 299 620 299 734 293 749 285 767 285 782 292 766 297 750 297 498 855 40.063808 175.732452 32.637802 -0.549414 0.092064 0.013451 32.129410 -28.248829 534.276428 -0.935360 -27.854429 537.297180 65.194183 -28.643227 531.255676
604 294 618 286 635 285 650 294 635 298 619 299 732 292 747 283 766 283 781 291 765 296 748 296 1071 717 -73.899391 148.166321 33.140671 -0.543134 0.084626 0.007200 31.396641 -28.677193 532.672180 -1.691399 -28.160320 535.406067 64.484680 -29.194067 529.938293
603 291 617 282 636 282 651 291 635 296 618 296 733 290 748 280 767 279 783 288 767 294 749 294 842 182 -28.485268 42.556637 19.454514 -0.515840 0.088399 0.007529 31.418587 -29.932547 528.233582 -1.658503 -29.431358 531.099670 64.495674 -30.433733 525.367493
601 288 615 279 633 280 648 290 633 295 616 295 733 289 748 278 766 276 782 284 766 292 749 293 1304 207 -120.341492 47.259789 22.973719 0.412140 0.033581 -0.023081 29.923977 -30.242640 513.438965 -3.253660 -29.724468 514.678101 63.101616 -30.760811 512.199829
606 294 620 285 638 285 653 294 638 298 621 298 735 293 751 284 769 283 785 291 769 297 752 296 469 561 45.764572 117.646721 25.734751 -0.539025 0.092276 0.014441 32.772697 -28.531895 530.402466 -0.290864 -28.182432 533.441956 65.836258 -28.881357 527.362976
603 290 617 282 635 283 649 292 634 297 618 297 734 291 748 281 767 279 782 287 766 294 750 295 1327 505 -124.848351 106.139091 29.929888 0.415517 0.036678 -0.023166 30.718317 -29.374678 517.858643 -2.455703 -28.876999 519.198914 63.892338 -29.872355 516.518372
606 294 621 287 638 287 653 295 638 299 622 299 736 294 751 285 769 285 785 293 769 298 752 298 174 685 104.448517 142.303329 26.685850 -0.539686 0.095301 0.018687 32.912991 -27.955801 530.884216 -0.139121 -27.712948 534.055725 65.965103 -28.198656 527.712708
604 293 618 284 636 284 651 294 636 298 619 298 734 292 749 282 767 282 783 290 767 296 750 296 1205 154 -100.668617 36.836731 21.130947 -0.515946 0.081752 0.005797 31.869261 -28.836344 529.981506 -1.226549 -28.335703 532.622803 64.965073 -29.336983 527.340210
605 293 620 284 638 284 653 293 637 298 621 298 736 292 751 282 770 281 786 290 770 296 752 296 958 30 -51.583969 12.458614 16.721436 -0.519080 0.087639 0.010243 32.638550 -28.791723 527.752686 -0.439964 -28.378344 530.616333 65.717064 -29.205101 524.888977
609 295 623 287 641 287 656 296 641 300 624 300 739 295 754 286 773 286 788 294 772 299 755 299 207 639 97.876717 133.195801 25.845301 -0.543136 0.096289 0.022741 34.338749 -27.448286 529.623779 1.292365 -27.319170 532.861023 67.385132 -27.577402 526.386597
569 270 584 262 602 261 618 269 602 273 585 274 706 265 722 257 740 256 757 264 740 269 723 269 696 850 0.693359 174.642624 33.786957 -0.527410 0.068210 -0.013046 15.321353 -39.354382 500.282104 -17.805260 -38.358017 502.330109 48.447964 -40.350746 498.234070
569 273 583 264 602 264 618 272 602 277 585 278 707 268 723 259 742 258 758 266 742 272 724 272 1290 483 -117.496353 101.810432 29.191088 -0.499531 0.061427 -0.022148 15.574519 -38.061378 499.927551 -17.560989 -36.857906 501.702179 48.710030 -39.264851 498.152924
574 277 589 269 606 268 622 275 606 280 590 281 710 272 726 264 744 263 760 270 744 275 727 276 875 830 -34.902565 170.598221 34.472118 -0.528087 0.069284 -0.015602 17.568180 -36.437603 504.671753 -15.554858 -35.350502 506.731415 50.691219 -37.524704 502.612122
575 273 590 264 609 263 625 272 609 276 592 277 712 268 728 259 747 258 764 266 747 272 729 272 660 467 7.766156 98.972191 24.805555 -0.499978 0.076895 -0.014127 18.630886 -38.188469 502.028046 -14.474595 -37.114365 504.358948 51.736366 -39.262569 499.697144
579 275 593 267 611 266 627 274 611 278 595 279 715 270 731 262 749 262 765 269 749 274 731 274 298 766 79.811005 158.246933 29.327953 -0.524561 0.079636 -0.009501 19.846928 -37.206684 504.635468 -13.253578 -36.228367 507.076569 52.947433 -38.185001 502.194336
578 275 593 266 611 266 627 274 611 279 594 279 715 271 730 262 749 261 766 269 749 274 731 274 1033 623 -66.364586 129.609451 30.750265 -0.518296 0.068658 -0.014465 19.829155 -37.100811 504.130341 -13.295768 -36.064636 506.185944 52.954075 -38.136986 502.074738
577 272 593 262 612 261 628 271 612 277 594 278 716 268 732 257 752 257 769 266 752 272 733 273 1060 90 -71.851784 24.263477 18.743301 -0.476487 0.070012 -0.014299 20.136848 -38.102715 498.713531 -12.984817 -37.102852 500.838409 53.258514 -39.102581 496.588623
579 273 594 263 613 263 629 272 613 277 595 278 716 269 732 259 752 258 769 267 752 273 734 274 1023 151 -64.481308 36.337383 19.901083 -0.480473 0.071959 -0.012027 20.559471 -37.829529 500.941406 -12.558696 -36.882904 503.143799 53.677639 -38.776150 498.739014
580 280 595 271 613 270 628 278 613 283 596 283 716 275 732 266 751 266 767 274 751 279 733 279 1153 827 -90.179375 169.862518 36.177441 -0.534694 0.066546 -0.010925 20.589834 -35.000381 504.747223 -12.541285 -34.078335 506.756805 53.720955 -35.922428 502.737640
579 273 594 263 614 263 630 273 614 278 596 279 718 270 734 259 754 259 771 268 754 274 735 274 584 102 22.796360 26.879505 15.980228 -0.486038 0.078550 -0.008674 21.050684 -37.288872 498.850769 -12.052520 -36.391205 501.286285 54.153885 -38.186539 496.415253
581 275 596 265 616 265 632 275 616 280 597 281 719 273 736 261 756 261 773 270 756 277 737 277 308 230 77.703323 52.316830 17.143965 -0.489298 0.084286 -0.002059 21.975842 -36.216831 498.366058 -11.113359 -35.480488 501.034821 55.065041 -36.953178 495.697327
581 276 597 266 616 266 633 276 616 281 598 282 719 273 736 262 756 262 773 271 756 278 737 278 520 106 35.522694 27.702873 15.663257 -0.484584 0.080164 -0.004908 22.049524 -35.856350 498.902222 -11.050332 -35.067764 501.419586 55.149384 -36.644939 496.384857
581 279 596 270 615 270 631 279 615 283 597 284 718 276 734 266 754 266 770 274 753 280 735 280 918 485 -43.529278 102.396812 26.863119 -0.508409 0.072809 -0.007976 21.636265 -34.779686 503.677612 -11.481421 -33.925163 505.924438 54.753952 -35.634209 501.430786
583 275 598 265 618 265 634 276 617 281 599 281 721 274 738 263 758 263 775 272 758 279 739 279 103 121 118.440239 30.881449 13.345203 -0.524118 0.082827 0.008210 22.727194 -35.444683 496.100586 -10.365277 -35.000694 498.793335 55.819664 -35.888672 493.407837
583 283 598 275 616 274 631 282 616 287 599 287 718 280 734 271 752 271 768 278 752 283 735 283 1026 844 -64.923538 173.287338 35.755531 -0.539665 0.068512 -0.005906 21.989145 -33.320824 509.596954 -11.139076 -32.535400 511.709686 55.117367 -34.106251 507.484222
582 284 597 276 615 275 630 283 615 287 598 288 718 281 734 272 752 272 768 279 752 284 734 284 1151 890 -89.767677 182.313675 37.604252 -0.537735 0.067209 -0.006798 21.533566 -32.721703 507.853119 -11.597324 -31.921398 509.917908 54.664455 -33.522007 505.788361
584 280 600 270 619 270 636 280 619 285 601 285 723 279 740 268 760 268 777 277 759 283 741 283 122 170 114.673286 40.555126 14.586107 -0.505480 0.082468 0.009232 23.506546 -33.457081 497.012024 -9.586418 -33.073326 499.707947 56.599510 -33.840836 494.316101
581 285 596 276 615 275 631 285 615 289 598 290 718 282 734 272 753 271 770 280 753 286 735 286 1411 585 -141.532684 121.905624 32.293907 -0.523393 0.058721 -0.010783 21.705217 -32.083885 504.995880 -11.441773 -31.243607 506.765228 54.852207 -32.924164 503.226562
583 283 598 273 618 273 634 283 617 288 599 288 721 281 737 270 757 269 774 278 757 285 738 285 893 198 -38.622292 45.692375 20.145542 -0.507116 0.073553 -0.002316 22.761976 -32.592812 500.386475 -10.354877 -31.913387 502.704224 55.878830 -33.272236 498.068695
585 287 600 279 618 279 634 287 618 291 601 292 722 285 737 276 756 276 772 283 755 289 738 289 730 813 -6.075269 167.313156 33.158440 -0.531776 0.071055 -0.001226 23.269030 -30.951447 507.749634 -9.853927 -30.300224 509.986877 56.391987 -31.602669 505.512390
549 273 565 263 586 262 603 272 586 277 567 278 699 269 716 258 737 258 755 267 737 273 717 273 1016 692 -62.969025 143.254044 32.218468 -0.535797 0.044104 -0.017890 9.384787 -35.002823 461.643524 -23.783316 -34.054070 462.883057 42.552891 -35.951572 460.403992
552 270 569 260 591 260 609 270 590 275 571 276 704 267 722 256 744 256 762 265 743 272 723 272 48 297 129.415344 65.691040 17.015923 -0.512884 0.065693 -0.005576 11.552055 -35.458923 457.108887 -21.582186 -34.734882 459.147858 44.686298 -36.182968 455.069916
553 274 569 264 589 264 607 273 589 278 570 279 702 270 720 260 740 259 758 268 740 274 721 274 731 679 -6.303936 140.831406 30.102873 -0.532177 0.051743 -0.015368 10.940252 -34.600693 463.252594 -22.217333 -33.668015 464.757355 44.097836 -35.533375 461.747803
556 276 572 266 592 266 610 275 592 279 574 280 706 272 723 262 744 262 761 270 743 276 724 276 136 703 112.008255 145.880035 26.854685 -0.533082 0.064817 -0.006577 12.312339 -33.720970 463.280396 -20.823683 -32.952923 465.273834 45.448360 -34.489017 461.286957
554 276 571 267 591 266 608 275 590 279 572 280 704 272 721 262 741 262 758 270 740 275 722 275 692 545 1.420799 114.370209 26.792070 -0.527806 0.051858 -0.015111 11.455024 -33.906048 465.009491 -21.702477 -32.983654 466.522400 44.612526 -34.828438 463.496552
556 277 572 267 592 267 610 276 592 280 573 281 705 273 722 263 743 263 760 272 742 277 723 277 493 757 41.036167 156.368149 30.366562 -0.530800 0.055473 -0.010553 12.222479 -33.366966 464.952850 -20.930641 -32.555618 466.617767 45.375599 -34.178318 463.287903
554 268 572 257 594 256 612 268 593 274 573 274 708 266 726 253 748 253 766 263 748 271 727 271 256 9 87.993546 8.669262 11.762231 -0.486327 0.062788 -0.003676 12.955194 -36.151974 454.678650 -20.185249 -35.537868 456.651855 46.095638 -36.766079 452.705444
555 274 572 263 593 263 611 273 593 279 573 279 707 270 724 259 746 259 764 268 746 275 726 275 456 304 48.292213 66.864754 19.779255 -0.511858 0.060595 -0.008888 12.694984 -34.125103 458.431885 -20.448925 -33.339252 460.282104 45.838894 -34.910950 456.581665
553 272 570 261 592 260 610 271 591 277 571 278 705 268 723 256 745 256 763 266 744 273 724 273 872 125 -34.463009 31.276815 18.343468 -0.488959 0.050111 -0.016249 12.014412 -35.201950 458.530670 -21.145248 -34.285225 459.999054 45.174072 -36.118671 457.062317
553 277 570 267 591 266 609 276 591 281 571 282 704 273 721 262 742 262 760 271 742 277 722 277 1065 556 -72.742218 116.352386 29.423477 -0.522666 0.046204 -0.018456 11.569379 -33.200550 461.797485 -21.595272 -32.223694 463.105652 44.734032 -34.177402 460.489319
554 272 571 261 592 261 610 272 592 277 572 278 706 269 724 257 745 257 763 267 745 274 725 274 772 191 -14.564812 44.371197 19.213509 -0.497351 0.053057 -0.011448 12.281744 -34.818970 458.624237 -20.875168 -34.025459 460.220856 45.438656 -35.612480 457.027649
554 278 571 269 591 268 609 277 591 282 572 283 704 274 722 264 743 264 760 272 742 278 723 278 1029 587 -65.577255 122.497147 29.902128 -0.526392 0.047434 -0.017029 11.852793 -32.583439 462.678955 -21.310823 -31.638990 464.036224 45.016407 -33.527889 461.321686
554 281 570 271 590 271 608 280 590 285 571 286 703 277 721 267 741 266 758 275 741 281 722 281 1394 860 -138.091263 176.260193 38.469284 -0.548194 0.036489 -0.022155 11.429703 -31.630436 464.574402 -21.745611 -30.607479 465.529266 44.605015 -32.653393 463.619537
558 280 575 271 595 270 612 279 594 284 576 285 708 277 725 267 746 267 763 275 745 281 726 281 439 743 51.770142 153.629196 29.702093 -0.538352 0.059423 -0.006253 13.318082 -31.609234 463.564026 -19.828892 -30.893360 465.387543 46.465057 -32.325108 461.740509
555 282 571 272 592 272 609 281 592 286 573 286 705 278 722 268 743 267 760 276 742 282 723 282 1347 846 -128.749146 173.517639 37.849480 -0.545518 0.038957 -0.019864 12.021348 -31.189167 463.879883 -21.152502 -30.217907 464.934387 45.195198 -32.160427 462.825378
559 275 576 265 597 265 615 276 597 281 577 281 711 274 729 262 751 262 768 272 750 278 730 278 33 203 132.376953 47.122353 14.772275 -0.503411 0.070339 0.002255 14.428304 -32.904331 457.421875 -18.696039 -32.400707 459.676636 47.552647 -33.407955 455.167145
560 277 577 267 598 267 616 277 597 282 578 283 712 275 729 264 751 264 768 274 750 280 730 280 152 411 108.761887 88.166420 20.284472 -0.518690 0.065632 0.000735 14.711243 -32.259590 459.324615 -18.423660 -31.730457 461.412170 47.846146 -32.788727 457.237091
560 281 577 272 598 272 615 281 597 286 578 287 711 279 729 269 749 269 767 277 749 283 730 283 269 649 85.551170 135.140152 26.469416 -0.535116 0.063701 -0.001313 14.619457 -30.759670 462.177765 -18.519573 -30.165789 464.180664 47.758488 -31.353552 460.174866
556 284 573 274 593 274 611 283 593 288 574 289 706 281 723 270 744 270 761 278 744 284 724 285 1242 728 -107.897728 150.252289 34.483147 -0.541319 0.042164 -0.018010 12.547648 -29.993713 463.633698 -20.623114 -29.054966 464.807983 45.718410 -30.932461 462.459412
557 285 574 275 594 275 612 284 594 289 575 290 707 282 724 272 745 271 762 280 744 286 725 286 1167 781 -92.973305 160.764755 35.215656 -0.539102 0.040720 -0.013527 13.048090 -29.608444 464.667511 -20.126894 -28.825188 465.836487 46.223072 -30.391701 463.498505
