584 454 601 444 622 446 639 459 621 464 601 463 737 462 754 450 776 450 793 461 775 469 755 468 1488 284 -129.409470 60.162716 16.847963 -0.156730 0.222015 0.013769 13.704264 41.566208 408.662598 -18.684113 41.688786 415.979523 46.092640 41.443630 401.345642
577 460 593 450 613 450 630 460 613 467 594 467 730 463 748 453 769 454 785 465 767 471 748 470 1338 462 -99.810799 95.314667 17.581854 -0.158553 0.074892 0.025667 11.226977 44.096466 424.883057 -21.874050 43.445267 427.424225 44.328003 44.747669 422.341888
578 456 594 445 614 445 631 456 614 463 595 463 732 459 749 449 771 450 787 461 769 468 749 466 1571 184 -145.787247 40.414543 16.436502 -0.131258 0.075842 0.023350 11.779456 42.297066 422.174194 -21.321012 41.689739 424.733459 44.879925 42.904396 419.614929
578 457 594 446 615 447 632 458 614 465 595 465 732 461 750 451 772 452 789 463 771 470 751 469 1254 55 -83.185730 14.976037 16.185585 -0.035916 0.034667 0.030441 12.110929 42.614231 419.139740 -21.058558 41.624699 420.308319 45.280415 43.603767 417.971130
587 470 604 463 623 463 640 470 623 475 604 475 736 473 753 467 773 469 789 477 772 481 753 479 1088 883 -50.491905 178.445892 19.248484 0.126442 0.032341 0.031237 15.357305 51.044151 445.826660 -17.813993 49.942257 446.831818 48.528603 52.146049 444.821472
604 466 621 457 642 458 659 468 641 474 622 474 760 471 777 462 797 462 812 472 795 479 777 478 610 428 43.929695 88.665627 17.941029 0.014804 0.010504 0.028098 23.851246 47.012547 423.929688 -9.338631 46.077160 424.271515 57.041122 47.947933 423.587891
608 462 627 454 649 454 667 464 648 470 627 470 764 469 782 461 803 462 819 472 801 478 782 477 610 132 43.958794 30.232254 16.885242 0.140297 0.097036 0.025432 26.829290 47.585693 434.147675 -6.208871 46.519947 437.294678 59.867451 48.651436 431.000641
617 468 635 460 656 461 674 470 655 475 635 475 772 476 789 469 809 471 823 480 806 485 788 483 223 414 120.340790 85.935326 18.146496 0.047017 0.056455 0.043555 30.046501 50.438042 434.400970 -3.073954 48.949528 436.239288 63.166958 51.926559 432.562653
581 461 598 452 618 453 634 463 616 468 597 468 731 470 750 463 771 465 789 475 770 479 750 477 1546 345 -140.867050 72.199722 17.027264 0.198994 0.022790 0.070259 13.120080 47.523434 435.264038 -19.994495 45.132980 435.783875 46.234657 49.913887 434.744232
613 480 630 475 649 476 666 483 649 487 630 487 766 489 783 485 801 486 816 494 799 498 782 496 689 990 28.276592 199.603241 19.893457 0.037247 0.061915 0.052132 27.500755 56.633617 437.952606 -5.595364 54.866627 439.973541 60.596874 58.400608 435.931641
595 482 613 475 633 475 650 482 632 487 613 488 748 485 766 479 785 481 802 488 784 493 765 491 1344 925 -101.040962 186.714996 19.229343 0.133056 0.069989 0.017332 20.031549 55.747189 438.809540 -13.087115 55.019573 441.086426 53.150215 56.474800 436.532654
580 469 598 460 620 460 638 471 619 476 599 477 737 475 756 466 778 468 796 478 777 484 756 482 1539 28 -139.453796 9.621341 15.901195 0.098576 0.058397 0.033654 14.456146 48.977283 422.732941 -18.673336 47.767002 424.612396 47.585629 50.187565 420.853516
649 478 667 470 687 471 704 481 685 485 666 485 803 489 819 482 836 484 848 495 833 499 817 496 49 915 154.646301 184.852783 20.048315 -0.503817 -0.021520 0.088231 43.334793 56.094761 438.827423 10.263948 53.115253 438.865723 76.405640 59.074268 438.789154
583 450 599 440 620 440 636 452 619 459 600 459 739 458 757 448 780 450 797 463 778 469 757 467 1188 162 -70.165138 36.104614 16.610794 0.031830 0.027301 0.066466 14.433455 40.430565 414.093414 -18.685680 38.211411 414.963898 47.552593 42.649715 413.222931
617 456 636 447 658 448 675 460 656 466 635 465 778 466 795 456 816 458 830 470 813 476 794 475 599 7 46.142937 5.556949 16.446648 -0.004786 0.021658 0.052450 30.253523 43.380131 414.571991 -2.897843 41.641186 415.294922 63.404888 45.119072 413.849060
566 464 582 453 603 453 620 464 603 471 583 472 723 465 741 454 763 455 780 466 762 473 742 472 1608 198 -153.093948 43.175087 16.462021 0.034159 0.029195 0.010149 7.604243 44.007423 413.414337 -25.584713 43.653980 414.377625 40.793198 44.360863 412.451019
601 482 619 475 639 476 656 483 638 488 619 488 757 487 774 481 793 482 809 490 791 494 773 493 863 863 -6.065681 174.517136 19.325636 0.061665 0.058612 0.023371 22.693398 55.049461 430.702301 -10.445354 54.214466 432.622070 55.832150 55.884457 428.782532
601 485 619 478 640 478 658 486 639 491 620 491 757 490 775 484 795 486 811 494 793 499 775 497 984 781 -29.947998 158.319061 18.953300 0.120590 0.071679 0.025364 23.317362 57.003132 433.431549 -9.791631 56.020519 435.752899 56.426353 57.985744 431.110199
609 490 627 483 647 483 665 490 646 494 627 495 763 494 780 488 799 489 816 497 798 501 780 499 385 941 88.303513 189.956421 19.919308 -0.836638 0.023964 0.047444 27.061651 60.648415 449.675446 -6.098941 59.565025 451.002472 60.222244 61.731804 448.348419
608 493 626 486 645 486 663 493 644 498 626 498 762 499 779 494 798 496 814 505 796 509 778 506 794 1013 7.543011 204.134598 19.906200 0.196922 0.083921 0.039601 26.057661 62.738224 445.739990 -7.004753 61.160336 448.375671 59.120075 64.316109 443.104340
599 296 613 287 630 287 644 297 630 301 614 302 726 296 741 285 760 285 776 294 760 300 743 300 1471 364 -126.060837 75.956993 17.144529 -0.224281 0.097192 0.000104 16.072330 -31.806257 492.116119 -16.976429 -31.449570 495.311737 49.121090 -32.162945 488.920532
664 308 682 298 704 299 720 311 702 316 682 316 812 314 828 302 848 302 863 313 847 320 828 319 418 423 81.838882 87.695168 18.049906 -0.043936 -0.118183 0.022607 48.857426 -20.647657 429.504517 15.892660 -21.482351 425.607452 81.822197 -19.812963 433.401581
681 320 699 311 719 312 736 323 717 327 698 327 828 327 844 317 864 317 878 328 862 333 844 333 412 822 82.984306 166.462296 19.477036 -0.097346 -0.043037 0.045569 56.017872 -15.224756 433.367004 22.878212 -16.803972 432.014709 89.157532 -13.645540 434.719299
673 321 691 311 713 311 730 321 711 327 691 328 827 324 844 315 864 317 879 328 862 334 843 332 580 253 49.870132 54.121460 17.336630 -0.271024 0.072124 0.049553 53.742123 -15.857705 429.864655 20.663582 -17.158604 432.448761 86.820663 -14.556806 427.280579
638 329 654 320 675 321 692 333 674 337 655 336 787 335 805 325 826 325 843 335 825 341 805 340 1490 897 -129.864624 181.174896 19.033119 -0.182440 0.064532 0.032749 36.984917 -11.310716 424.000580 3.866769 -12.196332 426.228485 70.103065 -10.425099 421.772675
636 319 654 309 676 311 694 324 675 328 654 327 792 327 810 315 832 316 849 328 831 334 810 333 1230 238 -78.465134 51.104149 16.854156 -0.127487 0.034279 0.042534 36.915936 -14.456967 409.641052 3.760587 -15.792351 410.865509 70.071281 -13.121585 408.416595
675 335 693 326 713 327 730 338 712 343 693 343 827 342 843 333 863 333 878 343 861 350 843 349 500 933 65.598572 188.367203 19.814878 -0.183284 0.044032 0.054122 52.937374 -8.324636 422.816742 19.813124 -9.976695 424.433655 86.061623 -6.672577 421.199860
683 326 702 316 724 317 742 331 722 335 702 334 839 334 858 322 880 323 897 334 878 340 858 340 264 238 112.263008 51.187614 17.491673 -0.064665 -0.008153 0.043369 56.222054 -11.440327 405.026215 23.049555 -12.887654 404.802307 89.394554 -9.992998 405.250092
682 332 701 322 723 323 741 335 722 339 701 339 838 338 856 327 878 327 895 338 876 344 857 343 219 512 121.120918 105.281853 18.498686 -0.136895 0.074376 0.041987 56.419842 -9.812654 411.775452 23.335876 -11.032099 414.329590 89.503807 -8.593211 409.221283
689 338 707 330 727 330 745 337 726 343 707 344 842 342 859 335 878 337 892 347 876 351 858 349 166 1043 131.533096 210.111160 20.427656 -0.321440 0.075523 0.063176 60.366184 -8.022931 431.156647 27.320820 -9.682136 433.951385 93.411552 -6.363726 428.361938
679 321 698 310 721 311 738 324 719 329 698 328 834 328 852 316 874 317 890 328 872 335 852 334 674 354 31.300735 74.051750 17.634846 -0.097309 -0.008953 0.043229 55.151505 -14.077692 411.261536 21.979017 -15.524835 411.034607 88.323990 -12.630549 411.488495
679 324 698 314 720 315 738 328 718 333 698 332 834 331 851 320 873 320 889 332 871 338 852 337 627 449 40.571129 92.809769 18.004713 -0.116137 0.011955 0.041529 55.126770 -12.709126 413.688446 21.952925 -14.061546 414.164368 88.300621 -11.356706 413.212524
677 325 696 314 718 315 737 327 717 332 697 332 834 328 852 316 873 317 890 327 872 334 852 333 390 306 87.378738 64.600609 17.651064 -0.110450 0.032129 0.019820 54.377026 -13.492287 409.570190 21.195847 -14.090075 410.670898 87.558205 -12.894497 408.469482
650 324 668 313 690 314 707 327 688 332 668 331 804 329 822 316 845 316 863 328 844 335 823 334 1027 411 -38.401592 85.273628 17.605192 -0.163967 0.088920 0.029068 42.549683 -13.526461 411.887726 9.489739 -14.244586 414.901703 75.609627 -12.808335 408.873779
650 325 668 314 691 315 709 329 690 334 669 334 806 331 825 318 848 318 866 330 847 338 826 337 1083 123 -49.429981 28.414694 16.540983 -0.112351 0.063349 0.026324 42.730377 -12.338932 404.432831 9.603582 -13.092504 406.579285 75.857170 -11.585361 402.286377
648 325 666 314 689 315 707 329 687 334 666 333 804 330 823 317 846 317 864 329 845 336 824 336 1217 155 -75.890236 34.720238 16.566689 -0.111392 0.064361 0.021079 41.772274 -12.673187 404.946777 8.643503 -13.252286 407.116730 74.901047 -12.094088 402.776794
662 324 681 313 704 314 722 328 702 333 681 333 820 330 838 316 861 316 879 328 860 336 839 336 1010 15 -35.006161 7.100718 16.203941 -0.079617 -0.011741 0.021751 47.733730 -12.756949 400.917725 14.539053 -13.493872 400.557068 80.928406 -12.020026 401.278381
651 310 669 301 690 303 706 316 688 320 668 319 803 324 822 313 844 315 862 327 842 333 822 331 1462 455 -124.292816 93.922081 17.475052 -0.124804 0.114488 0.087524 42.388283 -16.548828 412.532318 9.527221 -19.200953 416.491669 75.249344 -13.896706 408.572968
665 338 683 327 705 328 723 340 704 344 684 344 821 339 839 327 860 327 877 337 859 344 839 344 865 715 -6.446013 145.300278 18.796425 -0.228478 0.083160 0.009376 49.387215 -8.817788 413.589844 16.298103 -8.812147 416.359375 82.476326 -8.823428 410.820312
692 333 712 321 735 320 754 333 734 338 713 339 850 330 867 317 889 316 906 327 888 334 869 335 179 184 129.050812 40.534817 17.355160 -0.311933 0.118655 -0.003011 61.129608 -11.951406 411.367706 28.156527 -11.244460 415.219421 94.102692 -12.658353 407.515991
