558 287 571 280 586 280 597 287 584 292 571 292 665 289 677 282 692 283 703 291 691 295 678 294 76 806 160.847992 156.516953 60.873463 -0.048190 -0.005004 0.028400 3.754305 -45.984070 646.444580 -29.436705 -46.930592 646.301270 36.945316 -45.037548 646.587952
538 285 550 277 564 276 576 283 563 288 550 289 643 282 655 275 670 275 682 283 669 288 656 287 986 386 -20.193365 74.068100 47.432770 -0.143320 0.074330 0.002067 -9.793316 -50.465061 660.400513 -42.906532 -50.356915 662.862793 23.319899 -50.573212 657.938171
542 285 554 277 568 276 580 283 567 288 554 289 648 283 659 276 674 276 686 284 674 288 660 288 660 296 44.607117 55.975300 47.797192 -0.122639 0.070309 0.006963 -7.166180 -50.044582 659.061584 -40.288254 -50.132107 661.402527 25.955896 -49.957054 656.720642
543 285 555 277 569 277 580 284 568 288 555 289 648 283 660 276 674 277 686 285 674 289 661 288 468 547 82.842735 105.535439 53.638535 -0.164412 0.072762 0.009412 -6.804620 -50.082809 661.953064 -39.920307 -50.195560 664.381714 26.311066 -49.970062 659.524414
535 287 547 279 561 278 572 284 560 290 547 291 639 282 651 275 665 275 677 283 665 287 652 287 1149 167 -52.655193 30.822699 42.364300 -0.101885 0.103425 -0.013934 -12.205256 -50.078201 662.939758 -45.229576 -49.442528 666.338257 20.819063 -50.713875 659.541199
542 287 554 279 568 278 580 284 568 290 554 291 647 282 659 275 674 276 686 283 674 288 660 287 443 467 87.795044 89.669029 52.313538 0.011917 0.248146 -0.013320 -7.245860 -48.094990 640.241333 -39.430683 -47.706081 648.398865 24.938965 -48.483902 632.083801
546 290 557 282 572 281 583 287 571 292 558 293 650 286 662 279 676 279 688 287 676 291 663 290 72 484 161.568237 92.733536 54.938618 -0.027783 0.129680 -0.011329 -5.282818 -47.693905 659.142151 -38.206715 -47.259113 663.430237 27.641079 -48.128696 654.854065
537 289 549 281 563 280 574 287 562 292 549 293 641 284 653 276 667 277 679 284 667 289 654 288 1010 204 -25.007956 38.038036 43.914749 -0.089368 0.080788 -0.023604 -10.857464 -48.978909 663.314209 -43.944813 -48.077404 665.955017 22.229887 -49.880413 660.673340
535 292 546 284 561 282 572 289 560 294 547 296 639 286 650 278 664 278 676 286 665 290 651 290 1322 551 -86.964737 107.024681 48.394215 -0.126951 0.073637 -0.033150 -12.516725 -48.207634 670.361511 -45.613472 -46.956116 672.727661 20.580021 -49.459156 667.995300
535 294 546 286 560 284 571 291 559 296 546 297 637 288 649 280 663 280 675 288 663 292 650 292 1228 898 -68.192932 175.679993 55.402081 -0.153509 0.067450 -0.032389 -13.244925 -47.217476 674.035156 -46.357014 -45.975735 676.181580 19.867165 -48.459221 671.888672
550 284 562 275 577 275 588 282 576 287 563 287 655 282 666 275 680 276 691 284 680 288 667 287 143 146 147.371826 25.842127 48.240566 -0.126361 -0.004867 0.004271 -2.358766 -51.956646 675.080017 -35.562885 -52.108280 674.927795 30.845352 -51.805012 675.232239
542 287 553 279 568 278 579 285 567 290 554 291 646 284 657 276 671 277 683 285 671 289 658 288 500 401 76.445831 76.642601 50.737003 -0.178836 0.028375 -0.010893 -8.251158 -50.633034 677.372131 -41.440674 -50.189285 678.276917 24.938360 -51.076786 676.467346
547 285 558 276 573 276 584 283 572 288 559 289 651 282 662 275 677 276 688 284 676 288 663 287 135 65 148.943634 9.791523 46.791191 -0.079148 0.046468 0.003400 -4.936690 -51.321636 672.109375 -38.105488 -51.373356 673.654663 28.232107 -51.269913 670.564148
545 288 557 280 571 279 583 285 570 290 557 291 649 284 661 278 675 278 686 286 675 290 661 289 431 451 90.177376 86.490036 52.092133 -0.162103 0.028885 -0.004617 -5.921643 -50.001984 675.748901 -39.112282 -49.771809 676.691284 27.268997 -50.232162 674.806519
547 286 558 278 572 278 584 284 572 289 558 290 650 284 662 277 676 277 687 285 676 289 663 288 305 354 115.208450 67.173935 51.081478 -0.119966 0.035195 0.000444 -5.173148 -50.743080 676.609192 -38.357422 -50.687763 677.775696 28.011124 -50.798393 675.442749
547 285 559 277 573 276 585 283 572 288 559 289 651 282 663 275 677 276 688 284 677 288 664 287 140 123 147.962982 21.283955 47.833549 -0.066072 0.046770 0.003695 -4.623967 -51.235111 672.442078 -37.792259 -51.306377 673.997375 28.544323 -51.163841 670.886719
537 293 548 285 562 284 574 290 562 295 549 297 640 287 651 280 665 280 677 288 666 292 652 292 1168 824 -56.279865 160.973480 54.406101 -0.111948 0.034071 -0.033440 -11.671873 -47.889469 678.735107 -44.838894 -46.718601 679.801575 21.495150 -49.060333 677.668640
540 288 551 279 566 278 577 285 565 291 552 292 644 284 655 276 670 276 681 284 670 289 656 288 1010 140 -25.022886 25.361235 42.730202 -0.047623 0.076573 -0.013316 -9.300481 -49.805637 668.856445 -42.405071 -49.303608 671.385010 23.804110 -50.307667 666.327881
542 290 553 282 567 281 579 288 567 293 554 294 646 286 657 279 671 280 683 287 671 291 658 291 39 548 168.144852 105.383408 56.328674 -0.116843 0.068648 -0.006540 -8.365698 -48.764511 675.234985 -41.491680 -48.415066 677.494751 24.760286 -49.113960 672.975159
536 292 547 283 562 282 573 289 561 294 548 295 640 286 651 278 665 279 677 286 666 291 652 290 1318 503 -86.180580 97.513817 47.530716 -0.080273 0.083258 -0.025981 -11.938912 -48.215107 671.087646 -45.017582 -47.243603 673.811157 21.139755 -49.186607 668.364075
532 294 545 286 560 287 572 296 558 300 544 300 642 300 655 292 670 293 682 302 669 307 655 305 313 363 113.619835 68.963142 51.198235 -0.011837 0.174718 0.066183 -11.106507 -38.253944 615.629883 -43.733475 -40.404491 621.410522 21.520460 -36.103394 609.849243
535 294 548 286 563 287 575 296 562 300 547 300 645 301 658 293 673 295 685 304 672 308 658 307 185 291 139.054413 54.597279 50.662746 -0.008874 0.207201 0.077208 -9.159917 -37.590870 611.108582 -41.556290 -40.103275 617.943970 23.236458 -35.078465 604.273193
530 297 543 290 559 290 570 299 557 303 543 303 641 303 653 295 669 296 681 305 668 310 654 308 901 447 -3.277830 86.081306 49.091137 0.007654 0.193001 0.059185 -11.760821 -36.132881 611.570251 -44.291348 -38.109196 617.927795 20.769705 -34.156567 605.212646
527 299 540 292 555 293 567 301 554 305 540 305 637 304 650 297 665 298 677 306 664 311 650 309 1208 803 -64.238319 156.846542 53.768318 0.007491 0.174687 0.051300 -13.755779 -35.513607 615.993652 -46.411789 -37.229271 621.755676 18.900230 -33.797943 610.231628
532 291 545 284 561 284 572 293 559 298 544 297 643 297 655 290 671 291 683 300 670 304 656 303 733 396 30.115204 75.842377 49.193432 -0.000754 0.167184 0.065147 -10.568900 -39.587772 613.676941 -43.240639 -41.737297 619.199341 22.102837 -37.438248 608.154541
501 161 517 152 536 153 550 163 534 169 516 168 636 168 652 159 671 160 686 171 670 177 652 175 1307 387 -84.020416 74.528145 45.452225 0.032793 0.066005 0.066189 -15.563847 -96.266525 511.489227 -48.623714 -98.496643 513.641296 17.496019 -94.036415 509.337128
496 166 512 157 531 158 545 167 529 173 511 173 632 173 648 164 667 166 682 176 666 181 648 180 1421 872 -106.574905 170.687561 53.718933 0.106544 0.205047 0.077774 -17.563591 -90.919968 495.441742 -49.973892 -93.837852 502.046112 14.846712 -88.002090 488.837341
489 149 506 139 525 140 540 152 523 157 505 157 628 158 644 148 664 150 679 161 662 167 644 165 844 139 7.984136 25.027687 43.745472 0.067734 0.124383 0.083114 -19.483641 -97.249893 490.551483 -52.317741 -100.136864 494.569794 13.350460 -94.362923 486.533173
531 330 544 322 560 322 572 330 558 335 544 335 645 333 657 325 673 327 685 336 672 340 658 338 861 411 4.667327 78.917961 48.673931 -0.327148 0.013288 0.040876 -9.955965 -18.323061 617.230957 -43.130386 -19.584311 617.884277 23.218454 -17.061811 616.577698
523 334 536 326 551 325 563 333 550 338 536 339 636 335 649 327 664 328 677 338 664 342 649 340 1217 553 -66.086189 107.335144 49.085129 -0.233719 0.041268 0.031910 -15.119088 -16.776192 618.478271 -48.278934 -17.666306 619.958740 18.040760 -15.886078 616.997803
526 337 539 329 554 329 566 337 553 341 539 342 639 339 652 332 667 333 680 342 667 346 652 344 660 731 44.708591 142.137924 55.848415 -0.201690 0.042436 0.038812 -13.180318 -14.619176 617.085449 -46.330425 -15.756925 618.613708 19.969788 -13.481426 615.557190
530 336 542 328 558 328 570 336 556 341 542 341 643 339 655 332 670 333 682 342 670 346 655 345 85 668 159.026260 129.189941 58.263233 -0.175974 0.044259 0.049758 -11.352926 -14.662464 619.715027 -44.484329 -16.176014 621.320984 21.778477 -13.148913 618.109131
528 333 541 324 557 324 569 333 555 338 540 338 642 336 655 328 671 329 683 339 670 343 655 342 505 38 75.366959 4.745455 43.987255 -0.055829 0.077926 0.047265 -11.692971 -16.143379 605.879028 -44.760010 -17.637651 608.505371 21.374067 -14.649105 603.252686
526 337 539 328 555 328 567 337 554 341 539 342 641 339 653 332 669 333 682 342 668 346 654 345 634 594 49.846443 114.980431 53.474659 -0.059863 0.041269 0.042043 -12.474630 -14.368505 611.072876 -45.621853 -15.721915 612.483337 20.672594 -13.015096 609.662354
525 339 538 331 553 331 566 339 552 344 537 344 638 341 651 333 667 334 679 343 666 348 652 346 994 872 -21.670702 170.339081 56.378109 -0.058207 0.025177 0.033476 -13.691716 -13.430208 615.086731 -46.867413 -14.516496 615.954346 19.483980 -12.343920 614.219116
525 335 538 326 554 326 566 335 552 340 538 340 639 337 652 329 668 330 680 340 667 344 652 343 828 101 11.156693 17.487780 43.141788 -0.053565 0.062353 0.039540 -13.290799 -15.192761 606.563599 -46.405170 -16.448450 608.666260 19.823570 -13.937073 604.460876
525 336 538 327 554 327 566 336 552 341 538 341 639 338 652 330 668 331 680 341 667 345 653 344 643 301 47.988541 56.951801 47.995602 -0.053475 0.056544 0.039622 -13.168798 -14.766031 608.157959 -46.294518 -16.029819 610.068298 19.956919 -13.502242 606.247681
526 338 539 329 554 329 566 337 553 342 538 343 639 340 652 332 668 333 680 342 667 346 652 345 779 516 20.996611 99.648918 51.127991 -0.062333 0.036379 0.038185 -13.220141 -14.125504 615.911804 -46.378799 -15.354383 617.157898 19.938519 -12.896625 614.665710
538 336 551 328 567 329 579 337 565 341 550 341 651 341 664 334 680 336 691 345 678 349 664 347 203 655 135.560226 126.711266 57.287766 -0.038543 0.006883 0.065017 -6.044708 -13.728797 615.782288 -39.178589 -15.881195 616.052246 27.089170 -11.576398 615.512390
524 336 537 327 553 327 565 336 551 340 537 341 638 338 650 330 666 331 679 340 666 345 651 343 1107 294 -44.274330 55.943947 44.976444 -0.076239 0.065892 0.039600 -14.104633 -15.160721 613.007080 -47.211422 -16.389740 615.240784 19.002157 -13.931701 610.773315
530 334 543 326 559 326 571 335 557 339 542 339 644 338 657 330 672 332 684 341 671 345 657 344 458 328 84.780037 62.148849 49.647434 -0.048116 0.042567 0.053380 -10.615129 -15.288627 611.433716 -43.742596 -17.025061 612.888062 22.512341 -13.552193 609.979309
532 335 545 327 561 328 573 336 559 340 545 341 646 339 659 332 674 334 686 343 673 347 659 345 349 663 106.531624 128.415024 56.526608 -0.067837 0.034649 0.056152 -9.428297 -14.617304 615.405579 -42.560883 -16.440046 616.617554 23.704290 -12.794562 614.193542
525 337 538 328 554 328 566 337 553 341 538 342 639 339 652 332 667 333 680 342 667 346 652 345 1240 525 -70.666016 101.807816 48.423656 -0.049638 0.045946 0.041350 -13.324619 -14.382586 613.649231 -46.466030 -15.716311 615.207336 19.816792 -13.048859 612.091125
527 337 540 328 556 328 568 337 554 341 540 342 641 339 654 332 670 333 682 342 669 346 654 345 1082 559 -39.241539 108.413422 50.036903 -0.047133 0.039477 0.044443 -12.138137 -14.318162 613.340820 -45.284313 -15.761597 614.685181 21.008038 -12.874727 611.996460
528 338 541 330 557 330 569 338 555 343 541 343 641 341 654 334 670 335 682 344 669 348 654 347 915 841 -5.969662 164.134277 56.296322 -0.049640 0.034851 0.047425 -12.003479 -13.491894 617.639526 -45.150814 -15.036363 618.834717 21.143856 -11.947425 616.444397
530 337 543 329 558 329 570 337 557 342 542 342 643 340 656 333 672 334 684 343 671 348 657 346 538 505 68.914215 97.273415 52.425243 -0.064267 0.074054 0.052576 -10.884525 -13.816211 611.576294 -43.952538 -15.479471 614.086243 22.183487 -12.152951 609.066406
525 338 538 330 554 330 566 338 552 343 538 343 639 340 652 333 668 334 680 343 667 347 652 346 817 527 13.443298 101.858757 51.094936 -0.062393 0.082626 0.042332 -13.341352 -13.451455 608.723938 -46.403217 -14.768650 611.505554 19.720514 -12.134260 605.942261
526 337 539 329 554 329 567 337 553 342 539 342 639 339 652 332 668 333 680 342 667 346 652 345 1213 131 -65.389275 23.744228 41.299427 -0.050390 0.118255 0.039371 -13.160684 -13.953873 608.257385 -46.107979 -15.158473 612.205078 19.786612 -12.749272 604.309692
540 276 552 267 567 266 579 274 566 279 552 280 650 274 662 267 678 268 690 277 677 281 663 280 1077 668 -38.221920 129.999512 52.085476 -0.180246 0.077099 0.019854 -6.263448 -53.714661 636.892029 -39.363369 -54.139671 639.494751 26.836473 -53.289654 634.289307
523 283 535 275 549 274 561 282 548 287 535 288 632 282 645 274 660 275 672 284 660 288 646 287 691 831 38.567917 161.970734 57.506214 -0.082917 0.087859 0.016498 -17.192602 -48.907516 634.889709 -50.264904 -49.333183 637.822510 15.879699 -48.481846 631.956909
550 281 562 272 577 271 589 280 576 285 562 285 661 280 673 272 689 273 701 282 688 287 674 286 765 13 23.663013 0.005765 41.905373 -0.006697 0.168620 0.023858 -0.255515 -48.619995 617.851013 -32.979988 -49.389664 623.425598 32.468960 -47.850323 612.276428
568 280 581 272 596 272 608 281 594 285 580 285 679 286 692 279 707 280 719 290 706 293 692 292 180 679 140.139130 131.446304 57.875206 0.028627 0.049662 0.074413 10.976333 -47.572212 628.715637 -22.095701 -50.063019 630.326904 44.048367 -45.081402 627.104431
557 281 569 272 585 272 597 281 583 286 569 286 668 283 681 275 696 276 708 285 695 290 681 288 1289 135 -80.500099 24.598551 40.900166 0.026327 0.134346 0.038124 4.232471 -47.720627 619.149109 -28.649101 -49.040897 623.578430 37.114040 -46.400352 614.719788
558 282 571 273 586 273 598 282 585 287 570 287 669 284 682 277 697 278 710 287 697 291 682 290 691 275 38.438210 51.841026 47.215454 0.015659 0.144775 0.046261 4.846948 -46.851425 618.779419 -27.975098 -48.419098 623.555969 37.668991 -45.283752 614.002930
558 284 571 275 586 275 598 284 584 288 570 288 669 286 682 279 697 280 709 289 696 293 682 292 797 454 17.403046 87.382957 49.868366 0.010732 0.082112 0.046317 4.974628 -46.229488 624.861511 -28.082739 -47.779755 627.575684 38.031998 -44.679222 622.147339
557 284 570 276 585 276 597 284 583 289 569 289 668 287 681 279 696 281 708 290 695 294 681 292 919 424 -6.862296 81.540268 48.553345 0.011892 0.078793 0.045031 4.414120 -45.845638 624.497131 -28.654049 -47.354351 627.100891 37.482292 -44.336929 621.893372
558 283 571 275 586 275 598 284 585 288 570 288 669 286 682 278 697 279 710 289 697 293 682 292 334 458 109.466385 87.797401 52.825768 0.004305 0.133099 0.049394 4.898799 -46.110111 620.433899 -27.971952 -47.754223 624.835083 37.769550 -44.466003 616.032776
555 286 567 278 582 278 594 286 581 290 567 291 666 288 679 281 694 282 706 290 693 294 679 293 963 724 -15.541223 140.998672 53.831898 0.027322 0.060067 0.035222 3.101123 -45.276081 626.043701 -30.023228 -46.471767 628.020386 36.225475 -44.080391 624.067017
553 283 566 275 582 275 594 283 580 288 566 288 665 285 677 277 693 278 705 287 692 292 678 291 758 204 25.099443 37.832378 45.484100 0.014376 0.142832 0.039124 2.273307 -46.236557 617.910706 -30.568058 -47.564915 622.626648 35.114674 -44.908199 613.194824
553 284 565 276 581 276 593 284 579 289 565 289 664 286 677 278 692 279 705 289 692 293 677 292 721 250 32.467213 46.913631 46.565914 0.011760 0.116019 0.039322 1.931796 -45.898846 620.365295 -31.024187 -47.223854 624.200317 34.887779 -44.573837 616.530334
554 285 566 276 582 276 593 285 580 289 566 290 665 287 677 280 693 281 705 290 692 294 678 293 631 204 50.351982 37.728733 46.275002 0.001488 0.107488 0.043820 2.347032 -45.567657 624.405945 -30.634335 -47.022091 627.966003 35.328396 -44.113224 620.845947
555 285 568 277 583 277 595 285 582 290 567 290 666 287 679 280 694 281 707 290 694 294 679 293 830 444 10.839030 85.429138 49.477768 0.013840 0.105400 0.038621 3.207727 -45.387924 622.478882 -29.788105 -46.691795 625.962402 36.203560 -44.084049 618.995422
554 288 567 280 582 280 594 287 580 292 567 292 665 289 677 282 692 283 704 291 692 295 678 294 907 658 -4.421641 127.880028 52.959076 0.007278 0.082044 0.034142 2.406747 -44.750862 629.771240 -30.667046 -45.892960 632.487732 35.480537 -43.608765 627.054688
553 286 566 277 581 277 593 285 580 290 565 290 664 288 677 280 692 281 704 290 692 294 677 293 686 355 39.451069 67.682945 48.727280 0.000353 0.098629 0.041369 1.976884 -45.263546 623.802673 -31.038193 -46.635170 627.071167 34.991962 -43.891918 620.534180
554 286 567 278 582 278 594 286 581 290 567 291 665 288 678 280 693 281 705 290 692 294 678 293 228 565 130.568268 108.904922 55.466309 -0.014883 0.117716 0.044013 2.576981 -45.226887 624.197571 -30.365957 -46.655399 628.106750 35.519920 -43.798374 620.288391
555 283 568 274 584 275 595 283 582 288 568 288 667 286 679 278 695 279 707 289 694 293 680 292 96 161 156.720749 28.774895 48.810890 -0.008962 0.147062 0.053378 3.308177 -46.077713 620.275208 -29.491096 -47.821053 625.146362 36.107449 -44.334373 615.404053
552 287 565 279 580 279 592 287 579 291 565 292 663 288 675 281 691 282 703 290 690 294 676 293 1100 627 -42.804779 121.897209 51.183388 0.012122 0.074054 0.031015 1.324561 -45.285912 630.012207 -31.773294 -46.329510 632.462219 34.422417 -44.242310 627.562195
553 286 565 278 580 278 592 286 579 290 565 291 663 287 676 280 691 281 703 290 691 294 676 293 715 543 33.728596 104.944710 52.026287 0.002426 0.094062 0.036247 1.481021 -45.549088 627.504944 -31.555231 -46.754402 630.621460 34.517273 -44.343777 624.388367
528 324 541 316 557 316 568 325 555 330 541 329 638 329 650 321 666 322 677 331 665 335 651 334 263 82 123.496231 13.263259 46.308708 -0.054212 0.004878 0.051803 -13.371242 -21.626472 632.154663 -46.531128 -23.340561 632.363098 19.788645 -19.912386 631.946228
524 329 537 321 552 322 564 330 550 334 536 334 633 332 645 325 660 326 672 335 660 339 646 338 771 411 22.562826 78.844513 49.234413 -0.066331 -0.019150 0.037080 -16.311527 -19.358925 638.484009 -49.487438 -20.609970 637.889587 16.864386 -18.107880 639.078430
525 330 538 322 553 322 564 331 551 335 537 335 634 333 646 326 661 327 673 336 660 340 647 339 205 369 135.095840 70.063454 51.981865 -0.047513 0.022554 0.043808 -15.869853 -18.639681 636.162109 -49.034374 -20.075382 636.945007 17.294668 -17.203978 635.379272
524 332 536 324 551 324 563 332 550 336 536 336 633 334 645 327 660 328 671 337 659 341 645 339 162 345 143.640305 65.274559 51.805443 -0.050861 0.038814 0.037110 -16.748560 -17.823715 635.443176 -49.905521 -19.022076 636.762146 16.408398 -16.625357 634.124268
512 336 525 328 540 328 552 335 539 340 525 341 622 335 634 328 650 328 662 337 649 341 635 340 1045 518 -31.894066 100.262146 49.508472 -0.040577 -0.003655 0.002771 -22.812414 -16.217083 629.578186 -56.016876 -16.311527 629.458740 10.392050 -16.122641 629.697693
514 334 527 325 542 325 554 334 541 339 527 339 624 335 637 327 652 327 664 336 651 341 637 340 663 188 43.985405 34.585648 45.779583 -0.022182 0.135553 0.018958 -21.534639 -16.690336 619.535278 -54.428921 -17.267982 624.028870 11.359640 -16.112688 615.041687
513 336 526 327 541 327 553 335 540 340 526 341 623 336 635 328 650 329 662 337 650 342 636 341 1143 316 -51.427399 60.330978 45.159443 -0.017564 0.126734 0.012693 -22.409195 -15.880927 622.849182 -55.345043 -16.264345 627.049500 10.526653 -15.497509 618.648865
516 337 529 329 544 329 556 337 543 341 529 342 626 338 638 330 653 331 665 339 653 344 639 343 147 552 146.671188 106.263840 55.730129 -0.047530 0.116846 0.023890 -20.839287 -15.045233 626.256958 -53.808273 -15.744244 630.144958 12.129704 -14.346223 622.368896
512 339 524 331 539 331 551 338 538 343 524 343 621 339 633 331 648 332 661 340 648 344 634 344 844 725 8.120838 141.099640 54.591488 -0.042248 0.084682 0.012045 -23.609306 -14.449492 630.416687 -56.692745 -14.789479 633.232666 9.474133 -14.109505 627.600647
515 336 527 328 543 327 554 336 541 340 527 341 624 337 637 329 652 330 664 338 651 343 637 342 648 6 46.925529 -1.476243 42.504440 -0.027723 0.196663 0.021202 -21.436752 -15.439441 615.794067 -53.994137 -16.048552 622.290649 11.120632 -14.830331 609.297485
515 338 528 330 543 330 555 338 542 342 528 343 625 339 637 331 652 332 664 340 652 345 638 344 450 440 86.396873 84.326721 51.770214 -0.036619 0.145492 0.021000 -21.264763 -14.522915 622.833252 -54.111504 -15.129261 627.658569 11.581978 -13.916569 618.007935
517 339 529 332 544 332 556 339 543 344 529 344 626 340 638 333 653 334 665 342 653 347 639 346 111 698 153.863434 135.153412 58.656574 -0.054122 0.125305 0.025725 -20.610905 -13.543804 627.551331 -53.544487 -14.282827 631.721802 12.322678 -12.804780 623.380859
515 338 527 330 543 330 555 339 541 343 527 343 624 340 637 332 652 332 664 341 651 345 637 345 771 366 22.552328 69.931137 48.401527 -0.036720 0.081468 0.019815 -21.556664 -14.107035 627.797363 -54.644848 -14.714437 630.510803 11.531521 -13.499633 625.083984
517 337 529 329 545 329 557 337 543 342 529 342 627 339 639 331 654 331 666 340 654 344 640 344 226 9 130.836243 -1.226412 45.188004 -0.041830 0.167121 0.027708 -20.062883 -14.632401 617.242004 -52.792461 -15.432010 622.782288 12.666696 -13.832790 611.701721
514 342 526 335 541 334 553 342 540 346 526 347 623 342 636 335 651 336 663 344 650 348 636 347 580 879 60.650227 171.387741 59.085888 -0.051771 0.079180 0.015699 -22.350872 -12.265763 631.416931 -55.447586 -12.718253 634.055542 10.745844 -11.813274 628.778320
512 339 525 331 540 331 552 339 539 344 525 344 622 339 634 331 650 332 662 340 649 345 635 344 1025 101 -28.014566 17.648552 41.914955 -0.023963 0.190732 0.010353 -22.713778 -13.727970 614.300171 -55.314705 -13.993985 620.598450 9.887149 -13.461955 608.001892
517 338 530 330 545 330 557 338 544 343 530 343 627 339 639 331 654 332 666 341 654 345 640 345 155 254 145.010956 47.244022 50.164757 -0.033679 0.181375 0.023667 -19.966682 -14.019611 617.562012 -52.617630 -14.699837 623.563049 12.684263 -13.339387 611.560974
513 342 526 334 541 334 553 342 540 346 526 347 622 342 635 335 650 335 662 343 649 348 635 347 753 545 26.173185 105.371872 51.826656 -0.041067 0.151679 0.014465 -22.663994 -12.331212 623.739807 -55.484165 -12.706312 628.765259 10.156179 -11.956113 618.714355
513 339 526 331 541 331 553 339 540 344 526 344 623 340 635 332 651 333 663 341 650 346 636 345 794 135 17.925146 24.194582 43.982815 -0.026786 0.193737 0.015547 -22.153345 -13.443269 615.304443 -54.733002 -13.870305 621.703125 10.426312 -13.016233 608.905762
513 340 525 332 541 332 553 340 540 345 525 345 622 341 635 333 650 333 663 342 650 346 636 346 893 190 -1.747072 35.169502 44.384258 -0.029648 0.188376 0.014268 -22.469139 -13.052303 616.454407 -55.083229 -13.430756 622.678345 10.144952 -12.673851 610.230469
521 344 533 336 548 336 560 344 547 348 533 349 626 344 638 336 653 337 665 345 653 350 639 349 832 277 10.402395 52.352245 46.374386 -0.038389 0.148732 0.012205 -20.265383 -11.495561 648.917419 -53.101189 -11.804630 653.844299 12.570422 -11.186491 643.990601
551 348 564 341 579 341 591 350 578 354 564 353 657 354 669 347 684 348 695 357 682 361 669 359 88 353 158.356247 66.798767 52.414352 -0.010761 -0.250325 0.062017 -0.419568 -6.529792 639.549988 -32.526295 -8.610754 631.341003 31.687160 -4.448831 647.758972
548 349 561 342 576 342 587 351 574 354 560 354 654 354 666 347 680 349 692 357 679 361 666 360 227 622 130.780396 120.194382 56.527523 -0.000771 -0.226078 0.060204 -2.507709 -6.145236 642.525269 -34.807915 -8.128988 635.087463 29.792496 -4.161483 649.963074
528 349 540 341 555 341 566 349 554 353 540 354 633 350 645 343 660 344 672 352 659 356 646 355 1124 349 -47.641762 66.851944 45.888546 -0.048844 0.211759 0.025799 -15.904378 -7.966660 642.729919 -48.356670 -8.645462 649.726196 16.547913 -7.287856 635.733704
533 349 546 341 560 341 572 349 559 353 545 354 639 351 651 344 666 345 678 353 665 357 651 356 1057 186 -34.357582 34.511044 43.288898 -0.036719 0.222199 0.034018 -12.367508 -7.595721 638.726990 -44.737026 -8.580682 646.062134 20.002010 -6.610761 631.391907
534 352 546 344 561 345 572 352 560 356 546 356 639 354 651 347 666 348 678 356 665 360 652 359 670 687 42.709938 133.430786 54.971764 -0.052394 0.180921 0.035478 -12.203021 -5.869293 648.085510 -44.845226 -6.883249 654.087036 20.439184 -4.855337 642.083984
534 349 546 342 561 342 573 350 560 354 546 354 640 352 652 345 667 346 678 354 666 358 652 357 695 169 37.618126 30.848339 45.228638 -0.040764 0.239335 0.037719 -11.882821 -7.030035 636.145325 -44.117897 -8.108775 644.038086 20.352257 -5.951295 628.252563
534 349 546 342 561 342 572 350 559 354 546 354 639 352 651 344 666 345 678 353 665 358 652 357 1187 126 -60.220634 22.732634 41.368801 -0.032736 0.235686 0.032586 -12.310013 -7.205889 637.856628 -44.579475 -8.150051 645.625183 19.959450 -6.261727 630.088135
536 349 549 341 564 342 575 350 562 354 548 354 642 352 654 345 669 346 681 355 668 359 654 358 474 265 81.583916 49.683182 48.381756 -0.041000 0.216528 0.045712 -10.501761 -7.021955 640.292236 -42.896912 -8.380279 647.452454 21.893391 -5.663632 633.132019
539 349 551 341 566 342 578 350 565 354 551 354 644 353 657 346 671 347 683 356 670 359 657 358 142 422 147.635056 80.510010 53.355156 -0.049235 0.199076 0.053427 -9.047331 -6.904746 643.208923 -41.549416 -8.503407 649.813354 23.454752 -5.306085 636.604492
536 352 548 344 562 344 574 352 561 356 548 356 641 354 653 348 667 349 679 357 667 361 653 359 1084 651 -39.617756 126.637955 51.727238 -0.036075 0.167208 0.038143 -11.312058 -5.710611 650.019592 -44.029785 -6.870778 655.566101 21.405670 -4.550444 644.473083
536 351 548 343 563 343 575 351 562 356 548 356 641 354 653 347 668 348 680 356 667 360 654 359 736 457 29.532919 87.927399 50.303772 -0.038780 0.191569 0.042854 -10.892013 -6.098463 645.800964 -43.459179 -7.389009 652.147095 21.675154 -4.807918 639.454773
537 352 549 345 563 345 575 353 562 357 548 357 641 355 653 349 668 350 679 358 667 362 654 360 906 738 -4.204140 143.725220 54.445992 -0.039475 0.155202 0.041543 -10.931139 -5.171364 653.754639 -43.708363 -6.443021 658.911743 21.846087 -3.899708 648.597534
535 353 547 345 562 346 573 353 561 357 547 357 640 355 652 349 667 350 678 358 666 361 652 360 1194 670 -61.485600 130.491150 51.393864 -0.034438 0.160395 0.036784 -11.748698 -5.122386 651.901123 -44.504986 -6.246566 657.222961 21.007589 -3.998206 646.579346
535 351 548 344 562 344 574 351 561 356 547 356 641 354 653 347 667 348 679 356 667 360 653 359 1379 399 -98.334015 76.963799 45.225945 -0.027568 0.194173 0.038171 -11.396323 -6.028023 646.099182 -43.953140 -7.198494 652.521240 21.160494 -4.857553 639.677063
536 353 548 346 563 346 574 353 561 357 548 357 641 356 653 349 667 350 679 358 666 362 653 361 1239 726 -70.420288 141.620071 52.150105 -0.031603 0.142248 0.039410 -11.356675 -4.965115 654.140503 -44.200447 -6.194263 658.866577 21.487095 -3.735966 649.414490
537 353 549 346 563 347 575 354 562 358 549 358 641 356 653 350 668 351 679 359 667 362 654 361 1050 830 -32.815475 162.065628 55.252007 -0.041632 0.134377 0.040662 -10.915774 -4.670867 658.592285 -43.793930 -5.923520 663.066406 21.962379 -3.418216 654.118225
543 347 555 340 570 341 581 349 568 352 555 352 648 353 661 346 675 348 687 356 674 360 661 358 37 73 168.431717 11.296145 47.549564 -0.048355 0.234061 0.066917 -6.773516 -7.152314 638.628052 -38.999474 -9.164585 646.373901 25.452440 -5.140043 630.882202
540 352 553 346 567 346 579 353 566 357 552 357 645 357 657 350 672 352 683 360 671 363 657 362 604 870 55.875996 169.624649 58.769848 -0.048480 0.119702 0.054581 -8.544136 -4.607437 658.579773 -41.462070 -6.317660 662.585266 24.373796 -2.897213 654.574219
544 348 556 341 571 342 582 350 569 353 556 353 649 354 661 347 676 349 687 357 675 361 661 359 494 145 77.579147 25.930502 46.036175 -0.040476 0.229936 0.066859 -6.151858 -6.559656 642.227844 -38.409344 -8.604193 649.832703 26.105627 -4.515120 634.622925
547 319 561 311 577 311 589 320 575 324 560 324 662 322 675 315 690 316 702 325 689 329 675 328 81 185 159.708939 33.516453 49.348507 -0.343859 -0.030494 0.036010 0.124639 -24.223295 608.977722 -33.043575 -25.567476 608.188965 33.292854 -22.879116 609.766541
561 335 574 326 589 326 602 333 588 338 574 339 675 333 688 325 703 325 716 334 703 338 689 338 656 720 45.501381 139.955841 55.669731 -0.198632 0.030542 0.001286 7.904408 -17.378689 612.587891 -25.284943 -17.320734 613.599426 41.093758 -17.436644 611.576294
564 339 577 331 593 330 605 338 592 343 577 343 680 338 692 330 707 330 720 339 707 343 693 342 202 832 135.800369 161.769730 60.570011 -0.078274 0.042760 0.005752 9.930606 -14.437842 605.776367 -23.243322 -14.573043 607.201782 43.104534 -14.302643 604.350952
559 335 572 326 588 326 601 334 587 339 573 340 676 333 688 325 705 325 717 334 704 339 690 339 1195 82 -61.821609 14.023863 40.504604 -0.029257 0.088639 -0.004808 7.526474 -16.200876 591.435486 -25.547609 -15.998450 594.372131 40.600555 -16.403303 588.498901
567 334 580 325 596 325 609 334 595 339 580 339 683 334 696 326 712 327 725 336 712 341 697 340 205 174 135.050354 31.438826 48.372696 -0.038488 0.113634 0.021068 11.751251 -16.074364 592.381836 -21.232086 -16.699678 596.159180 44.734589 -15.449049 588.604553
565 338 578 329 593 329 606 337 592 342 578 342 681 337 693 329 709 329 722 338 709 342 694 342 1214 550 -65.490372 106.738472 49.048286 -0.010866 -0.000302 0.002902 10.550768 -14.797703 600.200073 -22.653904 -14.894124 600.190613 43.755440 -14.701281 600.209595
569 336 582 328 598 327 611 336 597 341 582 341 685 337 698 328 714 329 726 338 713 343 699 342 133 409 149.421570 77.927689 53.170593 -0.038128 0.070056 0.020236 13.060230 -14.947977 597.934082 -20.056353 -15.574838 600.270447 46.176811 -14.321116 595.597717
570 337 583 329 599 329 611 337 598 342 583 342 686 338 698 330 714 331 727 339 714 344 699 343 298 493 116.632744 94.700645 53.697762 -0.036155 0.064081 0.019431 13.325629 -14.311110 598.974121 -19.804775 -14.917234 601.111511 46.456036 -13.704987 596.836731
569 340 582 332 598 332 611 339 597 344 582 345 685 340 697 332 713 333 726 341 713 346 698 345 1005 793 -23.876358 154.700134 54.847431 -0.021697 0.019931 0.010084 13.124559 -13.181961 603.247070 -20.071972 -13.509557 603.912415 46.321091 -12.854366 602.581726
572 341 585 333 600 333 612 340 599 345 585 346 687 341 700 333 715 334 728 343 715 347 700 346 526 765 71.360931 148.763123 57.312202 -0.032490 0.053328 0.016569 14.284451 -12.552422 604.309692 -18.868607 -13.073462 606.088135 47.437508 -12.031381 602.531250
575 335 589 326 605 326 617 335 603 340 588 340 692 337 705 328 721 329 733 338 720 343 705 342 115 79 152.923691 12.548251 47.174862 -0.033245 0.175459 0.029160 16.381060 -14.978189 589.309387 -16.299950 -15.844591 595.119812 49.062069 -14.111786 583.499023
576 335 590 327 606 327 618 336 604 340 590 341 693 337 705 329 722 329 734 339 721 344 706 343 472 42 81.929573 5.510823 44.266800 -0.026134 0.169242 0.028605 16.990610 -14.682027 590.822266 -15.726307 -15.553825 596.426086 49.707527 -13.810228 585.218445
576 339 589 331 605 331 618 339 604 344 589 345 691 340 704 332 720 333 733 342 720 347 705 346 1110 562 -44.808331 109.030495 49.918056 -0.007844 -0.013886 0.019134 17.066427 -13.009635 600.202454 -16.129107 -13.646707 599.743958 50.261963 -12.372563 600.661011
583 336 596 328 612 328 624 337 610 342 596 342 698 339 710 331 726 332 739 341 726 346 711 345 147 355 146.625229 67.243065 52.083942 0.011796 -0.014444 0.037698 20.796442 -13.959274 602.230225 -12.381316 -15.207849 601.743347 53.974201 -12.710701 602.717041
581 337 594 328 610 328 623 337 609 342 594 342 696 339 709 331 724 332 737 341 724 346 709 345 328 353 110.634918 66.994629 50.919735 -0.000360 -0.008118 0.031252 19.962351 -14.122027 607.123596 -13.225155 -15.159618 606.854248 53.149857 -13.084437 607.392883
576 338 589 329 605 329 618 338 604 343 589 343 691 339 704 331 720 331 732 340 719 345 705 344 1244 222 -71.532059 41.794353 42.790649 -0.020868 0.049802 0.020447 16.951780 -13.929478 603.829834 -16.204926 -14.590788 605.489685 50.108486 -13.268168 602.169983
580 336 593 327 610 327 622 336 608 341 593 341 695 338 708 330 724 331 737 340 723 345 709 344 848 13 7.159387 0.073502 41.388481 -0.026595 0.130350 0.031914 19.080179 -14.499946 598.985901 -13.826096 -15.498873 603.314697 51.986454 -13.501019 594.657043
577 338 590 329 606 329 619 338 605 343 590 343 692 340 705 332 721 332 733 341 720 346 705 345 1274 290 -77.481361 55.287937 43.862408 -0.028582 0.104578 0.029115 17.381376 -13.629260 603.333435 -15.627995 -14.544420 606.812439 50.390747 -12.714100 599.854431
578 336 591 327 608 327 620 336 606 341 591 342 693 338 705 330 721 331 734 340 721 345 706 344 420 140 92.292053 24.879736 46.404472 -0.008254 -0.083593 0.027612 18.254339 -14.430076 602.897583 -14.821886 -15.357164 600.129272 51.330563 -13.502986 605.665894
578 335 591 326 608 326 620 336 606 341 591 341 693 338 705 329 721 330 733 340 720 345 706 344 98 216 156.335907 39.670654 49.816406 0.005363 -0.107708 0.035451 18.148357 -14.711752 601.492004 -14.843214 -15.876788 597.920105 51.139931 -13.546715 605.063904
529 298 545 288 564 288 578 299 562 304 544 304 664 303 679 294 698 296 713 307 697 312 680 310 812 440 14.417197 84.622147 49.515831 0.031278 -0.000153 0.052959 -1.952069 -30.163731 514.567200 -35.110332 -31.921053 514.534668 31.206194 -28.406408 514.599792
533 298 549 289 568 289 583 300 566 305 549 305 670 304 685 295 704 297 718 308 702 313 685 311 674 341 41.833870 64.900101 48.542889 0.010451 0.013669 0.056432 0.477594 -29.624737 511.353546 -32.671261 -31.499844 511.797363 33.626450 -27.749630 510.909729
532 296 548 286 567 287 582 298 565 303 548 303 669 302 684 293 703 294 717 306 702 311 684 309 576 27 61.246830 2.624573 43.341503 -0.002023 0.049492 0.058347 -0.067321 -30.128002 506.450775 -33.174995 -32.061840 508.094482 33.040352 -28.194160 504.807068
541 300 556 291 575 292 589 302 573 306 556 306 675 307 689 299 707 301 721 312 706 316 689 314 97 848 156.682175 164.853241 61.520042 0.003465 0.004852 0.069883 3.147985 -29.063654 523.235657 -29.975391 -31.382467 523.392639 36.271362 -26.744841 523.078674
534 298 550 288 569 288 584 299 567 305 549 305 670 304 685 294 704 296 719 307 703 313 686 311 656 181 45.375645 33.193413 45.693615 0.013073 0.011401 0.054804 0.816691 -29.478481 508.534973 -32.336113 -31.299713 508.901428 33.969494 -27.657249 508.168518
533 298 549 288 568 288 583 299 566 305 548 305 669 304 684 294 703 296 718 308 702 313 685 311 784 62 19.896505 9.726947 42.693966 0.013271 0.112400 0.056534 0.010851 -29.300766 506.337769 -32.931499 -31.197699 510.047577 32.953201 -27.403831 502.627960
525 299 540 290 559 289 573 299 557 305 540 305 659 303 674 294 693 295 707 306 692 311 675 309 575 354 61.521950 67.394279 49.400032 0.011684 0.062395 0.045615 -4.608871 -30.193443 517.657715 -37.714554 -31.718630 519.718628 28.496811 -28.668257 515.596863
533 302 548 293 567 293 581 302 565 308 548 308 666 306 681 297 699 298 714 309 698 314 682 312 164 490 143.276459 93.997063 54.476730 -0.000130 0.082397 0.050744 -1.079044 -29.004986 521.425232 -34.128510 -30.687136 524.157043 31.970421 -27.322838 518.693359
526 309 541 300 559 299 573 308 558 314 541 314 658 310 673 302 691 303 706 313 690 318 674 317 943 895 -11.524553 174.853180 57.121414 0.013833 0.032892 0.029466 -4.726616 -26.668360 526.008606 -37.899059 -27.653984 527.093567 28.445826 -25.682734 524.923584
526 303 542 292 561 293 575 303 559 309 541 309 661 306 676 296 695 297 709 308 694 314 676 313 896 33 -2.380214 4.074174 41.459732 0.016440 0.173955 0.036639 -3.928136 -28.057270 507.635681 -36.609657 -29.314756 513.371216 28.753386 -26.799782 501.900146
530 307 545 298 563 298 578 307 562 313 545 313 663 310 678 302 696 303 711 313 696 318 679 317 583 680 60.007290 131.973267 55.384003 0.018504 0.061072 0.040575 -2.552517 -26.613050 521.008667 -35.668118 -27.977808 523.022095 30.563084 -25.248293 518.995178
528 309 544 299 562 299 577 309 561 314 543 315 663 311 678 302 696 304 711 314 695 319 678 318 834 587 10.077034 113.757126 52.099583 0.005739 0.086267 0.037910 -2.870936 -25.671873 515.532837 -35.928444 -26.936995 518.389465 30.186573 -24.406750 512.676208
526 311 542 301 560 301 575 311 559 316 542 316 660 313 675 305 694 306 708 316 693 321 676 320 1046 743 -32.040417 144.829834 53.666672 0.007812 0.045832 0.034728 -3.920491 -24.901138 519.478821 -37.070423 -26.059563 520.995300 29.229441 -23.742714 517.962341
529 311 544 302 562 302 576 311 560 316 544 317 662 314 677 306 695 307 709 317 694 322 677 320 414 720 93.620392 139.758347 57.176804 -0.016511 0.092316 0.043178 -3.262189 -24.742836 521.046143 -36.294712 -26.148714 524.117920 29.770334 -23.336958 517.974426
527 307 542 297 561 297 576 307 559 313 542 313 661 310 676 300 696 302 710 313 695 318 677 317 672 182 42.194454 33.404545 45.612484 0.001526 0.164305 0.041280 -3.580051 -25.928909 507.764313 -36.309513 -27.297213 513.192932 29.149410 -24.560608 502.335724
530 304 546 294 565 294 579 305 563 311 545 311 665 309 680 299 698 300 713 312 697 317 680 316 11 49 173.595932 6.521127 47.267273 -0.015940 0.237521 0.053500 -2.193244 -26.574095 502.798218 -34.418762 -28.270422 510.621155 30.032274 -24.877769 494.975311
530 313 546 304 564 304 578 313 562 318 545 319 663 315 678 307 696 308 711 318 696 323 679 321 656 863 45.534740 168.280563 58.316456 0.002281 0.068231 0.034546 -2.376550 -24.167534 522.538513 -35.484303 -25.316088 524.800598 30.731203 -23.018980 520.276428
539 307 554 296 573 297 587 308 571 313 554 313 672 311 687 301 706 303 720 315 705 320 688 318 138 204 148.379547 37.326397 49.345200 0.057269 -0.181128 0.048771 2.648902 -25.549885 509.897064 -29.973610 -26.987278 503.875000 35.271416 -24.112494 515.919128
539 307 554 298 573 298 587 308 571 314 554 314 672 311 687 302 706 303 720 314 705 320 688 318 110 269 153.962204 50.178421 50.722626 -0.006590 0.191223 0.049034 1.834154 -25.667517 512.835449 -30.725754 -27.264267 519.149170 34.394062 -24.070766 506.521820
540 309 556 300 575 300 589 310 573 315 556 315 674 313 689 304 707 305 721 316 706 321 689 320 178 420 140.476379 80.143242 53.093945 -0.002312 0.125545 0.048093 2.778998 -25.095448 517.860352 -30.126184 -26.682743 522.018372 35.684181 -23.508154 513.702393
522 295 537 285 556 285 571 296 554 302 537 303 658 298 673 288 693 289 709 301 692 307 674 306 965 203 -16.060440 37.803234 44.176483 -0.042400 0.186007 0.047931 -5.495603 -31.246279 499.867554 -38.089828 -32.697048 506.037750 27.098623 -29.795509 493.697357
520 311 535 302 553 302 568 311 552 317 535 317 655 314 670 305 688 306 703 316 688 321 670 320 1100 732 -42.780281 142.695084 53.126789 -0.061501 0.140516 0.043278 -7.066980 -24.550863 512.231812 -39.913647 -25.838646 516.921997 25.779684 -23.263083 507.541626
530 312 545 302 564 303 577 313 561 319 545 319 664 317 679 307 698 309 713 320 697 325 680 324 146 355 146.824066 67.242249 52.090172 -0.080758 0.214543 0.063664 -2.521432 -22.984848 506.087524 -34.898682 -24.792606 513.229309 29.855818 -21.177088 498.945740
511 326 525 316 543 316 558 325 542 331 526 331 644 325 659 317 678 317 693 327 678 333 660 332 1416 739 -105.611740 144.339493 51.288433 -0.060724 0.179289 0.021925 -11.898582 -18.099216 508.617889 -44.563377 -18.642618 514.557190 20.766212 -17.555813 502.678589
533 324 549 315 567 316 581 326 565 330 548 330 668 331 683 323 702 325 716 335 700 340 683 338 735 673 29.782146 130.710785 54.307850 -0.030039 0.114110 0.072381 -0.599211 -16.478636 510.229614 -33.501347 -18.817549 514.042603 32.302925 -14.139723 506.416687
536 326 552 317 570 318 584 328 568 333 551 332 671 334 686 326 704 327 718 338 703 342 686 341 269 693 122.445732 134.291977 57.580070 -0.041137 0.173045 0.073954 0.850659 -15.247174 507.477753 -31.768013 -17.569836 513.238586 33.469330 -12.924513 501.716949
496 327 509 318 525 318 538 328 524 333 509 333 623 329 638 321 656 322 672 331 656 337 639 336 1286 458 -79.828232 88.574326 46.897114 -0.116388 0.350801 0.050192 -21.269419 -16.174458 497.666260 -52.413353 -17.132660 509.142181 9.874515 -15.216256 486.190338
528 331 544 321 563 322 578 332 561 337 544 337 664 335 679 325 698 326 713 337 697 343 680 342 499 574 76.685028 110.908760 53.945210 -0.022283 0.183015 0.040120 -2.493684 -13.855668 500.889771 -35.117409 -15.112441 506.945557 30.130041 -12.598895 494.833954
520 335 536 326 554 326 569 336 553 341 536 341 656 338 671 329 690 330 704 340 689 345 672 344 613 791 54.068016 153.984070 57.251625 -0.031676 0.167309 0.035109 -6.472900 -12.367826 503.356354 -39.193729 -13.439977 508.902313 26.247929 -11.295673 497.810425
519 327 535 317 555 318 569 329 553 335 535 335 657 332 672 321 692 322 706 333 691 339 673 338 381 27 100.020409 2.465433 44.555882 -0.024581 0.285603 0.036440 -6.294631 -14.990121 483.871338 -38.132710 -16.067593 493.238037 25.543447 -13.912648 474.504608
518 333 534 323 553 324 567 334 551 339 534 339 654 336 669 326 688 327 703 337 687 343 670 342 451 538 86.220894 103.738884 53.577827 -0.039486 0.207680 0.035314 -7.417347 -13.263572 499.425140 -39.888195 -14.291599 506.291473 25.053501 -12.235544 492.558777
505 334 520 323 540 323 554 335 538 341 521 341 641 335 657 325 677 325 692 336 676 343 658 342 1133 92 -49.491264 15.954015 41.075798 -0.030720 0.285753 0.018828 -13.135011 -12.854238 483.997467 -44.987659 -13.326088 493.364746 18.717636 -12.382387 474.630188
522 331 538 320 558 320 573 331 556 337 538 337 658 332 673 321 693 321 707 332 692 339 674 338 379 91 100.433022 15.140601 45.752884 0.031176 -0.293337 0.012842 -3.945076 -14.641889 490.672211 -35.728935 -14.911421 481.066315 27.838783 -14.372357 500.278107
504 342 519 332 538 332 553 342 537 347 519 348 640 342 655 332 674 333 690 343 674 349 656 348 1229 716 -68.434235 139.631165 52.027294 -0.048443 0.218424 0.018138 -14.121383 -9.776075 496.792175 -46.531994 -10.198370 503.998657 18.289228 -9.353781 489.585663
514 336 530 325 549 325 565 336 548 342 530 342 651 338 666 327 686 328 701 338 685 345 667 344 514 391 73.659752 74.673279 50.464729 -0.015972 0.232064 0.020134 -8.796464 -12.037242 491.488068 -41.104530 -12.638476 499.129211 23.511602 -11.436007 483.846924
534 329 550 319 569 320 584 332 567 337 549 337 670 335 685 324 704 325 718 336 703 343 686 341 87 174 158.513336 31.342525 49.107548 -0.012662 0.276854 0.041291 0.022296 -13.904063 491.544006 -31.890156 -15.199446 500.625671 31.934748 -12.608681 482.462311
511 336 527 325 547 325 562 336 545 342 527 342 648 338 664 327 684 327 699 338 683 345 665 344 975 319 -18.021767 60.788097 46.261200 -0.008470 0.235597 0.018610 -9.841057 -12.048333 489.973267 -42.122902 -12.627554 497.726105 22.440788 -11.469112 482.220428
519 332 534 323 554 323 568 334 552 340 534 340 656 336 672 326 691 326 706 337 690 343 672 343 351 21 105.984177 1.252500 44.631657 -0.026667 0.292773 0.031299 -6.561211 -12.783417 482.416779 -38.337116 -13.678954 492.011017 25.214695 -11.887880 472.822540
507 341 523 331 542 330 557 341 541 347 523 347 644 342 659 331 679 331 695 342 679 348 661 348 1136 479 -49.997501 92.611488 48.219929 -0.012011 0.226957 0.009781 -11.981009 -10.067076 490.856903 -44.332745 -10.343992 498.330078 20.370724 -9.790159 483.383728
503 336 519 326 538 326 553 337 537 343 519 343 641 338 656 328 675 328 691 339 675 345 657 345 201 88 135.825638 14.401111 46.805870 -0.021288 0.276433 0.020067 -13.711286 -11.486807 482.827057 -45.648926 -12.047510 491.895264 18.226355 -10.926104 473.758850
546 242 565 234 584 235 601 245 582 248 564 247 694 252 711 244 730 245 747 255 729 259 711 257 214 111 133.246094 18.967445 47.150608 -0.694743 -0.018315 0.069608 10.411459 -53.815891 489.243378 -22.710783 -56.146618 489.454254 43.533699 -51.485161 489.032501
539 247 557 236 580 238 596 252 576 258 556 256 695 260 713 249 735 251 751 265 732 272 712 269 228 199 130.482880 36.409470 48.692173 0.025389 0.149921 0.100546 7.906806 -44.595615 437.904877 -24.758501 -47.978783 442.813202 40.572113 -41.212448 432.996582
538 253 557 243 578 244 594 257 575 262 555 261 694 265 712 256 733 258 749 272 731 277 711 274 121 512 151.831665 98.319626 55.151703 0.006256 0.127098 0.104756 7.532491 -42.764034 442.508057 -25.222958 -46.239876 446.698364 40.287937 -39.288193 438.317749
530 253 548 244 569 245 585 257 566 262 547 261 685 264 702 255 723 258 739 270 721 275 702 273 174 525 141.296234 100.937851 55.062256 0.004971 0.144378 0.095202 3.648954 -43.144897 443.192200 -29.060541 -46.302216 447.954529 36.358448 -39.987579 438.429871
513 261 531 251 552 252 569 263 551 269 530 268 669 268 687 259 708 261 725 272 707 278 687 276 1323 661 -87.137917 128.813751 50.423931 0.049296 0.113674 0.061106 -2.802104 -40.706448 440.443970 -35.730831 -42.821888 444.156586 30.126623 -38.591003 436.731384
510 260 528 250 550 250 566 262 547 268 527 267 667 268 685 258 707 260 723 273 705 278 685 276 813 556 14.245420 107.599663 51.656597 0.030842 0.115448 0.070305 -3.860818 -40.603065 437.368622 -36.762772 -42.989075 441.153839 29.041138 -38.217052 433.583374
517 266 535 256 556 257 572 268 553 274 534 273 669 276 687 267 708 269 724 281 706 286 687 284 724 698 31.975206 135.653687 54.839066 0.025909 0.102569 0.083019 -2.234110 -38.841358 450.617126 -35.150269 -41.633724 453.976990 30.682049 -36.048988 447.257233
501 256 519 245 541 246 557 260 538 266 518 265 654 268 672 257 694 259 710 272 692 279 672 276 923 94 -7.734634 16.178783 42.420609 0.033066 0.179788 0.090129 -8.826667 -41.712387 441.574219 -41.362286 -44.782791 447.453491 23.708950 -38.641983 435.694946
493 267 511 256 533 257 549 270 530 276 510 275 647 276 665 266 687 267 704 280 686 286 665 284 1144 419 -51.602211 80.733521 47.059597 0.034380 0.141616 0.071977 -11.709587 -37.858406 441.222107 -44.496349 -40.318535 445.862762 21.077175 -35.398277 436.581451
499 267 517 257 539 258 556 270 537 276 516 275 653 277 672 267 693 269 710 281 692 287 671 285 765 423 23.758659 81.216515 49.493881 0.023724 0.140987 0.080638 -9.111336 -37.634590 441.859161 -41.879162 -40.355553 446.487946 23.656490 -34.913631 437.230377
502 270 520 261 541 262 557 273 539 279 519 278 654 280 672 271 693 273 709 285 691 290 672 288 922 813 -7.368066 158.593887 55.734489 0.022063 0.095680 0.078110 -8.691915 -36.995827 451.504578 -41.643780 -39.617641 454.644714 24.259949 -34.374016 448.364441
501 269 519 259 540 260 557 273 538 278 518 277 655 279 673 270 694 272 711 284 692 290 672 287 869 577 3.115340 111.804939 51.696533 0.024222 0.147958 0.079294 -8.683490 -36.622776 442.451691 -41.421585 -39.302467 447.309265 24.054604 -33.943081 437.594116
502 275 520 266 540 267 556 277 538 283 519 282 653 284 671 276 692 278 708 288 690 294 671 292 710 815 34.786243 158.817032 57.091755 0.004705 0.151684 0.077411 -9.062291 -35.150723 450.175690 -41.786789 -37.720543 455.181946 23.662207 -32.580902 445.169403
574 269 594 260 617 263 633 277 613 280 592 279 727 289 745 280 766 283 781 297 763 301 744 298 182 401 139.676590 76.383080 52.717373 0.034741 -0.253803 0.120784 23.262058 -33.098927 435.954315 -8.639829 -36.910717 427.569855 55.163944 -29.287136 444.338806
509 283 525 272 545 270 562 279 545 287 526 288 660 274 677 263 698 263 716 273 698 280 679 280 903 398 -3.686939 76.377266 48.171761 -0.005191 0.214071 -0.030509 -6.284099 -36.611774 447.129425 -38.715649 -35.588234 454.179688 26.147453 -37.635315 440.079132
495 289 511 277 531 276 548 284 531 292 512 294 646 279 663 268 685 267 703 276 685 284 665 284 1363 525 -95.123199 101.908195 47.657661 0.005243 0.240850 -0.042399 -11.987623 -33.939426 440.073578 -44.204449 -32.566441 447.995117 20.229200 -35.312412 432.152039
500 289 516 278 536 277 553 286 536 294 517 295 652 282 669 271 690 270 708 280 691 288 671 288 1169 611 -56.528393 118.784325 50.457550 0.002671 0.229384 -0.027625 -9.850545 -33.043762 440.227264 -42.173054 -32.144760 447.777527 22.471964 -33.942768 432.676971
501 293 517 282 537 281 554 289 537 297 518 299 651 285 668 275 689 274 707 284 690 291 670 291 1289 808 -80.343102 157.903030 53.356426 -0.006144 0.238323 -0.026197 -9.960220 -31.769733 443.374481 -42.215225 -30.883999 451.209625 22.294785 -32.655468 435.539307
550 288 569 279 590 280 606 291 588 296 568 295 704 296 721 288 741 289 757 300 740 305 721 304 366 852 103.195450 165.865067 59.918858 0.054227 -0.106922 0.063606 12.881177 -29.313181 447.363861 -20.067059 -31.322620 443.767242 45.829411 -27.303740 450.960449
548 276 567 266 590 267 607 281 587 286 566 285 705 286 723 275 744 277 760 289 742 296 722 295 127 136 150.550919 23.848320 48.155121 0.095968 -0.303530 0.062506 13.071376 -31.942156 421.894104 -18.552916 -33.502041 411.892578 44.695667 -30.382269 431.895630
524 331 537 322 553 321 567 329 553 335 537 336 644 327 657 318 674 318 688 327 674 333 659 332 882 772 0.575925 150.440170 55.224743 -0.214911 0.066600 -0.012739 -10.810992 -19.036570 577.163574 -43.939793 -18.380526 579.311096 22.317808 -19.692614 575.016052
515 319 529 308 547 307 561 317 546 323 530 324 644 314 658 304 676 304 691 314 676 320 659 320 1071 39 -37.175617 5.405442 40.480957 -0.046201 0.193597 -0.012115 -11.645250 -23.580690 525.520264 -44.227436 -23.033068 531.896851 20.936935 -24.128311 519.143677
507 327 521 318 538 317 552 326 537 332 521 333 635 325 649 316 667 316 682 325 667 331 650 330 1400 753 -102.427048 147.099487 51.647194 -0.067003 0.188603 0.000536 -16.331394 -18.820656 529.189392 -48.947601 -18.629230 535.410828 16.284815 -19.012079 522.968018
541 315 557 306 576 307 590 319 573 323 556 323 671 326 686 317 703 319 716 331 701 335 685 333 300 218 116.170914 40.231655 48.595451 -0.000588 -0.216275 0.083516 2.818222 -20.098654 524.722351 -29.498207 -22.849129 517.605957 35.134651 -17.348181 531.838745
506 317 521 308 539 308 553 319 537 324 521 324 636 323 651 314 670 315 684 326 669 332 651 330 1069 163 -36.749016 29.965111 42.788471 -0.051970 0.206133 0.062275 -15.601414 -20.536966 518.834351 -48.039532 -22.410784 525.676636 16.836706 -18.663151 511.992065
509 320 524 310 542 311 556 322 540 327 523 327 639 326 654 316 673 318 688 329 672 334 655 333 1124 171 -47.683285 31.594595 42.594025 -0.031073 0.182644 0.058432 -13.974108 -19.188183 518.049866 -46.570316 -21.022297 524.106506 18.622101 -17.354067 511.993225
522 321 538 312 557 313 571 324 555 329 537 328 654 329 669 319 688 320 702 331 686 337 669 335 507 265 75.022232 49.710114 48.176243 -0.010539 0.142606 0.061128 -6.704083 -18.088846 519.262390 -39.510029 -20.085531 523.989197 26.101864 -16.092159 514.535583
513 327 528 317 547 318 561 329 545 334 527 334 643 332 659 323 677 324 692 334 676 340 659 339 1033 699 -29.465776 136.103928 52.933254 -0.013047 0.143127 0.047702 -11.775797 -16.171139 520.871887 -44.603447 -17.718077 525.616516 21.051855 -14.624200 516.127197
512 324 528 314 547 315 561 326 545 331 527 331 644 330 659 320 678 321 693 332 677 338 660 337 1188 260 -60.388214 49.275501 43.842720 -0.009864 0.185105 0.051352 -11.546794 -17.032713 513.363892 -44.140850 -18.697123 519.480835 21.047264 -15.368305 507.246979
526 325 541 316 560 316 574 328 558 333 541 332 657 333 672 323 691 324 705 336 689 341 672 340 436 430 89.178284 82.334541 51.672314 -0.011757 0.164080 0.063661 -5.140808 -16.117744 518.663452 -37.832691 -18.188700 524.095886 27.551077 -14.046789 513.231018
519 327 534 318 552 318 566 329 550 334 533 334 650 333 665 324 683 325 698 336 682 342 665 340 611 528 54.404343 101.888710 52.396328 -0.020859 0.184353 0.058708 -8.844295 -15.595442 517.251526 -41.429592 -17.468910 523.354675 23.741003 -13.721973 511.148407
516 324 531 315 550 316 564 327 548 332 531 332 648 331 663 321 682 322 696 333 681 339 663 338 1012 132 -25.422430 23.778267 42.569679 -0.002295 0.226551 0.050828 -9.800386 -16.505520 508.102875 -42.114201 -18.169548 515.559998 22.513426 -14.841492 500.645782
522 326 538 317 557 318 571 329 554 334 537 334 654 334 669 325 688 326 702 337 686 343 669 341 455 434 85.401276 83.142349 51.628025 -0.028324 0.193145 0.066370 -6.782122 -15.287018 514.695068 -39.296902 -17.384747 521.094177 25.732658 -13.189290 508.295990
518 329 534 321 553 321 567 332 551 337 533 336 650 336 665 327 684 328 698 339 683 344 666 343 765 646 23.810680 125.387245 53.621292 -0.020975 0.171528 0.056666 -8.626932 -14.215025 515.810364 -41.291454 -16.026690 521.494263 24.037588 -12.403361 510.126465
521 327 537 318 556 319 570 330 554 335 536 335 653 335 669 326 688 327 702 338 686 344 669 342 531 441 70.291153 84.590897 51.284290 -0.019398 0.194482 0.064608 -7.063920 -14.684226 511.689667 -39.573929 -16.751993 518.122681 25.446091 -12.616459 505.256714
520 332 535 323 554 324 568 334 552 339 535 338 652 338 667 330 686 331 700 341 685 347 668 345 802 692 16.464373 134.528885 54.242264 -0.019547 0.167919 0.058871 -7.766421 -13.010283 514.700989 -40.446960 -14.900309 520.266052 24.914120 -11.120255 509.135956
525 331 541 323 559 324 573 334 557 339 540 338 656 339 672 330 690 332 704 342 689 347 672 346 314 649 113.487717 125.613403 56.485455 -0.035820 0.201008 0.067137 -5.547332 -12.903839 515.521423 -38.009373 -14.996923 522.184387 26.914709 -10.810755 508.858521
524 329 540 320 558 321 572 332 556 337 539 337 655 337 671 328 689 329 703 340 688 346 671 344 171 543 141.896942 104.500755 55.414089 -0.034325 0.233031 0.067525 -6.077114 -13.710788 512.529053 -38.309540 -15.798430 520.227905 26.155312 -11.623146 504.830231
519 327 535 318 554 319 568 330 552 335 534 335 652 334 667 324 686 325 701 336 685 342 668 341 1233 19 -69.392181 1.576150 39.101917 0.002840 0.266582 0.049582 -7.864267 -14.786218 500.791962 -39.855862 -16.424969 509.533356 24.127327 -13.147468 492.050568
525 325 541 316 560 317 574 328 558 333 540 333 658 333 674 323 692 324 707 336 691 341 674 340 137 15 148.534302 -0.110595 45.853310 -0.019242 0.277076 0.061402 -4.972232 -15.407196 500.506866 -36.848854 -17.330730 509.603058 26.904392 -13.483663 491.410706
566 236 584 227 604 228 619 239 601 243 583 243 713 246 730 237 749 240 764 252 747 256 729 253 530 288 70.454300 54.284607 48.458706 0.141792 0.015925 0.082063 18.717512 -54.887070 477.950623 -14.371548 -57.637058 478.284271 51.806572 -52.137081 477.616943
561 236 578 227 599 228 614 239 596 244 577 243 707 245 724 236 744 238 759 250 742 254 724 252 973 153 -17.662815 27.906013 43.201233 0.099425 0.022235 0.070945 16.155525 -54.866867 475.949921 -16.957634 -57.253185 476.569366 49.268684 -52.480545 475.330444
574 237 592 228 612 229 627 240 609 244 591 244 720 245 736 237 755 239 770 250 753 254 736 252 330 440 110.257538 84.228790 52.517525 0.109996 -0.002827 0.066211 22.375206 -55.658550 484.054291 -10.756792 -57.845863 483.839935 55.507206 -53.471233 484.268646
549 249 565 240 584 240 599 249 582 254 565 254 689 254 705 246 724 248 740 259 723 262 706 260 1344 817 -91.277138 159.730591 53.180485 -0.162679 0.020863 0.055441 9.183530 -52.553719 496.429230 -23.963171 -54.329239 497.267883 42.330231 -50.778194 495.590546
576 244 593 234 612 235 628 245 610 250 592 250 719 250 735 242 754 244 769 255 752 259 735 257 122 567 151.645660 109.214561 56.163448 0.053712 -0.000739 0.061115 22.582312 -53.814247 490.086731 -10.560515 -55.840656 490.007721 55.725140 -51.787834 490.165710
575 245 592 235 612 236 627 246 610 250 592 250 718 252 734 244 753 247 767 258 751 261 734 259 143 611 147.480301 117.947006 56.847046 -0.031925 -0.005939 0.070520 22.393223 -53.462826 493.801025 -10.728481 -55.805241 493.641357 55.514927 -51.120415 493.960663
553 250 570 240 589 241 604 251 587 256 569 256 697 257 714 249 733 251 749 262 732 266 714 264 1035 686 -29.866486 133.530594 52.680187 0.070654 0.041724 0.070167 11.889828 -50.174316 483.116547 -21.204451 -52.548561 484.417053 44.984108 -47.800072 481.816040
587 251 604 242 624 243 639 253 622 257 604 257 730 258 745 250 763 252 777 263 762 266 745 264 18 685 172.352417 132.502548 58.995125 -0.048966 -0.095771 0.048889 27.772493 -49.990883 489.445282 -5.240584 -51.688225 486.312317 60.785568 -48.293541 492.578247
550 249 567 239 587 239 603 250 585 255 566 255 696 253 713 243 733 244 749 256 732 261 714 259 1034 236 -29.772623 44.396023 44.357563 0.060630 0.075868 0.040594 10.944765 -49.984062 470.995544 -22.137239 -51.405777 473.469238 44.026772 -48.562347 468.521820
554 255 571 246 591 246 606 256 589 260 570 261 700 261 717 253 736 255 752 266 735 270 717 268 782 855 20.479176 166.798798 57.383713 0.154380 0.026788 0.052784 12.970703 -47.578835 478.345093 -20.176073 -49.392029 479.095551 46.117477 -45.765636 477.594635
552 251 570 241 590 241 606 252 588 257 569 257 700 256 717 246 737 248 753 259 736 264 717 263 653 600 46.069904 116.184387 53.467384 0.101941 0.030465 0.050041 12.511187 -49.013065 471.644257 -20.636709 -50.722347 472.568939 45.659081 -47.303783 470.719604
557 253 574 244 594 244 609 254 592 259 573 259 703 258 719 249 739 251 755 261 738 266 720 264 421 715 92.227356 138.773682 57.040668 0.089989 0.030747 0.050194 14.136532 -48.741257 477.755096 -19.010811 -50.450634 478.699158 47.283875 -47.031879 476.811005
550 247 567 236 588 236 604 248 586 253 567 254 697 251 713 241 734 242 750 254 733 260 714 258 1432 173 -108.925194 32.242104 40.712948 0.068875 -0.045030 0.034104 11.530732 -50.375465 469.119049 -21.621141 -51.454933 467.586853 44.682606 -49.295998 470.651245
556 253 573 243 593 244 609 254 591 259 573 259 703 259 719 250 740 252 755 264 738 268 720 266 669 638 42.897346 123.724297 54.071072 0.106317 0.015651 0.052126 14.052244 -47.948318 474.625732 -19.103449 -49.702652 475.052277 47.207935 -46.193989 474.199158
556 246 573 235 594 236 610 247 592 252 573 252 703 252 720 243 741 245 757 257 740 262 721 260 488 243 78.795036 45.336956 47.887379 0.078515 0.021329 0.059213 14.280852 -50.517918 470.773407 -18.858252 -52.508549 471.403320 47.419956 -48.527283 470.143524
552 254 569 244 589 244 605 254 587 259 569 259 699 258 715 250 735 251 751 262 734 266 716 265 898 719 -2.617861 139.955261 54.144146 0.103688 0.021563 0.044457 12.289274 -48.341667 475.994232 -20.875050 -49.851696 476.632233 45.453598 -46.831635 475.356262
558 253 575 244 594 244 609 254 592 258 574 258 702 259 718 252 737 253 753 264 736 268 718 266 194 693 137.358643 134.230774 58.047142 0.038408 0.037941 0.062697 14.115644 -49.012428 484.223358 -19.000057 -51.116074 485.441772 47.231346 -46.908779 483.004913
553 246 570 235 591 235 607 247 589 252 570 252 700 251 716 240 737 242 753 254 736 259 717 257 838 31 9.151975 3.630691 41.783913 0.062954 0.129586 0.050077 12.359122 -50.733318 467.971863 -20.525885 -52.524837 472.205811 45.244129 -48.941795 463.737885
557 252 574 242 593 243 609 253 592 258 573 258 703 257 720 249 740 250 755 262 738 266 720 264 259 657 124.425720 127.153122 56.976040 0.122248 0.028197 0.057511 14.071205 -48.850777 476.740784 -19.065603 -50.811485 477.557556 47.208015 -46.890068 475.924011
559 252 576 244 595 244 610 254 593 258 575 258 702 258 718 250 737 252 752 262 736 267 718 265 40 723 167.986832 140.047348 59.561443 0.033686 0.065954 0.060117 14.254380 -49.508831 486.564117 -18.818312 -51.538830 488.717194 47.327072 -47.478832 484.411041
553 301 568 292 585 292 599 301 584 306 567 307 687 304 701 296 718 298 732 308 718 312 701 311 305 590 115.263504 113.919640 55.449497 -0.192072 0.051496 0.049827 8.940015 -30.576771 531.959473 -24.179850 -32.056065 533.815796 42.059879 -29.097475 530.103149
551 296 566 286 583 286 597 296 582 301 565 301 685 298 699 290 716 292 730 303 715 307 699 305 350 424 106.277031 81.075912 52.096836 -0.215503 0.041612 0.047008 7.871227 -33.148163 530.931702 -25.268425 -34.547726 532.469299 41.010880 -31.748602 529.394043
543 298 558 288 575 288 589 297 574 302 558 303 675 298 690 290 707 291 721 302 706 306 690 304 1081 360 -39.089123 68.995682 46.359928 -0.184672 0.069992 0.032425 3.509608 -32.831387 531.227295 -29.596746 -33.687012 533.634949 36.615963 -31.975760 528.819641
550 303 563 295 579 295 592 303 578 308 564 308 676 304 690 297 706 298 719 306 705 310 690 310 449 835 86.687859 162.565536 59.087322 -0.084027 0.058596 0.024829 4.976285 -31.483751 556.041809 -28.161352 -32.224995 558.018494 38.113922 -30.742508 554.065125
547 303 561 293 579 293 593 302 577 307 561 308 678 305 693 297 710 299 724 310 709 313 693 312 1011 229 -25.200962 42.990726 44.371235 -0.195591 0.029473 0.043141 5.383602 -29.893379 536.192078 -27.776045 -31.220724 537.303650 38.543247 -28.566032 535.080505
545 303 560 293 578 293 592 302 576 307 560 308 676 305 691 297 709 298 723 310 708 313 691 311 1259 13 -74.563393 0.408918 38.828949 -0.118176 0.031949 0.040086 4.635669 -29.964384 536.071411 -28.525579 -31.229166 537.207886 37.796917 -28.699602 534.934998
547 304 562 294 579 294 592 303 577 308 561 308 676 307 691 300 708 302 722 313 707 316 691 314 438 435 88.781776 83.326553 51.752403 -0.216978 0.040074 0.059258 4.918519 -29.554169 544.335876 -28.201700 -31.361025 545.867554 38.038738 -27.747311 542.804260
541 302 556 292 574 292 587 301 572 307 556 308 673 302 687 293 705 295 720 305 705 310 688 309 793 12 18.095291 -0.169459 41.712490 -0.068772 0.097261 0.034416 2.417295 -30.940544 532.881165 -30.611025 -31.969477 536.141663 35.445614 -29.911613 529.620667
537 305 551 295 568 294 582 303 567 309 551 309 667 305 681 296 699 298 713 309 698 313 682 311 891 256 -1.333998 48.240818 45.618279 -0.201731 0.072384 0.036022 -0.271198 -29.881477 538.457458 -33.367908 -30.826708 540.962219 32.825512 -28.936249 535.952637
538 304 552 294 570 294 583 303 568 308 552 309 667 306 682 298 699 299 713 310 698 314 682 312 292 374 117.798019 71.124825 51.532608 -0.206764 0.070815 0.047323 0.110913 -29.965746 543.710571 -32.973961 -31.281948 546.204224 33.195789 -28.649544 541.216919
538 303 553 292 570 292 583 301 568 307 552 307 668 304 683 296 700 298 714 309 699 312 683 311 513 205 73.815201 37.830509 47.028366 -0.188662 0.072940 0.048863 0.417626 -30.773693 542.483704 -32.659679 -32.156837 545.040710 33.494934 -29.390549 539.926697
541 306 554 297 571 296 584 305 570 310 554 311 668 307 682 300 699 302 712 312 698 315 682 314 578 658 60.996349 127.611534 55.007950 -0.221956 0.056000 0.044827 0.599785 -29.630701 553.227844 -32.519985 -30.900290 555.234985 33.719559 -28.361113 551.220764
541 306 555 297 572 296 585 305 570 310 555 311 668 308 682 301 700 303 713 313 699 317 683 315 343 667 107.725586 129.202423 56.638008 -0.240868 0.050757 0.054725 0.961743 -29.308018 553.963989 -32.151066 -30.904043 555.849304 34.074551 -27.711994 552.078735
546 307 561 298 578 298 591 307 576 312 560 312 675 311 690 303 707 305 720 316 706 319 690 317 83 568 159.400604 109.380814 56.424831 -0.188794 0.062908 0.064999 4.187036 -27.950764 546.445862 -28.882427 -29.896866 548.722473 37.256496 -26.004662 544.169250
542 304 557 295 574 294 588 303 573 308 557 309 672 306 686 298 704 300 718 311 703 314 687 313 984 452 -19.780291 87.139420 48.666790 -0.141098 0.066174 0.048394 2.466150 -29.667301 542.694946 -30.627327 -31.112427 544.995605 35.559624 -28.222174 540.394287
531 305 545 295 561 295 575 303 560 309 544 310 659 304 674 296 691 298 705 308 691 312 674 311 436 545 89.205109 105.113167 53.800800 -0.235027 0.108638 0.039429 -4.124305 -30.390041 544.516968 -37.108627 -31.262875 548.236145 28.860016 -29.517206 540.797791
535 304 549 294 566 293 579 302 565 308 549 308 664 304 678 296 696 298 710 309 695 313 679 311 498 399 76.843040 76.244820 50.712440 -0.198822 0.102216 0.049271 -1.700636 -30.550966 543.902100 -34.692612 -31.836805 547.428528 31.291340 -29.265127 540.375671
571 316 587 308 604 309 618 318 602 322 586 321 701 325 715 318 731 320 743 331 729 334 715 332 129 747 150.295776 144.873779 59.451397 -0.071718 -0.203945 0.072957 17.677986 -20.652866 533.641602 -14.751277 -23.296223 527.014771 50.107250 -18.009510 540.268433
572 311 588 303 606 304 620 314 604 318 587 317 704 321 718 313 735 315 748 326 734 329 718 327 223 412 131.526764 78.595367 52.665634 -0.015137 -0.191275 0.075016 18.655697 -22.432663 522.448608 -13.850742 -24.953873 516.161011 51.162136 -19.911451 528.736267
555 310 570 301 588 301 601 311 586 316 569 316 686 316 701 308 719 310 733 321 718 325 701 323 429 235 90.524666 43.704208 48.106739 -0.029962 0.153570 0.069076 9.065178 -24.133825 523.130432 -23.670019 -26.340118 528.239136 41.800373 -21.927530 518.021729
545 196 559 186 576 187 589 197 575 202 559 202 669 198 682 189 700 190 713 200 699 205 683 204 479 553 80.656906 106.732864 53.681084 0.149945 -0.006401 0.024677 2.244508 -88.795044 562.111328 -30.949535 -89.595383 561.838257 35.438553 -87.994713 562.384338
548 196 562 187 579 187 592 197 578 202 562 202 672 199 685 190 702 191 715 201 701 206 686 205 501 442 76.256554 84.764488 51.489624 0.150255 -0.021685 0.026834 3.880085 -89.233536 566.839233 -29.305006 -90.067047 566.055237 37.065174 -88.400024 567.623230
545 196 559 187 576 187 589 196 574 201 559 202 668 198 682 190 699 191 712 200 698 205 683 204 787 604 19.426428 117.086044 52.706924 0.156060 -0.010847 0.022130 2.015202 -89.615120 566.875916 -31.179548 -90.318848 566.460022 35.209949 -88.911392 567.291809
546 197 560 188 577 188 590 197 575 202 560 202 669 199 683 191 699 192 712 201 698 206 683 205 527 819 71.174690 159.459991 58.305435 0.166490 -0.006813 0.026664 2.578113 -89.667343 570.826721 -30.614155 -90.529747 570.528076 35.770382 -88.804939 571.125427
545 193 559 183 576 183 590 193 575 198 559 199 668 195 682 185 699 186 711 196 698 202 682 201 977 45 -18.483364 6.517179 41.177399 0.117020 -0.092601 0.011706 2.343654 -91.127151 565.887329 -30.716789 -91.334816 562.801270 35.404099 -90.919495 568.973328
546 194 560 185 577 185 591 194 576 199 560 199 670 196 683 188 700 188 713 198 699 203 684 202 804 418 16.002777 80.257973 49.158463 0.186196 -0.007362 0.022341 2.886703 -90.977760 568.302979 -30.308952 -91.692543 567.991089 36.082355 -90.262978 568.614807
549 197 563 189 579 189 592 197 577 202 562 202 671 200 684 192 700 193 712 203 699 206 684 205 129 811 150.310699 157.550583 60.635944 0.167669 -0.007075 0.032136 3.393108 -91.111626 580.477356 -29.793772 -92.153877 580.154358 36.579987 -90.069382 580.800415
545 192 560 182 577 182 590 192 575 197 559 198 669 195 682 186 699 187 712 198 698 202 683 201 593 154 57.896194 27.793972 45.586224 0.108982 -0.030273 0.027654 2.463352 -91.912895 569.235229 -30.713581 -92.774353 568.182312 35.640285 -91.051437 570.288147
536 189 549 180 565 180 578 188 564 193 550 194 658 189 671 181 687 182 700 190 686 195 671 194 1089 639 -40.614750 124.265137 51.473995 -0.113006 0.016717 0.014058 -3.839423 -97.387772 584.838806 -37.036324 -97.822212 585.419006 29.357477 -96.953331 584.258606
538 192 552 183 568 183 581 191 567 196 552 196 660 193 673 185 689 186 702 196 689 200 674 198 942 845 -11.337379 164.948624 56.202213 -0.143354 0.006976 0.028651 -2.543968 -94.576080 580.149597 -35.734371 -95.507454 580.448486 30.646435 -93.644707 579.850708
546 195 560 186 576 186 589 194 575 199 560 199 668 196 681 189 697 190 709 199 696 203 681 202 405 640 95.391281 123.904999 55.752167 -0.086815 -0.035593 0.021697 1.938643 -93.137276 582.603088 -31.237345 -93.907860 581.454285 35.114628 -92.366692 583.751892
545 189 559 179 577 179 590 189 575 194 559 194 668 191 682 183 699 184 711 194 698 199 682 197 497 158 76.985657 28.507927 46.258106 0.061924 -0.042882 0.024073 2.330298 -94.282944 572.837891 -30.834385 -95.037399 571.390747 35.494980 -93.528496 574.284973
539 192 553 182 570 182 584 191 569 197 553 197 662 193 675 184 692 185 705 196 691 200 676 199 968 103 -16.680285 17.998184 42.306946 0.106206 -0.013405 0.019364 -1.247518 -93.211449 573.254761 -34.443130 -93.829552 572.776428 31.948095 -92.593346 573.733093
543 195 557 187 574 186 587 195 572 200 557 200 666 197 679 190 695 191 708 200 695 204 680 203 686 688 39.528751 133.641922 54.890629 -0.000547 -0.008902 0.029506 0.689172 -91.833351 577.096313 -32.499874 -92.813019 576.801025 33.878216 -90.853683 577.391602
540 198 553 189 570 189 583 197 568 202 553 203 661 199 674 191 690 192 703 201 690 205 675 204 1330 761 -88.506462 148.626968 52.231194 0.151192 -0.008919 0.015044 -1.679063 -91.387436 580.405518 -34.878807 -91.862694 580.072876 31.520681 -90.912178 580.738220
544 193 558 183 576 183 589 193 574 198 558 198 667 195 681 187 698 188 711 199 697 203 682 201 237 202 128.694031 37.011040 48.691650 0.104909 -0.015530 0.034949 1.663367 -91.587456 569.706421 -31.517189 -92.718483 569.130981 34.843922 -90.456429 570.281860
546 193 560 184 577 184 589 193 575 198 560 198 668 196 681 188 698 189 710 199 697 203 682 202 14 368 173.073822 69.709503 53.152824 0.086088 -0.006927 0.035450 2.088388 -92.426567 576.571838 -31.094780 -93.592087 576.291504 35.271557 -91.261047 576.852112
543 194 557 185 574 184 587 193 572 198 557 198 666 195 679 187 696 188 709 198 695 202 680 201 808 418 15.207420 80.261230 49.133553 0.109642 -0.023658 0.023242 0.807668 -92.167892 573.729065 -32.378906 -92.894920 572.902954 33.994240 -91.440857 574.555176
545 194 559 185 576 185 589 194 574 198 559 199 668 197 681 189 697 190 710 200 696 204 681 202 68 584 162.386917 112.537773 56.814381 0.054574 -0.019124 0.034344 1.824063 -92.543678 579.187012 -31.355104 -93.665894 578.521362 35.003231 -91.421463 579.852600
541 196 555 187 571 187 584 195 570 200 555 200 663 196 676 189 692 190 705 199 692 203 677 201 1084 579 -39.634552 112.376549 50.394619 0.083293 -0.028485 0.012173 -0.596653 -92.723457 581.160339 -33.785545 -93.087784 580.198914 32.592239 -92.359138 582.121765
573 290 590 281 610 282 626 294 608 299 589 298 718 300 734 290 754 292 768 303 752 309 734 307 222 259 131.689911 48.289074 49.840054 0.007218 -0.109871 0.060247 21.520555 -29.830519 474.406006 -11.423919 -31.812613 470.760132 54.465031 -27.848427 478.051910
582 295 599 287 619 288 634 299 616 303 598 302 725 306 742 298 760 300 775 311 758 315 741 313 448 578 86.826744 111.659439 54.336853 -0.035335 -0.121705 0.071328 25.288780 -27.563408 479.239807 -7.586232 -29.994768 475.254639 58.163795 -25.132048 483.224976
568 303 584 295 604 296 619 307 602 311 584 310 710 312 726 304 745 305 760 314 743 319 726 318 895 758 -2.012247 147.677734 54.884663 -0.042266 -0.149960 0.048853 18.514181 -24.537760 478.342072 -14.278571 -26.257710 473.419006 51.306934 -22.817810 483.265167
571 296 589 287 609 289 625 301 607 306 588 305 718 307 735 298 755 299 770 311 753 316 734 315 646 261 47.382694 49.031250 47.236576 0.014209 -0.142209 0.064825 21.073174 -26.143414 465.533203 -11.726949 -28.253613 460.815277 53.873295 -24.033215 470.251099
549 302 566 293 585 294 600 305 583 309 565 309 692 312 709 304 729 306 745 318 728 322 709 320 1345 619 -91.522171 120.512558 49.509563 -0.022600 0.137631 0.085659 9.590241 -24.218651 473.876678 -23.179237 -26.998722 478.458405 42.359722 -21.438580 469.294983
569 300 588 291 609 292 625 303 606 308 587 307 716 310 733 302 753 304 769 316 752 320 733 318 674 391 41.845531 74.803848 49.468319 -0.011407 -0.136063 0.073478 20.548992 -24.768869 466.596802 -12.259615 -27.224648 462.110840 53.357601 -22.313091 471.082794
549 299 566 289 587 290 602 302 584 307 565 307 695 309 712 300 733 302 749 315 731 319 712 317 1099 242 -42.695751 45.637520 44.063820 -0.000518 0.167671 0.077735 10.243979 -24.899206 463.017303 -22.395372 -27.464277 468.553802 42.883331 -22.334137 457.480835
552 299 570 289 590 290 605 302 588 307 569 306 699 309 716 300 736 301 752 313 735 318 716 316 1327 137 -88.055511 25.025713 40.700535 0.015914 -0.205761 0.066754 12.536359 -24.865875 457.199646 -19.894606 -27.010923 450.403259 44.967323 -22.720829 463.996033
556 305 572 297 591 298 605 309 589 313 571 312 696 316 712 308 731 309 745 319 729 324 712 322 884 840 0.194110 163.910904 56.470871 -0.018558 0.093010 0.066249 11.994572 -23.189737 483.674103 -20.993992 -25.355986 486.775970 44.983135 -21.023491 480.572235
552 304 569 295 589 296 605 308 587 312 568 312 698 315 715 306 736 308 752 319 734 324 715 322 946 606 -12.188488 117.611954 51.753757 0.006671 -0.023647 0.072214 12.185647 -22.903172 468.291779 -20.923349 -25.296083 467.499359 45.294643 -20.510260 469.084198
556 300 573 290 594 292 609 304 591 309 572 308 703 311 720 301 740 303 756 315 739 320 720 318 452 311 85.969101 58.776676 49.370155 0.016040 0.193317 0.075987 13.231083 -24.383175 460.912933 -19.259996 -26.939384 467.265503 45.722164 -21.826965 454.560364
558 300 575 290 596 291 612 304 594 309 574 308 705 311 722 301 743 303 758 315 741 321 722 319 392 245 97.884041 45.654762 48.522243 0.018475 0.232133 0.077402 14.078503 -24.145285 457.884979 -18.137188 -26.760519 465.492188 46.294193 -21.530050 450.277802
554 299 572 289 593 290 609 303 590 307 571 307 703 311 720 301 741 303 757 316 739 321 720 319 654 101 45.754658 17.345779 44.225388 0.006307 -0.021465 0.084666 13.598721 -24.110344 458.772400 -19.479511 -26.915840 458.051697 46.676952 -21.304846 459.493103
560 305 576 297 595 298 609 309 593 313 575 312 696 317 712 308 731 310 745 320 729 325 712 323 6 597 174.717957 115.062149 57.441105 0.041666 0.322552 0.070978 12.011444 -22.551300 474.403198 -19.399076 -25.085917 484.868134 43.421963 -20.016685 463.938293
557 305 573 297 593 298 608 310 591 313 573 313 696 317 712 309 732 310 746 321 730 326 712 324 100 618 156.032013 119.298439 57.244392 0.028310 0.253457 0.073488 11.815929 -22.313778 473.993713 -20.239447 -24.843807 482.276917 43.871307 -19.783749 465.710541
556 297 574 287 595 288 611 300 592 305 573 304 705 309 723 299 744 302 759 315 741 319 723 317 386 70 99.036247 10.986739 45.320614 -0.020062 0.117680 0.091643 14.193431 -24.815485 456.419250 -18.642727 -27.807861 460.342529 47.029591 -21.823109 452.496002
540 303 558 294 579 295 597 306 578 309 558 308 684 307 702 297 723 297 741 306 722 311 703 311 1215 28 -65.810982 3.344135 39.380589 -0.583988 -0.008633 0.011301 7.181448 -26.379335 475.706757 -26.020102 -26.814945 475.542603 40.382996 -25.943726 475.870911
559 300 578 290 599 290 616 302 597 307 577 307 709 308 726 298 747 300 762 313 745 318 726 315 318 74 112.558228 11.723544 45.818123 -0.007172 -0.193986 0.056413 16.451004 -24.505928 452.818573 -16.078520 -26.389385 446.427765 48.980526 -22.622471 459.209381
548 306 567 295 588 296 604 308 585 313 566 312 697 315 714 305 735 307 751 320 733 324 714 322 1262 342 -75.083160 65.578041 44.899582 -0.027536 -0.180334 0.062329 11.507000 -21.961351 455.252869 -21.095270 -24.100359 449.330322 44.109268 -19.822342 461.175385
545 310 563 301 584 302 601 312 582 317 562 317 694 317 712 309 732 310 749 321 731 325 712 324 1378 674 -98.071022 131.433609 50.322025 -0.010471 -0.137079 0.047067 10.233551 -20.845573 457.015594 -22.623125 -22.426708 452.488098 43.090229 -19.264437 461.543121
567 235 581 227 597 227 610 236 596 241 580 241 691 239 705 231 722 233 735 242 721 247 705 245 220 310 132.099487 58.389267 50.796444 0.011475 0.219092 0.065677 13.164564 -65.542191 547.868958 -19.175491 -67.745529 555.067993 45.504620 -63.338852 540.669922
563 234 576 226 593 226 606 235 592 240 576 240 686 238 700 230 718 232 731 241 717 246 701 245 633 49 49.918144 7.028740 43.393719 0.033469 0.256587 0.064166 10.708862 -65.039246 541.428955 -21.341404 -67.286453 549.812866 42.759129 -62.792042 533.045044
567 239 580 232 596 232 608 240 594 245 579 245 690 244 703 237 720 238 733 247 719 251 704 250 124 682 151.274796 131.994827 58.279476 0.011085 0.194357 0.065004 12.548584 -63.978500 555.065979 -19.961374 -66.157455 561.462402 45.058540 -61.799549 548.669556
562 241 576 234 592 234 605 242 590 247 575 247 685 247 699 240 715 242 729 251 714 255 699 253 1161 454 -54.974308 87.680016 47.601524 0.025610 0.258264 0.075282 10.000748 -61.204441 545.232727 -22.009878 -63.782990 553.672546 42.011375 -58.625896 536.792908
561 240 575 232 592 233 604 241 590 246 575 246 684 246 698 239 715 240 729 250 714 254 698 252 890 218 -1.144024 40.713154 44.921181 0.027078 0.273765 0.077628 9.693965 -61.465584 542.210815 -22.175627 -64.130478 551.143127 41.563557 -58.800690 533.278442
565 241 579 233 595 233 608 242 594 246 579 246 688 247 702 240 719 241 732 251 717 255 702 253 857 322 5.441921 61.286022 47.051579 0.019083 0.257051 0.081912 11.725269 -61.669025 546.687561 -20.278488 -64.436806 555.093445 43.729027 -58.901245 538.281738
560 239 573 231 590 231 603 240 588 244 573 244 682 244 697 237 713 239 727 248 712 252 697 250 1312 78 -85.086693 13.327046 39.701942 0.035692 0.293829 0.076118 8.735176 -61.875469 538.755127 -22.951937 -64.536552 548.315735 40.422291 -59.214382 529.194519
557 239 571 231 587 231 600 240 586 244 570 244 679 244 693 237 710 239 724 248 709 252 693 250 430 315 90.344490 59.551022 49.581196 0.009807 0.248828 0.080421 7.341585 -63.004894 548.008850 -24.734375 -65.685165 556.164124 39.417545 -60.324627 539.853577
561 243 574 235 590 236 603 244 589 248 574 248 681 248 695 242 711 244 724 253 710 256 695 254 611 743 54.454498 144.474838 56.375668 -0.018368 0.174629 0.077656 9.069442 -62.640255 564.767639 -23.530813 -65.149918 570.554260 41.669697 -60.130589 558.981079
562 239 576 231 593 231 606 241 591 246 575 245 685 247 700 239 717 241 730 251 716 255 700 253 263 60 123.491096 8.905609 45.901520 0.016329 0.283838 0.096445 10.248970 -61.267117 540.279358 -21.475029 -64.498055 549.537231 41.972969 -58.036182 531.021484
556 245 570 237 587 238 600 247 585 251 570 251 679 251 694 244 711 246 725 255 710 259 694 257 1370 302 -96.567093 57.743179 43.486660 0.029518 0.273520 0.077219 7.280560 -58.407364 539.326965 -24.592281 -61.069782 548.248474 39.153400 -55.744946 530.405457
557 243 570 236 586 237 599 245 585 249 570 249 678 249 692 243 708 245 722 254 707 257 692 255 1252 706 -73.009857 137.669189 51.698975 -0.009199 0.203367 0.080366 7.079815 -61.390408 557.002075 -25.334290 -64.006775 563.713257 39.493919 -58.774048 550.290894
564 249 578 242 594 242 607 251 593 255 578 255 687 256 701 249 718 251 731 260 717 264 701 262 1308 272 -84.246078 51.750332 43.317513 0.028933 0.297700 0.083057 11.091716 -56.076210 538.473694 -20.539871 -58.931881 548.161194 42.723301 -53.220539 528.786255
568 249 582 241 599 242 612 251 597 255 582 255 691 257 705 250 722 252 736 261 721 265 705 263 863 328 4.250287 62.479370 47.125267 0.023158 0.292974 0.091953 13.180281 -55.937008 538.763855 -18.471441 -59.054020 548.303833 44.832005 -52.819996 529.223816
569 249 582 242 599 243 611 251 597 255 582 255 691 257 705 250 722 252 735 261 721 265 705 263 1410 412 -104.494987 79.564072 45.273499 0.029263 0.278266 0.088288 13.309470 -56.119144 542.507629 -18.490498 -59.143082 551.572754 45.109436 -53.095203 533.442444
565 250 579 243 595 243 608 252 593 256 578 256 687 257 701 250 718 252 731 261 716 265 701 263 1131 425 -49.015903 81.911362 47.251606 0.014688 0.280847 0.084469 11.259752 -56.326553 544.935242 -20.527317 -59.159203 554.106812 43.046822 -53.493904 535.763672
528 257 541 247 557 246 570 254 557 260 542 261 649 251 662 242 680 242 694 250 680 256 664 256 1437 273 -109.896065 52.053684 42.532665 0.013536 0.319673 -0.014111 -8.169688 -56.361156 536.878479 -39.689064 -55.971802 547.315796 23.349686 -56.750515 526.441223
549 257 562 249 578 249 591 257 577 262 563 262 670 258 684 250 701 251 715 259 701 264 685 263 643 628 48.064827 121.722328 54.047901 -0.001940 0.272382 0.035991 2.902814 -55.064590 547.066101 -29.056591 -56.235973 555.998291 34.862217 -53.893204 538.133911
557 259 570 251 586 251 599 258 585 263 570 263 677 260 691 254 707 255 721 263 707 267 691 266 1432 702 -108.801788 137.023773 50.503975 0.013331 0.287954 0.045044 6.488541 -53.829018 547.694092 -25.315929 -55.366833 557.110596 38.293011 -52.291203 538.277588
559 255 572 247 588 247 600 255 587 260 572 260 680 257 694 250 711 251 724 260 710 264 694 263 1299 381 -82.431099 73.333160 45.390995 0.025802 0.317281 0.048717 7.643316 -54.796314 540.619446 -23.865513 -56.520878 550.952820 39.152145 -53.071747 530.286011
