615 294 635 284 658 285 675 295 655 302 633 302 779 305 798 298 820 302 838 315 819 319 798 315 692 237 33.714417 54.222351 45.522137 -0.547214 0.024433 0.101739 33.945972 -24.247698 463.343323 0.918268 -27.237558 465.013947 66.973679 -21.257837 461.672699
550 403 567 394 590 397 609 413 590 417 568 414 721 422 744 410 771 411 794 424 770 432 745 430 1146 292 -56.423023 66.407822 43.574448 0.079247 0.364946 0.031696 5.966448 20.555168 372.285278 -25.036442 19.052618 384.080292 36.969337 22.057718 360.490234
590 387 608 379 632 384 650 403 629 406 607 402 763 422 787 411 814 415 837 430 812 437 786 433 1256 273 -78.320732 63.001644 42.142971 -0.041186 0.535635 0.125732 18.744368 17.906586 354.574524 -9.560874 14.297349 371.555267 47.049606 21.515821 337.593750
697 423 716 410 739 412 755 430 735 437 715 436 867 432 883 416 903 416 918 430 903 441 884 441 434 175 84.882500 41.250042 45.716351 -0.132184 -0.060363 0.008546 65.590897 28.837435 431.679504 32.447678 28.422434 429.700958 98.734108 29.252436 433.658051
514 411 533 399 555 399 574 411 554 416 533 417 676 409 696 397 720 396 741 408 720 414 698 413 463 454 79.621170 96.217392 53.769539 -0.818151 0.014786 -0.016988 -9.011667 21.116198 429.030457 -42.208519 21.809248 429.250275 24.185184 20.423145 428.810669
662 399 682 387 708 390 724 409 703 415 681 413 832 417 851 402 876 403 894 419 875 429 852 427 788 88 14.365109 25.202677 40.342121 -0.045874 0.388148 0.053523 48.091347 20.928205 404.868561 17.402508 19.488539 417.465454 78.780190 22.367872 392.271637
665 400 684 390 706 393 722 408 703 413 682 411 829 415 847 403 869 404 887 416 869 424 848 423 432 570 85.991692 118.941566 57.457375 -0.093038 0.394995 0.046805 48.157063 20.885956 411.863312 17.542616 19.976357 424.688599 78.771507 21.795555 399.038025
655 386 674 381 696 387 712 405 692 407 671 401 831 428 853 419 877 424 896 438 873 444 850 440 999 838 -26.221735 173.364899 60.941280 -0.092944 0.522075 0.177170 40.777813 19.665596 361.993347 12.489231 14.869275 378.705963 69.066399 24.461916 345.280762
657 372 678 366 701 374 718 394 696 393 674 386 834 425 859 418 884 426 903 443 879 444 855 438 1063 711 -39.171120 148.576355 56.666672 -0.029476 0.394218 0.243715 43.310719 17.788458 366.453583 13.608550 10.173200 379.195190 73.012886 25.403719 353.711975
535 380 550 372 571 374 588 388 571 392 552 390 698 396 719 386 743 388 764 400 742 406 719 404 1312 669 -88.737755 141.064484 53.456280 -0.001415 0.522040 0.041291 -2.301852 11.943649 370.748138 -31.056877 10.646371 387.301819 26.453175 13.240928 354.194427
615 359 635 353 658 359 676 377 655 378 633 373 788 400 811 391 837 396 857 411 833 415 809 411 705 310 31.262075 68.620781 47.586563 -0.020791 0.399766 0.180636 28.814526 10.611322 374.873199 -1.246309 4.940092 387.786102 58.875359 16.282553 361.960297
600 372 617 367 638 373 655 388 636 389 616 384 766 410 789 403 812 408 832 421 809 424 786 420 1116 893 -49.377430 184.535797 61.651226 -0.009967 0.398224 0.168384 22.155767 14.858184 385.068604 -7.993541 9.504581 397.910614 52.305077 20.211786 372.226562
608 368 627 361 650 368 667 387 646 388 625 383 779 410 804 400 830 405 851 421 826 426 801 422 14 525 168.991837 108.831505 59.418007 -0.042230 0.393991 0.190334 26.037397 13.919562 375.189911 -4.039644 8.072960 387.986328 56.114441 19.766165 362.393494
600 353 619 345 644 352 661 374 640 376 617 371 772 395 796 383 824 389 845 406 820 414 794 409 196 197 132.226761 44.860970 48.246311 -0.046823 0.479965 0.185858 22.649282 8.557773 363.389557 -6.254426 3.022373 378.767914 51.552990 14.093173 348.011169
603 355 622 346 647 353 664 375 642 378 620 372 774 398 798 385 826 390 847 408 822 416 796 411 105 6 149.969681 7.016797 43.294273 -0.063718 0.456559 0.192745 23.632406 9.283818 365.526947 -5.579033 3.619777 380.263641 52.843845 14.947859 350.790253
597 366 615 360 637 366 653 383 634 385 613 380 765 406 788 398 814 403 834 418 810 423 786 418 883 657 -3.491813 137.412491 56.483238 -0.031273 0.407366 0.186221 21.304688 12.924087 377.826477 -8.624844 7.154310 390.998138 51.234219 18.693863 364.654846
603 356 622 349 646 356 662 376 641 377 619 372 773 400 798 390 824 396 845 412 820 417 795 412 778 332 16.792315 73.168015 47.663925 -0.029803 0.428690 0.199739 23.724194 10.002584 369.946381 -5.836113 3.823907 383.751160 53.284500 16.181261 356.141602
601 360 620 353 643 359 659 378 639 380 617 375 769 402 793 393 819 398 839 415 815 419 790 414 1153 405 -57.610744 88.656296 46.873558 -0.026586 0.428844 0.192545 22.719137 11.114756 373.745850 -6.884136 5.140759 387.548645 52.322411 17.088753 359.943054
596 316 620 309 648 315 669 336 644 338 617 332 800 360 828 349 858 355 881 373 853 378 825 373 456 143 80.452156 35.021793 44.592960 -0.022518 0.084081 0.194000 26.881479 -3.029217 331.208313 -5.583908 -9.391197 334.051483 59.346867 3.332762 328.365173
611 316 634 308 662 315 682 336 657 338 631 332 813 362 841 352 870 359 892 377 864 382 837 376 101 268 151.236771 58.540848 51.103073 -0.036084 0.133615 0.213640 30.767317 -2.676723 333.195618 -1.389009 -9.614607 337.711823 62.923641 4.261160 328.679413
609 331 632 325 658 331 678 349 654 349 630 344 812 375 839 368 866 375 888 390 862 393 835 387 376 764 97.471725 156.933289 63.657734 0.021940 0.049991 0.207364 30.822847 1.358517 336.480011 -1.629460 -5.492476 338.052002 63.275158 8.209511 334.908020
603 331 624 325 650 331 670 348 647 348 623 343 799 373 826 367 852 373 873 388 848 390 822 384 1337 727 -93.602226 152.548508 54.980808 -0.059034 -0.026191 0.194619 28.578915 1.225106 344.199554 -3.987908 -5.217564 343.526031 61.145741 7.667775 344.873077
614 312 638 304 666 312 686 334 661 335 635 329 817 361 845 350 875 357 897 377 869 382 841 375 71 171 157.024765 39.370373 48.460293 -0.037693 0.149770 0.225265 31.777731 -3.212900 331.005249 -0.219731 -10.506978 336.056824 63.775192 4.081178 325.953644
608 327 630 322 655 328 675 345 652 346 628 341 808 372 835 366 862 373 884 389 858 391 831 385 384 778 95.906876 159.711212 64.010223 0.011253 0.077242 0.214303 29.943228 0.565252 338.874969 -2.403778 -6.503482 341.377747 62.290234 7.633986 336.372223
607 323 630 317 656 324 676 343 652 343 627 338 808 370 835 362 863 369 885 386 858 389 831 383 662 495 40.142025 104.881317 53.417244 0.003998 0.077577 0.210775 29.933928 -0.222785 337.501007 -2.436906 -7.167937 340.041412 62.304760 6.722367 334.960602
613 322 635 316 662 323 681 342 657 342 633 336 815 370 843 363 871 370 893 387 866 390 839 383 126 561 146.795700 116.249985 59.603386 0.027918 0.056587 0.227744 31.563995 -0.499201 333.571259 -0.730780 -8.017312 335.327698 63.858768 7.018910 331.814789
609 308 633 300 661 308 681 330 656 331 629 325 809 358 838 348 868 355 890 375 862 379 834 373 1002 26 -28.280998 13.651389 36.814064 0.001279 -0.029262 0.226842 30.793558 -4.070894 331.404327 -1.546502 -11.537027 330.436340 63.133617 3.395239 332.372314
608 310 631 303 659 310 679 331 654 332 629 326 807 359 835 350 864 357 886 375 859 379 831 373 1291 70 -85.643044 23.176378 35.841064 -0.009860 -0.020251 0.219856 30.341225 -3.618704 333.889954 -2.057561 -10.863011 333.258850 62.740009 3.625604 334.521088
614 312 637 306 664 313 684 333 659 334 634 328 814 361 842 353 870 360 893 378 865 381 838 375 643 346 43.649986 75.515419 49.144138 0.012809 0.011634 0.227353 32.033577 -3.093504 334.576355 -0.314540 -10.579954 334.911163 64.381691 4.392947 334.241547
613 321 635 316 660 323 680 339 657 339 633 334 810 366 837 361 864 368 885 383 859 385 833 379 488 817 75.306221 167.695709 64.347740 -0.033257 0.142689 0.219304 31.072905 -1.271034 342.921417 -1.001974 -8.390524 347.725006 63.147781 5.848456 338.117798
603 320 627 312 654 318 676 336 650 337 625 333 798 356 826 347 855 352 879 369 851 372 823 367 993 244 -26.099396 56.505470 43.356190 -0.047501 0.335771 0.174745 27.422020 -3.665653 338.962006 -3.432746 -9.066716 349.978882 58.276787 1.735410 327.945129
607 322 629 317 654 323 674 340 651 340 627 335 802 368 828 363 855 370 876 386 850 387 824 380 1291 734 -84.446709 153.786942 55.551361 -0.039329 0.009425 0.217028 29.772245 -0.590348 346.823914 -2.652276 -7.732208 347.275482 62.196766 6.551511 346.372375
612 307 636 299 664 307 684 330 658 331 632 324 811 359 840 349 870 356 892 376 864 380 835 374 780 18 15.829061 11.409407 38.327320 -0.014579 0.232406 0.230880 30.499159 -4.151702 330.942749 -0.939826 -11.625622 338.577545 61.938145 3.322218 323.307922
615 310 638 303 665 311 685 332 660 333 635 326 814 360 842 351 871 359 893 377 865 381 838 375 453 263 81.264633 58.617077 48.178722 -0.004122 0.065469 0.233734 32.088985 -3.535464 335.900146 -0.142450 -11.216082 338.068634 64.320419 4.145153 333.731628
611 306 635 299 663 306 683 328 657 329 631 323 809 357 837 347 867 354 889 373 861 377 833 371 1116 55 -50.887260 19.698978 36.775883 -0.014234 0.201640 0.223834 30.407030 -4.652248 333.782227 -1.302333 -11.925152 340.429108 62.116390 2.620656 327.135376
615 309 638 302 666 310 686 331 661 332 635 326 815 359 843 349 873 357 895 376 867 380 839 373 362 183 99.207558 42.606899 46.521629 -0.018358 0.254004 0.223959 31.393612 -3.939183 331.671387 0.074513 -11.157280 340.012390 62.712708 3.278915 323.330353
615 323 637 318 661 324 680 341 658 341 635 336 809 369 835 364 861 371 882 387 856 388 831 381 669 863 39.413738 177.288956 64.285820 -0.029704 0.113897 0.223583 31.714447 -0.410639 348.209534 -0.450595 -7.700061 352.061035 63.879486 6.878784 344.358032
610 311 633 304 661 311 681 333 656 333 630 328 808 359 836 350 865 357 888 375 860 379 832 373 1215 149 -70.395027 38.487080 38.785465 -0.002114 0.271713 0.208340 29.660679 -3.608823 332.362915 -1.616713 -10.382889 341.217072 60.938068 3.165243 323.508728
526 234 540 227 556 227 571 235 556 239 541 239 655 235 671 227 688 227 703 233 688 239 671 239 1124 804 -51.127853 167.053345 58.946247 0.060707 0.089690 -0.000740 -17.493534 -61.522507 533.606995 -50.564915 -61.588284 536.580078 15.577846 -61.456730 530.633911
536 226 551 217 569 218 584 227 568 232 551 232 667 228 683 219 701 219 717 227 701 233 683 233 944 55 -16.700733 19.181149 38.132301 0.068213 0.216681 0.021359 -11.481769 -63.047386 516.940735 -43.902920 -63.994797 524.049194 20.939384 -62.099979 509.832214
342 228 355 219 372 217 387 224 374 231 358 233 477 212 491 200 510 196 527 201 512 211 494 214 88 105 153.526962 26.439178 46.367073 0.029236 0.066144 -0.135316 -102.451485 -66.896072 507.481873 -135.280396 -62.452572 509.735138 -69.622566 -71.339569 505.228607
534 214 550 207 568 207 583 214 567 219 550 219 667 215 680 208 697 208 710 216 696 221 681 220 23 420 167.013824 88.204819 56.230190 0.011924 -0.325944 -0.025293 -11.573906 -69.430420 520.027405 -43.020035 -68.541519 509.401459 19.872223 -70.319321 530.653320
494 224 508 218 525 219 539 227 524 231 508 231 627 228 642 220 659 219 673 225 658 232 642 232 508 751 71.212128 154.773560 62.230865 0.130792 -0.347208 -0.002087 -30.286243 -62.289284 507.806763 -61.512363 -61.476212 496.544983 0.939879 -63.102356 519.068542
498 226 513 218 532 218 547 227 531 232 514 233 633 227 648 218 666 218 681 226 666 232 649 232 167 292 138.161926 63.460411 51.295006 0.098387 -0.194258 -0.009114 -28.119389 -63.049366 517.092407 -60.698795 -62.433079 510.707916 4.460019 -63.665653 523.476929
491 226 507 216 526 216 541 225 524 230 507 231 628 225 643 216 662 217 677 227 662 232 644 231 772 200 17.747042 47.185204 43.792931 -0.022863 0.022742 0.003361 -30.568052 -62.001209 505.891327 -63.764091 -62.104172 506.647583 2.627988 -61.898247 505.135040
499 221 513 214 531 215 546 223 531 228 514 228 634 222 648 213 666 212 680 219 665 226 649 227 170 402 137.763840 85.106735 54.536610 0.131391 -0.263510 -0.019737 -27.731926 -64.850311 511.210938 -59.785828 -63.633766 502.630310 4.321977 -66.066856 519.791565
496 223 510 216 528 216 542 225 527 229 511 229 630 223 644 214 661 213 676 219 661 226 645 227 980 632 -22.816467 132.786957 54.976173 0.074811 0.079195 -0.014485 -30.773438 -65.512848 519.943604 -63.870747 -65.131104 522.585938 2.323871 -65.894592 517.301270
500 225 515 218 532 218 548 226 532 230 516 230 633 225 648 217 665 217 679 224 664 230 648 229 786 801 16.047245 165.445648 61.522717 0.024198 0.010239 -0.005387 -29.254559 -65.792557 531.003052 -62.457150 -65.617813 531.345215 3.948032 -65.967308 530.660950
506 223 521 216 539 217 554 225 538 230 521 230 640 226 655 218 673 219 687 226 672 232 655 231 233 436 125.303284 91.984299 55.049042 0.062174 0.174706 0.028065 -25.718540 -63.906380 517.837402 -58.405060 -65.012642 523.575623 6.967978 -62.800117 512.099182
510 227 525 219 543 219 558 227 542 232 525 232 644 225 659 217 676 217 691 223 676 230 659 230 136 489 144.678391 102.117508 57.387264 0.091115 -0.350655 -0.036673 -21.840202 -62.096790 504.006775 -53.003983 -60.381187 492.673859 9.323578 -63.812393 515.339722
504 230 520 222 538 221 553 229 537 234 520 235 639 230 654 223 671 224 686 233 671 237 655 236 919 830 -10.335438 171.550430 61.334698 -0.032346 -0.117195 0.003502 -25.553553 -61.253925 518.746826 -58.530415 -61.432762 514.866821 7.423310 -61.075085 522.626770
505 222 520 215 538 215 553 224 538 228 521 228 638 225 654 217 672 217 686 225 671 230 654 230 1038 354 -34.845360 78.278236 46.266575 0.084314 0.054918 0.018099 -26.300600 -65.807678 527.824036 -59.449951 -66.484421 529.619080 6.848749 -65.130936 526.028992
505 227 520 221 537 221 553 228 537 232 520 232 637 230 652 222 670 223 684 229 669 234 652 234 1438 743 -113.648048 155.999817 54.659252 0.033350 -0.035127 0.009625 -27.052376 -64.788300 537.081360 -60.235168 -65.088310 535.910095 6.130418 -64.488289 538.252563
504 219 519 212 537 213 552 222 536 227 520 226 638 222 653 213 671 212 685 219 670 226 654 227 1229 250 -72.995682 58.396194 41.673161 0.119349 -0.262253 -0.007218 -25.134842 -65.228683 511.287109 -57.204823 -64.476250 502.713318 6.935140 -65.981117 519.860901
509 225 524 218 541 218 556 226 541 230 524 230 641 227 656 219 673 219 688 226 673 232 656 231 552 742 62.450523 153.135696 61.616714 0.065554 0.086721 0.013824 -25.045076 -64.876228 528.735168 -58.121986 -65.428635 531.593933 8.031835 -64.323822 525.876404
503 221 518 214 536 214 551 223 536 229 519 229 638 221 652 210 670 209 685 216 670 224 653 225 890 66 -5.947935 21.182304 38.884682 0.110213 -0.389382 -0.053319 -24.387409 -63.915913 498.922913 -55.063206 -61.491554 486.445831 6.288387 -66.340271 511.399994
501 220 515 214 533 214 547 223 532 227 516 227 633 223 648 215 665 215 679 221 665 228 648 228 1242 689 -74.788597 144.787796 54.601997 0.087240 -0.206099 -0.003753 -28.249338 -66.219246 523.721497 -60.751640 -65.798393 516.940430 4.252963 -66.640099 530.502563
498 218 513 210 532 210 547 219 531 225 514 225 632 220 647 211 666 211 681 219 665 226 648 226 896 152 -6.985541 38.116795 41.390205 0.037852 0.124341 0.021905 -29.094748 -67.051506 519.083435 -62.035290 -67.854774 523.186462 3.845797 -66.248245 514.980408
588 181 604 170 624 169 640 181 623 186 605 187 735 181 752 170 772 169 790 179 772 186 753 186 508 238 70.287849 53.865097 47.002876 -0.016502 0.004957 -0.005446 17.546659 -77.554024 469.081573 -15.657253 -77.371834 469.244690 50.750572 -77.736214 468.918488
548 334 562 326 580 326 595 335 580 339 563 340 681 335 697 326 715 326 730 334 714 339 697 339 1268 817 -79.725708 170.044006 58.196533 -0.022799 0.025145 -0.006011 -4.864921 -11.204201 524.079346 -38.058640 -10.995142 524.911804 28.328796 -11.413260 523.246887
554 315 569 306 587 306 602 315 587 320 570 320 685 315 700 306 719 306 734 314 718 320 701 320 952 405 -17.660206 88.051163 48.458675 -0.050181 0.040807 -0.000493 -2.387857 -21.301065 533.673401 -35.565029 -21.250725 535.027039 30.789314 -21.351404 532.319763
561 305 576 295 594 296 608 306 593 311 576 311 696 309 712 299 731 299 747 309 731 314 713 314 20 371 167.521820 78.557358 54.799324 -0.212651 0.038939 0.028443 2.210724 -24.042595 509.402435 -30.955637 -24.842630 510.785187 35.377087 -23.242559 508.019653
554 308 569 300 588 300 603 310 587 314 570 314 688 312 704 303 722 304 737 312 721 317 704 317 639 686 45.057606 142.382278 59.268303 -0.124968 -0.020186 0.023254 -1.473781 -23.058704 522.857605 -34.662872 -23.870554 522.237366 31.715311 -22.246853 523.477844
558 307 574 299 592 300 607 309 591 313 574 313 692 313 708 305 726 305 741 314 725 319 708 318 1218 480 -70.394943 103.604691 48.587269 -0.166083 -0.027503 0.038064 0.647255 -22.916109 522.932678 -32.521034 -24.249403 522.128662 33.815544 -21.582817 523.736694
549 312 564 304 582 305 597 314 581 318 564 318 683 316 699 308 716 308 731 317 716 321 699 321 805 849 12.357307 174.944565 62.797722 -0.188511 -0.024374 0.021615 -4.034458 -21.124454 523.904724 -37.221703 -21.913860 523.167725 29.152788 -20.335051 524.641663
546 312 561 304 578 304 594 312 578 316 561 317 679 312 694 304 712 305 727 312 711 317 695 317 1098 843 -45.889854 174.646469 60.308968 -0.191303 -0.027141 -0.001004 -5.957211 -22.436266 528.011108 -39.149815 -22.489088 527.112305 27.235394 -22.383446 528.909912
535 310 550 302 568 301 584 310 568 315 551 315 670 309 685 300 703 300 719 308 703 314 686 313 670 565 38.678070 118.674583 55.432045 -0.100908 -0.008503 -0.013014 -10.597239 -23.403849 518.171936 -43.798042 -22.986694 517.868286 22.603565 -23.821003 518.475525
530 307 546 297 564 296 579 307 563 312 546 313 671 306 686 295 705 295 722 305 706 311 688 311 1305 102 -88.368011 29.513012 36.680553 -0.283052 0.006091 -0.015546 -10.447791 -23.066298 484.410675 -43.648006 -22.528540 484.537659 22.752424 -23.604053 484.283691
534 311 549 303 567 302 582 310 567 315 550 315 668 309 683 301 701 302 716 309 701 314 684 314 1101 846 -46.480728 175.245605 60.374363 -0.091813 -0.025377 -0.011894 -11.479028 -23.576115 527.073242 -44.670811 -23.220446 526.213745 21.712755 -23.931784 527.932678
532 307 547 298 566 298 582 307 566 313 548 313 668 306 683 297 702 297 718 305 702 312 684 311 732 311 25.897387 68.898773 47.403320 -0.024657 0.027435 -0.010786 -11.496605 -24.364584 515.170837 -44.686993 -23.995306 516.077148 21.693783 -24.733862 514.264465
525 310 542 301 561 300 576 308 559 313 542 314 670 307 685 299 704 299 721 308 705 312 687 312 297 542 112.773697 113.027458 57.690849 -0.309734 0.004300 -0.007129 -11.466050 -22.281136 482.894745 -44.669724 -22.026243 482.998901 21.737621 -22.536026 482.790619
527 306 542 297 561 297 577 306 561 312 543 312 663 305 678 295 698 295 713 304 697 310 679 310 731 286 26.051104 63.978195 46.669102 -0.012884 0.027617 -0.014424 -13.803443 -24.906494 513.756775 -46.992142 -24.421738 514.670532 19.385254 -25.391251 512.843018
525 307 539 298 558 298 574 306 558 311 540 312 660 304 676 295 695 295 710 303 694 309 677 309 1288 476 -84.315269 103.028618 47.916500 -0.026938 0.003599 -0.022201 -15.117326 -25.175032 514.635437 -48.313740 -24.436380 514.744995 18.079090 -25.913683 514.525879
529 302 544 293 563 293 578 302 562 307 545 308 664 301 680 291 699 291 714 300 698 306 681 306 1435 212 -114.008476 51.541687 38.920609 -0.010176 -0.018657 -0.016277 -13.021509 -26.981472 515.153687 -46.216145 -26.444212 514.531555 20.173126 -27.518732 515.775879
533 304 549 295 567 295 583 304 567 309 549 309 669 303 684 294 703 294 718 303 702 308 685 308 820 349 8.475070 76.638405 47.837337 -0.034434 -0.014907 -0.008412 -11.041791 -26.255772 518.415894 -44.241741 -25.985048 517.916199 22.158159 -26.526497 518.915527
532 306 547 299 564 298 580 306 564 311 547 311 666 306 681 298 699 298 714 305 699 310 682 310 909 884 -8.250557 182.142273 63.016506 -0.060335 -0.026481 -0.010529 -12.403611 -25.163206 522.525269 -45.594948 -24.840364 521.636047 20.787724 -25.486048 523.414429
534 301 549 294 567 294 582 303 566 307 549 307 668 304 684 295 702 296 717 304 701 309 684 309 15 654 169.025497 134.209152 63.239380 -0.082952 0.041234 0.018061 -11.518815 -26.631529 521.220703 -44.690010 -27.173618 522.612732 21.652378 -26.089439 519.828735
534 299 549 290 569 290 584 300 568 306 550 306 669 300 685 290 704 290 720 299 704 306 686 306 243 13 122.553574 8.809183 42.413773 -0.014726 0.070955 0.001962 -10.514084 -27.416470 512.124634 -43.635284 -27.464226 514.479126 22.607115 -27.368713 509.770172
443 397 464 389 487 389 507 398 486 402 464 402 626 399 648 391 671 391 693 400 671 404 648 403 1108 224 -48.992702 52.917641 41.855598 -0.903480 -0.056026 -0.010982 -30.609556 15.478991 403.931152 -63.763847 15.011288 402.160919 2.544738 15.946693 405.701385
560 442 581 421 609 423 628 447 606 459 581 458 716 444 734 419 761 417 779 436 761 454 737 455 6 787 171.053955 160.343506 67.258354 0.207443 0.036569 -0.041051 9.441832 36.151997 450.704834 -23.712994 37.379204 452.050629 42.596657 34.924789 449.359039
505 416 523 408 543 406 562 412 543 417 524 419 686 410 703 403 722 404 740 412 722 415 704 415 480 861 76.975563 176.326553 65.716934 -0.503347 -0.041973 -0.022225 -9.783768 21.366604 415.737305 -42.951920 21.730186 414.220398 23.384386 21.003021 417.254211
491 354 514 344 540 344 561 355 538 363 513 363 683 363 702 356 725 359 743 371 724 377 702 374 393 196 93.069450 45.257362 46.663052 -0.294574 -0.198506 0.042467 -9.526304 1.349496 375.947662 -42.054230 -0.991233 369.701477 23.001621 3.690226 382.193848
435 372 457 359 483 358 504 369 482 378 457 380 627 369 647 358 672 358 692 371 672 379 649 378 1111 0 -49.992561 8.865279 35.182682 -0.257389 -0.156593 -0.023189 -28.884890 4.559228 375.516052 -61.676815 4.653471 370.296814 3.907035 4.464985 380.735260
454 369 476 358 502 357 523 367 501 376 476 378 646 368 665 358 689 359 708 371 689 379 666 377 440 22 83.414291 11.172602 41.127354 -0.204898 -0.154300 -0.009204 -22.644100 4.160237 377.295410 -55.454403 3.940474 372.196838 10.166201 4.380001 382.394012
460 391 480 384 502 383 522 389 502 396 481 397 645 389 663 383 683 384 700 391 683 396 663 396 715 892 30.323080 183.131821 64.783897 -0.283000 -0.172858 -0.016248 -23.621431 12.193072 387.432343 -56.330368 11.918001 381.721863 9.087502 12.468143 393.142822
444 385 465 374 489 373 510 381 489 390 466 391 632 382 651 373 673 374 691 384 673 391 651 389 923 505 -11.716028 107.634117 51.655796 -0.312409 -0.212542 -0.029524 -27.693689 9.302708 382.800415 -60.143139 9.170475 375.759430 4.755761 9.434941 389.841370
432 381 453 370 478 368 499 377 478 387 454 389 623 374 642 363 665 363 683 373 665 382 643 382 1150 309 -57.187431 69.763809 44.047535 -0.242932 -0.188092 -0.050962 -30.972521 6.907050 378.725616 -63.551926 7.819511 372.376648 1.606885 5.994588 385.074585
438 390 458 380 482 378 503 386 482 394 459 396 624 385 643 376 665 377 683 386 665 393 644 392 988 543 -24.566891 115.304504 52.271191 -0.313555 -0.198927 -0.039667 -30.532206 10.724510 385.515564 -63.061813 10.987646 378.858582 1.997400 10.461373 392.172516
428 389 449 377 475 375 496 386 474 395 450 397 617 382 636 371 660 370 679 382 660 390 638 390 1283 112 -83.977295 31.413805 37.150890 -0.262369 -0.217041 -0.053246 -32.437099 9.841989 379.675323 -64.820930 10.639122 372.380707 -0.053269 9.044854 386.969971
421 379 443 369 467 368 489 375 467 383 444 385 612 375 631 367 653 368 671 377 652 383 631 382 1044 628 -35.544243 132.192825 54.352722 -0.365486 -0.215215 -0.040366 -34.978245 6.973578 379.555206 -67.398994 6.987449 372.382019 -2.557493 6.959708 386.728363
414 371 437 358 463 357 486 367 463 376 438 378 612 364 631 353 655 353 674 364 655 372 632 372 302 92 110.969131 24.526320 44.293537 -0.200934 -0.261759 -0.047777 -33.958817 3.326422 365.266571 -65.999023 4.018463 356.577179 -1.918607 2.634381 373.955963
408 373 431 361 458 359 480 369 457 379 432 381 604 366 624 354 648 354 667 366 648 374 625 374 884 205 -4.504944 48.505909 43.058102 -0.250528 -0.265441 -0.059108 -36.535114 4.001753 368.427277 -68.526054 4.828450 359.569733 -4.544173 3.175056 377.284790
410 371 432 359 459 357 481 367 458 376 433 378 605 363 624 352 648 352 667 363 648 371 625 371 273 213 116.951149 48.240032 48.114021 -0.219547 -0.245765 -0.056048 -36.485153 3.124933 370.132599 -68.644806 4.064013 361.920746 -4.325500 2.185854 378.344421
399 363 422 350 448 348 472 358 448 368 423 370 596 355 616 343 640 343 660 355 640 363 617 362 1341 208 -95.332352 50.471874 39.543175 -0.283128 -0.305206 -0.071715 -38.496490 0.293090 361.592285 -70.093513 1.190747 351.424561 -6.899472 -0.604567 371.759979
403 370 424 360 448 359 470 365 449 373 426 375 596 359 615 351 636 351 654 358 636 365 615 365 919 803 -10.384084 166.239456 60.533226 -0.288978 -0.233407 -0.077482 -40.558975 1.962239 375.115112 -72.771629 3.367260 367.182251 -8.346317 0.557218 383.047974
392 356 415 343 442 341 465 352 442 361 416 363 591 346 611 334 636 333 655 345 636 354 613 354 744 69 23.076267 21.332859 40.125114 -0.203727 -0.278440 -0.072559 -40.375294 -2.448491 360.477570 -72.219719 -1.020848 351.179504 -8.530870 -3.876135 369.775665
389 363 411 350 438 348 461 357 438 366 413 368 586 352 605 341 629 340 649 351 629 359 607 359 888 403 -4.943242 87.465073 48.904022 -0.258843 -0.266095 -0.078263 -42.893585 -0.507749 367.164703 -74.836395 0.899181 358.207184 -10.950779 -1.914680 376.122253
383 360 406 347 432 345 456 355 433 364 407 367 581 349 601 337 625 337 645 347 625 356 603 356 886 461 -4.441225 98.867805 50.641479 -0.237230 -0.263802 -0.081473 -44.283176 -1.537380 365.398987 -76.236313 0.080968 356.514313 -12.330043 -3.155728 374.283691
