535 251 550 240 568 240 582 251 566 257 550 257 666 252 681 242 699 242 714 253 699 259 682 258 921 650 -7.207252 126.306854 52.723824 -0.024387 0.089746 0.025074 -0.513299 -55.380363 520.857239 -33.574066 -56.175346 523.842773 32.547466 -54.585377 517.871704
534 246 548 235 567 235 581 247 565 252 548 253 664 248 679 237 698 238 713 249 698 255 680 254 819 33 12.930380 4.011335 41.939255 0.002708 0.165052 0.029861 -1.366799 -56.713150 513.951233 -34.105618 -57.707428 519.404785 31.372021 -55.718872 508.497742
537 243 551 235 568 235 581 243 566 247 551 248 662 244 676 236 693 237 708 246 693 250 677 249 630 140 50.535889 25.051117 45.096684 -0.676769 0.029672 0.031713 -1.665988 -65.088882 570.167664 -34.840672 -65.742203 571.421997 31.508694 -64.435555 568.913391
535 249 550 239 568 239 581 249 566 255 550 255 665 251 680 241 698 242 712 252 697 258 681 257 1131 524 -48.992809 101.520782 49.083954 -0.004044 0.096494 0.026720 -0.859621 -56.368893 523.606079 -33.898132 -57.248154 526.806580 32.178894 -55.489635 520.405579
569 233 585 224 604 226 617 236 601 240 584 240 699 243 714 235 731 237 744 247 729 252 713 250 66 8 162.650223 -1.555063 46.165905 0.008040 -0.173587 0.063835 16.961100 -62.241714 528.026978 -15.677408 -64.326164 522.287415 49.599606 -60.157261 533.766541
529 248 543 237 561 238 575 249 560 254 543 254 657 250 672 240 691 241 705 252 690 258 673 257 1120 57 -46.914524 9.010780 40.508957 -0.009014 0.220989 0.044220 -4.631012 -56.178795 518.944885 -36.996132 -57.601776 526.227356 27.734108 -54.755817 511.662476
573 239 589 233 606 234 620 243 604 245 588 245 698 249 713 242 729 244 743 253 728 256 713 254 219 59 132.239777 8.671625 46.157024 -0.700711 -0.051701 0.067812 18.645571 -64.054810 571.167114 -14.443448 -66.701004 570.346069 51.734589 -61.408607 571.988098
516 255 529 244 547 244 560 255 546 260 530 261 643 254 657 244 676 244 692 255 676 261 659 261 1201 270 -62.970787 51.266861 43.946846 -0.038799 0.279651 0.032954 -11.621048 -53.200848 513.825073 -43.518288 -54.101490 523.007385 20.276192 -52.300209 504.642792
527 252 541 242 559 242 572 253 557 258 541 259 655 254 670 243 688 244 703 255 688 261 671 260 1262 238 -75.107422 44.978241 42.974693 -0.012398 0.229081 0.038500 -5.760458 -54.083382 517.147095 -38.073433 -55.303329 524.693115 26.552517 -52.863434 509.601013
554 251 569 242 588 244 602 255 586 260 569 259 686 261 701 251 720 253 734 264 718 269 701 267 542 423 68.099731 81.034523 50.882633 0.026767 0.037070 0.070946 9.327441 -51.731007 516.116760 -23.771055 -54.100410 517.314697 42.425938 -49.361603 514.918823
547 252 563 243 581 244 595 255 579 260 562 259 679 260 694 250 713 252 727 263 711 268 694 267 500 470 76.461929 90.309776 52.014091 0.028754 0.123203 0.066477 5.770050 -52.021709 516.067322 -27.109938 -54.280273 520.112671 38.650040 -49.763142 512.021973
554 251 569 243 586 243 599 252 584 257 568 257 680 257 695 249 712 251 726 261 711 265 695 263 426 332 91.143814 62.915035 49.920753 -0.700863 0.018060 0.074739 7.997649 -58.638783 567.377869 -25.113010 -60.718319 568.763245 41.108307 -56.559250 565.992432
547 249 561 240 578 240 592 249 576 254 560 254 673 252 687 245 704 246 718 256 703 260 688 258 818 187 13.165144 34.514069 44.795799 -0.669977 0.018506 0.055641 3.989174 -61.075783 570.114807 -29.160673 -62.588959 571.279907 37.139023 -59.562611 568.949646
538 254 553 244 571 245 585 256 570 261 553 261 669 259 683 249 702 250 716 261 701 267 684 266 1314 513 -85.382889 99.491302 47.740711 0.031720 0.185749 0.048100 0.703127 -51.872669 516.069336 -31.892372 -53.557281 522.173035 33.298626 -50.188053 509.965668
561 249 576 241 593 242 607 251 591 254 576 254 686 255 700 248 716 249 730 258 716 262 700 260 257 528 124.793304 101.599815 54.600891 -0.688779 -0.019739 0.055807 11.691960 -60.680248 574.901978 -21.456957 -62.606083 574.910645 44.840878 -58.754414 574.893250
552 248 566 238 584 237 598 246 582 253 566 254 679 249 693 242 711 244 724 255 710 259 694 257 764 271 23.922039 51.108299 46.686810 -0.699493 -0.000313 0.045792 7.337315 -62.428524 572.585205 -25.834085 -63.831036 573.085999 40.508717 -61.026012 572.084412
550 251 565 243 581 243 595 251 579 255 564 255 675 254 689 247 705 248 719 257 705 260 689 259 1404 621 -103.253197 120.956856 49.179153 -0.690133 -0.011401 0.035410 5.372034 -60.715450 575.572693 -27.810703 -61.925358 575.613403 38.554771 -59.505543 575.531982
554 252 569 245 585 245 599 253 584 256 568 257 679 256 693 249 709 251 723 259 709 263 693 261 715 766 33.780617 149.115433 56.153698 -0.707414 -0.001318 0.048514 7.637905 -59.939732 577.522461 -25.529415 -61.433846 578.028564 40.805225 -58.445618 577.016357
552 252 567 245 583 245 596 253 581 257 566 257 677 256 691 249 707 251 721 259 707 262 691 261 933 713 -9.578622 138.795364 53.815132 -0.710214 -0.004236 0.043724 6.459486 -59.646343 575.480957 -26.714619 -61.026600 575.846069 39.633591 -58.266090 575.115845
576 248 592 242 609 243 623 252 607 254 591 253 701 257 716 250 732 252 746 260 731 263 716 261 81 494 159.781021 94.721626 55.067654 -0.732353 -0.036135 0.065768 20.082287 -59.398804 568.481567 -13.033183 -61.810501 568.151367 53.197758 -56.987106 568.811768
526 256 541 245 560 246 574 257 558 263 541 263 657 260 672 249 691 250 705 261 690 267 673 266 1329 319 -88.410728 61.076996 44.056637 0.025813 0.025098 0.033306 -4.684875 -52.157326 522.060364 -37.860821 -53.273552 522.879150 28.491068 -51.041096 521.241577
527 255 542 245 561 246 575 257 559 263 542 262 658 260 673 249 692 250 706 262 691 267 674 266 1069 130 -36.756714 23.428635 42.177689 0.031290 0.100706 0.039124 -4.354882 -51.644836 517.822632 -37.366108 -52.993477 521.139221 28.656347 -50.296196 514.506042
533 260 548 251 566 252 580 262 564 267 547 267 665 267 679 258 697 260 711 271 696 275 680 274 684 718 39.933426 139.582535 55.458340 0.005638 -0.014668 0.055514 -1.357506 -49.499924 527.682068 -34.507595 -51.340874 527.190125 31.792585 -47.658978 528.174072
530 258 545 248 564 249 578 260 562 265 545 264 662 264 677 254 695 255 709 266 694 271 677 270 1162 151 -55.243828 27.664106 41.987206 0.013845 -0.027228 0.044261 -2.496746 -50.322014 520.176025 -35.656734 -51.784714 519.262146 30.663246 -48.859310 521.089844
547 259 563 252 579 253 594 262 578 264 562 264 674 266 688 259 704 260 718 268 704 271 689 270 428 558 90.798859 107.681618 54.091232 -0.730070 -0.040777 0.039197 4.628239 -54.075352 566.519226 -28.525791 -55.736210 565.737244 37.782269 -52.414490 567.301147
539 258 555 248 574 249 588 261 571 266 554 265 672 265 687 256 705 257 719 268 704 274 687 272 698 243 37.038876 45.508339 46.579590 0.028722 -0.115260 0.049151 2.617823 -49.303535 517.147461 -30.326677 -50.876213 513.307373 35.562325 -47.730858 520.987549
545 260 561 251 580 252 595 263 578 268 561 267 679 268 694 259 712 260 725 271 710 276 694 275 226 345 130.914627 65.326790 51.406879 0.024636 -0.144102 0.048893 5.913850 -48.030453 515.692139 -26.907278 -49.588676 510.906189 38.734982 -46.472229 520.478027
527 266 541 256 559 255 573 263 557 270 541 271 656 265 670 258 688 259 703 270 688 274 671 272 746 524 27.560160 101.206589 51.481571 -0.728552 0.007164 0.030529 -5.614814 -52.435501 562.709778 -38.804012 -53.278843 563.280334 27.574385 -51.592155 562.139282
529 267 544 260 561 260 574 268 559 271 544 271 655 270 669 263 686 264 701 272 686 275 670 274 854 667 6.118919 129.619446 53.455715 -0.725774 -0.004093 0.030660 -5.478885 -51.124821 567.166199 -38.668499 -52.102852 567.395386 27.710730 -50.146790 566.936951
548 261 563 252 581 252 594 261 579 267 562 267 677 266 691 259 708 261 722 272 707 276 691 274 345 319 107.246727 60.273956 50.184574 -0.684162 -0.025301 0.059601 5.608072 -53.257065 565.792480 -27.529833 -55.360237 565.667725 38.745975 -51.153893 565.917236
546 268 561 260 578 260 592 267 577 273 560 274 675 270 689 264 705 267 719 276 705 280 689 278 517 896 73.181046 174.703598 59.792870 -0.725834 -0.019635 0.043143 4.399499 -50.542362 568.460388 -28.769627 -52.078274 568.361816 37.568623 -49.006451 568.559021
542 266 558 256 577 257 591 269 574 274 557 273 675 274 690 264 709 266 723 277 707 282 691 281 774 533 21.994770 103.012108 51.473774 0.029109 -0.140225 0.055329 4.201320 -44.734222 512.035828 -28.626955 -46.496552 507.371307 37.029594 -42.971893 516.700439
552 262 568 255 585 256 599 266 583 268 567 268 679 270 693 263 710 264 724 273 709 277 694 275 60 426 163.940765 81.235390 53.939850 -0.707165 -0.028014 0.059111 7.441564 -51.436119 562.326172 -25.695145 -53.553326 562.137512 40.578274 -49.318909 562.514832
539 266 554 258 571 258 585 267 569 272 553 271 666 271 681 263 698 264 713 273 698 277 682 276 1121 508 -47.008156 98.343422 48.850090 -0.708669 -0.010918 0.042369 0.445363 -50.485973 560.772339 -32.728981 -51.900707 560.917419 33.619709 -49.071239 560.627258
542 266 557 259 574 259 588 268 572 272 556 271 669 272 684 265 701 266 715 275 700 279 684 277 616 618 53.431141 119.719543 54.030960 -0.717458 -0.012710 0.052912 1.924431 -49.930393 560.671631 -31.233305 -51.684570 560.888672 35.082165 -48.176216 560.454651
544 262 560 254 577 255 590 265 575 268 559 267 671 269 686 262 703 263 717 272 702 276 687 274 332 267 109.819504 49.963444 49.303089 -0.694054 -0.006823 0.063655 3.262535 -51.796734 560.645142 -29.876944 -53.818832 561.140747 36.402016 -49.774635 560.149475
543 262 558 252 575 252 589 261 574 267 557 267 671 265 686 258 703 260 717 271 702 275 686 272 460 284 84.372093 53.435181 48.820602 -0.694866 -0.004005 0.056090 2.902837 -53.540459 565.685181 -30.251570 -55.300034 566.184021 36.057243 -51.780888 565.186340
542 263 557 256 574 256 588 265 572 268 556 268 668 269 683 261 700 263 714 272 699 275 684 274 926 350 -8.271430 66.888435 47.140118 -0.703216 -0.014056 0.050089 1.699098 -51.926788 563.333679 -31.462612 -53.612961 563.465698 34.860809 -50.240616 563.201721
540 257 556 248 575 248 589 260 572 265 555 264 673 264 688 255 706 256 720 267 705 273 688 271 759 30 24.860014 3.368144 42.257381 0.019595 0.043755 0.057990 2.692010 -49.601616 517.071472 -30.425228 -51.539577 518.504089 35.809250 -47.663658 515.638794
523 255 536 246 553 246 566 253 552 259 537 260 646 251 660 243 677 243 692 251 677 257 661 256 1144 197 -51.653999 36.760868 42.950695 -0.092113 0.100494 -0.009390 -9.981905 -59.257580 559.263000 -43.017849 -58.793324 562.575134 23.054039 -59.721840 555.950806
548 276 561 269 577 268 590 276 576 281 561 281 667 277 680 270 695 270 708 278 695 283 680 282 297 888 116.923729 172.939453 61.014870 -0.257297 -0.001782 0.012635 1.889827 -48.680168 588.300659 -31.312298 -49.102646 588.295837 35.091953 -48.257690 588.305481
535 277 548 268 565 267 578 276 564 281 548 282 653 275 666 266 683 266 696 276 683 281 667 280 1192 280 -61.178902 53.240265 44.187981 -0.193116 0.005894 -0.008995 -5.263705 -48.996269 585.731750 -38.466606 -48.680622 585.897522 27.939194 -49.311913 585.566040
538 279 552 269 568 269 581 278 567 283 552 284 658 278 671 269 688 270 701 279 687 284 672 283 738 343 29.108646 65.348480 48.181343 -0.171609 0.024657 0.007824 -3.038977 -47.100418 581.373718 -36.232708 -47.288818 582.210571 30.154753 -46.912014 580.536865
533 283 546 274 563 273 576 282 562 287 547 287 652 281 665 273 681 273 695 282 681 287 666 286 1320 678 -86.537437 132.178574 50.757259 -0.166722 0.012736 -0.001654 -6.187957 -45.374367 583.552673 -39.390038 -45.284519 583.969055 27.014124 -45.464211 583.136353
534 281 548 271 565 271 578 280 563 285 548 286 654 280 667 271 684 271 698 281 684 286 668 286 917 261 -6.502643 49.252415 45.548904 -0.108351 0.039340 0.008165 -5.053383 -45.636433 577.172485 -38.231426 -45.836246 578.490540 28.124659 -45.436615 575.854431
557 276 571 267 588 268 601 278 586 282 571 282 677 282 690 274 706 275 719 285 705 290 691 288 403 429 95.739731 82.109535 51.859318 -0.146874 -0.061869 0.050543 7.785655 -46.360622 583.703552 -25.313440 -48.181602 581.781677 40.884750 -44.539642 585.625366
555 278 569 270 585 271 598 280 583 284 568 283 674 284 687 277 703 278 715 287 702 291 688 290 360 631 104.336929 122.085594 55.865833 -0.104294 -0.052691 0.048954 6.151742 -45.563114 585.787598 -26.967304 -47.275394 584.127319 39.270786 -43.850830 587.447876
553 280 567 272 584 272 596 281 582 285 566 285 673 285 686 278 702 279 714 288 700 293 686 291 164 831 143.356003 161.540649 60.788151 -0.167267 -0.037943 0.049919 5.154479 -44.671017 586.150269 -27.985235 -46.424847 585.035278 38.294193 -42.917187 587.265198
553 276 567 269 583 269 595 277 581 280 567 280 667 280 680 274 695 275 708 283 695 286 681 284 275 215 121.141190 39.617027 48.695614 -0.749723 -0.031563 0.039137 3.724004 -50.144409 620.840149 -29.440777 -51.699806 620.352661 36.888786 -48.589012 621.327698
547 278 561 270 578 270 590 280 576 284 560 284 667 283 680 275 696 276 709 286 695 291 680 289 407 369 94.930382 70.228302 50.723892 -0.082729 -0.045686 0.042975 1.926518 -45.377625 583.137512 -31.213037 -46.864750 581.682251 35.066074 -43.890503 584.592834
496 292 508 282 524 281 537 289 524 295 509 296 613 286 626 276 643 276 658 285 644 290 628 290 1261 520 -74.842796 100.834579 48.200333 -0.125604 0.175784 -0.023144 -27.112253 -40.985203 570.297424 -59.797211 -39.857624 576.040405 5.572703 -42.112785 564.554443
497 293 509 284 524 283 537 290 524 296 510 297 614 287 627 278 643 278 657 286 644 291 628 291 1297 829 -81.928917 162.069138 53.695286 -0.128975 0.143399 -0.026567 -27.272642 -40.940613 576.658936 -60.125454 -39.757942 581.333740 5.580170 -42.123287 571.984131
553 284 568 278 585 278 599 286 584 289 568 289 672 289 686 283 702 284 715 292 701 295 686 294 45 670 166.980270 129.553452 58.549355 -0.056605 -0.062579 0.036610 6.041252 -43.540165 598.462524 -27.076355 -44.812843 596.421936 39.158859 -42.267487 600.503113
551 285 565 279 580 279 594 286 579 288 565 288 666 288 679 283 693 284 706 291 693 293 679 292 407 853 95.043289 166.096603 59.682037 -0.754229 -0.043345 0.021974 2.661339 -44.846237 617.705872 -30.506096 -46.025787 616.662048 35.828773 -43.666687 618.749634
550 282 564 273 582 274 595 284 580 289 564 288 671 288 685 279 701 281 713 291 700 296 685 294 156 244 144.809784 45.264088 49.973446 -0.008498 -0.131618 0.045269 4.334611 -41.484665 567.076721 -28.549093 -43.001484 562.726868 37.218315 -39.967846 571.426514
546 282 561 273 578 273 591 284 576 288 560 288 668 287 681 278 698 279 710 289 697 294 682 293 448 79 86.710335 12.820012 45.101078 -0.009640 -0.135909 0.038212 2.511856 -41.968658 566.408386 -30.362598 -43.254959 561.916687 35.386311 -40.682362 570.900085
545 284 560 275 577 276 590 286 575 290 559 290 667 289 680 281 697 282 710 292 696 296 681 295 676 247 41.414261 46.282684 46.790630 -0.030586 -0.102311 0.040213 1.965591 -40.960335 567.335205 -31.038807 -42.344597 563.965759 34.969990 -39.576073 570.704651
535 287 549 280 564 280 578 287 563 291 549 291 651 289 664 282 680 282 693 290 679 294 665 293 1355 634 -93.507057 123.491837 49.724918 -0.760440 -0.015657 0.011979 -6.310467 -44.035290 613.502441 -39.509132 -44.584099 613.175354 26.888199 -43.486477 613.829529
540 287 554 278 572 279 585 288 570 293 554 293 662 292 675 283 692 284 704 294 691 299 675 298 705 703 35.754311 136.628555 55.049934 -0.023142 -0.070919 0.039225 -1.030794 -39.783203 571.162598 -34.126625 -41.111362 568.825623 32.065037 -38.455044 573.499634
543 282 557 275 573 275 586 284 571 287 557 287 659 286 672 279 687 280 700 288 687 291 673 290 431 227 90.125122 42.121239 47.946217 -0.735175 -0.031032 0.026217 -1.561755 -46.016510 613.457825 -34.740383 -47.172455 612.823792 31.616875 -44.860565 614.091797
532 224 547 215 564 216 577 226 562 231 546 230 655 231 669 222 686 223 699 234 685 238 669 237 1189 484 -60.534798 93.645119 47.982410 0.018236 -0.009782 0.055245 -4.809917 -72.868156 566.417664 -37.962486 -74.698517 566.076355 28.342651 -71.037788 566.759033
529 216 544 207 561 207 575 216 560 221 543 221 654 219 667 210 684 211 697 221 683 226 668 225 401 84 96.056931 13.772031 45.486317 -0.046744 -0.134612 0.009502 -5.612876 -78.039803 561.829590 -38.515862 -78.458527 557.382324 27.290112 -77.621086 566.276794
531 222 546 214 564 214 578 223 562 228 546 228 658 227 672 219 688 221 701 230 687 234 672 233 410 754 94.423676 146.489624 57.831005 -0.027451 -0.096079 0.031843 -3.903345 -73.804337 560.041138 -36.938217 -74.903496 556.871155 29.131529 -72.705177 563.211060
523 219 538 211 555 212 569 221 554 226 538 226 649 223 663 215 680 215 693 224 679 230 663 229 975 11 -18.093618 -0.219004 40.560562 0.089076 -0.177142 0.015035 -8.008635 -73.309814 544.501099 -40.690449 -73.544670 538.635620 24.673178 -73.074959 550.366577
530 225 545 217 563 218 576 227 561 231 545 231 657 231 671 223 687 224 700 234 686 238 671 237 417 882 93.061668 171.848938 60.156509 0.060441 -0.066714 0.041933 -4.535606 -71.128952 555.654053 -37.637417 -72.452156 553.400391 28.566204 -69.805748 557.907715
527 223 542 214 560 215 574 225 558 229 542 229 654 229 668 220 685 222 699 232 684 237 668 235 1208 441 -64.322769 85.143402 47.068218 0.056405 -0.091364 0.043299 -5.856749 -71.190079 548.083191 -38.892040 -72.539131 545.015686 27.178541 -69.841026 551.150635
534 224 549 215 566 216 580 226 564 230 548 230 660 231 674 223 691 224 704 235 690 239 674 237 666 515 43.465172 99.358620 51.813198 0.058202 -0.105933 0.053011 -2.685490 -70.566422 549.905457 -35.657677 -72.219337 546.347046 30.286695 -68.913506 553.463928
529 225 544 216 561 217 575 227 560 231 543 231 656 232 670 223 687 224 700 234 686 239 670 238 1418 523 -106.059807 101.556931 47.278130 0.049281 -0.130165 0.041070 -4.829813 -69.499344 544.769714 -37.725868 -70.751984 540.429199 28.066244 -68.246704 549.110229
534 225 549 216 567 217 580 228 565 232 548 231 661 233 675 225 692 227 705 237 691 241 675 240 247 819 126.849579 159.231476 60.049156 0.080178 -0.062046 0.064984 -2.396810 -69.464661 548.473999 -35.467758 -71.534737 546.332336 30.674139 -67.394585 550.615662
534 224 549 216 566 217 580 227 564 231 548 231 661 232 675 224 692 225 705 235 691 240 675 238 243 588 127.591049 113.472885 55.798592 0.087465 -0.108657 0.056179 -2.322992 -69.384888 544.744873 -35.279861 -71.085785 541.069092 30.633879 -67.683990 548.420593
532 225 547 217 564 217 578 228 562 232 546 232 659 233 673 224 690 226 703 236 689 240 673 239 1038 521 -30.501493 100.850662 49.607594 0.065456 -0.136362 0.049907 -3.324203 -68.824524 542.903015 -36.179688 -70.326820 538.340088 29.531282 -67.322235 547.465881
534 222 550 216 568 217 582 225 566 227 550 227 657 229 672 222 689 223 704 230 688 233 672 232 1072 105 -37.359062 18.479208 41.696293 -0.557055 -0.035181 0.033015 -2.966068 -72.940735 558.213867 -36.133232 -74.297737 557.403076 30.201096 -71.583740 559.024658
534 224 549 216 567 217 580 227 565 231 548 231 661 232 675 224 693 225 706 235 691 240 675 239 859 378 5.057306 72.379852 48.075603 0.080381 -0.172231 0.052083 -2.047890 -68.461548 538.266357 -34.716915 -69.950691 532.515137 30.621136 -66.972404 544.017639
537 226 552 218 570 219 584 229 568 233 552 233 664 234 679 226 696 228 709 238 694 243 679 241 202 737 135.778198 142.952606 58.811695 0.084931 -0.101535 0.064274 -0.475631 -68.062485 543.603760 -33.441128 -70.046097 540.153992 32.489864 -66.078873 547.053589
532 227 547 218 565 219 579 229 563 234 547 233 659 234 674 226 691 227 704 237 690 242 674 240 1077 561 -38.246880 108.805489 50.105057 0.067044 -0.133137 0.050350 -2.887748 -67.763901 540.791565 -35.756882 -69.280998 536.333069 29.981384 -66.246803 545.250061
535 225 550 216 568 217 582 228 566 232 550 232 662 233 677 225 694 226 707 236 693 241 677 240 660 415 44.634876 79.546227 49.999710 0.086204 -0.153744 0.057121 -1.353444 -68.010391 538.425415 -34.112930 -69.676834 533.268005 31.406042 -66.343956 543.582825
541 224 556 216 574 217 588 228 572 232 556 231 669 233 683 225 701 226 713 237 699 242 683 240 109 619 154.242691 119.503853 57.206852 0.091574 -0.149877 0.063546 1.855892 -67.996033 538.354980 -30.910215 -69.866600 533.310913 34.621998 -66.125458 543.399048
537 224 552 216 570 217 583 227 568 232 551 231 664 233 678 224 696 225 709 236 694 241 678 239 858 396 5.260345 75.944389 48.414986 0.084373 -0.181313 0.052214 -0.431168 -67.987160 536.013000 -33.047024 -69.455528 529.962463 32.184685 -66.518799 542.063599
541 221 556 212 574 213 588 225 572 229 555 228 669 230 683 221 701 223 714 234 699 239 683 237 60 119 163.869156 20.426367 48.257721 0.111255 -0.241370 0.061754 1.979545 -68.020058 526.252197 -30.201088 -69.602142 518.223267 34.160175 -66.437965 534.281128
543 231 557 222 575 223 589 233 573 237 557 237 670 237 684 229 702 230 715 240 701 245 685 243 705 887 35.797234 173.074356 58.455509 0.070846 -0.095565 0.047235 2.458192 -65.993561 540.716187 -30.558210 -67.445465 537.496094 35.474594 -64.541656 543.936218
533 249 548 239 567 240 581 251 565 256 548 256 666 255 681 245 700 246 715 257 699 263 682 262 1010 476 -24.944504 91.914436 48.949078 0.035062 0.082317 0.054989 -0.771055 -54.519295 517.909668 -33.813316 -56.389713 520.606018 32.271206 -52.648876 515.213379
534 253 549 243 568 244 582 255 566 260 549 260 667 259 682 249 701 251 716 262 700 267 683 266 1079 622 -38.630325 120.889694 51.221626 0.015669 0.074002 0.057136 -0.396801 -52.384811 517.109253 -33.456604 -54.298386 519.547974 32.663002 -50.471237 514.670593
532 252 547 242 566 243 580 254 564 260 547 260 666 259 681 249 701 250 716 262 700 267 682 266 1434 391 -109.272018 75.424088 44.735359 0.035336 0.110839 0.055902 -1.011197 -51.496948 507.845215 -33.960518 -53.412949 511.482635 31.938124 -49.580952 504.207764
555 247 572 237 592 238 606 250 589 255 571 254 691 257 706 248 725 249 738 261 723 266 706 264 439 180 88.523445 32.818241 47.026493 0.044869 -0.194302 0.066222 11.520910 -52.505859 504.010986 -20.986870 -54.544403 497.557434 44.028690 -50.467316 510.464508
558 245 575 236 595 238 609 250 592 255 574 253 695 257 710 248 729 250 742 262 727 267 710 265 27 93 170.424774 15.249484 47.982010 0.011157 0.014113 0.083262 12.835950 -52.194675 503.798523 -20.250532 -54.958637 504.251160 45.922432 -49.430717 503.345886
547 255 564 247 583 248 597 259 580 263 563 262 684 266 699 257 718 259 731 270 716 275 699 273 653 604 46.070839 116.976692 53.541420 0.044061 -0.127778 0.073806 7.627436 -48.299908 504.219025 -25.216583 -50.647663 499.939056 40.471455 -45.952152 508.498993
548 253 564 245 583 246 597 257 581 262 563 261 685 264 700 255 718 257 732 268 717 273 700 271 614 349 53.766068 66.435738 49.064613 0.062718 -0.170143 0.070328 7.926593 -48.780739 498.843536 -24.717260 -50.924664 493.156525 40.570446 -46.636818 504.530548
549 258 565 249 584 251 598 261 581 266 564 265 685 269 701 260 719 262 733 273 717 278 700 276 460 895 84.514626 174.459015 60.129333 0.050682 -0.092417 0.079638 8.233109 -47.330055 506.853577 -24.724966 -49.889088 503.726898 41.191185 -44.771023 509.980286
547 253 563 244 583 245 597 257 580 261 562 260 684 264 699 254 718 256 732 268 716 273 699 271 617 63 53.102833 9.788733 43.752483 0.066161 -0.214812 0.071975 7.626664 -48.483288 494.375305 -24.729984 -50.616203 487.229828 39.983315 -46.350368 501.520752
535 256 551 246 571 247 585 259 568 264 550 263 671 266 687 255 706 257 721 269 705 275 687 273 1118 318 -46.455959 60.706722 45.352146 0.043760 0.180232 0.078958 1.025180 -47.508804 495.944885 -31.538994 -50.243370 501.831848 33.589352 -44.774239 490.057922
534 257 550 247 569 248 583 260 566 265 549 264 670 266 686 256 705 258 720 270 704 275 686 273 1264 470 -75.450981 90.933273 47.256222 0.050034 0.127251 0.072045 0.623547 -47.281036 497.502869 -32.226955 -49.769272 501.651672 33.474052 -44.792801 493.354034
550 254 566 247 584 248 598 257 582 260 565 260 681 263 696 255 713 257 728 266 712 269 696 268 694 245 37.834694 45.901222 46.641518 -0.689881 -0.019169 0.066356 7.533235 -54.262012 547.473938 -25.595499 -56.503902 547.617310 40.661968 -52.020123 547.330627
548 257 565 249 584 250 598 262 581 267 564 265 685 270 701 260 720 262 733 274 718 279 700 277 207 687 134.772339 133.052933 57.855129 0.066157 -0.080694 0.088140 8.018140 -46.233570 500.656372 -24.949957 -49.062656 497.888611 40.986237 -43.404484 503.424133
548 261 564 253 583 254 597 265 581 269 563 268 685 272 700 265 718 267 732 277 716 282 700 280 389 867 98.625656 168.854965 60.053253 0.061188 -0.128828 0.086582 7.818641 -45.161621 503.019501 -24.987099 -47.892654 498.673859 40.624382 -42.430584 507.365112
546 256 563 246 583 248 597 261 580 265 562 264 684 268 700 258 719 260 733 272 717 278 700 276 566 222 63.280708 41.241035 47.012951 0.085813 -0.238684 0.080651 7.757831 -45.804596 486.473511 -24.399357 -48.113026 478.527069 39.915020 -43.496170 494.419952
548 257 565 248 584 250 598 262 581 266 563 265 685 270 701 260 720 262 733 274 718 279 700 277 328 430 110.652885 82.246407 52.344894 0.043742 0.226452 0.098063 7.156553 -45.556854 491.141174 -25.042505 -48.942623 498.511169 39.355610 -42.171082 483.771179
547 259 563 251 583 252 597 264 580 269 562 267 684 272 700 263 719 265 733 276 717 281 699 279 627 524 51.221985 101.109467 52.222652 0.072999 -0.203359 0.081774 7.643193 -44.529446 491.924438 -24.767550 -46.975285 485.133179 40.053936 -42.083607 498.715698
548 259 564 250 584 252 598 264 581 268 563 267 685 272 701 263 719 265 733 276 717 281 700 279 319 517 112.462730 99.471588 54.011185 0.037658 0.210273 0.097831 7.109796 -44.763710 493.184296 -25.206142 -48.113239 500.041443 39.425735 -41.414185 486.327148
545 260 561 251 581 252 595 265 578 269 560 268 682 272 698 262 717 264 732 276 716 281 698 279 931 457 -9.240664 88.086540 49.089394 0.068095 -0.208703 0.077075 6.961432 -44.289394 489.585266 -25.425308 -46.590729 482.630951 39.348171 -41.988060 496.539581
550 261 566 252 586 254 600 267 583 271 565 269 686 275 702 265 721 267 735 279 719 284 702 282 149 740 146.317368 143.503571 59.197285 0.031086 0.162148 0.101879 8.115993 -43.761356 496.337097 -24.481892 -47.206486 501.635101 40.713879 -40.316227 491.039124
511 191 525 181 543 181 556 191 541 197 525 197 638 193 652 184 670 185 684 195 669 200 653 199 1418 145 -106.147980 26.684578 40.281895 0.027110 0.071137 0.035430 -14.723138 -89.430038 548.390137 -47.823154 -90.637093 550.733521 18.376881 -88.222992 546.046753
529 203 543 194 560 194 574 204 559 209 543 209 656 206 670 198 688 199 702 209 687 214 671 213 1202 719 -63.064880 140.203354 52.250965 0.094003 0.038429 0.040159 -5.216228 -82.483093 547.387939 -38.369801 -83.873817 548.598816 27.937344 -81.092361 546.177124
574 192 590 187 606 188 620 196 604 197 589 196 696 204 710 200 725 202 738 210 724 211 710 209 48 69 166.243561 10.512822 47.407024 -0.616563 -0.073819 0.087465 18.290501 -91.376678 587.336609 -14.703864 -94.825493 585.909363 51.284866 -87.927864 588.763916
565 198 581 192 599 194 612 204 596 208 580 206 694 214 708 208 725 210 737 219 723 223 707 221 470 707 82.482384 137.229065 56.587448 0.064826 -0.168476 0.098140 14.641828 -79.301796 538.820251 -17.934050 -82.356949 533.160095 47.217705 -76.246643 544.480469
566 200 581 194 599 196 613 206 597 209 580 207 694 215 708 209 725 211 737 221 723 225 707 222 358 843 104.784065 164.075867 59.802101 0.077274 -0.151433 0.100258 14.740931 -78.776497 540.169250 -17.918051 -81.890312 535.045288 47.399914 -75.662689 545.293152
556 196 572 188 590 190 603 201 587 205 570 204 685 209 699 201 717 203 730 214 715 218 699 216 735 30 29.632147 3.348557 42.406845 0.091319 -0.185029 0.080345 9.963209 -80.257896 531.550049 -22.568787 -82.624626 525.334961 42.495205 -77.891174 537.765137
562 198 578 192 596 194 609 204 593 207 577 206 691 213 706 206 723 208 735 218 721 222 705 220 159 656 144.309372 126.873436 57.580288 0.094476 -0.150533 0.095323 13.130443 -79.128227 535.584167 -19.549082 -82.036667 530.470581 45.809967 -76.219780 540.697815
524 212 538 203 556 202 570 211 555 217 539 217 654 210 669 201 686 202 700 211 686 216 670 216 420 859 92.459785 167.295670 59.712128 0.102280 -0.012675 -0.009151 -6.438233 -77.305435 532.737854 -39.638992 -76.980614 532.333252 26.762526 -77.630249 533.142456
527 210 541 201 559 201 573 210 558 215 542 216 657 211 671 203 689 203 703 212 688 217 672 217 1008 744 -24.484306 144.996902 53.921829 0.091817 0.081570 0.019993 -5.255268 -77.446220 532.694641 -38.343128 -78.232567 535.365723 27.832594 -76.659874 530.023560
526 207 541 198 559 198 573 208 558 213 541 214 657 209 671 200 690 200 704 210 689 216 672 215 900 327 -3.106985 62.311489 46.876335 0.094947 0.125373 0.026112 -5.161217 -77.087593 523.753906 -38.094322 -78.148170 527.858215 27.771889 -76.027008 519.649597
533 205 548 195 567 195 581 206 565 212 548 211 665 209 680 199 698 200 713 211 697 216 680 215 328 339 110.631653 64.221581 50.660614 0.090025 0.152451 0.046100 -1.325564 -77.069160 519.603210 -34.110405 -78.818619 524.568420 31.459276 -75.319710 514.638000
531 204 546 195 565 195 579 206 563 211 546 211 663 208 678 198 696 199 711 209 696 215 679 214 510 108 74.389091 18.614786 45.251717 0.100741 0.186647 0.042657 -2.367308 -77.009430 516.276917 -34.965900 -78.725769 522.355164 30.231285 -75.293091 510.198639
531 204 546 195 564 195 579 205 563 211 546 211 662 207 677 197 695 198 710 209 695 214 678 213 1131 19 -49.110619 1.492908 39.737129 0.106922 0.200383 0.034837 -2.550640 -76.879517 514.868469 -35.071678 -78.380264 521.402161 29.970400 -75.378777 508.334778
534 209 549 202 565 201 579 207 564 211 549 212 659 208 673 203 689 204 703 211 689 213 674 212 641 861 48.516857 167.872177 58.372852 -0.650024 0.007766 0.014173 -3.365382 -85.217438 576.498535 -36.566010 -85.574684 576.886230 29.835245 -84.860199 576.110779
571 202 587 194 605 195 619 205 603 209 586 209 704 211 720 203 738 204 753 213 737 218 720 217 151 443 145.850403 84.676933 53.687786 -0.001192 -0.111962 0.040985 18.670689 -76.195999 513.781311 -14.298395 -77.555893 510.073273 51.639771 -74.836113 517.489441
572 199 587 192 605 193 619 203 603 207 586 206 704 210 720 202 738 203 753 213 737 218 720 216 149 253 146.203751 47.041050 50.183617 0.034712 -0.105930 0.058024 18.724010 -76.873459 513.829102 -14.238927 -78.734100 510.287567 51.686947 -75.012817 517.370605
566 203 582 195 601 196 615 206 598 210 581 210 698 212 713 203 730 205 743 216 728 220 712 218 236 681 129.004608 131.888153 57.563480 0.046253 -0.168651 0.047112 15.989343 -77.495544 526.986084 -16.707783 -78.922195 521.380554 48.686470 -76.068901 532.591614
520 212 535 203 553 204 567 213 552 218 535 218 653 214 668 206 685 206 700 215 685 221 668 220 1142 894 -51.093723 174.817505 55.863617 0.074826 0.040926 0.025032 -7.492023 -74.520401 521.895447 -40.658649 -75.401283 523.221497 25.674604 -73.639511 520.569397
527 212 541 203 558 203 572 213 557 218 541 218 656 214 671 206 689 207 703 216 688 221 671 220 1181 818 -58.866169 159.795639 54.214092 0.061951 0.142571 0.033747 -5.604737 -74.979637 526.440186 -38.453922 -76.241821 531.119629 27.244448 -73.717461 521.760681
532 206 547 196 565 197 580 207 564 213 547 213 663 210 678 200 697 201 712 211 696 217 679 216 720 293 32.676083 55.430042 47.368011 0.086846 0.205001 0.046528 -2.014971 -75.683456 513.420593 -34.489281 -77.509438 520.102234 30.459337 -73.857475 506.738922
540 274 554 266 571 267 584 276 570 280 554 280 665 279 678 271 695 272 708 281 694 286 679 285 876 849 1.786921 165.687057 56.687267 0.002853 -0.011701 0.041385 -0.292750 -45.752892 559.037170 -33.466858 -47.126099 558.646790 32.881359 -44.379684 559.427551
544 260 558 251 575 252 588 261 573 267 557 266 667 264 681 255 698 256 712 266 697 271 681 270 946 163 -12.291832 29.864729 43.554466 0.019241 0.066800 0.041596 1.263334 -53.371761 556.306274 -31.838726 -54.772751 558.508606 34.365395 -51.970768 554.103882
540 270 553 261 570 261 584 270 569 275 554 275 664 271 678 262 695 262 709 271 695 277 679 276 1307 653 -83.958359 127.216095 50.375504 0.000459 0.064138 0.016893 -0.577279 -49.298378 555.470886 -33.709084 -49.859379 557.598877 32.554527 -48.737377 553.342896
538 274 552 265 569 265 583 275 568 281 552 281 666 276 680 266 699 266 714 275 698 282 682 281 1222 550 -67.081085 106.745003 48.998466 0.017479 0.164558 0.015715 -0.307938 -44.238537 526.955566 -33.060112 -44.805584 532.390015 32.444237 -43.671494 521.521118
538 275 552 266 569 266 583 276 568 282 552 282 665 276 680 266 698 266 713 276 698 282 681 282 1373 541 -97.107857 105.085556 47.891525 0.016154 0.178553 0.012512 -0.492379 -43.950230 528.102661 -33.166721 -44.411224 533.996277 32.181961 -43.489235 522.209045
577 266 593 256 611 257 626 268 609 273 592 273 708 272 722 262 740 264 753 275 739 280 723 279 113 211 153.352158 38.692520 49.630447 0.016548 -0.174051 0.036425 21.012606 -46.188198 521.477844 -11.668626 -47.343571 515.719177 53.693836 -45.032825 527.236450
542 276 555 267 573 266 586 275 572 281 556 282 670 273 684 263 701 263 716 271 702 278 685 278 1033 749 -29.454111 146.007675 53.858681 -0.011410 0.148541 -0.015673 1.569526 -45.400555 532.693359 -31.265577 -44.854004 537.604309 34.404629 -45.947102 527.782471
571 274 586 264 605 264 619 274 603 279 586 280 702 276 716 267 734 268 748 278 733 283 717 282 611 650 54.432800 126.053864 54.654373 0.005447 -0.070721 0.015338 18.135433 -44.556648 531.268921 -14.982478 -45.059109 528.921387 51.253342 -44.054184 533.616516
573 266 588 258 606 259 621 268 605 273 588 273 703 270 718 262 736 262 750 270 735 276 719 276 572 121 62.064114 21.240358 45.106220 0.057372 0.170885 0.024954 18.107620 -46.597305 519.570374 -14.603399 -47.583652 525.189636 50.818638 -45.610958 513.951172
535 271 549 262 566 262 579 272 565 278 549 278 661 273 676 263 695 263 710 272 695 279 677 278 1120 379 -46.839409 72.790932 46.468716 0.001638 0.263695 0.026619 -2.325520 -45.377930 521.720886 -34.370930 -46.258617 530.373962 29.719887 -44.497242 513.067810
566 271 580 260 599 261 613 272 597 277 580 277 697 273 711 263 730 264 744 275 729 281 712 280 94 385 157.170685 73.142067 52.969261 0.019240 0.091079 0.032707 14.812918 -45.083263 524.068176 -18.236540 -46.196590 527.077087 47.862373 -43.969936 521.059265
542 271 556 261 573 262 587 272 572 278 556 278 670 274 685 264 703 264 718 274 703 280 686 280 1439 293 -110.289078 56.016815 42.890381 0.006742 0.235312 0.034896 1.600833 -44.796524 518.878845 -30.668886 -45.970547 526.614929 33.870552 -43.622501 511.142822
543 271 557 262 575 262 588 273 573 278 557 278 672 274 686 264 705 264 720 274 705 280 687 280 1384 270 -99.358299 51.416206 42.807201 0.019078 0.234794 0.029816 2.351875 -44.468754 517.434998 -29.927282 -45.523533 525.148804 34.631031 -43.413975 509.721161
545 274 558 265 576 265 590 275 575 281 559 281 672 276 686 265 705 266 720 276 705 282 688 282 1285 648 -79.585075 126.207764 50.419968 0.005471 0.227077 0.023287 2.846998 -43.961494 524.151062 -29.496481 -44.748558 531.623657 35.190479 -43.174431 516.678528
574 264 589 254 608 254 622 264 606 270 589 270 705 266 719 257 737 257 751 268 736 274 720 273 568 184 62.874165 33.715820 46.297169 0.016986 -0.143787 0.014936 19.551966 -48.866955 525.425171 -13.306507 -49.320663 520.663391 52.410439 -48.413246 530.186951
585 265 601 255 620 256 634 267 617 272 600 272 715 271 730 262 747 263 761 274 746 279 730 278 172 355 141.654251 67.263466 51.928253 0.029573 -0.168727 0.039985 25.120979 -47.170910 525.696411 -7.585923 -48.409153 520.103088 57.827881 -45.932667 531.289673
537 272 550 263 567 263 581 273 566 278 550 278 663 272 678 263 696 263 711 272 696 278 679 278 1298 605 -82.180008 117.701149 49.543140 -0.018627 0.211551 0.019102 -1.534118 -45.896252 529.087769 -33.992687 -46.460571 536.065002 30.924452 -45.331936 522.110474
577 257 593 248 611 248 625 259 609 264 592 264 707 263 722 253 740 254 753 265 738 270 722 269 324 62 111.362389 9.351541 45.558655 0.033966 -0.154719 0.032016 21.128237 -51.436180 526.944397 -11.663033 -52.407589 521.811279 53.919502 -50.464767 532.077454
539 277 552 269 569 268 582 277 568 283 552 283 665 276 679 267 697 267 712 276 697 282 681 282 1297 871 -81.919113 170.388275 54.472645 -0.017057 0.204635 0.008455 -0.680175 -43.754601 530.143738 -33.191017 -43.975639 536.893250 31.830666 -43.533566 523.394226
564 271 579 260 597 260 611 271 596 277 579 277 695 272 709 261 728 262 742 273 727 279 710 278 479 242 80.584358 45.131538 47.924919 0.027908 0.109434 0.017401 13.905293 -45.512035 523.311157 -19.095888 -46.139240 526.928955 46.906475 -44.884834 519.693420
523 262 537 253 554 253 567 262 553 267 537 268 644 263 658 254 674 254 687 263 674 269 658 268 1175 454 -57.758053 87.691444 47.514339 0.052883 -0.104697 0.003743 -10.329739 -54.682648 569.797363 -43.352539 -54.714840 566.325623 22.693064 -54.650452 573.269104
549 261 564 254 581 255 594 265 579 269 563 268 670 271 684 263 699 265 711 274 698 278 683 277 48 821 166.418991 159.465225 61.325462 0.015856 -0.208812 0.059611 3.870750 -51.859596 568.404419 -28.554247 -53.768627 561.509827 36.295750 -49.950569 575.298950
538 264 553 257 570 258 583 267 568 271 552 270 660 272 674 264 690 266 702 274 688 279 674 278 362 850 103.990341 165.465652 59.906750 0.041648 -0.190607 0.050885 -1.795146 -50.417801 562.999573 -34.355976 -51.964642 556.678223 30.765684 -48.870964 569.320923
533 267 548 259 565 260 578 270 563 274 547 273 656 274 669 266 685 268 697 277 684 282 669 280 780 868 20.879887 169.372131 57.636776 0.026237 -0.163194 0.051418 -4.316823 -49.006691 563.700806 -37.036797 -50.634579 558.286621 28.403151 -47.378803 569.114929
528 264 543 257 560 258 573 267 558 271 542 271 651 272 664 263 681 264 693 274 680 279 664 277 1263 599 -75.222046 116.484131 49.650055 0.053174 -0.208826 0.045729 -6.831518 -49.818703 556.658386 -39.280678 -51.141266 549.740112 25.617641 -48.496140 563.576660
555 263 570 256 588 258 601 268 585 271 569 270 678 275 691 268 708 269 719 279 706 283 691 281 268 791 122.667435 153.702515 59.400139 0.034895 -0.231947 0.076765 7.630640 -48.784237 555.752869 -24.588160 -51.173714 548.084839 39.849438 -46.394764 563.420898
492 268 505 258 522 257 535 267 521 272 506 273 611 265 625 255 642 255 657 265 642 270 626 270 1402 541 -102.874184 105.109222 47.710926 -0.044678 0.215374 0.003804 -27.784632 -51.618774 557.014709 -60.222187 -51.584949 564.111389 4.652925 -51.652599 549.917969
528 261 543 252 560 253 573 264 558 268 542 267 651 268 665 259 682 260 694 270 680 275 665 274 878 459 1.298264 88.439438 49.456474 0.066855 -0.202350 0.048407 -6.592275 -51.504025 553.757874 -39.081245 -52.874912 547.038696 25.896696 -50.133141 560.476990
545 260 560 253 578 254 591 264 575 268 559 267 670 270 683 262 700 264 712 273 698 277 683 276 529 523 70.707962 100.831421 52.814445 0.040086 -0.232807 0.056919 2.994506 -50.460960 548.309937 -29.261366 -52.178223 540.617798 35.250378 -48.743694 556.002136
534 259 549 251 566 253 579 263 564 267 548 266 658 268 672 260 688 261 701 271 687 276 672 275 800 231 16.754509 43.214680 45.722275 0.063437 -0.248880 0.057200 -3.061813 -50.719749 545.330383 -35.190166 -52.336620 537.101501 29.066540 -49.102879 553.559265
529 260 544 252 561 253 574 264 559 268 543 267 653 269 666 260 683 261 696 271 682 276 666 275 893 366 -1.706015 70.030701 47.641766 0.068110 -0.239524 0.053891 -5.795558 -50.732216 547.184326 -38.005043 -52.232979 539.256104 26.413927 -49.231453 555.112549
496 260 509 251 526 251 539 261 525 266 510 266 617 261 630 251 648 252 662 262 647 267 631 267 1213 371 -65.333290 71.282227 45.741482 -0.025805 0.215597 0.030072 -25.200184 -54.035244 553.679749 -57.621418 -54.933792 560.794189 7.221048 -53.136696 546.565247
498 263 511 254 528 254 541 264 527 269 511 269 619 264 632 254 650 255 664 265 649 270 633 269 1292 675 -80.970642 131.561508 50.876106 -0.019301 0.181419 0.024404 -24.377789 -52.951511 558.540405 -57.027847 -53.699287 564.538208 8.272270 -52.203735 552.542542
535 252 550 244 567 246 580 256 565 260 549 259 658 263 672 255 688 257 701 267 687 271 671 269 648 400 47.017445 76.565308 49.796810 0.058099 -0.171501 0.076611 -3.137161 -55.368500 559.145874 -35.758099 -57.731087 553.414185 29.483776 -53.005913 564.877563
531 250 546 242 563 243 576 253 561 257 545 256 653 259 667 251 684 253 696 263 682 268 667 266 452 108 85.921745 18.567451 45.612919 0.060281 -0.163146 0.073059 -5.460140 -56.884556 559.355957 -38.136009 -59.133305 553.897888 27.215731 -54.635807 564.814026
531 250 545 242 563 243 575 254 560 258 545 257 654 259 668 251 684 253 697 263 683 267 668 266 1105 53 -43.932877 8.206239 40.528339 0.057826 -0.211417 0.061042 -5.182573 -56.143093 552.465332 -37.586903 -57.950443 545.447327 27.221756 -54.335743 559.483337
530 256 544 248 561 249 574 259 559 263 543 262 653 265 667 257 683 258 696 268 682 273 666 271 453 885 85.904167 172.472549 59.987843 0.052427 -0.071471 0.072457 -6.204068 -54.588665 564.111816 -39.237099 -56.927197 561.680786 26.828962 -52.250137 566.542786
526 253 540 245 557 246 570 256 555 260 539 260 648 261 662 253 679 254 691 264 677 269 662 267 1216 386 -65.926308 74.255798 46.000427 0.055513 -0.153107 0.057248 -8.335645 -55.891579 561.383972 -41.097958 -57.642300 556.272644 24.426668 -54.140858 566.495239
527 257 542 251 559 252 572 260 557 263 541 262 646 264 661 259 677 260 691 269 676 271 661 270 775 887 21.878513 173.131485 58.019577 0.247519 -0.011916 0.065528 -8.890426 -56.543999 587.381348 -42.021996 -58.647392 586.722168 24.241142 -54.440605 588.040527
552 258 567 250 585 252 598 262 582 265 566 264 675 269 689 262 704 264 716 273 702 277 688 275 0 532 175.895828 102.182373 56.275414 0.007045 -0.245478 0.072203 6.024270 -51.908203 556.443542 -26.099459 -54.251045 548.372803 38.147995 -49.565357 564.514282
515 293 528 284 544 284 557 293 543 298 528 298 631 294 644 285 660 286 673 295 660 300 645 299 1105 510 -43.826267 98.726517 48.986752 -0.088497 0.003586 0.013097 -18.006174 -40.054218 600.605530 -51.207928 -40.483261 600.743652 15.195580 -39.625175 600.467346
531 296 545 288 561 288 574 297 560 301 545 301 649 299 662 292 677 293 690 302 677 306 662 305 434 798 89.661812 155.224518 58.495922 -0.130878 -0.034547 0.034982 -7.923202 -37.028881 598.676025 -41.087948 -38.261627 597.608521 25.241545 -35.796139 599.743530
512 302 525 294 540 294 552 302 539 306 525 307 628 302 640 295 656 295 669 304 656 308 641 307 945 868 -11.928530 169.506790 56.609226 -0.090443 0.108205 0.020301 -20.030947 -34.617966 594.958862 -53.034870 -35.127583 598.570068 12.972979 -34.108349 591.347656
514 302 527 294 543 293 555 301 542 306 527 306 631 303 644 295 660 296 673 304 659 309 644 308 1343 798 -91.082733 155.966354 52.835052 -0.051980 0.075918 0.022158 -18.182087 -34.187050 590.686157 -51.283138 -34.856243 593.222351 14.918963 -33.517857 588.149963
514 299 527 290 544 290 556 299 542 304 527 304 631 301 645 292 662 293 675 302 661 307 646 306 1194 311 -61.569347 59.382221 44.749290 -0.019796 0.123317 0.027691 -17.413157 -34.812122 579.844238 -50.353127 -35.688629 583.936890 15.526814 -33.935619 575.751587
537 292 552 283 569 283 582 293 567 297 551 297 657 297 670 288 687 289 699 299 686 304 671 302 523 43 71.789024 5.750519 43.967705 -0.011356 -0.145503 0.038596 -3.030809 -37.407185 577.602722 -35.860111 -38.711277 572.796936 29.798494 -36.103092 582.408508
540 296 554 288 571 289 583 298 569 302 553 302 659 302 672 294 688 295 700 305 687 309 672 307 182 626 139.729080 120.949959 56.881798 -0.003882 -0.092324 0.048979 -2.262662 -35.206242 584.175110 -35.286297 -36.835567 581.118225 30.760975 -33.576920 587.231934
498 311 510 303 526 302 538 310 525 315 511 316 614 308 627 300 644 300 658 308 644 313 629 313 1214 882 -65.412926 172.499374 55.193127 -0.055252 0.182291 -0.005634 -26.899990 -29.575558 575.117249 -59.554249 -29.222906 581.128479 5.754266 -29.928207 569.106018
537 295 551 287 568 288 581 298 566 302 551 301 656 303 670 295 686 296 698 306 685 310 670 309 289 202 118.354416 37.053478 48.367817 0.011977 -0.173785 0.059757 -3.370480 -34.202095 573.918701 -36.016178 -36.140663 568.168884 29.275219 -32.263531 579.668457
518 300 532 292 549 292 562 301 547 306 532 306 638 304 651 295 668 296 682 305 667 310 652 309 749 392 26.932850 75.063133 49.019756 -0.012829 0.129408 0.039134 -14.089272 -32.923355 570.995544 -46.991093 -34.191288 575.287659 18.812548 -31.655422 566.703430
509 303 522 295 538 295 551 304 537 308 522 309 626 305 640 296 656 297 670 306 656 311 640 310 1090 602 -40.822220 116.937172 50.782951 -0.029549 0.164014 0.024732 -20.248930 -32.224125 574.382629 -52.998055 -32.961189 579.815063 12.500196 -31.487057 568.950195
508 303 521 295 537 295 550 304 536 308 521 309 625 305 639 296 655 297 669 305 655 310 640 310 1362 607 -94.905228 118.149529 49.181591 -0.023881 0.164465 0.021837 -20.772552 -32.283772 574.371582 -53.521446 -32.940407 579.815735 11.976341 -31.627138 568.927490
515 300 528 291 545 291 558 300 543 305 528 305 634 302 647 294 664 294 678 303 664 308 648 307 908 201 -4.727089 37.360569 44.494438 -0.012963 0.162624 0.030461 -16.204336 -33.478622 569.082825 -48.955708 -34.450516 574.464478 16.547037 -32.506729 563.701111
532 299 546 291 563 291 576 300 561 305 546 305 651 303 664 294 680 295 693 304 680 309 665 308 252 541 125.790535 104.170708 54.872639 0.009032 -0.134880 0.027375 -6.357331 -33.861366 578.648193 -39.248161 -34.747284 574.179626 26.533499 -32.975449 583.116760
490 300 504 292 521 292 535 301 520 306 504 306 611 301 625 293 642 293 656 301 642 307 626 306 1339 106 -90.448807 18.895182 40.052036 -0.047231 0.142300 0.017655 -28.167461 -33.205597 559.826904 -61.031563 -33.678215 564.547791 4.696640 -32.732975 555.105957
533 302 548 293 565 294 578 304 563 308 547 307 654 307 667 299 684 300 697 310 683 314 668 313 549 630 66.756149 122.041763 54.670311 0.014506 -0.128069 0.047540 -4.944717 -31.274242 571.394226 -37.840187 -32.817039 567.143677 27.950754 -29.731445 575.644836
534 299 548 290 565 291 578 301 563 305 547 305 654 305 668 296 684 298 697 308 683 312 668 311 214 179 133.261963 32.436546 48.409187 0.013474 0.173875 0.055888 -5.300947 -32.124989 563.376709 -37.953518 -34.009163 569.105530 27.351625 -30.240810 557.647949
529 300 543 291 560 292 573 302 558 306 543 306 650 305 663 296 680 298 693 307 679 312 664 311 589 409 58.751038 78.299835 50.330814 0.002546 -0.056508 0.044632 -7.449557 -32.442154 572.386597 -40.568321 -33.920494 570.510010 25.669207 -30.963816 574.263184
529 301 543 293 560 293 573 303 559 307 543 307 650 306 663 298 680 299 693 309 679 313 664 312 627 624 51.245316 120.916969 54.073509 0.007810 -0.043902 0.045303 -7.441411 -31.954279 575.115295 -40.580173 -33.451862 573.652588 25.697350 -30.456696 576.577942
533 296 547 287 564 288 577 298 562 302 547 302 653 302 667 294 683 295 696 305 682 309 667 308 294 31 117.320328 3.186733 45.171715 0.011667 0.167047 0.057472 -5.781752 -33.869152 565.981201 -38.469791 -35.799820 571.487915 26.906290 -31.938486 560.474487
555 150 571 140 590 141 604 152 587 157 570 157 688 156 703 146 722 147 736 159 721 164 704 163 557 106 65.043198 18.256992 44.922005 0.149940 -0.038913 0.044358 10.569030 -103.725594 520.588074 -22.578102 -105.095467 519.191406 43.716160 -102.355721 521.984741
548 154 562 145 581 146 595 156 579 161 562 161 680 159 695 150 713 151 727 161 712 166 695 165 956 655 -14.165446 127.325790 52.598400 0.159066 0.010688 0.037266 6.247717 -103.265579 525.925903 -26.932199 -104.525620 526.180969 39.427631 -102.005531 525.670776
579 147 593 141 607 142 619 148 606 151 592 151 697 153 710 148 724 149 737 156 724 159 710 158 617 379 53.176548 72.380432 49.601189 -0.558092 0.006137 0.071332 19.285183 -122.492310 604.691406 -13.836748 -124.682487 605.528320 52.407116 -120.302132 603.854492
554 147 569 138 588 139 602 150 586 155 569 155 687 156 702 146 721 148 735 159 719 164 702 163 998 131 -22.638918 23.568768 42.638355 0.147302 -0.059294 0.055510 9.972695 -103.953308 519.466003 -23.122849 -105.643158 517.371033 43.068241 -102.263466 521.561035
556 145 571 136 590 138 605 149 588 153 571 152 690 154 705 145 724 146 738 157 722 162 705 161 694 32 37.785007 3.711247 42.699192 0.168013 -0.158839 0.048065 11.237205 -102.749146 508.637726 -21.512497 -103.889336 503.278931 43.986904 -101.608948 513.996521
541 148 556 138 575 139 589 151 573 156 556 155 674 155 689 145 709 146 723 158 707 164 690 162 1201 55 -63.020943 8.680735 39.967506 0.118188 0.141688 0.069035 3.134959 -102.530022 511.885864 -29.658756 -105.084648 516.425232 35.928677 -99.975388 507.346527
562 150 578 143 597 144 611 154 594 159 577 158 698 161 713 154 731 155 745 165 730 170 713 168 488 510 78.857323 98.222984 52.829166 0.153767 -0.089750 0.065090 14.665674 -100.139877 511.774078 -18.335676 -102.059830 508.646088 47.667023 -98.219933 514.902039
550 154 565 147 582 147 595 155 580 159 564 159 678 159 693 153 710 155 724 163 709 167 693 165 901 574 -3.248204 111.236832 51.441723 -0.632102 0.005707 0.060088 6.454967 -110.061615 561.586914 -26.691366 -111.867531 562.373596 39.601299 -108.255699 560.800171
591 155 606 149 621 150 634 156 620 160 605 160 711 162 724 157 738 159 749 167 737 170 723 168 217 878 132.828506 170.893417 61.327991 -0.547208 -0.048178 0.060454 27.169241 -117.587807 606.937439 -5.938859 -119.921219 605.953247 60.277340 -115.254402 607.921631
556 157 571 150 588 151 602 159 586 162 570 162 684 165 699 159 715 161 729 169 714 172 699 170 717 712 33.370342 138.421021 55.141781 -0.623709 -0.015445 0.070908 9.694081 -107.905655 562.409851 -23.426130 -110.263191 562.640564 42.814293 -105.548119 562.179199
594 153 607 148 621 149 633 156 620 158 607 157 709 163 721 159 735 160 747 167 734 169 721 167 281 754 120.073891 146.384354 58.634365 -0.549813 -0.017077 0.093605 27.159378 -119.909660 617.319702 -5.898986 -123.010864 617.614197 60.217743 -116.808449 617.025269
557 150 573 142 592 143 606 154 589 159 572 158 692 161 707 152 726 154 739 165 724 170 707 168 584 322 59.724934 61.063229 48.751709 0.145378 -0.150683 0.059742 12.003131 -99.659897 508.694092 -20.767183 -101.265732 503.586517 44.773445 -98.054054 513.801697
556 148 572 139 592 141 606 152 589 157 571 156 692 159 707 150 725 151 739 162 724 168 707 166 633 112 49.932842 19.507465 44.559761 0.146987 -0.176252 0.055674 11.788319 -99.950279 504.893616 -20.851917 -101.353661 498.960236 44.428555 -98.546906 510.826996
556 152 573 144 591 145 606 156 589 160 572 159 692 162 707 154 725 156 739 166 724 171 707 169 470 449 82.422195 86.125717 51.812241 0.138760 -0.139749 0.058325 11.911028 -99.348846 510.171753 -20.914404 -100.951111 505.430084 44.736458 -97.746590 514.913391
542 158 557 150 575 151 589 161 573 165 556 165 675 166 690 158 708 159 723 169 707 174 690 173 931 897 -9.138021 175.239532 57.233162 0.119794 0.045168 0.063791 3.478269 -98.606560 518.536316 -29.625284 -100.807213 519.904297 36.581825 -96.405914 517.168274
538 153 553 144 572 145 587 156 570 161 553 161 673 161 688 151 707 153 722 164 706 169 689 168 929 192 -8.904805 35.595032 44.197083 0.132716 0.136577 0.069534 2.091445 -98.327965 504.603455 -30.724743 -100.920944 508.954742 34.907635 -95.734993 500.252136
578 155 594 148 612 150 626 160 609 163 592 162 714 169 730 162 749 164 764 174 747 178 730 176 40 501 167.935043 96.074692 55.452545 0.105264 -0.009461 0.096088 22.059437 -94.826942 500.721924 -10.990866 -97.990181 500.241211 55.109737 -91.663712 501.202637
533 159 548 150 567 151 581 161 565 166 548 166 668 165 684 157 702 158 717 168 701 173 684 172 999 726 -22.698956 141.424210 53.644722 0.123350 0.074764 0.055901 -0.263621 -96.781303 508.186066 -33.324039 -98.782890 510.544464 32.796799 -94.779716 505.827667
597 153 609 147 622 148 634 154 621 157 608 157 710 160 722 156 735 158 746 165 734 167 721 166 11 496 173.700211 95.060654 55.540600 -0.479918 -0.014150 0.083588 28.298500 -123.930466 632.694702 -4.789332 -126.707939 632.896118 61.386333 -121.152992 632.493225
526 155 542 147 561 147 576 157 559 162 541 162 664 160 679 151 698 151 712 161 697 167 679 166 1084 231 -39.715733 43.446453 43.953640 0.169129 -0.086750 0.027211 -2.494920 -97.368103 499.740936 -35.562920 -98.023270 496.801910 30.573080 -96.712944 502.679932
544 244 559 237 575 239 586 248 572 251 557 250 657 256 670 249 684 251 695 260 682 264 669 262 9 549 174.110245 105.556999 56.534008 0.007600 -0.214170 0.092829 -2.080654 -63.714340 600.797363 -34.384975 -66.741852 593.738708 30.223665 -60.686829 607.856018
540 241 554 236 570 237 581 246 567 249 553 248 653 253 666 247 680 248 691 257 679 261 665 259 165 459 143.070389 87.857559 53.896736 0.058659 -0.212621 0.084637 -4.481124 -65.532867 603.656372 -36.820492 -68.111061 596.579773 27.858242 -62.954681 610.732971
534 246 547 241 563 242 574 251 561 254 546 252 646 257 659 251 673 252 684 259 672 263 659 262 289 737 118.479218 143.023605 58.269897 -0.059470 -0.076297 0.079275 -8.806963 -64.341866 612.401306 -41.811050 -67.042564 609.952698 24.197126 -61.641167 614.849976
513 244 526 238 542 238 555 246 540 249 526 249 626 251 639 245 654 246 667 254 653 257 639 255 653 364 46.014851 69.438690 49.099365 -0.412722 -0.045279 0.050579 -19.867496 -65.088478 595.179810 -52.996906 -67.025169 594.061401 13.261914 -63.151779 596.298279
585 249 596 245 607 246 616 251 605 253 595 252 675 258 686 255 697 257 706 263 696 264 685 262 67 706 162.614212 136.702103 59.078655 -0.588943 -0.018390 0.117721 15.154375 -78.385254 757.410095 -17.821751 -82.237610 757.952393 48.130501 -74.532898 756.867798
516 239 530 231 547 232 559 242 544 246 529 245 631 247 644 239 660 241 672 250 659 254 644 253 566 67 63.244549 10.539412 44.144123 0.061112 -0.232360 0.059171 -16.718586 -66.318192 585.549744 -48.973751 -68.028397 577.853027 15.536580 -64.607979 593.246460
515 243 528 236 544 237 556 247 542 250 528 249 629 252 642 245 657 246 669 256 656 259 642 258 794 394 17.985567 75.496010 48.776535 -0.169288 -0.061824 0.068179 -18.818037 -65.950882 606.070618 -51.882652 -68.373993 604.221497 14.246580 -63.527771 607.919739
515 243 528 236 544 237 557 247 542 250 528 249 629 252 642 245 657 246 669 255 656 259 642 258 715 213 33.651615 39.579960 45.918465 -0.099581 -0.055040 0.069824 -18.838959 -66.104073 605.897217 -51.912727 -68.506538 604.190308 14.234811 -63.701603 607.604126
529 237 543 231 558 232 570 241 556 244 541 243 640 248 653 241 667 243 677 252 665 255 652 254 145 654 147.092651 126.465858 57.630459 -0.173229 -0.114117 0.078225 -12.276238 -71.377052 627.524231 -45.164551 -74.280151 623.989990 20.612074 -68.473953 631.058411
487 254 501 246 517 247 530 256 515 260 501 259 604 258 617 250 632 251 645 260 632 264 617 263 785 853 19.882193 166.405090 57.328011 -0.133323 -0.033257 0.031126 -33.537346 -60.832256 598.356995 -66.707771 -61.935867 597.325134 -0.366923 -59.728649 599.388855
476 241 489 232 504 232 516 241 503 246 488 246 590 242 603 234 619 235 631 244 618 248 604 247 1246 90 -71.960526 15.650084 40.335068 -0.232842 0.016797 0.021203 -41.208740 -69.608627 600.508057 -74.401459 -70.241608 601.142334 -8.016022 -68.975639 599.873840
532 255 547 250 563 252 575 261 560 263 545 262 646 270 659 264 673 266 683 274 671 278 658 276 231 870 130.042892 169.320251 61.092735 0.022940 -0.221106 0.109123 -8.738838 -56.476330 602.298889 -40.939445 -59.979034 594.990601 23.461767 -52.973629 609.607239
501 249 515 242 531 243 544 252 529 256 514 255 617 258 630 250 645 252 657 261 644 265 629 263 688 357 39.053856 68.080727 48.751839 -0.078103 -0.074162 0.068429 -26.125257 -62.270370 601.371277 -59.161247 -64.632431 599.004028 6.910729 -59.908314 603.738464
501 252 515 246 531 247 544 256 529 259 515 258 617 261 630 254 645 256 656 265 644 268 630 267 650 841 46.722641 163.918015 57.946632 -0.169481 -0.082503 0.065572 -26.129660 -60.480129 604.159363 -59.150692 -62.874378 601.621887 6.891373 -58.085884 606.696777
472 247 484 240 499 240 511 249 498 253 484 253 585 252 597 244 612 245 625 254 612 259 597 258 1182 654 -59.103268 127.312157 51.172459 -0.074446 0.061077 0.051880 -44.945896 -65.119461 606.346680 -78.044197 -66.763290 608.434753 -11.847595 -63.475632 604.258606
481 252 495 245 510 246 523 254 509 258 494 258 597 258 610 251 626 252 638 260 625 265 610 263 1306 823 -83.719864 160.888031 53.528187 -0.122058 -0.020992 0.049808 -37.309803 -61.026436 597.188599 -70.466187 -62.717876 596.594421 -4.153423 -59.334991 597.782776
490 239 503 232 519 233 531 242 517 246 503 245 604 248 617 241 633 242 644 251 631 255 617 254 1409 196 -104.346535 36.779060 41.281879 0.080787 -0.251176 0.070830 -32.180058 -66.519524 591.445862 -64.261154 -68.507469 583.114502 -0.098959 -64.531586 599.777161
522 243 536 237 552 239 563 249 549 251 534 250 634 259 647 252 662 254 672 264 660 267 646 265 835 368 9.827106 70.379517 48.039982 -0.060944 -0.150749 0.119571 -15.633865 -64.442642 614.746460 -48.226101 -68.538086 609.895386 16.958372 -60.347198 619.597534
528 248 540 246 553 247 564 253 551 255 539 253 633 264 644 261 656 263 665 269 655 271 643 269 307 484 114.841095 92.925316 53.475136 0.035787 -0.308213 0.132353 -16.110680 -62.645042 629.077087 -47.465164 -66.775528 618.958069 15.243805 -58.514561 639.196167
489 247 502 240 518 242 530 251 516 254 501 253 603 258 617 252 632 254 643 263 630 266 616 264 1268 724 -76.187080 141.247589 51.932487 -0.167976 -0.029615 0.095610 -33.798721 -62.346741 601.872192 -66.837738 -65.583595 601.160889 -0.759709 -59.109890 602.583557
532 175 549 168 567 170 582 181 565 185 548 183 667 188 683 179 701 181 715 190 700 196 683 194 290 218 118.159309 40.223495 48.657726 0.150943 -0.128213 0.071582 -0.023448 -86.743172 506.615509 -32.871593 -88.782402 502.210907 32.824696 -84.703934 511.020111
530 179 547 172 566 174 580 185 563 189 545 188 665 192 680 183 698 185 711 195 696 200 680 199 288 556 118.635834 107.171211 54.926075 0.144381 -0.196331 0.069002 -1.087777 -84.499741 505.925629 -33.577427 -86.298401 499.311462 31.401871 -82.701073 512.539795
532 178 548 170 566 170 580 181 564 186 547 185 662 187 677 179 694 181 708 192 693 196 677 194 343 415 107.666801 79.287521 51.973850 -0.605882 -0.053743 0.059865 -2.165998 -95.743698 559.670044 -35.266663 -98.134026 558.578247 30.934666 -93.353371 560.761841
531 182 547 176 564 177 579 186 562 189 546 188 660 192 675 185 691 187 705 196 691 199 675 198 684 891 39.973785 173.849518 58.660320 -0.610578 -0.064430 0.054720 -3.110036 -92.943420 558.205750 -36.199924 -95.280212 556.736633 29.979853 -90.606628 559.674866
531 180 547 173 564 174 579 185 562 188 546 187 661 191 675 184 692 185 706 195 691 199 675 197 556 409 65.312721 78.272903 50.536327 -0.614054 -0.062943 0.061940 -2.956310 -92.743660 552.631348 -36.035751 -95.292336 551.284302 30.123131 -90.194977 553.978333
531 179 548 171 567 173 581 186 564 190 546 188 667 193 682 183 700 184 713 195 698 201 681 200 271 253 121.945412 47.140614 49.423851 0.151432 -0.255859 0.066744 -0.264372 -82.583374 495.585144 -32.317322 -84.127144 487.053741 31.788578 -81.039604 504.116547
528 185 544 177 563 179 578 191 561 194 543 193 663 197 678 188 696 189 710 199 694 205 678 203 801 680 16.660412 132.151169 54.026390 0.108801 -0.103589 0.065029 -2.415127 -83.138451 511.590271 -35.372131 -85.101395 508.048767 30.541876 -81.175507 515.131775
534 183 551 176 570 178 584 189 567 193 549 191 670 196 686 187 703 189 717 198 702 204 685 202 260 520 124.194923 100.017662 54.434139 0.133577 -0.148794 0.066888 1.068034 -82.538696 504.795380 -31.696564 -84.414520 499.743469 33.832634 -80.662880 509.847321
528 183 545 175 564 177 578 189 561 193 544 191 664 196 679 186 697 187 710 198 695 204 678 202 1050 183 -32.966412 33.911102 43.276966 0.128710 -0.230162 0.060868 -1.709936 -81.751183 499.228760 -33.979462 -83.258873 491.549957 30.559591 -80.243484 506.907593
531 181 548 174 567 176 582 188 565 192 547 190 668 194 683 185 702 186 715 196 700 202 683 201 488 81 78.757248 13.248806 44.888992 0.149960 -0.240579 0.059914 0.205145 -81.562500 494.122223 -31.986275 -82.929420 486.097046 32.396564 -80.195580 502.147400
530 185 547 177 566 179 580 190 563 194 545 193 666 197 681 188 699 189 712 199 697 205 681 204 802 379 16.391356 72.531410 48.449085 0.138236 -0.219499 0.059346 -0.780515 -81.156471 499.614014 -33.132008 -82.603088 492.275909 31.570976 -79.709862 506.952148
530 188 547 180 566 182 580 194 563 198 546 196 665 201 681 192 699 193 712 203 697 209 680 207 1009 847 -24.659117 165.399445 55.821983 0.114889 -0.192823 0.065703 -0.990199 -80.290894 505.010712 -33.509186 -82.086586 498.541504 31.528786 -78.495209 511.479919
506 150 520 140 538 142 551 153 536 158 519 157 633 157 648 148 666 150 680 161 665 166 648 165 1305 64 -83.698082 10.548284 39.486416 -0.122800 0.056717 0.076970 -16.982380 -107.752907 542.614990 -50.035732 -110.182991 544.647278 16.070974 -105.322823 540.582764
511 180 526 172 544 173 558 183 543 188 526 187 642 187 657 177 675 178 689 188 674 194 657 193 991 678 -21.119442 131.910080 52.806133 0.084138 0.000975 0.043725 -12.561664 -90.014969 528.252625 -45.734745 -91.466026 528.223938 20.611416 -88.563911 528.281372
506 186 521 178 539 178 553 188 537 193 521 193 636 192 651 183 669 183 683 193 668 199 651 198 1392 893 -100.803680 174.823456 54.288212 0.040330 0.014636 0.040351 -15.483048 -87.860542 531.343689 -48.657284 -89.209396 531.802429 17.691185 -86.511688 530.885010
516 180 531 173 549 173 563 181 547 186 530 186 644 185 659 178 676 180 691 189 675 193 659 191 1257 340 -74.089432 65.177811 44.893703 -0.623202 -0.030233 0.037036 -11.579335 -96.227280 560.945129 -44.747421 -97.681282 560.376221 21.588749 -94.773277 561.514038
515 184 530 176 548 177 562 188 546 192 530 191 646 193 661 184 679 185 692 195 677 200 661 199 1129 836 -48.522350 163.318558 54.871078 0.083156 0.001777 0.060616 -10.581660 -87.174423 526.990417 -43.725471 -89.186066 526.965759 22.562153 -85.162781 527.015137
519 189 534 181 552 182 566 193 550 197 534 196 652 197 666 189 684 190 698 200 683 205 667 204 931 825 -9.154817 160.978134 55.900543 0.088782 -0.032605 0.056767 -8.024521 -83.862732 522.058838 -41.158257 -85.695824 520.894775 25.109215 -82.029640 523.222839
516 189 531 180 550 182 564 193 548 197 531 196 649 198 664 188 683 189 697 199 681 205 665 204 879 532 1.116454 102.899727 50.801373 0.085629 0.068114 0.061254 -9.231513 -82.261093 512.407349 -42.297188 -84.386398 514.576172 23.834164 -80.135796 510.238556
526 176 542 167 560 167 574 176 558 181 541 182 655 179 669 171 686 172 700 182 685 187 669 185 518 21 72.778084 1.388789 43.591652 -0.638574 -0.056538 0.010716 -5.947397 -100.415306 568.201050 -39.099091 -101.326408 566.559448 27.204296 -99.504211 569.842590
542 223 555 214 572 215 584 224 570 229 555 229 657 229 670 220 686 222 697 232 685 236 670 235 220 327 132.103455 61.756542 51.111092 -0.054770 -0.075554 0.046287 -2.595335 -78.763031 604.947144 -35.669922 -80.365845 602.484924 30.479252 -77.160225 607.409302
538 226 552 218 568 219 581 228 566 233 551 232 654 233 667 224 683 226 695 236 682 240 667 239 674 533 41.878658 102.930504 52.096535 0.017190 -0.071224 0.050298 -4.380109 -75.877274 599.482666 -37.458782 -77.524887 597.106445 28.698565 -74.229660 601.858887
534 227 548 218 564 219 576 229 562 233 547 233 650 233 662 225 678 226 690 236 677 241 663 239 926 433 -8.252069 83.328659 48.676327 0.029822 -0.097455 0.050586 -6.912889 -75.488365 599.412048 -39.917751 -77.116241 596.158020 26.091974 -73.860489 602.666077
526 230 540 222 556 223 568 232 554 236 539 236 641 236 654 228 670 229 682 239 669 243 655 242 1247 821 -71.988838 160.443726 53.858597 0.015657 -0.095742 0.042505 -11.544279 -73.763878 600.032715 -44.567081 -75.147751 596.848511 21.478523 -72.380005 603.216919
530 227 543 218 558 217 570 225 557 231 542 232 642 229 654 222 670 224 682 234 669 237 655 235 487 121 78.965416 21.170990 45.635563 -0.658417 -0.031460 0.036692 -11.744423 -83.161583 645.284912 -44.911842 -84.624924 644.701233 21.422995 -81.698242 645.868530
526 229 540 220 557 221 569 231 554 235 539 235 643 236 656 227 673 228 685 239 671 243 656 242 399 352 96.517128 66.854500 50.459068 0.065731 -0.123444 0.054183 -10.605453 -72.484764 586.571777 -43.509094 -74.142708 582.429199 22.298187 -70.826820 590.714417
526 232 540 225 556 226 568 235 554 239 539 239 642 239 655 231 671 232 684 242 670 246 656 245 1021 765 -27.064312 149.167084 54.229549 0.053397 -0.123122 0.048695 -10.983352 -70.842453 589.132812 -43.897614 -72.344925 585.015320 21.930910 -69.339981 593.250305
522 229 536 221 553 221 565 232 551 236 535 236 639 236 653 227 669 228 682 239 668 243 653 242 596 43 57.273785 5.810095 43.513088 0.050598 0.107440 0.060888 -12.888925 -71.308502 579.316833 -45.840916 -73.414391 582.822693 20.063068 -69.202614 575.810974
520 234 533 225 550 226 562 236 548 240 533 240 636 240 650 231 666 232 678 242 665 247 650 245 810 709 14.877627 137.902695 54.507088 0.036703 -0.041887 0.049139 -14.506631 -70.411140 588.810303 -47.642258 -72.015793 587.390808 18.628996 -68.806488 590.229797
523 230 537 221 554 222 566 233 551 237 536 237 640 237 653 227 670 229 682 239 669 244 654 243 437 242 88.935585 45.097260 48.186478 0.091959 -0.213308 0.044377 -11.828606 -70.639038 576.237366 -44.248978 -71.774704 569.152893 20.591766 -69.503372 583.321777
520 234 533 226 550 226 563 236 548 241 533 241 637 240 650 231 666 232 679 241 665 246 650 245 999 615 -22.724850 119.437881 51.590271 0.081231 -0.184361 0.033887 -13.829457 -69.441536 581.355530 -46.452930 -70.311180 575.230835 18.794018 -68.571892 587.480286
517 232 531 224 548 225 560 235 546 239 531 239 634 238 648 229 664 229 676 239 663 244 648 243 1158 183 -54.441010 33.999241 42.604389 0.091678 -0.246657 0.027996 -14.831178 -69.742012 575.551147 -47.018848 -70.287575 567.413818 17.356493 -69.196449 583.688416
518 235 532 227 548 227 561 237 546 242 531 241 635 241 648 232 664 233 676 243 663 248 648 247 1048 490 -32.497116 94.718498 48.971550 0.060338 -0.167793 0.038620 -15.058030 -68.880554 582.864075 -47.772015 -69.988190 577.284790 17.655954 -67.772911 588.443298
520 235 534 226 551 227 564 237 549 241 534 241 637 241 651 232 667 233 679 243 666 248 651 247 468 819 82.906189 159.411835 58.672863 0.048613 -0.099340 0.049011 -13.796601 -69.605049 588.007263 -46.797943 -71.148415 584.677246 19.204741 -68.061684 591.337280
519 236 533 228 549 229 562 238 547 243 532 242 636 242 649 233 665 234 677 243 664 248 649 247 839 891 9.153757 173.976013 57.695045 0.070095 -0.141843 0.037235 -14.724917 -69.281845 589.354919 -47.573463 -70.348091 584.622498 18.123629 -68.215591 594.087341
518 232 532 223 549 224 562 235 547 239 532 239 636 238 649 229 665 230 678 240 664 245 649 244 828 17 11.137097 0.849480 41.587070 0.064028 0.157724 0.056274 -14.958202 -69.560524 576.121033 -47.698669 -71.586296 581.270569 17.782265 -67.534744 570.971497
517 231 531 222 548 222 560 233 546 237 530 237 634 236 648 226 664 227 677 238 663 243 648 242 890 77 -1.176916 12.784578 42.311474 0.040461 -0.024302 0.039529 -15.476240 -71.755791 583.985657 -48.645317 -73.051186 583.152710 17.692839 -70.460396 584.818665
520 236 534 227 550 228 563 238 548 242 533 242 637 241 650 232 667 233 679 242 666 248 651 247 177 848 140.775070 164.918533 61.021835 0.061873 -0.052831 0.041400 -14.130925 -69.407150 588.133240 -47.260994 -70.725693 586.338928 18.999144 -68.088608 589.927551
519 236 533 229 549 230 562 238 547 241 532 241 633 241 647 233 663 234 676 241 662 245 648 244 466 550 83.241112 106.128029 53.706516 -0.455639 -0.033664 0.024328 -15.563990 -71.209366 598.920898 -48.740658 -72.239517 598.022522 17.612679 -70.179214 599.819214
514 234 528 226 544 226 557 236 543 240 527 240 632 239 645 230 661 231 674 240 660 245 645 244 955 313 -14.046390 59.583324 46.274700 0.063798 0.105552 0.042525 -17.311350 -69.766472 580.689880 -50.301472 -71.286148 584.139832 15.678775 -68.246803 577.239990
531 290 545 282 562 283 575 293 560 297 544 296 653 298 667 291 683 292 696 302 682 306 667 304 144 122 147.167389 21.089144 47.790131 -0.204578 -0.080279 0.059395 -5.902393 -36.909973 569.655823 -38.942356 -39.136662 567.213989 27.137568 -34.683285 572.097595
532 290 547 283 563 284 576 292 561 295 546 294 650 297 664 291 679 292 692 300 678 303 664 302 398 23 96.639214 1.687007 44.375980 -0.767056 -0.067472 0.042450 -6.998676 -39.332508 601.411072 -40.103115 -41.423943 599.900574 26.105764 -37.241074 602.921509
490 295 503 286 519 286 532 296 518 301 503 301 610 299 624 290 641 290 655 301 641 306 625 305 1362 278 -94.981979 52.982853 43.092278 -0.183652 0.102441 0.047514 -28.953568 -35.248024 562.314758 -61.947491 -36.502369 565.834290 4.040355 -33.993679 558.795166
534 297 549 291 566 293 580 301 564 304 548 303 662 307 676 301 692 302 705 310 691 314 676 313 214 689 133.380936 133.454803 57.848557 -0.175168 -0.059225 0.066950 -2.317812 -31.559412 551.473938 -35.390400 -33.939873 549.714111 30.754776 -29.178951 553.233765
510 297 524 289 541 289 555 299 540 303 524 303 636 302 650 294 667 296 680 305 666 309 650 308 525 600 71.521278 116.079926 54.264515 -0.208787 -0.041989 0.040096 -15.781707 -33.139057 552.782593 -48.930775 -34.605038 551.537659 17.367361 -31.673080 554.027466
513 298 527 290 545 291 558 300 543 304 527 304 639 304 653 296 669 298 683 307 668 311 653 310 444 765 87.665726 148.696198 57.822861 -0.241222 -0.049151 0.044222 -14.203932 -32.304157 553.657715 -47.336548 -33.953094 552.218811 18.928682 -30.655224 555.096619
513 296 527 289 544 290 558 299 543 303 527 303 638 302 652 294 669 295 682 304 668 309 652 308 729 553 30.947186 106.936890 52.124187 -0.096847 -0.050513 0.039618 -14.428275 -33.497475 554.293518 -47.564743 -34.891159 552.683655 18.708195 -32.103790 555.903381
505 295 519 287 537 287 550 297 535 302 519 301 630 299 644 291 661 291 674 301 660 306 644 305 1312 65 -85.089722 10.752071 39.461330 -0.050133 -0.025379 0.032653 -18.456362 -34.275009 550.492432 -51.632790 -35.379585 549.677490 14.720067 -33.170433 551.307373
508 301 523 294 540 294 553 304 538 308 522 308 633 307 647 299 664 300 677 309 663 314 647 313 1379 838 -98.231606 163.918732 53.351200 -0.156301 -0.045857 0.041518 -16.980383 -30.740864 555.706604 -50.121815 -32.231686 554.298584 16.161049 -29.250046 557.114624
512 297 527 289 545 290 559 299 543 304 527 303 640 303 654 295 671 296 684 306 670 310 654 309 202 614 135.749512 118.589378 56.535145 -0.156080 -0.067046 0.039937 -13.771680 -32.620621 549.923157 -46.875641 -34.113285 547.811462 19.332281 -31.127960 552.034912
511 297 526 289 543 289 557 299 542 303 525 303 638 303 652 295 668 296 682 305 667 310 652 309 402 468 95.947670 89.833649 52.587379 -0.143745 -0.066009 0.039417 -14.736705 -32.922104 552.380493 -47.843601 -34.382320 550.292236 18.370192 -31.461889 554.468811
495 291 509 282 526 283 539 293 524 298 509 297 618 295 632 286 649 287 663 296 648 302 632 301 1335 76 -89.660454 12.949667 39.521690 -0.076833 0.060769 0.039892 -24.946251 -36.940327 556.697937 -58.063416 -38.185005 558.762817 8.170915 -35.695652 554.633057
520 300 536 293 553 295 566 304 551 308 535 307 647 311 661 304 677 306 690 315 676 319 660 317 591 873 58.461601 170.208267 58.906334 -0.098592 -0.087904 0.076647 -9.938015 -29.483450 552.644104 -42.917442 -32.162231 549.861816 23.041412 -26.804667 555.426392
515 299 529 292 545 293 559 301 544 304 529 304 636 306 650 300 665 302 679 310 665 313 650 311 856 706 5.730339 137.346008 54.165096 -0.790120 -0.063751 0.047571 -15.597305 -33.489006 587.889160 -48.702477 -35.700977 586.579834 17.507866 -31.277033 589.198486
512 296 527 288 544 289 557 299 542 303 526 303 637 305 651 297 668 298 681 308 667 313 651 312 1291 204 -80.881683 38.267361 42.164803 -0.051179 -0.047705 0.070767 -14.851620 -32.088303 550.518250 -47.935604 -34.474731 548.996887 18.232367 -29.701876 552.039551
515 304 530 297 547 298 561 307 545 311 529 310 642 312 655 305 672 306 684 315 671 319 655 318 598 780 57.048035 151.792999 57.141445 -0.136435 -0.090660 0.054250 -12.773719 -28.425638 553.726685 -45.793671 -30.422934 550.853821 20.246233 -26.428345 556.599487
513 302 527 295 544 296 558 305 543 309 527 309 638 310 652 303 669 304 682 313 668 317 652 316 583 681 60.007523 132.171341 55.402512 -0.105158 -0.082300 0.053780 -14.349614 -29.530472 555.269592 -47.394234 -31.453489 552.640015 18.695004 -27.607454 557.899231
513 302 527 295 545 296 558 305 543 309 527 308 639 310 653 303 670 304 682 313 668 317 653 316 124 836 151.310730 162.498367 61.129795 -0.125335 -0.065556 0.054903 -14.119431 -29.621016 554.088257 -47.203083 -31.573215 552.033875 18.964220 -27.668816 556.142639
500 298 515 290 531 290 544 299 529 303 514 303 621 302 635 295 651 296 665 305 651 309 635 308 1043 159 -31.580137 29.151590 42.876354 -0.749962 -0.032815 0.033964 -24.042051 -35.287434 590.930237 -57.211544 -36.701736 590.343689 9.127442 -33.873131 591.516785
499 304 513 297 529 297 542 306 528 311 512 310 623 310 637 302 654 303 667 312 653 317 637 316 587 881 59.258823 171.789597 59.079311 -0.071642 -0.028895 0.044781 -22.624760 -29.541803 561.031128 -55.782448 -31.061129 560.126160 10.532929 -28.022478 561.936096
539 323 553 315 569 316 583 325 568 329 552 329 661 328 675 321 691 322 704 331 690 336 675 334 1030 304 -28.961405 57.861858 45.641056 -0.290605 -0.034847 0.043858 -1.704745 -19.851418 570.438049 -34.857841 -21.453461 569.507812 31.448351 -18.249376 571.368225
534 324 548 316 565 316 579 326 564 330 548 330 659 331 672 323 689 325 702 335 688 339 673 337 385 293 99.287109 55.156647 49.454250 -0.271003 -0.029314 0.058301 -3.482869 -18.424877 560.364746 -36.617439 -20.466827 559.664551 29.651701 -16.382929 561.064941
531 327 545 319 562 319 576 328 561 333 545 333 655 333 669 326 686 327 699 337 685 341 669 339 887 516 -0.477989 99.737053 50.455414 -0.236097 -0.041233 0.055252 -5.182440 -17.137043 560.027527 -38.308739 -19.114048 558.887634 27.943859 -15.160039 561.167419
531 331 546 322 563 323 576 332 561 336 545 336 656 337 670 330 686 331 699 341 685 345 670 343 1153 860 -53.288883 168.091934 55.165821 -0.286049 -0.041032 0.056445 -4.905437 -14.923232 559.364929 -38.029984 -16.963989 558.288208 28.219109 -12.882475 560.441711
531 324 545 316 561 317 575 325 560 328 545 328 650 329 664 322 679 323 693 331 679 334 664 333 132 241 149.581207 44.650276 50.067383 -0.817576 -0.032557 0.039597 -7.311427 -20.566462 595.520996 -40.474998 -22.156837 595.064941 25.852142 -18.976086 595.977051
525 325 539 317 556 318 570 327 555 332 539 331 650 332 664 325 681 326 694 336 680 340 664 339 912 191 -5.524778 35.383083 44.284443 -0.145582 -0.051547 0.057058 -7.984768 -17.520596 554.583496 -41.091640 -19.530943 553.017212 25.122103 -15.510247 556.149780
527 325 542 318 558 318 571 326 556 330 541 330 648 330 662 323 678 324 691 333 677 336 662 335 650 140 46.559113 25.067440 44.972130 -0.817861 -0.030181 0.037271 -8.836387 -19.653460 589.205750 -42.005104 -21.144567 588.790405 24.332329 -18.162352 589.621094
525 325 540 317 557 317 570 327 555 332 539 331 651 332 665 324 682 325 695 336 681 340 665 338 66 203 162.695709 37.069561 49.775078 -0.039273 -0.015273 0.060984 -7.662795 -17.744551 555.517212 -40.802021 -19.777624 555.050293 25.476431 -15.711478 555.984131
529 325 544 317 561 318 574 328 559 332 543 332 654 333 668 325 685 327 698 337 684 341 668 340 676 217 41.407265 40.340431 46.235374 -0.160006 -0.034713 0.064898 -5.772902 -17.239086 555.199402 -38.888016 -19.474863 554.224670 27.342213 -15.003310 556.174133
527 328 542 320 559 320 572 330 557 334 541 334 651 334 665 326 682 327 695 337 681 341 666 340 1426 298 -107.703003 56.996582 43.063881 -0.177710 -0.052976 0.047743 -7.117624 -16.717400 561.382324 -40.238255 -18.448854 559.774414 26.003010 -14.985948 562.990234
527 325 542 317 560 318 573 328 558 333 541 332 654 334 668 326 685 328 698 338 684 342 668 340 112 131 153.532333 22.845703 48.155991 -0.056101 -0.025483 0.071041 -6.173944 -16.740152 549.718628 -39.284256 -19.119312 548.939819 26.936367 -14.360991 550.497437
524 326 539 319 556 320 569 328 554 332 538 332 649 333 663 327 679 328 692 337 678 341 663 340 585 401 59.544525 76.711967 50.207657 -0.222141 -0.051018 0.059828 -8.832326 -17.250469 561.823608 -41.934975 -19.406006 560.364807 24.270321 -15.094934 563.282349
528 330 542 323 559 323 572 332 557 336 542 336 652 337 666 330 682 331 694 340 681 344 666 342 243 635 127.602013 122.782410 56.668491 -0.242353 -0.037044 0.054994 -7.113942 -15.508874 567.266907 -40.246143 -17.464069 566.269897 26.018261 -13.553679 568.263916
529 328 543 320 560 321 573 330 558 334 542 334 653 335 667 327 683 329 696 338 682 342 667 341 418 360 92.741058 68.454605 50.488811 -0.196599 -0.036971 0.057101 -6.608764 -16.463840 563.999329 -39.737030 -18.466452 562.966248 26.519501 -14.461231 565.032410
553 328 563 322 574 322 584 327 574 331 563 331 648 329 659 325 672 325 683 332 671 334 659 333 448 310 86.764221 58.575336 49.376556 -0.690962 0.046528 0.045113 -5.446605 -23.428907 714.907471 -38.584438 -24.296835 716.828430 27.691231 -22.560980 712.986450
521 331 535 324 552 325 565 333 550 337 535 337 645 337 659 331 675 332 688 340 674 345 659 343 1304 581 -83.378639 112.952248 49.061569 -0.172053 -0.061428 0.050684 -10.607076 -14.979228 560.001221 -43.706905 -16.827063 558.118042 22.492756 -13.131393 561.884399
530 330 544 323 560 324 573 331 558 334 544 334 647 335 661 329 676 330 690 338 676 340 661 339 214 513 133.339874 98.593597 54.591049 -0.826074 -0.027286 0.043636 -8.660602 -17.134285 601.765442 -41.823895 -18.776711 601.524475 24.502691 -15.491861 602.006470
519 328 534 321 551 321 564 331 549 335 533 334 644 335 658 327 674 329 687 338 673 342 658 341 1362 218 -94.995979 41.098351 41.981762 -0.098876 -0.067148 0.051219 -11.160946 -16.124804 556.527527 -44.247513 -17.930798 554.388123 21.925621 -14.318807 558.666931
522 330 537 323 554 324 567 332 552 337 536 336 647 338 661 330 677 332 690 341 676 345 661 344 1163 522 -55.356121 101.150749 48.847652 -0.107715 -0.060276 0.061028 -9.731767 -14.980089 556.705078 -42.814617 -17.107744 554.818909 23.351086 -12.852435 558.591187
522 328 536 321 553 322 566 331 551 335 536 334 647 336 661 329 677 330 690 339 676 344 661 342 445 457 87.395035 87.689919 52.115997 -0.141581 -0.046136 0.062393 -9.874295 -15.902478 557.874878 -42.979355 -18.073439 556.495911 23.230766 -13.731517 559.253784
558 290 571 282 587 282 600 291 586 295 571 295 675 294 688 287 703 288 715 297 702 301 688 300 1432 612 -108.822784 119.197029 48.838203 -0.334994 -0.014762 0.044920 7.007000 -40.113804 597.993591 -26.161047 -41.658390 597.760193 40.175049 -38.569218 598.226990
555 292 569 285 584 285 597 293 583 297 568 297 672 297 685 290 700 291 712 300 699 303 685 302 1413 803 -105.000290 157.013855 52.491665 -0.324004 -0.017936 0.043961 5.317147 -38.750637 597.384277 -27.850573 -40.280033 597.033630 38.484867 -37.221237 597.734863
560 293 574 285 590 286 602 294 588 298 573 298 678 299 691 292 706 294 718 303 705 306 691 305 794 868 18.096142 169.383560 57.549591 -0.305902 -0.030710 0.058812 8.397333 -37.540863 594.417114 -24.734993 -39.616665 593.710205 41.529659 -35.465057 595.124023
556 291 569 284 585 284 598 293 584 297 569 297 674 297 687 290 702 291 715 300 701 304 687 303 1155 372 -53.800404 71.432968 46.121189 -0.222140 -0.035768 0.048753 6.110257 -38.435551 591.489197 -27.034122 -40.171448 590.490967 39.254639 -36.699650 592.487366
557 294 570 287 586 287 599 296 585 300 570 299 675 300 688 293 703 294 715 303 702 307 688 306 728 711 31.182882 138.231918 55.054768 -0.254833 -0.030578 0.054087 6.653841 -36.987961 593.123474 -26.487246 -38.892029 592.347290 39.794926 -35.083893 593.899658
556 294 570 287 586 287 598 296 584 300 569 299 675 301 688 294 703 296 715 304 702 308 688 306 407 691 95.005501 134.008453 56.683651 -0.270049 -0.028628 0.060263 6.369424 -36.401772 590.480774 -26.761963 -38.504627 589.810852 39.500813 -34.298916 591.150696
556 290 570 282 587 283 599 293 585 297 570 296 676 298 689 290 705 291 718 301 704 305 689 304 272 76 121.705276 12.082153 46.141609 -0.136014 -0.025248 0.064969 7.013759 -37.873909 584.345764 -26.110550 -40.079720 583.657104 40.138065 -35.668098 585.034424
543 293 557 284 573 285 586 294 572 299 557 299 662 298 675 289 692 290 704 300 691 305 675 304 1304 56 -83.501114 8.962868 39.344574 -0.092154 0.028322 0.049622 -0.630428 -37.407013 583.693970 -33.781097 -39.008183 584.708374 32.520241 -35.805843 582.679504
547 293 560 284 577 284 590 294 576 298 560 298 667 296 680 288 697 288 710 298 696 302 681 301 1077 143 -38.344391 26.010139 42.368481 -0.169843 -0.006808 0.030161 1.974977 -37.949024 579.544983 -31.214005 -38.964687 579.404846 35.163956 -36.933361 579.685120
546 296 560 288 576 288 589 297 575 301 560 301 666 300 679 292 695 293 708 303 695 307 680 305 1172 405 -57.172966 77.983322 46.626102 -0.163179 -0.006859 0.040465 1.372876 -35.835358 580.435791 -31.804035 -37.191208 580.318481 34.549789 -34.479504 580.553101
547 293 561 284 578 285 591 295 576 299 560 299 668 298 681 289 698 291 711 301 697 305 682 304 648 68 46.939995 10.804407 43.651970 -0.058626 -0.006487 0.045509 2.290318 -36.703636 574.209412 -30.879429 -38.219673 574.038513 35.460064 -35.187599 574.380371
551 297 565 289 581 290 594 299 579 303 564 303 671 303 685 296 701 297 713 306 700 310 685 309 376 815 101.198433 158.544449 59.171764 -0.188484 -0.019621 0.051223 4.208946 -34.447109 579.950500 -28.946074 -36.198273 579.462891 37.363964 -32.695946 580.438049
533 300 546 292 562 293 574 302 560 306 546 306 651 304 664 296 680 297 694 306 680 311 665 310 1371 633 -96.688713 123.306824 49.606766 -0.069385 0.067869 0.038955 -6.932403 -33.423500 580.774292 -40.035641 -34.636539 583.068604 26.170835 -32.210457 578.479980
565 293 579 286 596 288 609 298 594 301 578 300 686 305 699 297 715 299 727 309 713 313 699 311 65 427 162.946808 81.437546 53.927219 -0.030208 -0.046318 0.089387 12.226065 -34.397118 577.822327 -20.810633 -37.382942 576.331970 45.262764 -31.411297 579.312683
521 306 534 296 551 296 563 305 550 310 535 311 640 304 654 296 671 296 684 305 670 310 655 310 882 630 0.542799 122.313522 52.596527 -0.134378 0.102352 0.008033 -12.648398 -31.951439 573.697144 -45.678631 -31.989090 577.097473 20.381834 -31.913788 570.296875
545 300 559 293 575 293 588 300 573 303 559 304 663 302 676 296 691 297 705 305 691 308 677 307 392 506 97.944923 97.352333 53.352978 -0.736368 -0.011849 0.029400 0.200345 -35.807358 607.157959 -32.988529 -36.835976 607.142639 33.389217 -34.778740 607.173279
520 299 533 290 549 289 562 299 548 304 533 305 638 299 651 290 668 290 682 300 668 305 652 305 1282 36 -79.131325 4.983414 39.111412 -0.098441 0.144952 0.020212 -13.883713 -35.069038 573.662842 -46.733829 -35.500416 578.483948 18.966406 -34.637661 568.841675
559 301 573 294 589 295 602 303 587 306 573 305 676 307 689 301 704 302 717 310 703 314 689 312 272 812 121.876976 157.865356 59.763908 -0.769006 -0.036626 0.054333 7.956454 -34.018929 611.592407 -25.180544 -36.094067 611.153381 41.093452 -31.943790 612.031433
541 295 555 286 571 287 584 296 570 301 554 301 661 298 674 290 690 291 703 301 690 305 675 304 503 277 75.820389 52.083748 48.423256 -0.164542 0.003581 0.033943 -1.479602 -36.641918 582.969299 -34.665119 -37.753941 583.180176 31.705915 -35.529900 582.758484
501 304 512 294 526 293 538 300 526 306 513 308 610 295 623 286 639 286 653 294 640 299 625 300 1291 217 -80.878647 40.842335 42.405411 -0.149427 0.270308 -0.030639 -28.344738 -36.386459 588.124084 -60.330715 -34.720119 596.880798 3.641239 -38.052799 579.367371
554 321 567 314 582 314 593 322 580 326 566 326 663 325 676 318 691 319 702 328 690 332 676 331 884 208 0.046677 38.727509 44.773460 -0.284282 -0.021179 0.041287 2.080329 -23.565847 632.742310 -31.088982 -25.017168 632.242310 35.249641 -22.114525 633.242371
558 336 571 328 586 329 598 337 585 341 571 341 669 341 681 333 696 334 708 343 695 347 682 346 622 607 52.235542 117.545616 53.790001 -0.283746 -0.015607 0.046709 5.175864 -14.392002 628.376831 -27.988962 -15.994619 628.084229 38.340691 -12.789385 628.669373
559 337 572 329 587 329 599 338 585 342 571 342 669 342 682 334 697 335 708 345 696 348 682 347 466 379 83.201218 72.257202 50.541550 -0.237933 -0.014252 0.048850 5.371657 -13.687772 628.462219 -27.790377 -15.349875 628.185669 38.533691 -12.025668 628.738770
560 341 572 333 588 334 600 342 586 346 572 346 670 346 683 339 698 340 709 349 697 353 683 351 810 658 14.865730 127.800865 53.563152 -0.216758 -0.018813 0.049886 5.939736 -11.213561 627.718628 -27.218079 -12.923715 627.277893 39.097553 -9.503407 628.159363
560 340 573 333 589 334 600 342 587 346 573 346 671 347 684 339 699 341 710 350 698 353 684 352 101 485 155.802139 92.955276 54.776524 -0.133882 -0.009491 0.060925 6.421660 -11.022902 625.072632 -26.720146 -13.059648 624.893799 39.563465 -8.986158 625.251465
561 348 574 341 589 341 601 349 588 353 574 353 671 352 684 345 699 346 711 354 698 358 684 357 1085 703 -39.804466 136.938675 52.683453 -0.166686 0.008974 0.041750 6.771009 -7.261056 629.423706 -26.403603 -8.615748 629.835449 39.945621 -5.906363 629.011902
562 349 575 342 590 342 601 350 588 354 575 354 672 353 684 346 699 348 711 356 698 360 684 359 578 860 61.043472 167.622681 58.746681 -0.173922 0.020350 0.048714 7.066444 -6.662942 631.769470 -26.092222 -8.212990 632.581726 40.225109 -5.112895 630.957214
559 350 572 342 587 342 599 351 586 355 572 355 669 353 681 346 696 347 708 355 695 359 682 358 1118 648 -46.378979 126.071472 51.459972 -0.153959 0.013561 0.038680 5.388739 -6.609071 630.855042 -27.788240 -7.853425 631.402100 38.565720 -5.364718 630.307983
559 351 571 343 586 344 598 352 585 356 571 356 668 354 680 347 695 348 707 357 695 361 681 360 1005 872 -23.857929 170.348053 56.309608 -0.172638 0.015408 0.040601 4.972888 -5.919694 634.371277 -28.200699 -7.216687 634.996277 38.146473 -4.622702 633.746338
557 351 569 344 584 344 596 352 583 356 569 356 666 354 678 347 693 348 705 356 692 360 679 359 1140 778 -50.723106 151.839172 53.729080 -0.162987 0.020778 0.036394 3.706850 -5.890857 634.455139 -29.468874 -7.037508 635.240051 36.882576 -4.744206 633.670166
559 349 571 341 587 341 598 350 585 354 571 354 668 352 680 345 696 346 708 354 695 359 681 358 1152 220 -53.239346 41.323120 43.326572 -0.105624 0.035170 0.040339 4.979257 -6.981102 627.609070 -28.178059 -8.255830 628.844788 38.136574 -5.706375 626.373291
557 350 569 343 584 343 596 351 583 355 569 355 666 354 678 347 693 348 705 356 693 360 679 359 1038 583 -30.487030 113.131310 50.755123 -0.140636 0.019280 0.038897 3.765523 -6.171555 633.693604 -29.408056 -7.413522 634.422180 36.939102 -4.929588 632.965088
558 350 570 343 585 343 596 351 584 355 570 355 667 354 679 347 694 348 706 356 693 360 679 359 969 491 -16.788610 94.852104 49.482037 -0.120914 0.026250 0.040699 4.036008 -6.101656 631.892517 -29.129921 -7.396612 632.843323 37.201935 -4.806700 630.941772
557 349 570 341 585 341 597 350 584 354 570 354 667 353 679 345 695 346 707 355 694 359 680 358 283 335 119.578468 63.392555 50.866821 -0.116403 0.056128 0.046567 4.081337 -6.700780 628.220520 -29.035309 -8.133885 630.168213 37.197983 -5.267675 626.272766
552 351 565 343 580 343 592 352 578 357 564 357 661 354 673 346 689 347 701 356 688 360 674 359 1108 358 -44.458241 68.621567 46.154766 -0.089683 0.073174 0.031723 0.703214 -5.752434 629.837402 -32.396122 -6.694445 632.308472 33.802547 -4.810423 627.366333
560 351 572 343 588 343 599 352 586 356 572 356 669 355 681 347 696 348 708 356 696 361 682 360 682 282 40.229393 53.220203 47.401062 -0.075930 -0.026218 0.039363 5.643173 -5.800970 630.626831 -27.524529 -7.139283 629.807007 38.810875 -4.462656 631.446655
551 348 563 340 578 340 590 348 577 353 563 353 659 350 671 342 687 343 699 351 686 356 672 355 1327 149 -88.052711 27.402613 40.922638 -0.153814 0.027135 0.025171 -0.229027 -8.333176 635.803223 -33.411144 -9.096341 636.764648 32.953091 -7.570010 634.841797
562 350 575 342 590 343 602 351 588 355 574 355 672 354 684 347 699 347 710 356 698 360 684 359 514 470 73.678185 90.321198 51.926907 -0.106842 -0.026522 0.040246 7.104819 -6.274848 633.987488 -26.061468 -7.655138 633.180115 40.271107 -4.894558 634.794800
561 351 573 343 589 344 600 352 587 356 573 356 670 355 682 348 697 348 709 357 696 361 683 360 1148 441 -52.392433 85.094429 47.441872 -0.122433 -0.035502 0.037146 6.305555 -5.711020 633.859497 -26.855488 -7.012898 632.759583 39.466599 -4.409142 634.959473
561 351 573 344 589 344 600 353 587 356 573 356 670 355 682 348 697 349 709 358 696 361 683 360 958 515 -14.595783 99.596924 49.994747 -0.130827 -0.026654 0.038824 6.269925 -5.376229 634.648682 -26.898127 -6.719038 633.850708 39.437977 -4.033421 635.446716
528 318 545 310 564 312 580 323 562 327 544 326 673 330 690 322 709 324 725 335 708 339 689 337 1292 777 -80.946854 151.765152 52.763977 -0.082007 0.003163 0.082841 0.569900 -16.623365 473.851440 -32.520939 -19.363554 474.068909 33.660740 -13.883176 473.634003
528 322 545 314 565 315 580 326 563 330 544 329 675 334 692 326 711 328 726 339 709 343 691 341 745 757 27.813353 147.357239 55.800293 -0.083327 -0.011686 0.086251 1.068055 -14.788211 469.824188 -32.011135 -17.661379 469.556244 34.147243 -11.915043 470.092102
540 304 558 295 578 296 594 308 576 312 557 312 685 315 702 306 721 308 736 320 719 325 701 322 520 57 72.388802 8.521121 44.245506 -0.112454 -0.049923 0.076083 6.543320 -23.730473 479.987610 -26.524248 -26.341032 478.477478 39.610889 -21.119913 481.497742
524 311 541 301 561 302 576 314 559 319 540 318 668 319 685 310 705 312 720 324 703 329 685 327 841 232 8.602347 43.446213 45.485451 -0.099179 0.021247 0.067083 -1.279258 -20.995869 477.186249 -34.401962 -23.182928 478.000336 31.843449 -18.808809 476.372162
536 310 553 301 574 302 589 314 571 319 553 318 682 320 698 311 718 313 733 324 716 329 698 328 590 135 58.488277 24.028099 45.253242 -0.020682 -0.085616 0.063026 4.956310 -20.734360 475.314789 -28.061039 -22.852406 472.499115 37.973660 -18.616314 478.130493
528 320 545 312 565 313 581 323 563 328 545 327 673 330 689 322 708 324 723 334 707 339 689 337 790 889 18.896397 173.539871 57.963181 -0.148427 -0.040397 0.066427 0.747378 -16.721060 481.264374 -32.357315 -19.015755 480.092560 33.852074 -14.426363 482.436188
530 315 547 306 568 307 583 319 565 324 546 323 676 326 693 316 713 318 728 330 711 335 693 334 585 246 59.508366 46.010342 47.338829 -0.039486 -0.044298 0.073032 2.131428 -18.027630 469.670563 -30.952345 -20.478083 468.249664 35.215199 -15.577178 471.091461
530 315 548 305 568 306 584 319 566 323 547 323 676 325 693 315 713 317 728 329 711 335 693 333 663 55 43.954376 8.241673 43.317944 -0.039624 -0.055918 0.073448 2.230999 -18.309353 468.680634 -30.832457 -20.780846 466.875244 35.294453 -15.837861 470.485992
530 318 548 309 568 310 584 322 566 326 547 325 676 328 693 320 713 322 728 333 711 338 693 336 597 348 57.146095 66.223785 49.151974 -0.042581 -0.039540 0.076967 2.226614 -16.982681 471.417755 -30.853985 -19.562340 470.161224 35.307217 -14.403022 472.674286
527 323 544 314 564 316 580 327 562 331 543 330 672 333 689 325 708 327 723 338 707 343 689 341 943 674 -11.576109 131.078613 53.031021 -0.087524 -0.048282 0.072173 0.481320 -14.941156 476.326019 -32.598469 -17.401651 474.831604 33.561108 -12.480662 477.820435
524 324 542 316 562 317 577 328 559 332 541 331 670 334 686 326 706 327 721 338 704 343 686 341 1169 593 -56.532593 115.218971 50.124393 -0.082161 -0.058017 0.066569 -0.685560 -14.558749 474.978668 -33.761074 -16.842861 473.147583 32.389954 -12.274636 476.809784
525 321 542 312 563 314 579 325 561 330 542 329 671 332 688 323 708 324 723 336 706 341 688 339 674 387 41.844601 74.011551 49.394283 -0.046755 -0.041964 0.073442 -0.037329 -15.401280 469.666290 -33.123451 -17.868658 468.332001 33.048790 -12.933903 471.000580
527 325 545 317 565 318 580 329 562 334 544 333 673 336 689 328 709 330 724 340 707 345 689 343 730 638 30.768175 123.774078 53.691189 -0.070172 -0.043520 0.075581 0.609047 -13.764636 474.930847 -32.469612 -16.319708 473.576752 33.687706 -11.209564 476.284943
525 326 542 317 562 318 577 329 559 334 541 333 670 336 687 328 706 330 721 340 704 345 686 343 586 656 59.405174 127.221909 54.921112 -0.047332 -0.039305 0.073620 -0.652846 -13.708298 475.097443 -33.742115 -16.179964 473.852142 32.436424 -11.236631 476.342743
513 330 530 321 549 322 565 333 547 337 529 337 658 338 674 329 694 331 709 341 693 346 674 345 1216 573 -65.882683 111.295830 49.461529 -0.071307 -0.003373 0.058512 -6.184736 -12.323048 472.358215 -39.332561 -14.267170 472.315582 26.963087 -10.378925 472.400848
527 331 545 323 565 325 581 335 563 339 544 338 674 341 691 333 710 335 725 345 708 350 690 348 720 707 32.772659 137.433090 55.030556 -0.057694 -0.111147 0.066423 1.158713 -11.114323 470.901794 -31.768215 -13.418777 467.287048 34.085640 -8.809868 474.516571
515 324 532 317 550 318 566 327 549 330 531 330 654 331 670 324 688 326 704 334 688 338 670 336 804 371 15.991812 70.948441 48.288563 -0.798786 -0.045694 0.037916 -7.454593 -16.852718 514.075073 -40.603939 -18.555597 513.191467 25.694752 -15.149840 514.958679
519 315 537 306 558 307 575 318 556 323 537 322 665 323 681 314 700 316 715 327 699 332 681 330 204 11 135.211166 -0.848216 45.362026 -0.068695 -0.169259 0.045174 -2.439755 -19.213247 476.287476 -35.136551 -20.896883 470.751709 30.257040 -17.529612 481.823212
463 328 478 319 496 319 511 330 495 336 478 336 600 333 617 323 637 324 654 334 637 341 618 340 1371 313 -96.763367 59.922821 43.684029 -0.103362 0.239604 0.043341 -31.198889 -14.103525 469.473145 -63.425095 -15.117146 477.410645 1.027317 -13.089904 461.535645
496 333 513 325 533 325 549 336 532 341 513 341 642 341 659 332 679 333 695 344 678 349 659 348 725 854 31.812757 166.554199 57.720173 -0.038614 0.001105 0.052036 -13.332715 -11.007486 472.615356 -46.492569 -12.733425 472.685364 19.827139 -9.281549 472.545349
587 286 600 276 616 274 630 282 616 288 601 290 706 280 719 271 736 271 749 281 736 286 721 285 1373 296 -97.165009 56.557178 43.356926 -0.344119 0.075389 -0.012106 24.019588 -44.897984 580.770264 -9.089429 -44.078018 583.153625 57.128605 -45.717953 578.386963
590 286 602 275 619 274 632 282 618 288 603 290 708 280 721 271 738 272 752 281 738 286 723 285 862 158 4.409468 28.805801 43.985039 -0.335851 0.088330 -0.004139 25.296150 -45.055424 581.956909 -7.780143 -44.433147 584.808472 58.372444 -45.677700 579.105408
592 287 605 277 621 276 634 284 620 289 605 291 709 282 722 274 738 274 752 283 738 288 723 287 791 420 18.588148 80.643509 49.276440 -0.340481 0.093166 0.002565 26.203011 -44.602428 586.840515 -6.859076 -44.164635 589.884644 59.265099 -45.040226 583.796448
592 288 605 278 621 277 634 284 620 290 605 292 710 283 723 274 740 275 753 285 739 289 724 288 634 423 49.806553 81.109604 50.309696 -0.357377 0.092715 0.004417 26.477175 -43.868561 584.937500 -6.586217 -43.468018 587.972534 59.540565 -44.269104 581.902527
593 288 606 278 622 277 635 284 621 290 606 291 711 282 724 274 740 275 754 285 740 289 725 288 535 430 69.493233 82.415337 51.055786 -0.357061 0.098777 0.007588 26.927277 -43.934021 585.043213 -6.116449 -43.601372 588.293030 59.971004 -44.266670 581.793457
591 287 604 277 620 276 633 283 620 289 605 291 710 281 723 273 740 274 753 283 739 287 724 287 664 109 43.768135 18.938540 44.311180 -0.328233 0.097202 -0.000511 26.263517 -44.395061 584.128357 -6.785952 -43.853878 587.290466 59.312988 -44.936245 580.966187
590 287 603 276 619 275 632 283 619 289 604 290 709 281 722 272 738 272 752 282 738 287 723 286 1007 48 -24.447830 7.135886 41.046097 -0.328719 0.083354 -0.007420 25.599365 -44.808239 584.135559 -7.490292 -44.115990 586.810486 58.689022 -45.500488 581.460693
594 288 607 278 623 277 635 284 622 290 607 292 713 282 727 274 744 274 759 284 744 288 728 287 515 214 73.419624 39.614815 47.182487 -0.357450 0.140333 0.003370 27.299677 -42.739609 568.262939 -5.581993 -42.026157 572.828735 60.181347 -43.453064 563.697144
593 289 606 279 622 277 635 285 621 291 606 292 711 283 724 275 741 276 754 285 741 289 725 288 732 485 30.334806 93.470238 50.846924 -0.356927 0.095855 0.004555 26.999323 -43.450626 583.677734 -6.054334 -43.036880 586.815308 60.052979 -43.864372 580.540222
592 290 605 280 621 279 634 286 620 292 605 293 710 285 723 276 739 277 752 287 739 291 724 290 1143 314 -51.427868 59.934826 45.122425 -0.339344 0.079588 0.000706 26.407726 -42.992504 587.340576 -6.692976 -42.571587 589.933960 59.508430 -43.413418 584.747131
591 286 604 277 620 276 633 283 619 289 604 290 709 281 722 273 738 273 752 282 738 287 723 287 1283 103 -79.314529 18.255255 40.345257 -0.292948 0.074978 -0.005831 25.991005 -44.882439 585.870728 -7.120625 -44.329868 588.294373 59.102634 -45.435013 583.447021
593 290 605 280 621 278 634 286 620 292 606 293 710 284 723 276 739 276 753 286 739 290 724 289 1331 530 -88.759186 102.872452 47.949490 -0.347147 0.091134 -0.001281 26.625118 -43.313068 587.559692 -6.443252 -42.751793 590.513916 59.693489 -43.874344 584.605469
596 287 609 277 625 276 638 284 624 289 609 291 715 283 728 275 744 276 758 285 744 289 729 288 180 303 140.051407 56.970097 50.915989 -0.360260 0.094148 0.016250 28.730110 -43.760502 582.951294 -4.324903 -43.731052 586.101685 61.785126 -43.789951 579.800964
600 286 613 277 629 276 642 284 628 289 613 291 718 284 731 276 747 277 760 287 747 291 732 290 403 505 95.757462 97.163239 53.265968 -0.400637 0.087042 0.032624 31.196337 -43.913475 590.089294 -1.867033 -44.395630 593.112671 64.259705 -43.431324 587.065918
603 285 616 275 632 275 645 283 631 288 616 289 721 283 734 276 750 277 763 287 749 291 734 289 242 387 127.742996 73.658997 52.084599 -0.358500 0.083440 0.037652 32.692276 -44.407097 590.120789 -0.374989 -45.138004 593.050171 65.759544 -43.676193 587.191406
603 287 616 278 632 277 645 285 631 290 616 291 720 286 733 278 749 279 762 289 749 293 734 291 281 576 120.032372 111.126999 55.339840 -0.377168 0.085495 0.037210 32.498657 -43.155590 590.513550 -0.563622 -43.831642 593.511597 65.560936 -42.479538 587.515442
614 290 626 281 642 281 655 290 641 297 626 297 737 293 751 284 769 284 784 293 769 300 752 300 192 590 137.732300 113.827415 56.153214 0.003159 0.847818 0.034899 24.139315 -25.051720 371.667175 2.188203 -26.118265 396.558350 46.090427 -23.985174 346.775970
598 290 611 280 627 279 640 287 626 293 611 294 716 287 729 279 745 280 759 290 745 294 730 293 998 564 -22.537909 109.335243 50.652561 -0.345746 0.089168 0.024417 29.728134 -41.695011 584.318481 -3.336284 -41.982185 587.355164 62.792553 -41.407841 581.281799
616 288 630 279 646 278 659 286 645 292 630 292 735 288 748 280 764 281 776 291 763 295 749 294 102 570 155.623123 109.792465 56.343525 -0.304434 0.032825 0.032916 40.637161 -42.221344 589.416626 7.467943 -43.132526 590.654480 73.806381 -41.310165 588.178772
611 288 624 279 641 278 654 286 639 292 624 293 729 287 742 279 758 280 771 290 758 294 743 293 427 395 90.959671 75.394577 51.080563 -0.325383 0.056547 0.027325 37.420624 -42.394882 588.602173 4.280698 -42.982994 590.591919 70.560555 -41.806770 586.612488
