520 304 531 297 545 297 557 303 545 307 532 308 623 302 635 296 649 296 661 302 649 306 635 306 67 77 125.588509 22.204613 12.110078 -0.519265 -0.016186 -0.020611 -25.696402 -29.600719 671.939697 -58.890064 -29.083189 671.252380 7.497264 -30.118248 672.627014
518 305 529 298 543 297 555 303 543 307 530 308 621 302 633 295 647 296 659 302 647 306 633 306 853 46 -30.702730 15.674503 16.417053 -0.523327 -0.023110 -0.029361 -26.968761 -29.513678 671.381531 -60.150921 -28.779089 670.399597 6.213399 -30.248264 672.363464
521 307 532 300 546 299 558 305 546 309 533 310 624 305 635 298 649 299 661 305 649 309 636 308 725 387 -5.175931 83.129097 23.392281 -0.550087 -0.023199 -0.020707 -25.285288 -28.046545 673.552185 -58.474449 -27.599792 672.635864 7.903874 -28.493299 674.468445
523 305 534 299 548 298 560 304 548 308 535 309 626 304 638 298 652 298 664 305 652 309 639 308 356 182 68.148560 42.806347 16.353428 -0.534253 -0.024594 -0.012124 -23.642832 -28.280628 668.742371 -56.835457 -28.109964 667.859131 9.549793 -28.451294 669.625610
372 476 390 465 410 462 428 471 410 479 390 481 519 469 535 460 554 461 571 472 555 477 537 476 1170 714 -93.584724 147.522583 33.703823 -0.817694 -0.257355 -0.098370 -77.295418 60.698811 517.526184 -109.316246 60.292366 508.747711 -45.274590 61.105259 526.304626
521 310 533 304 546 303 558 309 546 313 533 313 624 308 636 302 650 303 661 309 649 312 636 312 1228 472 -105.171028 99.668457 28.544123 -0.556962 -0.029679 -0.020684 -25.002653 -25.674582 671.935974 -58.186298 -25.290274 670.814514 8.180991 -26.058889 673.057373
522 306 534 299 548 299 560 306 547 310 534 310 626 306 638 299 653 299 665 306 652 310 639 310 102 21 118.616814 11.119843 11.053786 -0.501435 -0.014993 -0.007076 -23.475779 -27.258270 664.470520 -56.676125 -27.155287 663.935669 9.724566 -27.361256 665.005432
521 308 532 301 546 301 558 307 546 311 533 312 624 307 636 300 651 300 663 307 650 311 637 310 718 147 -3.837516 35.703609 17.863527 -0.520993 -0.023231 -0.017108 -24.621361 -26.629627 666.579773 -57.812664 -26.283405 665.698242 8.569942 -26.975849 667.461243
519 310 530 303 544 303 556 309 544 313 531 314 623 308 635 302 649 302 661 308 649 312 635 311 1010 506 -61.817425 106.499588 27.930014 -0.539009 -0.023333 -0.026165 -25.780468 -25.666664 666.418762 -58.965366 -25.043285 665.452637 7.404432 -26.290045 667.384949
519 311 530 305 544 304 556 310 544 314 531 315 622 309 634 303 648 303 659 309 647 313 634 312 1360 628 -131.382523 130.429535 32.951050 -0.543837 -0.028053 -0.028551 -26.387497 -25.143566 670.796631 -59.566364 -24.488911 669.659119 6.791369 -25.798222 671.934082
521 309 533 303 547 302 558 309 546 312 533 313 625 308 637 302 651 302 663 309 651 312 638 312 113 476 116.530922 101.031837 21.520891 -0.539333 -0.017847 -0.013833 -24.380112 -25.759836 666.601685 -57.576664 -25.478464 665.916565 8.816441 -26.041208 667.286804
520 313 531 307 545 306 556 312 544 315 532 316 623 311 635 305 648 306 660 312 648 315 636 314 4 870 138.291656 178.950592 29.828426 -0.560308 -0.018190 -0.019261 -25.757475 -23.774460 670.954651 -58.950939 -23.332737 670.207336 7.435988 -24.216181 671.701965
516 310 528 303 542 303 554 309 541 313 528 314 620 308 632 301 646 301 658 307 646 311 633 311 1367 146 -132.881668 35.172527 21.981838 -0.520395 -0.023489 -0.033499 -27.413115 -25.828026 665.646912 -60.590763 -24.963919 664.618958 5.764534 -26.692133 666.674805
518 310 530 304 543 303 555 309 543 313 530 314 622 308 634 302 648 302 660 308 648 312 635 312 39 459 131.240936 97.710297 20.660254 -0.530840 -0.013724 -0.020881 -26.229620 -25.432869 664.832275 -59.424309 -24.889847 664.218018 6.965068 -25.975891 665.446594
516 313 527 306 540 306 552 311 540 315 528 316 619 310 630 303 644 303 656 309 644 313 631 313 1419 663 -143.106003 137.315964 34.127281 -0.540511 -0.024542 -0.038073 -28.499773 -24.603350 669.961487 -61.671349 -23.615105 668.852600 4.671801 -25.591595 671.070374
517 311 529 305 542 304 554 310 542 314 529 315 621 309 633 302 647 302 659 308 647 312 634 312 119 450 115.332123 95.890602 20.965067 -0.534811 -0.011417 -0.026070 -26.889462 -25.083111 665.179810 -60.081146 -24.357210 664.592590 6.302222 -25.809010 665.767029
513 310 524 303 538 303 550 309 538 313 525 314 617 307 629 300 643 299 655 306 643 310 630 310 1298 113 -119.169403 28.686480 20.787498 -0.506264 -0.019950 -0.041877 -29.369349 -26.091717 664.918823 -62.539200 -24.924431 663.940063 3.800504 -27.259005 665.897522
513 311 524 304 538 304 550 310 538 314 525 314 616 307 628 301 642 301 655 307 642 311 629 311 1076 288 -74.989067 63.384254 23.369768 -0.528719 -0.019032 -0.042322 -29.735186 -25.682816 666.058838 -62.905079 -24.505745 665.093262 3.434708 -26.859884 667.024414
473 317 483 309 496 308 507 313 496 318 484 319 575 308 587 301 601 301 614 306 601 310 588 311 1428 788 -144.867691 162.013992 37.041004 -0.530122 0.009083 -0.081577 -56.202518 -24.262913 667.372498 -89.298134 -21.604174 666.958923 -23.106903 -26.921654 667.786072
513 309 523 302 537 302 548 308 536 312 524 313 615 307 627 301 641 301 653 308 641 311 628 311 1233 391 -106.183235 83.658569 26.725147 -0.533171 0.003317 -0.014107 -30.705627 -26.183830 668.596069 -63.907036 -25.708622 668.579163 2.495781 -26.659040 668.613037
486 130 499 121 515 120 529 126 515 131 500 133 606 121 620 113 636 112 650 119 636 124 621 125 701 663 -0.342447 137.684875 29.545841 -0.402678 -0.006078 -0.078208 -34.166691 -123.501625 576.189453 -67.270767 -121.017044 575.477722 -1.062614 -125.986198 576.901184
480 387 493 377 509 377 522 388 508 393 494 394 591 384 602 373 618 371 631 379 619 387 605 388 104 783 118.388786 161.706177 28.478527 0.204579 0.033983 -0.068671 -43.596561 20.926052 614.752319 -76.704292 23.073196 616.104065 -10.488826 18.778906 613.400574
540 393 552 386 566 386 578 393 566 396 552 397 646 394 658 387 672 387 683 394 671 398 658 397 760 373 -12.138274 80.344421 23.295706 -0.677967 -0.037217 -0.001035 -11.291832 27.830826 651.941772 -44.474503 27.459557 650.787537 21.890837 28.202097 653.095947
538 395 550 388 564 388 576 394 563 398 550 398 644 395 656 388 670 389 681 396 669 399 656 398 522 465 35.204945 98.647858 23.879299 -0.674138 -0.043129 -0.004544 -12.662214 28.700861 653.014282 -45.836971 28.375889 651.639709 20.512545 29.025835 654.388855
527 391 540 383 554 383 567 390 554 394 540 395 634 389 646 382 661 382 673 389 661 393 647 393 764 56 -13.004186 17.696444 16.077662 -0.649758 -0.040434 -0.026926 -18.433880 25.372707 648.219299 -51.600880 25.783894 646.689331 14.733119 24.961523 649.749207
527 389 539 382 553 382 565 388 552 392 539 393 633 387 645 380 659 381 671 387 659 391 646 391 411 575 57.300121 120.443222 25.684568 -0.599068 -0.042626 -0.023470 -19.598663 24.386530 655.586182 -52.765335 24.708429 654.027954 13.568007 24.064631 657.144348
516 396 527 389 541 388 553 393 541 397 528 399 621 390 633 383 646 383 658 389 647 393 634 393 537 605 32.253586 126.307121 27.174065 -0.652796 -0.040093 -0.064086 -26.921780 27.072048 656.260986 -60.035084 28.630995 654.353516 6.191525 25.513100 658.168457
514 396 525 388 539 387 552 393 539 397 526 399 620 390 632 383 646 383 659 389 647 393 633 393 1005 280 -60.873562 61.839764 22.733925 -0.639510 -0.037921 -0.059291 -27.305670 26.646841 649.286255 -60.431042 28.093624 647.504089 5.819704 25.200058 651.068420
513 394 525 386 540 385 552 391 539 396 526 397 621 389 632 381 647 381 659 388 647 392 634 392 444 119 50.637051 30.310997 15.475368 -0.618556 -0.042067 -0.057808 -27.035578 25.755917 646.333984 -60.158237 27.135534 644.450928 6.087080 24.376297 648.217041
518 397 530 390 544 389 556 395 544 399 531 400 625 392 636 386 650 386 662 392 650 396 637 396 257 508 87.905800 107.281731 23.170944 -0.651091 -0.034432 -0.044923 -24.854832 28.300463 653.004150 -58.008324 29.329058 651.471985 8.298659 27.271866 654.536377
520 399 531 392 546 391 558 397 545 401 532 402 626 394 638 388 652 387 664 394 652 398 639 398 1131 460 -85.886703 97.346840 27.650976 -0.640142 -0.041165 -0.048360 -23.734949 29.236313 651.281921 -56.875080 30.311007 649.510925 9.405181 28.161619 653.052979
521 400 532 394 546 393 558 398 546 402 533 403 626 396 638 390 651 390 663 395 651 399 638 399 1248 713 -109.094078 147.284897 34.178677 -0.645711 -0.043764 -0.049990 -24.012802 30.552204 656.850708 -57.146866 31.645067 654.980103 9.121261 29.459341 658.721313
525 400 536 393 550 392 562 398 550 402 537 402 631 397 643 390 656 390 668 397 656 400 643 400 58 562 127.485992 118.055519 23.135078 -0.647397 -0.041356 -0.029201 -20.974190 30.578072 654.056458 -54.137924 31.051853 652.474731 12.189545 30.104290 655.638184
523 401 535 394 549 393 562 399 549 403 536 404 630 397 642 390 655 390 667 396 655 400 642 400 827 589 -25.412134 122.996178 28.658901 -0.634438 -0.042572 -0.043773 -21.586737 30.704664 652.636536 -54.731716 31.628260 650.871033 11.558242 29.781071 654.401978
522 398 534 391 549 391 561 397 548 401 535 402 630 395 641 388 656 387 668 394 656 398 642 398 1363 41 -132.109711 14.424356 19.557028 -0.601807 -0.050569 -0.046225 -21.641809 29.210545 647.119019 -54.771046 30.163298 645.092773 11.487425 28.257792 649.145264
530 398 542 391 557 391 569 398 556 401 543 402 637 397 649 390 663 391 674 398 662 401 649 401 981 290 -56.099293 63.828308 22.809290 -0.620641 -0.056398 -0.019149 -17.145996 30.495279 652.125854 -50.293800 30.528170 650.181152 16.001804 30.462389 654.070496
534 400 547 392 562 392 574 399 561 403 547 404 642 400 653 393 668 393 679 400 667 404 654 404 1393 216 -138.035797 48.992653 23.747267 -0.611083 -0.066057 -0.010687 -14.186093 31.825722 652.465332 -47.318878 31.509319 650.302429 18.946690 32.142124 654.628235
535 400 548 393 562 393 574 400 561 403 548 404 642 400 654 393 668 394 679 400 668 404 655 404 420 276 55.444042 61.349857 18.909735 -0.611855 -0.049717 -0.004633 -13.865210 31.928017 653.305664 -47.029911 31.582998 651.710999 19.299494 32.273037 654.900391
537 401 549 395 563 395 576 402 563 405 549 405 644 402 656 396 669 396 681 403 669 406 656 406 30 653 133.073639 136.053436 25.035797 -0.618057 -0.044610 -0.000751 -12.952032 33.244125 653.604126 -46.124840 32.824211 652.208435 20.220776 33.664040 654.999878
535 402 548 395 562 395 575 402 562 405 548 406 643 402 654 395 668 396 680 402 668 406 655 406 604 557 18.920954 116.786873 26.504763 -0.612644 -0.051337 -0.007215 -13.718207 33.133373 653.412415 -46.879787 32.852207 651.742065 19.443375 33.414536 655.082764
493 400 505 392 520 392 532 398 519 402 506 403 600 395 612 387 626 387 639 393 627 397 613 398 1098 330 -79.354088 71.673042 24.469862 -0.656532 -0.049817 -0.061709 -39.582550 29.308727 646.782776 -72.686684 30.688135 644.598083 -6.478410 27.929317 648.967468
496 399 508 392 522 391 534 397 522 401 509 402 602 394 614 387 628 387 641 392 628 397 615 397 558 306 28.011486 67.207588 20.475801 -0.659643 -0.046476 -0.059516 -38.576485 29.245390 653.837158 -71.690056 30.589027 651.776611 -5.462913 27.901751 655.897644
495 399 506 392 520 391 533 397 520 401 507 402 601 394 613 387 627 387 639 393 627 397 614 397 435 434 52.496693 92.566299 22.615807 -0.676812 -0.049456 -0.059442 -39.502819 29.223539 653.380310 -72.612144 30.513577 651.219727 -6.393493 27.933504 655.540894
489 400 501 392 516 391 528 397 516 402 502 403 596 394 608 387 623 386 635 393 623 397 609 397 954 219 -50.746555 49.811077 21.014631 -0.659013 -0.056943 -0.068676 -41.861629 29.185421 645.784363 -74.939102 30.700983 643.305786 -8.784153 27.669857 648.262939
487 400 499 392 513 391 526 397 514 402 500 403 594 393 606 386 621 385 633 391 621 396 607 396 945 62 -48.991993 18.789171 17.369696 -0.647974 -0.053758 -0.075075 -43.213837 28.761511 646.730286 -76.282074 30.522182 644.290771 -10.145598 27.000839 649.169800
488 403 499 397 513 396 526 401 513 405 500 406 594 397 606 390 620 390 632 395 620 399 607 399 347 763 70.067421 157.628891 29.572063 -0.673339 -0.049831 -0.074177 -43.812634 31.220276 651.968445 -76.889893 32.962257 649.640320 -10.735377 29.478294 654.296631
485 403 496 396 510 395 522 401 510 405 497 406 591 396 603 389 617 389 629 394 617 399 604 399 661 652 7.608506 135.531601 29.039255 -0.667974 -0.054030 -0.079780 -45.576847 30.952837 650.318726 -78.633286 32.828560 647.806152 -12.520411 29.077114 652.831360
485 404 497 396 511 395 523 401 511 405 498 406 592 397 603 389 618 389 630 395 618 399 604 399 872 574 -34.363052 120.008736 28.603283 -0.667718 -0.055423 -0.079775 -44.986454 31.020206 647.929810 -78.040466 32.881199 645.374695 -11.932443 29.159214 650.484924
483 405 495 398 508 397 520 402 508 407 496 408 589 398 600 391 614 390 626 396 614 400 601 400 1274 813 -114.241531 167.033646 36.629616 -0.667949 -0.060243 -0.088401 -47.119362 32.183662 654.059387 -80.141312 34.257221 651.264648 -14.097411 30.110106 656.854126
485 404 496 397 510 396 523 401 511 406 497 407 592 397 603 390 618 389 630 395 618 399 605 400 319 548 75.586937 115.154716 24.480570 -0.661190 -0.048726 -0.079614 -45.009300 31.229437 647.128540 -78.074760 33.165588 644.786194 -11.943842 29.293287 649.470825
481 403 493 396 508 394 520 400 508 405 494 406 589 396 601 388 615 387 628 393 616 398 602 399 823 177 -24.708515 41.578293 19.219027 -0.642066 -0.054743 -0.085490 -46.568359 30.453283 645.508484 -79.608017 32.532932 642.936462 -13.528696 28.373634 648.080566
479 403 491 395 506 393 519 400 506 405 492 406 587 395 599 387 614 386 626 392 614 397 600 398 1223 51 -104.270576 16.472500 18.892214 -0.628507 -0.060409 -0.091897 -47.481483 29.815838 643.672485 -80.492226 32.055126 640.873169 -14.470745 27.576550 646.471863
482 405 494 397 508 396 520 402 508 406 495 408 590 398 601 390 615 389 628 395 616 400 602 400 299 500 79.552948 105.679176 23.256136 -0.656010 -0.050098 -0.081645 -46.381744 31.536842 646.490479 -79.439720 33.527653 644.089111 -13.323772 29.546032 648.891907
480 404 491 396 506 395 519 401 506 406 493 407 587 396 599 388 614 387 626 393 614 398 600 399 918 78 -43.619884 21.964985 17.563019 -0.628865 -0.057058 -0.089440 -47.442364 30.678579 644.597900 -80.466568 32.875336 641.926575 -14.418164 28.481819 647.269226
479 407 490 400 504 399 516 404 504 409 491 410 585 399 596 392 610 391 623 396 611 401 598 401 1426 770 -144.474030 158.457840 36.616936 -0.655313 -0.062444 -0.098721 -49.414288 32.978088 651.538757 -82.400803 35.364677 648.580139 -16.427773 30.591497 654.497437
479 406 491 399 505 398 518 403 505 408 492 409 587 398 598 391 613 390 625 395 613 400 600 401 444 460 50.712963 97.699829 23.267344 -0.650213 -0.050688 -0.092203 -48.077785 31.941956 645.920837 -81.105347 34.259224 643.396973 -15.050222 29.624687 648.444763
480 405 491 398 506 397 518 403 506 407 492 408 587 398 599 390 613 389 626 395 614 399 600 400 38 154 131.371872 37.436344 13.684511 -0.637588 -0.047778 -0.088634 -47.652737 31.502096 644.591492 -80.694984 33.756588 642.206787 -14.610487 29.247604 646.976135
478 407 489 399 504 398 516 404 504 408 490 410 585 398 597 391 611 389 624 395 612 400 598 401 553 304 29.005217 66.814919 20.398197 -0.642811 -0.051997 -0.096148 -48.849979 32.095127 644.343079 -81.863358 34.530689 641.745972 -15.836605 29.659567 646.940125
480 406 492 398 506 397 519 403 507 408 493 409 588 398 600 390 614 389 627 395 614 400 601 401 75 202 124.025658 46.903152 15.017420 -0.637147 -0.048919 -0.087376 -47.191284 31.742653 644.226074 -80.235306 33.947151 641.819336 -14.147263 29.538153 646.632812
478 409 490 401 504 400 517 406 504 410 491 411 585 400 597 393 611 392 624 398 612 402 598 403 836 655 -27.186956 136.034546 30.224451 -0.658437 -0.056738 -0.095638 -48.808674 33.510620 645.607544 -81.815697 35.857925 642.853271 -15.801646 31.163317 648.361816
489 381 501 374 516 374 529 380 516 384 502 385 603 380 616 373 632 373 645 380 631 384 617 384 1335 787 -126.376251 161.864151 36.424736 -0.691233 -0.047665 -0.019673 -36.501675 18.046576 600.277954 -69.664085 18.123283 598.602112 -3.339267 17.969866 601.953857
484 379 497 370 513 370 526 378 512 382 498 383 599 377 613 369 630 369 644 377 629 382 614 382 1197 211 -99.065247 48.105251 22.382370 -0.659837 -0.051394 -0.024738 -37.906372 16.421354 593.832825 -71.059120 16.641304 591.987122 -4.753628 16.201403 595.678589
485 384 498 376 514 376 527 382 513 387 499 387 601 382 615 375 631 375 645 383 631 387 615 386 676 585 4.611065 122.283272 27.603992 -0.688660 -0.049352 -0.021735 -37.196716 19.187695 592.478455 -70.355141 19.311165 590.728210 -4.038295 19.064224 594.228699
484 382 497 374 513 374 527 382 513 386 498 387 600 381 614 373 630 372 644 380 630 385 615 385 1248 323 -109.180901 70.212624 25.267035 -0.658619 -0.052517 -0.029905 -37.626083 18.384512 593.293518 -70.772438 18.753065 591.358826 -4.479727 18.015959 595.228210
485 385 498 377 514 377 527 384 513 388 499 389 601 383 615 376 631 377 645 384 631 388 616 387 1004 645 -60.593468 133.972015 31.067928 -0.690516 -0.054290 -0.025103 -37.190292 19.961161 593.590881 -70.338051 20.131683 591.652649 -4.042536 19.790638 595.529175
486 386 499 379 515 379 528 385 514 389 500 390 602 385 616 378 632 378 645 385 631 389 616 388 637 692 12.389452 143.448776 29.800129 -0.692337 -0.049063 -0.024667 -36.727001 20.734999 593.329407 -69.883728 20.948154 591.555786 -3.570276 20.521843 595.103027
487 387 500 380 515 380 529 387 515 390 500 391 604 386 617 379 633 379 646 386 633 390 618 390 91 659 120.946037 137.207825 25.562130 -0.689038 -0.042950 -0.020503 -36.049675 21.289351 591.659790 -69.218353 21.445194 590.118958 -2.880996 21.133505 593.200623
487 389 500 382 515 382 528 388 514 392 500 392 603 387 617 381 632 381 646 387 632 391 617 391 12 757 136.675812 156.615295 27.297380 -0.692957 -0.043535 -0.023072 -36.407017 22.129871 593.365417 -69.573120 22.354803 591.778442 -3.240912 21.904942 594.952393
482 387 496 379 512 378 525 386 511 390 496 391 599 385 613 376 629 376 644 384 629 389 614 388 1089 139 -77.607094 33.932018 20.048014 -0.649978 -0.054192 -0.036103 -37.980404 20.529064 590.044495 -71.117287 21.080124 587.994385 -4.843521 19.978006 592.094604
485 387 499 379 515 379 528 387 514 391 499 391 603 386 616 378 633 379 646 386 632 391 617 390 25 389 134.009033 83.884010 18.971397 -0.666857 -0.043826 -0.017985 -36.350018 21.270153 589.746704 -69.518944 21.356417 588.205688 -3.181097 21.183887 591.287781
483 393 496 385 511 385 524 392 511 395 496 396 599 390 612 383 628 383 642 390 628 394 613 394 1061 702 -71.914375 145.207138 32.734108 -0.691066 -0.054802 -0.035202 -38.600773 23.951155 593.438293 -71.737930 24.424486 591.373291 -5.463613 23.477821 595.503296
480 390 493 382 509 381 523 389 509 393 494 394 597 388 611 379 627 379 642 386 627 391 612 391 1333 113 -126.128632 28.668497 21.010828 -0.648526 -0.060047 -0.039473 -39.234062 22.115759 589.188232 -72.356140 22.711491 586.922729 -6.111980 21.520029 591.453735
481 396 494 389 509 389 522 395 509 399 495 399 597 393 611 386 626 386 640 393 626 397 611 396 924 884 -44.633461 181.244583 36.018700 -0.697893 -0.054927 -0.040121 -39.751354 25.828844 594.535889 -72.882454 26.443762 592.411743 -6.620259 25.213928 596.660034
478 392 491 384 508 383 521 391 507 396 492 396 596 389 610 381 626 380 640 388 626 393 611 393 991 55 -58.139961 17.382189 17.503262 -0.648273 -0.054951 -0.042974 -39.956295 23.151258 588.568115 -73.083138 23.908463 586.423645 -6.829453 22.394053 590.712585
481 391 494 384 510 383 524 391 510 395 495 396 599 390 612 382 629 381 643 389 629 394 613 393 181 130 102.933113 32.619961 14.048562 -0.652369 -0.046151 -0.030619 -38.400620 23.174459 585.891846 -71.556297 23.637798 584.146606 -5.244941 22.711123 587.637085
483 396 496 389 511 388 525 395 511 399 496 399 600 393 613 386 629 386 643 393 629 397 614 397 241 832 91.159294 171.319214 30.472370 -0.690996 -0.049038 -0.034894 -38.232594 25.672684 591.484558 -71.379639 26.200277 589.599182 -5.085547 25.145088 593.369934
482 395 495 388 511 388 524 395 510 399 496 399 599 393 613 386 629 386 643 392 629 397 614 397 403 582 58.892361 121.830681 25.793474 -0.676760 -0.050704 -0.033434 -38.390766 25.362371 589.919983 -71.536659 25.840929 588.001526 -5.244875 24.883814 591.838440
482 396 495 389 511 388 524 395 511 399 496 400 600 394 613 386 629 386 643 393 629 397 614 397 367 489 66.029716 103.470406 23.438679 -0.679054 -0.049840 -0.035371 -38.257492 25.644564 590.305969 -71.402657 26.189699 588.392761 -5.112326 25.099428 592.219177
481 398 494 390 510 389 523 396 509 400 494 401 598 395 612 387 628 387 642 394 628 398 613 398 385 594 62.474064 124.211380 25.952824 -0.684242 -0.051121 -0.037164 -38.807930 26.284876 588.099060 -71.948990 26.865799 586.126221 -5.666866 25.703955 590.071899
476 398 489 391 505 391 519 397 505 401 490 402 593 395 607 387 623 387 637 393 623 398 608 398 1288 497 -117.095566 104.578156 29.498232 -0.658807 -0.063528 -0.051746 -41.656116 26.525280 590.883362 -74.753502 27.450323 588.380005 -8.558727 25.600237 593.386719
556 395 566 386 580 384 592 390 581 396 568 398 658 381 668 371 683 369 697 375 685 381 671 383 1419 667 -143.105118 138.106461 34.218685 -0.605155 0.060592 -0.136587 -2.779535 22.963827 662.756470 -35.625507 27.800449 663.312256 30.066437 18.127203 662.200745
566 399 577 390 591 388 603 394 591 399 579 401 669 384 680 375 694 373 707 379 696 385 682 386 648 770 10.219631 158.857590 31.652647 -0.621167 0.063848 -0.131344 3.977170 25.315655 659.660645 -28.885403 30.023323 660.330505 36.839745 20.607985 658.990784
564 397 574 389 589 387 601 392 590 398 576 400 667 383 678 374 693 372 706 377 694 383 681 385 1295 678 -118.447121 140.343994 33.678814 -0.599943 0.056169 -0.137198 2.807928 24.204060 657.239685 -30.043461 29.017094 657.664673 35.659317 19.391026 656.814697
564 398 574 389 588 386 601 392 589 398 576 400 667 382 678 373 693 371 706 376 694 382 681 384 1269 471 -113.323486 99.449768 28.782887 -0.601542 0.058242 -0.143615 2.769022 24.013779 656.746582 -30.049706 29.044851 657.169739 35.587749 18.982708 656.323425
566 401 577 393 591 391 603 396 591 401 579 403 669 387 680 378 694 376 707 381 696 387 682 388 228 737 93.723000 152.551880 28.218634 -0.616803 0.063877 -0.129445 4.029443 26.600624 659.426392 -28.840849 31.249630 660.126587 36.899734 21.951620 658.726257
561 400 572 391 587 389 600 395 588 400 574 402 666 385 677 376 692 373 705 379 693 385 679 387 759 111 -11.997766 28.568178 17.302528 -0.583637 0.057740 -0.137698 1.804605 25.327223 650.153809 -31.041124 30.170628 650.662781 34.650337 20.483820 649.644836
574 411 583 402 597 400 610 406 599 411 586 413 676 394 687 384 703 381 717 386 704 393 690 395 848 276 -29.657352 61.129948 21.640734 -0.588874 0.102084 -0.154769 8.776842 31.332832 649.724854 -23.875168 37.118359 651.437622 41.428852 25.547306 648.012146
577 403 588 395 602 393 614 399 603 405 590 406 680 391 691 381 706 379 720 385 708 391 694 393 1256 756 -110.675186 155.778488 35.212292 -0.603634 0.087762 -0.114783 11.140847 28.710712 654.427246 -21.728340 33.133656 656.043945 44.010033 24.287771 652.810486
577 405 587 397 601 395 613 401 602 406 589 408 680 392 691 383 706 381 719 386 707 392 693 394 233 723 92.725708 149.782623 27.930634 -0.600158 0.095293 -0.115882 10.891356 29.770832 656.464783 -21.951513 34.297504 658.312683 43.734226 25.244160 654.616882
575 404 586 395 600 394 613 400 601 405 588 407 679 391 690 381 706 379 720 385 707 391 693 393 193 195 100.561562 45.459175 15.610406 -0.588154 0.094614 -0.119400 10.288443 28.644192 648.774536 -22.542767 33.265209 650.595886 43.119652 24.023174 646.953125
570 407 580 398 594 396 607 402 596 408 582 410 673 392 685 383 700 380 714 385 702 392 687 394 1328 277 -125.097946 61.080944 24.726385 -0.576383 0.077981 -0.138499 6.819989 29.646961 649.765686 -25.977747 34.700901 650.917175 39.617725 24.593023 648.614197
569 408 579 399 593 397 606 403 594 409 581 411 672 393 683 383 698 381 712 386 700 392 686 395 1149 210 -89.521393 47.932293 22.053240 -0.578644 0.080068 -0.145075 6.004392 30.312500 650.476135 -26.758156 35.590309 651.625000 38.766937 25.034689 649.327271
568 406 578 397 592 395 605 401 593 407 580 409 671 391 682 382 697 379 711 384 699 391 685 393 1017 3 -63.321247 7.092527 16.480944 -0.573080 0.081569 -0.137910 5.364445 29.193810 651.093140 -27.426567 34.261051 652.370728 38.155457 24.126568 649.815552
566 408 576 399 590 397 603 403 591 408 578 411 669 392 680 382 695 379 709 384 697 391 683 393 1217 27 -103.082916 11.732675 18.305521 -0.575558 0.076079 -0.157390 4.037379 29.686144 647.923523 -28.675188 35.308060 648.840942 36.749947 24.064228 647.006104
566 411 577 403 591 401 603 406 592 411 579 414 669 396 681 386 695 384 709 388 697 395 683 397 1423 655 -143.903122 135.732941 33.970001 -0.602576 0.072039 -0.150004 4.391943 32.034241 650.490601 -28.367914 37.394489 651.277405 37.151802 26.673996 649.703735
571 409 581 401 595 399 608 405 597 410 584 412 675 394 686 385 701 382 715 387 703 394 689 396 1369 386 -133.225922 82.600586 27.478689 -0.588923 0.071787 -0.144340 7.551146 31.013750 648.609314 -25.235455 36.194584 649.479614 40.337746 25.832914 647.739014
569 410 579 401 593 399 606 405 594 410 581 412 672 394 683 384 698 382 712 386 700 393 686 395 1181 253 -95.874542 56.413563 23.239992 -0.585315 0.076298 -0.151123 6.022045 31.011194 650.359741 -26.721491 36.443211 651.315674 38.765579 25.579182 649.403870
573 413 583 404 597 402 610 408 598 414 585 416 676 398 687 388 702 386 716 391 703 397 689 399 321 463 75.170341 98.355888 22.551052 -0.611957 0.094916 -0.138825 8.308736 33.567680 652.092346 -24.442089 38.806465 653.672913 41.059559 28.328894 650.511780
570 413 580 404 594 402 607 409 595 414 582 416 673 399 685 389 700 386 714 392 701 398 687 400 314 261 76.517220 58.440002 17.890612 -0.605657 0.087523 -0.135630 6.718531 33.681309 648.134399 -26.067675 38.747349 649.534302 39.504734 28.615267 646.734558
528 318 542 309 558 309 572 319 558 323 542 323 650 318 664 309 681 309 695 317 681 322 665 322 370 120 65.351067 30.546640 15.026036 -0.500878 0.002043 -0.006237 -10.213401 -17.044460 567.626404 -43.417515 -16.829292 567.640625 22.990713 -17.259626 567.612122
518 309 530 301 547 301 559 310 546 315 531 315 636 311 650 302 667 302 682 311 667 316 651 316 1214 64 -102.478172 19.046200 19.131842 -0.497459 0.009331 0.009739 -17.410189 -21.382116 578.829102 -50.612045 -21.616821 579.205139 15.791666 -21.147409 578.453125
517 316 530 308 546 308 559 317 545 322 530 322 635 318 649 309 666 309 681 318 666 323 650 323 1056 366 -70.995003 78.808983 25.024481 -0.530548 -0.002378 0.003900 -17.766222 -17.629272 579.530151 -50.970695 -17.773249 579.488403 15.438253 -17.485294 579.571899
531 347 544 341 559 342 571 352 558 355 544 353 646 357 660 349 677 350 691 358 676 363 661 362 1388 698 -136.934326 144.248642 34.729240 0.301155 -0.012134 0.079536 -11.273849 2.476952 577.131287 -44.372059 -0.061291 576.340393 21.824360 5.015195 577.922180
531 343 542 336 556 338 567 346 554 349 542 348 639 350 652 342 668 342 681 350 667 354 653 354 1115 712 -82.649239 147.155609 33.307175 -0.446128 0.024983 0.051348 -15.320533 -1.017733 616.934082 -48.472115 -2.483897 618.109863 17.831049 0.448432 615.758240
527 348 539 341 554 342 566 351 553 354 540 354 642 352 656 343 672 344 686 351 671 356 657 356 1138 802 -87.202415 164.929703 35.510468 -0.514912 0.005899 0.019069 -14.036090 0.818402 591.325684 -47.234432 0.262197 591.672485 19.162254 1.374607 590.978943
529 351 542 344 558 345 570 354 557 358 542 357 648 356 662 348 678 348 692 356 678 361 662 360 173 892 104.693436 183.211426 31.409494 -0.547226 0.005224 0.026421 -11.213453 2.925109 579.237976 -44.406521 2.137329 579.637024 21.979614 3.712889 578.838989
533 351 546 344 561 345 574 354 560 357 546 357 652 356 666 348 682 349 696 356 682 361 666 361 340 603 71.423645 126.013092 25.871338 -0.541195 0.006887 0.032454 -9.123505 3.020164 577.305420 -42.310486 2.054950 577.807556 24.063477 3.985379 576.803223
532 353 544 347 560 348 573 356 559 359 545 359 651 359 664 351 681 351 694 358 680 363 665 362 699 696 0.062570 144.207413 30.287142 0.347878 -0.023897 0.037556 -9.710824 4.013534 567.100159 -42.883076 2.928519 566.108154 23.461428 5.098548 568.092163
554 340 568 333 584 333 597 343 583 347 568 346 672 347 687 339 703 340 717 349 703 353 687 352 923 728 -44.469353 150.416199 32.447662 -0.306768 0.021797 0.053520 2.895578 -2.689538 595.325806 -30.254242 -4.327807 596.308228 36.045399 -1.051270 594.343323
533 341 546 333 561 334 574 343 560 347 546 347 649 345 663 336 680 337 694 345 679 350 664 350 1195 307 -98.646210 67.077911 24.563244 -0.526491 0.011910 0.025760 -10.019398 -2.924909 587.161499 -43.211147 -3.639459 587.758911 23.172350 -2.210359 586.564087
536 338 549 330 565 330 577 339 564 343 549 343 653 340 666 331 683 332 697 340 683 345 667 345 429 40 53.601990 14.706630 13.574476 -0.398585 0.027161 0.016055 -8.103625 -5.703190 591.630310 -41.292130 -6.044858 592.613159 25.084879 -5.361523 590.647400
542 348 555 341 570 341 582 351 569 354 555 354 657 352 670 344 687 345 701 353 686 357 671 357 1062 834 -72.083824 171.292618 35.756737 -0.574065 0.011625 0.029194 -5.494339 1.126231 591.493347 -38.683205 0.317155 592.129089 27.694527 1.935306 590.857544
548 348 560 341 576 341 588 351 575 354 560 354 663 353 676 344 693 345 707 353 692 358 677 357 206 492 98.042824 104.145988 22.479916 -0.543236 0.035017 0.037728 -2.197186 1.272281 591.218323 -35.359093 0.388854 592.656128 30.964718 2.155708 589.780579
542 351 555 344 570 344 583 353 569 357 555 356 658 354 672 345 689 346 703 354 688 358 673 358 447 308 50.082623 67.659866 19.813231 -0.580381 0.017162 0.017338 -4.874657 2.183830 583.271057 -38.069862 1.800726 583.971863 28.320551 2.566935 582.570312
542 351 554 344 570 345 582 354 569 358 555 357 658 355 671 347 688 347 702 355 687 360 672 360 775 518 -15.088519 108.991783 26.704721 -0.565556 0.015677 0.025856 -5.231440 2.810615 589.089050 -38.421474 2.140548 589.818542 27.958595 3.480682 588.359558
542 354 555 346 570 347 582 356 569 359 555 359 657 357 671 349 687 350 701 358 687 362 672 362 488 867 42.054832 178.109055 32.848198 -0.566960 0.018901 0.029858 -5.371745 4.054826 592.705872 -38.556377 3.289049 593.573853 27.812887 4.820603 591.837891
538 352 550 345 566 345 578 354 565 358 550 357 654 355 668 347 685 347 699 355 685 360 669 360 1359 139 -131.292557 33.793289 21.770840 -0.534616 0.002184 0.017122 -7.124571 2.951712 584.671814 -40.324554 2.428821 584.889343 26.075413 3.474603 584.454346
545 226 558 218 574 218 587 226 574 230 559 231 659 223 671 215 686 214 699 221 686 227 672 227 660 132 7.691577 32.769093 17.150682 -0.390249 -0.009318 -0.037371 -4.476917 -73.855339 617.345520 -37.657417 -72.705612 616.804932 28.703583 -75.005058 617.886108
558 226 572 219 588 218 601 227 587 231 572 231 671 225 682 216 697 216 709 223 697 229 683 229 223 200 94.597626 46.431866 15.916083 -0.378949 -0.026701 -0.029920 2.824611 -74.247452 627.069214 -30.353825 -73.443817 626.017944 36.003048 -75.051094 628.120483
541 223 554 214 570 214 582 222 569 227 554 228 652 220 664 211 680 211 693 219 680 224 666 225 1282 291 -115.948418 63.871273 24.752771 -0.308210 -0.037137 -0.039877 -7.777739 -77.369774 630.706238 -40.933655 -76.255653 629.290710 25.378178 -78.483887 632.121704
541 222 554 213 570 213 583 221 569 226 555 227 653 219 665 210 681 209 693 217 681 223 667 223 1033 209 -66.456749 47.794273 21.290213 -0.438236 -0.021196 -0.042578 -7.312306 -76.693039 621.059937 -40.480167 -75.476318 620.073914 25.855555 -77.909767 622.045959
539 225 551 217 567 216 580 225 567 229 552 230 651 222 663 213 678 213 691 220 678 226 664 226 1398 238 -139.025085 53.337749 24.281879 -0.435697 -0.025098 -0.045701 -8.786400 -74.906242 621.380859 -41.946800 -73.615623 620.248718 24.373999 -76.196854 622.513062
553 227 565 220 580 220 592 227 579 230 566 231 663 225 674 218 689 218 701 224 689 229 675 229 229 763 93.529953 157.689514 28.819124 -0.457940 -0.004800 -0.021283 -1.759522 -74.691628 633.077759 -34.956570 -74.045296 632.764893 31.437527 -75.337959 633.390564
545 227 558 220 573 220 586 227 572 231 558 232 655 225 667 218 682 217 694 224 682 229 668 229 500 732 39.638756 151.424026 29.839970 -0.443864 -0.010666 -0.033179 -5.948786 -74.367691 631.836548 -39.133766 -73.379333 631.253540 27.236193 -75.356056 632.419617
541 227 554 219 569 218 582 227 569 231 554 232 653 224 665 215 680 214 693 222 680 227 666 228 960 280 -51.925983 61.862888 22.446789 -0.421289 -0.012826 -0.043133 -7.650674 -73.959740 622.268005 -40.822369 -72.658371 621.557556 25.521021 -75.261108 622.978455
541 227 554 219 570 218 583 226 569 231 555 231 653 224 665 215 680 215 693 222 680 227 666 227 410 189 57.413025 44.161953 16.857944 -0.420944 -0.005380 -0.038288 -7.515937 -74.302864 624.091736 -40.696297 -73.106079 623.654785 25.664423 -75.499657 624.528748
536 228 549 220 565 219 578 227 564 232 550 232 648 224 660 215 675 214 688 221 676 227 662 227 925 203 -44.983902 46.664036 20.463980 -0.433124 -0.008451 -0.054927 -10.413216 -73.698769 620.949524 -43.567562 -71.992149 620.289001 22.741133 -75.405396 621.610046
535 229 548 220 563 220 576 228 563 232 548 233 647 224 659 215 674 214 687 221 675 227 660 228 1166 233 -92.896469 52.468845 22.687273 -0.430467 -0.009312 -0.057573 -11.155182 -73.437675 621.129089 -44.304405 -71.651039 620.424500 21.994043 -75.224319 621.833740
537 231 550 223 565 223 578 230 564 234 550 235 648 227 660 219 674 218 687 224 675 229 661 230 399 794 59.734898 163.728424 30.612228 -0.448816 -0.000252 -0.049080 -10.635193 -72.846497 629.000793 -43.800686 -71.273445 628.633118 22.530302 -74.419540 629.368408
536 228 549 220 564 219 577 227 564 231 550 232 648 224 660 215 675 214 688 221 675 226 661 227 371 176 65.164696 41.612915 16.312038 -0.421965 -0.001348 -0.052157 -10.554652 -74.090355 623.513916 -43.714947 -72.419510 623.110596 22.605642 -75.761192 623.917297
536 230 548 222 564 222 577 229 563 234 549 234 647 226 659 217 674 216 687 223 674 228 660 229 381 559 63.261612 117.296700 25.127537 -0.437759 0.000304 -0.053812 -11.110271 -73.059250 625.846375 -44.267780 -71.327629 625.471375 22.047239 -74.790863 626.221436
537 227 549 219 565 218 578 226 564 231 550 232 649 223 661 214 676 213 689 220 676 226 662 226 93 14 120.404770 9.741118 10.836406 -0.409638 0.000279 -0.049069 -10.215358 -74.368111 622.860046 -43.380760 -72.782753 622.540039 22.950045 -75.953476 623.180054
534 228 547 220 562 219 576 227 562 232 547 233 645 223 657 214 673 213 686 220 673 226 659 227 782 135 -16.565630 33.299271 17.997696 -0.419744 -0.006206 -0.060432 -11.852646 -73.983047 622.633606 -44.997101 -72.078629 622.018799 21.291807 -75.887474 623.248474
533 231 546 223 561 222 574 230 561 234 547 235 645 226 656 217 672 216 684 223 672 229 658 229 987 453 -57.256016 96.037483 26.572184 -0.430151 -0.009699 -0.062293 -12.452754 -72.751472 625.056396 -45.592613 -70.815773 624.306519 20.687105 -74.687180 625.806274
531 231 544 223 560 222 573 230 559 235 545 235 643 226 655 217 670 215 683 222 671 228 657 229 1224 415 -104.388382 88.406105 27.216127 -0.432555 -0.009116 -0.068599 -13.411300 -72.646042 623.535889 -46.537868 -70.504791 622.757935 19.715267 -74.787292 624.313782
531 232 544 223 560 223 573 230 559 235 545 236 643 226 654 217 670 216 683 223 670 228 656 229 1074 353 -74.576927 76.230659 24.842279 -0.427920 -0.008112 -0.069173 -13.514610 -72.364830 623.620361 -46.640144 -70.195969 622.875549 19.610922 -74.533684 624.365112
537 234 549 226 564 226 576 233 563 237 550 237 646 229 657 221 672 220 684 226 672 231 659 232 95 576 120.132217 120.803207 23.691074 -0.446026 0.003399 -0.053028 -11.773398 -72.118584 635.410156 -44.932117 -70.391678 635.133179 21.385321 -73.845490 635.687195
557 230 569 222 584 221 597 229 584 234 570 235 665 226 677 218 692 217 704 224 692 230 678 230 897 536 -39.342388 112.486282 27.894489 -0.398289 0.009772 -0.042612 0.415952 -74.598694 641.979919 -32.757553 -73.157570 642.017761 33.589455 -76.039818 641.942078
549 234 561 225 576 225 589 232 576 237 562 238 656 229 668 220 683 219 696 226 684 232 670 232 1277 871 -114.825119 178.494141 37.974079 -0.406577 0.009716 -0.055280 -4.576520 -73.410706 645.799683 -37.729759 -71.561562 645.745361 28.576721 -75.259842 645.854004
551 231 564 222 579 222 591 229 578 234 564 235 660 226 672 217 687 216 699 223 687 228 673 229 464 298 46.700199 65.674919 19.693201 -0.407932 0.015151 -0.052549 -2.785427 -74.680801 639.513245 -35.941280 -72.883614 639.651367 30.370426 -76.477989 639.375183
553 230 565 222 580 222 593 229 580 234 566 235 661 226 673 217 688 216 700 223 688 229 674 229 9 395 137.191727 85.077957 19.006405 -0.418559 0.017370 -0.046937 -2.083478 -74.813148 641.807617 -35.247318 -73.181442 642.046082 31.080362 -76.444847 641.569153
551 234 563 226 577 225 590 232 577 237 563 237 658 228 669 220 684 219 696 226 684 231 671 231 965 792 -52.806179 163.042374 34.178082 -0.420585 0.007162 -0.057801 -3.913600 -73.764458 646.909363 -37.062935 -71.853081 646.742493 29.235735 -75.675835 647.076233
549 230 562 222 577 221 590 229 577 234 563 235 658 225 670 216 685 215 698 223 686 228 672 229 248 167 89.619400 39.897522 15.321542 -0.396081 0.012990 -0.053252 -3.734660 -74.835648 639.288635 -36.890251 -73.029877 639.363037 29.420933 -76.641418 639.214233
543 232 555 223 570 222 583 229 570 234 556 236 652 224 663 215 678 214 691 221 679 226 665 227 1254 224 -110.395950 50.645039 23.043133 -0.389801 -0.001403 -0.081368 -7.791612 -75.045074 639.303711 -40.887917 -72.423050 638.738708 25.304693 -77.667099 639.868774
544 235 556 226 571 225 584 232 571 237 557 238 651 228 662 219 677 218 690 224 678 230 664 230 1032 817 -66.122559 167.948471 35.176857 -0.420134 0.001992 -0.078969 -8.018236 -74.087524 648.509827 -41.121017 -71.530830 648.031494 25.084545 -76.644218 648.988159
542 232 554 224 569 222 582 230 569 235 555 236 650 225 662 215 677 214 690 221 678 227 664 228 1138 224 -87.331085 50.704643 22.302956 -0.387079 0.003108 -0.081074 -8.534712 -74.716736 639.207947 -41.631653 -72.074608 638.794189 24.562231 -77.358864 639.621643
542 235 554 227 569 226 582 233 569 238 555 239 650 227 661 219 676 217 689 224 677 229 663 230 1180 733 -95.568848 151.272247 34.201790 -0.417625 0.003678 -0.083257 -8.841305 -73.683197 645.223572 -41.932541 -70.976334 644.773438 24.249931 -76.390053 645.673706
544 235 556 227 571 226 584 233 571 237 557 238 652 228 663 219 678 218 691 225 679 230 665 231 914 713 -42.683178 147.456497 32.047478 -0.445508 0.010102 -0.072248 -7.685058 -73.595718 645.609558 -40.803005 -71.203926 645.408386 25.432890 -75.987503 645.810791
544 235 556 227 571 226 583 233 571 238 557 239 651 229 662 220 677 218 690 225 678 231 664 232 1404 758 -140.102325 156.097687 36.202354 -0.443949 0.001328 -0.075032 -8.017844 -73.266731 645.418091 -41.130730 -70.849022 644.916931 25.095039 -75.684448 645.919250
544 232 556 224 572 223 584 230 571 235 557 236 653 226 665 217 680 216 693 222 681 228 667 229 382 9 62.940334 8.604522 12.566216 -0.405324 0.011746 -0.067742 -6.969444 -74.085510 637.501099 -40.096878 -71.821037 637.430786 26.157990 -76.349991 637.571472
545 235 557 227 572 226 584 233 572 238 558 239 653 228 664 219 679 218 691 225 679 230 666 231 680 632 3.826188 131.569412 28.703484 -0.429397 0.011249 -0.075892 -7.261800 -73.154312 643.808411 -40.370430 -70.634552 643.637695 25.846828 -75.674080 643.979126
541 234 553 225 569 224 582 231 569 236 555 238 651 226 662 217 678 215 691 222 678 228 664 229 1249 28 -109.445412 11.913854 18.532557 -0.399268 -0.002808 -0.086617 -8.422491 -73.536667 635.603149 -41.504337 -70.758263 634.946289 24.659355 -76.315063 636.260071
542 235 554 227 569 226 583 233 569 238 555 239 651 227 662 218 677 217 690 223 678 229 664 230 977 395 -55.280579 84.580589 25.183054 -0.419859 0.004355 -0.084859 -8.351041 -73.117805 639.081360 -41.437805 -70.355576 638.639038 24.735725 -75.880035 639.523682
543 237 555 229 570 228 582 235 570 239 556 240 650 229 662 221 676 220 689 225 677 231 663 231 784 825 -16.809689 169.656876 33.777210 -0.440270 0.012360 -0.084237 -8.613857 -72.689888 646.240234 -41.700329 -69.896759 646.031555 24.472612 -75.483009 646.448914
546 237 557 229 572 228 584 234 572 239 558 240 653 229 664 221 678 220 690 226 679 231 665 232 149 790 109.442764 163.066391 28.925617 -0.432194 0.018184 -0.074033 -7.401402 -72.932930 648.788574 -40.511269 -70.424431 648.850464 25.708464 -75.441429 648.726746
541 236 553 228 568 227 581 234 568 239 554 240 649 228 661 219 676 217 689 224 676 230 662 231 888 538 -37.552425 112.886154 27.882763 -0.425657 0.008643 -0.088481 -9.300242 -72.678604 639.824768 -42.375893 -69.772209 639.487305 23.775408 -75.585007 640.162231
541 235 553 226 568 225 581 232 568 237 554 238 650 226 662 218 677 216 690 223 678 228 664 229 532 68 33.128212 20.187101 14.871512 -0.408376 0.011564 -0.083550 -8.749008 -73.219055 637.346375 -41.837410 -70.447243 637.161011 24.339394 -75.990875 637.531738
546 254 558 246 573 244 586 251 573 255 559 257 653 245 665 237 679 236 692 242 680 247 666 248 1295 545 -118.476723 114.060379 30.639715 -0.462459 0.006259 -0.086131 -6.663814 -62.412960 643.657104 -39.747078 -59.610165 643.208130 26.419451 -65.215759 644.106018
564 231 576 223 592 223 605 231 591 235 577 236 676 227 689 218 705 217 718 224 705 229 690 230 838 393 -27.642954 84.256767 24.250418 -0.410345 0.044074 -0.042331 6.239285 -70.934868 612.942200 -26.904411 -69.273262 614.079773 39.382980 -72.596474 611.804626
574 235 586 228 602 227 615 235 602 239 587 240 687 232 699 223 715 223 729 230 715 235 701 235 224 261 94.412369 58.486244 17.316336 -0.415397 0.043571 -0.028382 12.281599 -67.982460 611.799744 -20.878973 -66.771202 613.011719 45.442173 -69.193718 610.587769
568 241 581 233 597 233 610 240 596 245 582 245 681 237 693 228 709 227 723 234 709 239 695 240 1258 632 -111.100464 131.272430 32.391605 -0.434728 0.029973 -0.040612 8.994607 -65.318039 614.163879 -24.168579 -63.799271 614.839172 42.157791 -66.836815 613.488586
575 237 587 230 603 230 616 237 602 241 588 242 688 235 700 227 716 226 729 233 716 238 701 238 129 116 113.269417 29.879984 13.396853 -0.401394 0.043802 -0.021529 12.744910 -66.650383 613.480042 -20.420891 -65.666878 614.753662 45.910709 -67.633881 612.206482
573 244 585 236 601 236 613 243 600 247 586 248 684 240 697 232 712 231 725 238 712 243 698 243 898 814 -39.479332 167.424469 34.253273 -0.450965 0.031860 -0.033124 11.187235 -63.860935 618.327820 -21.983105 -62.563850 619.106079 44.357574 -65.158020 617.549561
568 243 581 236 596 235 609 243 596 247 581 248 681 240 693 231 709 230 722 236 709 242 695 243 1203 326 -100.232658 70.828606 25.048449 -0.417476 0.026948 -0.040183 8.852265 -63.720970 613.568054 -24.314253 -62.241600 614.162292 42.018784 -65.200340 612.973755
574 244 587 237 602 237 614 244 601 248 587 248 686 241 698 233 713 233 726 239 713 244 699 244 110 848 117.210243 174.548462 30.002087 -0.435227 0.042019 -0.023968 11.811425 -63.530838 620.207947 -21.355154 -62.461365 621.388611 44.978004 -64.600311 619.027344
567 246 580 238 595 238 608 245 595 249 581 250 679 241 692 233 707 232 720 238 707 243 693 244 1382 467 -135.792740 98.601227 29.412519 -0.416697 0.021072 -0.049063 8.050584 -62.977074 617.627014 -25.107584 -61.251789 617.971802 41.208752 -64.702354 617.282227
569 245 581 237 597 237 610 244 596 248 582 249 682 241 694 233 710 233 723 239 710 244 695 244 326 350 74.151009 76.022125 20.000864 -0.420807 0.037575 -0.029816 9.158497 -62.764797 613.435547 -24.008684 -61.545475 614.441040 42.325676 -63.984123 612.430054
570 244 583 236 599 236 611 244 598 248 584 248 683 241 695 232 711 232 724 238 711 244 697 244 191 190 100.958122 44.472095 15.483393 -0.420103 0.042156 -0.026367 10.030726 -63.063457 614.236572 -23.133648 -61.924152 615.413818 43.195103 -64.202766 613.059387
567 245 580 238 595 237 607 244 594 248 580 249 679 241 692 233 707 232 720 238 707 243 693 244 947 97 -49.381870 25.704887 18.182220 -0.399693 0.028450 -0.039594 7.907866 -63.205532 616.401367 -25.258013 -61.739819 617.061523 41.073746 -64.671249 615.741211
567 244 579 237 595 237 608 244 594 248 580 249 679 241 692 233 708 232 721 238 708 244 693 244 731 241 -6.401444 54.273323 20.094412 -0.416662 0.028830 -0.034214 8.027108 -62.839535 613.239014 -25.144953 -61.539879 613.935303 41.199169 -64.139191 612.542725
568 245 581 238 596 238 609 245 595 249 581 249 681 242 693 234 708 233 721 239 708 244 694 245 516 189 36.336510 44.107487 17.534313 -0.411996 0.038197 -0.033116 8.592702 -62.704044 616.057617 -24.570286 -61.378201 617.066589 41.755692 -64.029892 615.048706
572 238 585 231 600 231 614 239 600 243 585 243 685 237 698 229 714 228 727 236 714 241 699 241 1387 169 -136.853256 39.707539 22.635014 -0.419902 0.013651 -0.016466 11.320268 -65.247116 611.047729 -21.877062 -64.622551 611.374634 44.517597 -65.871681 610.720825
614 237 625 230 640 230 651 238 639 241 626 242 716 236 727 228 740 228 751 234 740 239 728 239 425 769 54.559620 158.774536 30.206871 -0.185468 0.011840 -0.020400 34.461704 -73.444252 681.302551 1.266100 -72.734474 681.630737 67.657310 -74.154030 680.974304
586 239 600 232 616 232 629 240 615 244 600 244 700 238 712 230 727 229 740 236 727 241 713 241 646 818 10.627987 168.344421 32.736702 -0.410575 0.008064 -0.021573 20.014633 -65.722351 619.073181 -13.181498 -64.971848 619.188477 53.210762 -66.472855 618.957947
614 238 624 230 638 231 648 240 637 243 625 243 706 239 716 230 730 230 741 237 730 242 718 243 969 157 -53.742882 37.550854 19.693621 0.053052 0.277874 0.007129 31.849489 -74.891396 709.033997 -0.081078 -75.368073 718.131836 63.780056 -74.414711 699.936096
593 239 607 232 623 233 635 240 621 244 607 244 706 240 718 232 732 232 744 238 732 243 718 243 252 640 88.929367 133.370300 26.155289 -0.396739 0.016584 0.000186 23.712833 -65.721489 625.869202 -9.487472 -65.619705 626.406738 56.913139 -65.823280 625.331665
554 263 566 256 581 255 593 263 580 267 567 268 660 260 672 252 686 251 699 258 687 263 673 264 940 346 -47.934589 74.916161 23.827295 -0.437696 0.012639 -0.037282 -2.267177 -54.971142 653.484314 -35.446674 -53.682301 653.624023 30.912319 -56.259983 653.344604
551 267 563 259 578 258 590 266 577 270 564 271 657 263 669 255 684 254 697 260 684 266 670 266 911 746 -42.079327 153.979538 32.782398 -0.460860 0.011693 -0.044011 -3.910215 -53.010193 650.168396 -37.081211 -51.512627 650.212158 29.260782 -54.507755 650.124634
558 264 570 257 584 257 597 264 584 268 570 269 664 262 676 254 691 254 703 260 691 265 677 266 35 457 132.035828 97.317108 20.589029 -0.438646 0.020619 -0.023077 0.171967 -53.833168 650.839478 -33.017200 -52.943611 651.336914 33.361134 -54.722721 650.342041
554 261 566 254 581 253 593 261 580 265 566 266 660 259 672 250 687 250 700 257 688 262 674 262 511 114 37.313992 29.288467 15.788632 -0.432546 0.018333 -0.031354 -2.087829 -55.648792 648.275879 -35.271080 -54.510460 648.644043 31.095425 -56.787128 647.907715
551 265 562 257 577 257 589 265 577 269 563 270 657 261 668 253 683 252 696 259 684 264 670 265 1269 445 -113.329277 94.311615 28.188776 -0.436636 0.013451 -0.045574 -4.323106 -54.117409 652.476807 -37.491032 -52.556377 652.584106 28.844820 -55.678436 652.369446
553 266 565 258 579 258 592 266 579 270 566 270 659 263 670 255 685 254 698 261 685 266 672 266 226 787 94.131798 162.433975 29.348391 -0.452579 0.020641 -0.035239 -3.032195 -53.532005 654.645630 -36.209793 -52.249321 655.047424 30.145401 -54.814693 654.243835
549 266 560 259 575 258 587 266 575 270 561 271 655 263 666 254 681 253 694 260 681 265 668 266 1205 626 -100.563538 130.113937 31.916319 -0.445415 0.011494 -0.048503 -5.627754 -53.380657 652.212891 -38.792000 -51.739902 652.229187 27.536493 -55.021408 652.196594
549 265 561 257 575 257 588 264 575 269 561 269 655 261 667 253 682 252 695 258 682 264 668 264 315 215 76.308144 49.348915 16.845875 -0.431025 0.024527 -0.042119 -5.393326 -54.050896 649.959473 -38.559315 -52.523006 650.451904 27.772661 -55.578781 649.467102
547 266 558 259 573 258 585 265 573 270 559 270 653 262 664 253 679 252 692 259 680 264 666 265 1066 452 -72.964211 95.799271 27.053419 -0.443006 0.011639 -0.052540 -6.781383 -53.580780 650.826233 -39.938908 -51.809338 650.819946 26.376144 -55.352219 650.832520
544 269 555 261 570 260 582 267 570 272 556 273 649 263 661 255 676 254 689 260 676 266 663 266 1192 781 -97.944176 160.751907 35.375175 -0.462272 0.012051 -0.059639 -8.815209 -52.486504 650.825195 -41.959667 -50.486355 650.761536 24.329247 -54.486656 650.888855
546 265 558 257 572 256 585 264 572 268 559 269 653 260 665 252 680 251 693 257 680 263 666 263 408 25 57.774185 11.753102 13.097723 -0.417029 0.022381 -0.047356 -6.861511 -54.271255 647.162170 -40.021442 -52.592007 647.560608 26.298420 -55.950504 646.763794
546 268 557 260 572 260 584 267 572 271 558 272 652 263 663 254 678 254 691 260 678 265 665 266 586 523 22.492414 110.077003 25.612995 -0.445418 0.017926 -0.054083 -7.570543 -52.906673 651.679871 -40.722359 -51.040260 651.862000 25.581272 -54.773087 651.497681
545 269 557 261 571 260 584 267 571 272 558 273 650 264 662 255 677 254 690 261 677 266 664 267 1151 802 -89.787270 164.923019 35.593418 -0.454032 0.011328 -0.058930 -8.032910 -52.689442 655.403809 -41.178974 -50.716465 655.330444 25.113153 -54.662418 655.477173
548 269 559 262 574 261 586 268 573 273 560 273 652 265 664 256 678 256 691 262 679 267 665 268 396 881 60.350769 180.923019 32.581066 -0.457835 0.021139 -0.050528 -6.965474 -52.398617 659.574951 -40.121357 -50.621807 659.874939 26.190409 -54.175426 659.274963
546 269 557 262 571 261 584 268 571 272 558 273 650 264 662 256 676 255 689 261 677 266 663 267 1085 856 -76.652130 175.628479 36.406204 -0.450286 0.012859 -0.058970 -8.157490 -52.606663 658.302368 -41.302856 -50.620762 658.281494 24.987877 -54.592564 658.323242
544 267 555 259 570 259 582 266 570 270 556 271 650 262 662 253 677 252 690 259 677 264 664 265 1104 184 -80.579605 42.817265 21.171993 -0.422590 0.015002 -0.058622 -8.438534 -53.347103 649.438904 -41.583473 -51.355488 649.516968 24.706406 -55.338715 649.360840
547 267 558 260 573 259 585 266 573 270 559 271 653 263 664 255 679 254 692 260 679 265 666 266 1166 512 -92.834351 107.605164 29.062525 -0.438077 0.012602 -0.050046 -6.878563 -53.306728 653.280579 -40.039867 -51.608131 653.327454 26.282743 -55.005322 653.233704
546 266 558 258 573 258 585 265 573 269 559 270 653 261 664 253 679 252 692 259 680 264 666 265 504 101 38.702942 26.722988 15.446912 -0.419444 0.021654 -0.048553 -6.880599 -53.870827 651.147095 -40.039185 -52.157669 651.511780 26.277985 -55.583984 650.782410
548 266 559 259 574 258 586 265 574 270 560 270 654 262 665 254 680 253 693 259 681 265 667 265 320 261 75.324203 58.436920 17.928896 -0.426230 0.025380 -0.044621 -6.290319 -53.730370 652.625854 -39.452049 -52.116966 653.132019 26.871410 -55.343769 652.119751
547 266 559 259 573 259 586 266 573 270 560 271 653 262 665 254 679 253 692 259 680 265 666 265 347 374 69.980820 80.754242 20.683270 -0.429091 0.023389 -0.047808 -6.746227 -53.690624 654.106812 -39.904739 -51.988148 654.524170 26.412287 -55.393105 653.689514
621 299 634 291 649 291 662 299 649 304 634 304 739 300 753 292 770 292 784 301 770 305 754 305 1058 898 -71.274239 183.942429 37.193638 -0.509436 0.089651 0.034824 39.417530 -27.266066 576.608215 6.362882 -27.629860 579.741516 72.472183 -26.902273 573.474976
612 316 626 307 643 307 657 316 642 321 626 322 739 316 753 307 770 307 784 316 770 322 753 322 310 644 77.397820 134.130981 26.616779 0.133924 0.044428 -0.005498 35.797756 -17.356169 549.465088 2.626161 -17.272825 550.947632 68.969353 -17.439512 547.982544
606 321 620 313 637 314 651 322 636 327 620 327 732 322 746 313 763 313 777 321 763 327 747 326 532 716 33.272472 148.245636 29.678551 -0.473444 0.051657 0.010930 32.216339 -14.510270 549.865234 -0.943057 -14.461199 551.600708 65.375732 -14.559342 548.129822
621 288 635 278 651 278 664 287 650 292 635 293 746 287 759 278 777 278 791 287 777 292 761 292 896 271 -39.202545 60.117180 21.832762 -0.434107 0.072698 0.011034 40.761726 -33.583736 563.582764 7.645235 -33.422859 565.997681 73.878212 -33.744617 561.167847
617 285 631 276 648 275 661 285 647 290 631 290 742 284 756 275 774 275 789 285 774 290 758 290 676 101 4.503315 26.634613 16.544415 -0.529380 0.089909 0.022074 38.151497 -34.095833 552.538147 5.085591 -34.022640 555.571289 71.217407 -34.169022 549.505005
554 302 567 292 584 292 597 302 583 308 568 308 678 301 692 290 711 290 727 299 711 305 694 306 1287 110 -116.982887 28.099268 20.648760 -0.436370 0.055605 -0.009105 4.569867 -25.559986 552.060242 -28.583080 -24.870934 553.782715 37.722813 -26.249037 550.337769
557 307 569 298 586 297 599 307 585 312 570 313 676 306 691 297 709 297 725 306 709 312 692 312 1003 287 -60.474335 63.224140 22.881117 -0.315671 0.137732 0.018712 4.712207 -23.363670 571.103027 -28.175011 -23.258032 575.683350 37.599426 -23.469311 566.522705
589 315 603 305 620 305 635 315 620 320 603 321 716 313 731 302 749 302 765 311 749 317 732 317 580 434 23.665611 92.491798 23.541027 -0.515282 0.078631 -0.006298 23.650455 -18.439739 539.550537 -9.453366 -17.582386 541.992126 56.754280 -19.297094 537.108887
590 319 604 310 621 310 635 320 620 324 604 325 717 319 731 310 749 310 764 319 749 324 732 324 501 394 39.364674 84.627541 22.122927 -0.419574 0.082683 0.014607 24.335579 -15.858541 549.955078 -8.753965 -15.761672 552.717773 57.425121 -15.955412 547.192444
581 326 595 317 612 317 626 327 612 332 596 332 707 325 722 315 740 315 755 323 740 329 723 330 977 638 -55.226482 132.602539 30.735693 -0.504491 0.065067 -0.002978 19.614098 -12.583460 548.645081 -13.521783 -11.955452 550.689209 52.749981 -13.211468 546.600891
585 327 598 320 615 320 629 328 614 333 599 333 710 328 724 319 742 319 757 327 742 332 725 332 873 809 -34.509571 166.449203 33.979500 -0.529587 0.064804 0.008890 21.022470 -11.419451 552.079834 -12.112978 -11.144443 554.207336 54.157917 -11.694458 549.952393
578 330 592 321 609 321 623 330 608 335 593 335 704 329 718 319 736 319 751 327 736 333 719 333 1086 891 -76.843178 182.544708 37.212349 -0.522071 0.056639 -0.005471 17.893967 -10.737430 551.697083 -15.258313 -10.084243 553.446167 51.046249 -11.390615 549.947998
583 324 597 314 615 314 630 325 615 330 598 330 711 324 726 313 745 313 760 322 745 328 727 328 705 237 -1.232624 53.496197 19.837109 -0.471519 0.064079 0.004289 21.279058 -13.373591 543.088379 -11.858561 -13.018468 545.169678 54.416676 -13.728714 541.007080
597 352 613 343 632 344 647 355 630 360 612 359 730 358 746 348 765 348 781 358 765 364 747 364 1237 837 -106.879288 171.795578 36.941933 0.151107 0.067868 0.022314 28.879873 3.341205 513.355286 -4.240399 2.433862 515.542542 62.000145 4.248548 511.168091
592 352 606 345 623 346 637 355 622 359 606 359 721 355 736 346 753 346 768 353 753 359 736 359 1004 781 -60.563194 160.848495 34.175579 0.388647 0.033292 -0.003413 24.841347 2.485427 525.733337 -8.345105 2.383806 526.832764 58.027802 2.587048 524.633972
603 332 617 324 634 325 648 335 633 339 617 339 730 338 745 328 763 329 778 338 762 343 746 342 1073 310 -74.387665 67.733459 23.853334 -0.501831 0.074399 0.047320 30.861887 -6.990726 542.603516 -2.216619 -7.888310 545.354187 63.940392 -6.093142 539.852783
602 336 616 328 633 329 647 339 632 343 616 342 729 341 745 332 763 332 778 341 762 347 745 346 952 349 -50.319942 75.502861 23.972416 -0.340614 0.089469 0.043999 30.972128 -5.283796 549.821167 -2.069373 -6.213632 552.976196 64.013634 -4.353960 546.666138
599 339 613 331 631 331 645 341 630 345 614 345 726 343 741 333 759 334 775 342 759 348 742 347 801 557 -20.249548 116.685654 27.761787 -0.543776 0.066375 0.035829 29.116076 -4.086560 542.677185 -3.996629 -4.633064 545.087463 62.228783 -3.540056 540.266846
600 334 614 326 631 327 645 336 630 340 614 340 726 338 741 328 759 328 774 337 758 343 742 342 1171 249 -93.887077 55.628216 23.084784 -0.508548 0.065807 0.033544 29.406994 -6.755348 548.965027 -3.709216 -7.277295 551.332214 62.523205 -6.233401 546.597778
461 341 473 332 488 330 501 337 488 342 474 344 575 329 588 319 604 317 619 324 605 329 590 331 1388 95 -137.068558 25.083055 20.950468 -0.669382 -0.018205 -0.131899 -50.554302 -9.041729 581.321228 -83.476021 -5.188805 579.352722 -17.632578 -12.894652 583.289673
563 347 578 340 593 342 606 351 592 353 577 352 679 355 693 347 708 348 720 356 707 360 693 359 170 348 105.168831 75.707039 18.959753 -0.649100 -0.007794 0.061339 6.846822 1.720169 589.335022 -26.296734 -0.256345 589.732117 39.990379 3.696684 588.937988
564 351 579 345 595 346 608 356 593 359 578 358 681 361 694 352 710 353 722 361 709 366 694 365 316 257 76.118660 57.648491 17.811972 0.369601 0.009938 0.061658 7.778570 4.535188 583.782776 -25.362240 2.475176 583.731140 40.919380 6.595200 583.834412
566 355 580 350 596 351 608 360 594 362 579 361 682 364 694 357 709 358 721 365 708 369 694 368 152 863 108.862511 177.491196 30.612837 -0.580526 -0.003638 0.063022 8.167312 6.840944 602.790344 -24.973200 4.831143 603.266602 41.307823 8.850745 602.314026
556 343 571 335 587 336 600 345 585 349 570 348 674 348 687 340 703 341 716 349 702 354 687 353 767 95 -13.592009 25.402130 16.987968 -0.563247 -0.025744 0.036962 3.641863 -1.500359 594.314148 -29.530151 -2.897810 593.840637 36.813877 -0.102908 594.787659
488 342 500 333 515 332 528 340 515 345 501 346 601 334 614 324 631 323 645 330 632 336 616 337 991 681 -58.000599 141.093063 31.807590 -0.499506 0.011764 -0.080965 -37.053055 -7.147551 600.112488 -70.149086 -4.476956 599.829407 -3.957024 -9.818146 600.395569
484 338 495 328 510 326 523 334 511 340 496 342 595 328 608 318 625 316 640 324 626 330 610 331 559 246 27.799295 55.349804 19.111160 -0.492332 0.021924 -0.091677 -40.410484 -10.523253 606.094360 -73.470840 -7.429546 606.058472 -7.350124 -13.616961 606.130310
531 352 544 346 558 346 571 352 558 355 544 356 644 350 656 344 671 343 683 349 671 353 657 353 226 809 94.136696 166.781631 29.851099 -0.687744 -0.009093 -0.026276 -13.072830 1.226458 600.364624 -46.265308 1.931873 599.797607 20.119646 0.521043 600.931641
522 341 535 334 550 333 563 341 549 344 535 345 636 338 649 331 664 330 678 337 665 341 650 341 388 16 61.748882 9.984787 12.764453 -0.721647 -0.014870 -0.037390 -16.892342 -5.313875 581.636169 -50.071423 -4.348189 580.755493 16.286741 -6.279560 582.516846
538 361 551 354 566 355 578 362 565 364 551 364 653 361 666 353 681 353 694 359 681 363 667 363 633 833 13.216182 171.315430 32.996506 -0.756871 -0.006620 -0.016520 -7.803099 6.505363 570.816223 -41.002899 6.923701 570.419006 25.396702 6.087027 571.213501
527 361 539 354 554 354 566 361 553 364 540 364 640 359 652 350 667 350 681 356 668 360 653 361 1046 495 -68.977936 104.307259 27.908369 -0.698304 -0.002924 -0.035409 -14.813285 5.793969 581.391296 -47.997982 6.843706 580.907837 18.371410 4.744232 581.874695
527 352 540 345 554 345 566 352 553 356 540 356 641 350 653 342 668 341 681 347 668 352 654 352 485 544 42.579430 114.278946 25.448387 -0.681500 -0.000520 -0.033604 -14.540357 0.948195 580.713440 -47.727135 1.973777 580.331787 18.646420 -0.077387 581.095032
546 363 559 356 574 357 586 364 573 366 559 366 660 363 672 356 686 356 699 362 686 366 673 366 171 576 105.020752 120.764153 24.176018 -0.700126 0.007871 -0.002368 -4.149003 7.969477 588.460815 -37.352737 8.129660 588.674866 29.054733 7.809294 588.246704
523 359 536 351 551 351 564 360 551 363 536 364 639 357 652 348 668 348 682 355 668 360 653 360 1305 94 -120.565483 24.928080 20.398008 -0.675172 -0.012153 -0.035906 -15.605495 4.899540 579.579346 -48.787350 5.871861 578.818481 17.576357 3.927219 580.340210
543 363 555 356 570 357 583 364 569 367 556 367 655 364 667 357 682 356 695 363 682 367 668 367 386 887 62.340458 182.113876 32.654362 -0.681264 -0.002344 -0.002234 -6.522551 8.360771 598.248108 -39.727196 8.403846 598.151855 26.682095 8.317696 598.344360
548 357 562 350 578 351 591 359 576 362 562 362 664 360 678 352 693 352 707 359 693 364 678 364 1215 170 -102.653404 39.993534 21.560360 0.435674 0.001213 0.012710 -1.483896 5.244818 576.153442 -34.686047 4.827398 576.101990 31.718252 5.662239 576.204895
551 358 564 351 580 352 593 360 579 363 564 363 667 362 680 354 695 355 708 362 695 367 680 366 334 250 72.538071 56.255894 17.766874 -0.641049 0.001198 0.030939 -0.284227 6.622611 587.697571 -33.473663 5.676684 588.052795 32.905209 7.568539 587.342346
558 361 571 355 586 356 599 364 585 367 571 366 672 367 685 360 700 360 712 367 699 371 685 371 5 719 138.059204 149.109283 26.384401 -0.648690 0.007049 0.044311 2.811001 9.199839 596.700317 -30.361549 7.903297 597.378906 35.983551 10.496381 596.021790
573 377 587 370 603 370 616 377 601 381 586 381 691 378 706 371 722 371 737 378 723 382 707 382 185 499 102.219917 105.540131 22.505871 -0.596114 0.041282 0.013987 13.177476 15.638345 570.292725 -19.996723 15.597615 571.717651 46.351677 15.679073 568.867798
578 384 592 377 608 377 621 386 607 390 592 390 694 387 707 378 723 377 736 385 723 390 708 390 809 200 -21.919704 46.130775 19.655252 0.347089 0.018348 0.001416 15.455547 20.595091 589.388123 -17.743700 20.444338 589.977112 48.654793 20.745846 588.799133
587 388 600 381 616 382 628 390 615 393 600 393 701 391 714 383 729 383 742 390 729 395 714 394 117 458 115.731575 97.472603 21.135109 -0.586332 0.041421 0.026192 20.010935 23.703848 607.752686 -13.155141 23.275192 609.297729 53.177013 24.132502 606.207581
585 389 598 382 614 382 627 390 613 394 598 393 699 391 712 383 727 383 740 391 727 395 713 395 483 361 42.936359 78.115288 21.254009 -0.588466 0.031283 0.021063 18.943991 23.997778 607.593384 -14.237885 23.635117 608.772888 52.125866 24.360439 606.413879
587 389 600 382 616 382 629 391 615 394 600 394 701 392 714 384 730 384 743 392 729 397 715 396 84 599 122.324524 125.354141 24.146442 -0.595237 0.031605 0.031256 20.231405 24.449678 606.407898 -12.941567 23.775528 607.695923 53.404377 25.123831 605.119873
576 387 590 379 606 379 620 388 605 392 590 392 691 388 704 379 721 378 734 386 720 391 705 391 1184 24 -96.522026 11.156767 18.026402 -0.508132 0.011658 -0.001023 14.630836 22.053921 604.898804 -18.571751 22.182697 605.260986 47.833424 21.925144 604.536560
574 391 587 384 603 385 616 393 602 396 588 396 689 393 702 385 717 384 730 391 717 396 702 396 436 680 52.352623 141.180603 28.243378 -0.587298 0.030598 0.007460 12.782093 24.964445 605.963135 -20.406721 25.020626 606.992188 45.970909 24.908264 604.934021
572 387 585 380 601 380 614 388 600 392 586 392 687 388 700 379 716 379 729 386 716 391 701 391 737 190 -7.605809 44.191559 18.967329 0.291150 0.028441 -0.016594 11.643572 21.603918 592.584839 -21.543367 22.010557 593.595398 44.830513 21.197281 591.574280
575 391 589 384 604 385 617 393 603 396 589 396 689 393 702 385 717 384 730 391 717 396 703 396 377 526 64.049606 110.777252 24.347952 -0.590061 0.028997 0.005485 13.292230 25.111429 609.686829 -19.898540 25.215624 610.646790 46.482998 25.007235 608.726868
570 392 584 385 600 385 613 393 599 397 584 397 684 393 697 384 713 383 726 391 713 396 698 396 1079 423 -75.555519 90.061577 26.473709 -0.581959 0.016259 -0.007308 10.653190 25.196760 607.026306 -22.546495 25.578636 607.467529 43.852875 24.814884 606.585022
570 398 583 390 599 390 612 399 598 402 584 402 683 398 696 390 711 389 724 396 711 401 697 401 743 895 -8.641870 183.511429 35.115124 -0.620478 0.019223 -0.003239 10.076351 28.638498 613.271973 -23.122353 28.931023 613.837708 43.275055 28.345976 612.706177
565 397 579 388 596 388 609 396 595 400 579 401 681 395 694 387 711 387 725 395 711 399 696 399 1355 51 -130.516800 16.404678 19.734484 -0.567160 0.002525 -0.011978 8.550733 26.586649 593.836426 -24.651659 26.986540 593.806091 41.753124 26.186756 593.866821
571 399 584 392 599 393 612 400 599 403 585 403 684 400 697 392 712 391 724 398 711 403 697 403 364 450 66.617538 95.764717 22.528372 -0.589086 0.030508 -0.000649 10.492525 29.579245 615.267395 -22.697271 29.889400 616.216492 43.682320 29.269089 614.318237
568 400 581 393 596 393 609 402 596 405 581 405 680 401 693 392 708 392 721 399 708 404 694 404 1327 590 -124.829430 122.936890 31.872168 -0.588441 0.007326 -0.009971 8.634286 30.263552 613.883545 -24.568058 30.645386 614.018372 41.836632 29.881718 613.748718
572 398 585 391 601 391 614 400 600 403 586 403 685 400 698 392 713 391 726 399 713 404 699 404 60 354 127.042023 76.949280 18.394962 0.311545 -0.004530 0.005847 11.176401 28.891104 601.744019 -22.027512 28.723314 601.566040 44.380314 29.058893 601.922058
570 398 583 392 599 392 612 400 598 403 583 403 684 400 697 392 712 392 725 399 712 404 697 404 183 412 102.598221 88.348114 20.505127 0.304570 -0.003300 0.002151 10.112534 28.845427 598.597046 -23.092024 28.791666 598.478394 43.317093 28.899185 598.715759
571 400 584 393 599 394 612 401 599 405 584 405 684 401 697 393 712 393 724 400 711 404 697 404 140 598 111.189537 125.127754 24.480919 -0.594931 0.028639 0.002957 10.459498 30.369526 613.789307 -22.731955 30.551657 614.713379 43.650951 30.187395 612.865234
579 398 591 393 604 393 616 400 604 402 591 402 686 400 698 393 711 393 723 399 711 402 698 402 148 435 109.562569 92.911385 20.807356 -0.500073 0.050332 0.012089 12.635361 30.733534 637.923523 -20.525896 30.757963 639.623474 45.796619 30.709105 636.223511
591 382 606 375 623 376 637 384 622 388 606 388 717 383 730 374 746 374 759 381 746 386 731 387 315 211 76.307251 48.558430 16.754475 0.335341 0.012463 -0.016902 23.928490 17.329718 541.583313 -9.269071 17.811720 542.082642 57.126049 16.847717 541.084045
591 380 605 373 621 374 634 382 620 386 605 386 709 383 722 374 737 374 750 382 737 387 722 387 49 303 129.217850 66.876251 17.159405 -0.621616 0.035393 0.016872 22.794773 18.409939 584.624512 -10.385332 18.238853 585.893799 55.974876 18.581024 583.355286
