481 302 493 294 509 293 522 301 509 305 494 306 593 298 606 289 622 289 636 295 622 301 607 301 326 255 74.129860 57.248112 17.830080 -0.455054 -0.016633 -0.048308 -42.461124 -29.476814 615.022583 -75.623352 -28.051718 614.130798 -9.298897 -30.901909 615.914429
481 303 493 296 508 296 521 303 508 307 494 308 592 300 605 292 621 291 634 297 621 303 606 303 774 646 -14.861189 134.287811 29.623186 -0.449592 -0.020825 -0.050585 -43.417912 -28.694855 620.230713 -76.573883 -27.224821 619.191406 -10.261938 -30.164888 621.269958
498 302 511 294 527 294 540 301 527 306 512 307 611 298 623 290 638 289 651 295 638 301 624 302 171 231 104.943947 52.584843 16.292641 -0.413332 -0.036315 -0.054803 -32.877998 -29.861397 624.683289 -66.012093 -28.339931 623.141724 0.256099 -31.382864 626.224854
501 286 514 280 529 279 542 287 529 291 515 291 614 286 627 278 643 278 656 285 643 290 628 289 988 61 -57.542122 18.569458 17.621222 -0.466131 -0.021135 -0.020338 -30.438135 -37.236481 615.142944 -63.628922 -36.746067 614.311890 2.752653 -37.726898 615.974060
527 302 540 295 556 296 568 303 555 307 541 307 639 303 651 295 666 295 678 302 665 307 652 307 305 604 78.383095 126.228699 25.670860 -0.465846 -0.034177 -0.012206 -16.284925 -28.134995 629.362427 -49.468269 -28.003847 628.175781 16.898417 -28.266142 630.549133
523 308 536 302 551 302 564 309 551 313 536 313 634 309 646 301 661 301 674 308 661 313 647 313 371 1046 65.358383 213.543365 36.191856 -0.437712 -0.032786 -0.010637 -18.960526 -24.431950 630.548584 -52.145927 -24.324446 629.418457 14.224877 -24.539454 631.678650
522 309 535 302 550 302 563 310 549 314 535 314 633 310 646 302 661 302 673 308 660 314 646 314 460 711 47.587482 147.294525 29.104877 -0.456876 -0.031914 -0.009593 -19.515335 -23.985189 628.098389 -52.702030 -23.915550 627.003845 13.671362 -24.054831 629.192871
522 308 535 301 551 301 564 310 550 314 535 314 634 309 647 300 662 300 674 307 662 312 648 313 281 143 83.052505 35.137657 14.983701 0.360631 -0.047219 -0.004913 -18.369343 -23.900835 612.208862 -51.537148 -23.461664 610.704407 14.798464 -24.340006 613.713318
518 310 531 303 547 303 560 311 546 315 531 315 630 311 643 302 658 302 671 309 658 314 644 314 1777 192 -214.393799 44.052441 25.649099 -0.457821 -0.048320 -0.023385 -21.062592 -23.084433 621.411804 -54.220402 -22.695953 619.688904 12.095218 -23.472910 623.134705
523 312 536 304 552 305 564 313 551 316 536 316 634 313 647 305 662 304 674 312 662 317 648 317 497 259 40.129959 57.950733 19.012604 -0.462102 -0.038582 -0.009068 -18.633354 -22.071398 626.183655 -51.812553 -22.071703 624.879639 14.545844 -22.071093 627.487671
529 310 543 303 558 304 571 312 557 316 543 315 641 313 654 305 669 305 681 312 668 317 654 317 781 277 -16.335182 61.361996 21.236067 -0.454450 -0.040878 0.006556 -14.768606 -22.360384 627.423035 -47.945454 -22.873697 626.160950 18.408241 -21.847069 628.685120
513 315 525 309 540 310 552 318 539 321 525 321 622 320 636 313 651 313 664 320 650 325 636 324 1723 864 -203.507111 176.881638 40.659981 -0.495046 -0.040167 0.019087 -25.343952 -18.313154 627.425903 -58.516602 -19.244560 626.300049 7.828696 -17.381750 628.551758
514 312 527 306 542 306 554 315 541 318 527 317 624 318 638 310 653 310 666 318 653 322 638 322 1550 458 -169.199036 96.736313 30.278847 -0.483698 -0.030986 0.029152 -24.113798 -20.110497 625.388733 -57.289146 -21.284870 624.629333 9.061550 -18.936125 626.148132
540 317 553 311 568 312 581 320 567 323 553 322 651 322 663 314 677 314 689 321 677 326 663 325 30 849 133.117264 174.787186 29.514469 0.354968 -0.019180 0.028336 -8.848936 -17.494110 622.424805 -42.034515 -18.303339 621.636169 24.336645 -16.684881 623.213501
527 315 540 309 555 310 568 318 554 321 540 321 639 320 651 312 666 312 679 319 666 324 652 324 1418 156 -143.020035 37.122536 22.535765 0.362379 -0.012359 0.021741 -15.894982 -18.291086 613.803040 -49.089527 -18.923685 613.272278 17.299561 -17.658485 614.333801
529 318 543 312 558 313 571 321 557 324 543 324 641 322 653 315 668 315 680 322 667 326 654 326 798 545 -19.655714 114.315742 27.468439 -0.473476 -0.041679 0.012153 -14.988171 -17.084385 629.974304 -48.162277 -17.794394 628.735657 18.185936 -16.374376 631.212952
533 322 546 316 561 317 573 325 560 328 546 327 643 326 655 319 670 319 682 325 669 330 656 330 1043 928 -68.285034 189.878784 37.783436 0.368672 -0.005166 0.018997 -13.375312 -14.725081 624.449158 -46.573765 -15.310375 624.166504 19.823139 -14.139787 624.731812
532 321 545 315 561 316 573 324 559 327 545 326 643 325 655 317 670 317 682 324 669 329 656 329 93 255 120.458427 57.367828 16.343344 0.344595 -0.024138 0.019429 -13.384109 -15.281163 621.993591 -46.573139 -15.776784 621.097961 19.804922 -14.785542 622.889221
527 324 540 317 556 318 568 326 555 329 540 329 638 326 651 318 665 318 678 325 665 329 651 329 846 560 -29.196457 117.255394 28.117476 0.368281 -0.018889 0.007517 -16.116219 -14.328039 618.883850 -49.314247 -14.457829 618.225281 17.081810 -14.198250 619.542358
523 324 536 318 551 319 563 326 550 329 536 329 633 326 645 319 659 318 671 324 659 329 645 329 1671 349 -193.282333 75.133430 28.560238 0.339853 0.000259 -0.004685 -19.532845 -14.384545 627.267822 -52.737297 -14.233397 627.302429 13.671606 -14.535694 627.233215
466 320 479 312 495 312 508 321 495 325 480 325 583 319 597 310 613 309 627 317 613 323 598 323 629 814 14.007292 167.562683 32.536827 -0.444656 -0.038585 -0.033919 -47.726986 -17.111362 595.919434 -80.888702 -16.302458 594.434326 -14.565264 -17.920267 597.404541
461 322 474 314 489 315 502 323 489 328 474 328 578 322 591 313 608 312 622 319 608 326 593 326 1715 831 -201.923767 170.364243 39.854870 0.343305 -0.085564 -0.001340 -49.714840 -15.262533 582.717468 -82.799339 -14.736324 579.942810 -16.630342 -15.788743 585.492126
463 322 476 314 492 314 505 323 491 328 477 328 581 322 594 313 611 312 625 320 611 326 595 326 764 441 -12.918476 93.780609 24.875053 0.326225 -0.091778 0.003992 -48.043781 -15.109975 580.384033 -81.109818 -14.747648 577.373108 -14.977742 -15.472301 583.394897
465 320 477 312 494 312 507 321 493 326 478 326 582 321 596 311 613 310 627 318 613 325 597 325 504 226 38.730770 51.425636 18.303207 -0.443471 -0.037301 -0.022387 -47.828392 -16.408541 590.182190 -81.002304 -15.959676 588.822083 -14.654485 -16.857405 591.542358
469 323 482 316 498 316 511 324 497 329 482 329 586 323 600 315 616 314 630 321 616 327 601 327 444 904 50.811810 185.443634 33.412907 -0.455640 -0.036332 -0.023286 -46.101883 -14.841648 595.205688 -79.276314 -14.365241 593.867920 -12.927452 -15.318056 596.543518
465 322 477 314 494 314 507 323 493 327 478 328 582 321 595 312 612 311 627 319 613 325 597 325 1806 349 -220.125061 75.064072 29.421650 0.308453 -0.082527 -0.005817 -47.293411 -15.526721 581.824524 -80.385551 -14.917781 579.160156 -14.201272 -16.135662 584.488953
465 325 477 318 493 318 506 326 493 330 478 330 581 324 595 316 611 315 625 322 611 328 596 328 1695 999 -197.909668 203.574875 43.566116 -0.466704 -0.055814 -0.034933 -49.028908 -14.175913 597.846924 -82.163063 -13.482954 595.795776 -15.894753 -14.868872 599.898071
464 325 477 317 493 317 506 326 492 330 478 331 582 325 595 316 611 315 625 322 611 328 596 329 1355 678 -130.377213 140.313171 34.061665 0.336888 -0.092971 0.001144 -47.834972 -13.748060 583.164001 -80.897713 -13.270559 580.133057 -14.772232 -14.225561 586.194946
463 324 476 317 492 317 505 325 491 330 477 330 581 324 594 315 611 314 625 321 611 327 595 328 1678 598 -194.618744 124.337517 34.294643 0.336711 -0.080886 -0.002617 -48.151291 -14.094348 581.362244 -81.248451 -13.561516 578.744324 -15.054132 -14.627180 583.980225
464 326 476 318 492 318 505 327 492 331 477 331 581 326 594 317 610 316 624 323 611 329 595 329 1850 846 -228.763168 173.259201 41.059040 0.337900 -0.080516 -0.001563 -48.422577 -13.311897 584.716919 -81.520798 -12.813866 582.105469 -15.324358 -13.809929 587.328308
464 325 477 318 493 318 506 326 493 331 478 331 581 325 595 316 612 315 626 322 612 328 596 329 1168 477 -93.239815 100.687393 28.275524 -0.443525 -0.051396 -0.035600 -48.589088 -13.882220 593.965576 -81.730080 -13.111438 592.057678 -15.448092 -14.653003 595.873474
464 325 476 317 492 317 505 326 492 330 477 331 581 324 594 315 611 314 625 321 611 327 596 328 1821 528 -223.067734 110.430557 33.607578 -0.430557 -0.056291 -0.041074 -49.164478 -14.194862 595.261292 -82.289948 -13.269875 593.161865 -16.039013 -15.119850 597.360657
467 327 480 320 495 320 508 328 495 332 481 332 584 327 597 318 613 318 627 325 613 330 598 330 407 964 58.182064 197.319931 34.547836 -0.472522 -0.047400 -0.030356 -47.644283 -12.858019 597.411438 -80.797478 -12.252546 595.662598 -14.491085 -13.463490 599.160339
462 330 475 322 490 322 503 330 490 335 475 335 578 329 591 320 608 319 621 326 608 332 593 332 1736 926 -206.078156 189.127472 42.159653 -0.460806 -0.058033 -0.040639 -50.967083 -11.652027 600.852173 -84.090057 -10.786961 598.688965 -17.844105 -12.517094 603.015442
462 328 475 321 491 321 504 329 490 334 475 334 579 328 593 319 610 318 624 325 610 331 594 332 1482 768 -155.609238 158.033829 36.928562 0.323470 -0.082377 -0.002059 -48.924004 -11.910563 582.027771 -82.017128 -11.405149 579.353943 -15.830880 -12.415976 584.701660
462 327 474 319 490 319 503 328 490 333 475 333 579 327 592 317 609 316 623 324 609 330 593 331 1513 470 -161.839462 99.126778 30.316959 0.309759 -0.082215 -0.003028 -49.382389 -12.576033 583.582397 -82.475792 -12.058001 580.914368 -16.288994 -13.094065 586.250427
463 330 476 323 492 323 505 332 491 336 476 336 580 330 594 321 611 321 625 328 611 334 595 334 974 740 -54.607269 152.761444 33.047287 0.332912 -0.091394 0.003399 -48.286026 -10.639952 580.770264 -81.353340 -10.250442 577.776855 -15.218709 -11.029462 583.763672
465 331 477 323 493 324 506 332 493 336 478 336 581 331 594 322 611 322 625 329 611 334 596 335 546 857 30.520172 176.103043 32.989784 -0.442606 -0.043578 -0.026323 -49.094700 -10.666385 598.138245 -82.257187 -10.135920 596.548401 -15.932215 -11.196850 599.728088
461 331 474 324 489 324 503 332 489 336 475 336 578 331 592 322 609 322 623 328 609 334 593 334 1382 992 -135.675858 202.352356 41.408962 -0.450630 -0.050960 -0.034171 -50.377449 -10.576899 594.290222 -83.520828 -9.855702 592.404541 -17.234066 -11.298095 596.175903
464 331 477 323 492 324 505 332 492 337 477 337 579 331 592 322 608 321 622 328 608 334 593 335 203 600 98.663376 125.490623 24.928614 0.249562 -0.081285 -0.003391 -49.984444 -10.554108 595.682861 -83.079994 -10.107941 593.028625 -16.888889 -11.000275 598.337036
524 342 537 336 552 336 566 343 552 347 538 347 645 341 659 332 676 331 690 337 676 343 660 343 95 726 120.165611 150.446381 27.118629 0.407803 -0.046218 -0.020347 -12.455138 -4.523094 549.880493 -45.618206 -3.557795 548.524475 20.707930 -5.488393 551.236511
520 345 533 338 549 338 563 346 549 349 534 349 643 343 657 334 673 333 688 339 673 344 658 345 210 642 97.280884 133.787109 25.932995 0.423783 -0.046861 -0.024159 -14.008538 -3.289270 545.565247 -47.167900 -2.186519 544.223511 19.150824 -4.392022 546.906982
517 350 530 342 547 341 560 348 546 352 531 353 640 345 654 336 671 336 686 343 671 347 655 347 299 818 79.623741 168.522720 30.522552 -0.616924 0.016424 -0.039416 -15.527073 -1.460771 552.110779 -48.702568 -0.070877 552.231018 17.648420 -2.850664 551.990540
516 352 528 345 544 345 557 352 544 356 529 356 636 349 650 341 666 340 681 345 666 351 651 351 1003 759 -60.369255 156.501343 33.666489 0.412314 -0.036348 -0.030140 -17.288033 0.168883 553.770569 -50.456356 1.386456 552.801392 15.880294 -1.048689 554.739807
510 355 522 348 537 348 550 355 537 359 523 359 629 352 642 343 658 342 673 348 659 353 644 354 1445 953 -148.211151 194.612762 40.919788 0.406993 -0.037051 -0.035253 -21.211573 1.867379 559.960022 -54.373566 3.252260 558.998840 11.950421 0.482498 560.921204
510 358 522 351 537 350 550 358 537 361 523 362 627 354 640 345 656 344 671 350 657 355 642 356 1308 779 -121.009491 160.297058 36.069653 -0.596607 -0.012597 -0.055901 -22.406950 3.389013 573.553101 -55.558857 5.014970 572.622070 10.744960 1.763057 574.484131
497 352 511 344 528 344 542 352 527 356 512 356 625 347 639 337 655 336 670 342 656 348 640 349 1544 249 -168.052551 55.436565 25.464834 0.432096 -0.076229 -0.040796 -23.457287 -0.552716 527.545776 -56.539989 1.296537 525.383728 9.625418 -2.401968 529.707886
505 353 517 346 533 346 546 354 533 358 518 358 626 350 640 341 657 340 672 346 657 352 642 353 720 748 -4.101389 154.472916 31.609360 0.417844 -0.055997 -0.030142 -22.468590 0.763323 547.492004 -55.607254 2.117367 545.893494 10.670074 -0.590720 549.090454
505 354 518 348 533 348 546 356 533 359 519 358 627 353 640 345 656 344 671 349 657 355 641 356 156 1064 108.111916 217.211014 35.231285 0.390144 -0.030251 -0.019252 -22.704765 1.931424 551.266296 -55.888504 2.747921 550.410400 10.478971 1.114927 552.122131
503 359 515 352 531 351 544 359 531 363 517 363 623 354 637 345 653 344 668 350 654 355 638 357 1245 416 -108.563690 88.592934 27.372976 0.396788 -0.039949 -0.046644 -24.212648 3.336072 555.351074 -57.355679 5.103264 554.363098 8.930383 1.568880 556.339050
504 353 517 347 532 348 545 356 532 359 518 358 626 353 640 345 656 344 670 349 656 355 641 356 941 951 -47.998741 194.476471 37.658150 0.388238 -0.020469 -0.020095 -23.067583 1.898611 549.873291 -56.258907 2.679403 549.338562 10.123741 1.117820 550.408081
499 358 513 351 529 351 543 358 528 361 514 362 623 353 637 345 653 343 667 349 653 354 638 355 1020 514 -63.803993 108.075417 28.176624 0.411513 -0.057940 -0.041795 -24.323542 2.730989 541.715027 -57.444843 4.468933 540.127991 8.797758 0.993046 543.302063
504 352 517 344 534 345 548 354 534 359 518 359 627 351 641 340 659 338 675 345 660 353 643 354 133 86 112.467400 23.949293 12.736866 0.398375 -0.055419 -0.027764 -21.574156 0.800815 542.199158 -54.716038 2.059552 540.589600 11.567728 -0.457922 543.808716
502 358 515 351 531 351 545 359 531 362 516 362 626 354 639 345 654 344 668 350 655 355 640 356 40 389 131.026520 83.876297 19.067110 0.413414 -0.075888 -0.036858 -23.197149 3.000304 543.277222 -56.285538 4.701358 541.080750 9.891237 1.299249 545.473755
505 348 518 340 534 341 548 352 534 355 519 355 630 350 644 340 662 338 678 345 663 353 646 354 169 175 105.329155 41.519081 15.000258 0.389179 -0.030045 -0.007117 -20.335556 -0.219164 532.318604 -53.524742 0.202860 531.391541 12.853629 -0.641187 533.245728
504 359 516 354 531 354 544 361 531 364 517 364 624 357 638 349 653 347 668 352 654 357 639 358 1443 879 -147.829956 179.989822 39.216103 0.415782 -0.030209 -0.039132 -23.993759 4.169255 554.381958 -57.158588 5.636480 553.674133 9.171069 2.702031 555.089844
497 362 511 354 527 354 542 362 527 366 512 366 624 357 637 348 653 346 667 352 653 358 638 359 1735 550 -205.963028 114.822411 33.561535 0.430360 -0.058204 -0.047392 -24.366884 4.593652 534.013489 -57.479645 6.527008 532.474976 8.745873 2.660297 535.551941
504 354 518 346 535 347 549 356 535 360 519 360 629 353 644 343 662 341 678 348 663 355 646 357 591 278 21.443697 61.657238 20.046558 0.393735 -0.045006 -0.020630 -20.393242 1.929313 533.606262 -53.557892 2.886840 532.283813 12.771407 0.971786 534.928650
510 367 522 361 536 360 549 364 536 368 523 369 627 359 641 353 656 352 671 357 657 360 642 361 404 996 58.785690 203.645340 35.259907 -0.620001 0.008355 -0.067544 -22.180668 7.019607 568.438171 -55.311039 9.203025 568.024902 10.949703 4.836188 568.851379
505 361 517 353 533 353 547 361 534 365 519 365 626 357 639 347 656 345 671 352 657 358 641 359 1163 315 -92.281708 68.675323 24.541861 0.411174 -0.042067 -0.042381 -22.577679 4.473198 550.456604 -55.724136 6.123383 549.384766 10.568780 2.823014 551.528381
471 303 483 295 499 295 513 304 499 309 484 309 589 302 603 292 621 291 637 299 622 306 605 306 1844 286 -227.694824 62.594410 28.224548 0.411781 -0.105314 0.000508 -41.635555 -25.119007 560.328430 -74.658981 -24.426167 556.932434 -8.612129 -25.811850 563.724426
471 306 483 298 500 298 513 307 500 312 485 312 591 304 605 294 623 293 638 301 623 308 606 308 726 234 -5.408828 52.892544 19.902555 -0.499204 -0.004256 -0.037417 -41.817150 -24.241989 569.240845 -74.998901 -23.085365 568.801636 -8.635392 -25.398613 569.679993
472 310 484 302 499 302 513 310 499 314 485 315 590 307 604 298 621 297 637 304 622 310 606 311 559 661 27.891684 137.362595 28.594063 -0.524232 -0.004783 -0.039431 -42.365101 -22.609823 573.688416 -75.544319 -21.400673 573.201477 -9.185884 -23.818974 574.175354
468 313 480 305 496 305 509 313 496 318 481 318 587 311 601 302 618 301 633 308 618 314 602 314 1155 753 -90.593513 155.237518 34.499275 0.413260 -0.100773 -0.005001 -43.486496 -20.452011 562.537598 -76.524826 -19.609880 559.325256 -10.448167 -21.294144 565.749939
466 312 479 304 495 303 509 313 495 317 480 318 586 309 600 299 618 298 634 306 619 312 602 313 870 126 -34.065117 31.475464 18.353556 -0.507117 -0.003652 -0.044928 -44.077389 -21.196274 566.990173 -77.249191 -19.798147 566.503906 -10.905589 -22.594400 567.476440
468 313 480 304 496 304 510 313 496 318 481 318 588 310 602 300 620 299 636 307 621 313 604 314 73 54 124.390381 17.656242 11.622804 -0.496230 0.000812 -0.040030 -43.173153 -20.793501 565.516357 -76.351898 -19.511982 565.219177 -9.994411 -22.075020 565.813538
462 316 474 308 490 307 504 316 491 321 476 321 581 313 595 302 613 301 629 308 614 315 597 316 1724 474 -203.792755 99.808853 31.754717 -0.520438 -0.020363 -0.059499 -46.790329 -19.465534 569.223633 -79.930977 -17.751070 568.075623 -13.649686 -21.179996 570.371643
464 318 476 310 492 310 505 318 492 323 477 323 583 315 597 305 615 303 630 311 615 317 599 318 1287 477 -116.901184 100.626251 29.034843 -0.518571 -0.012614 -0.054648 -45.938545 -18.366524 568.760681 -79.092308 -16.739283 567.900635 -12.784781 -19.993765 569.620728
465 316 477 308 493 308 507 317 493 322 479 322 585 314 599 304 617 303 633 311 617 317 601 318 208 67 97.550545 20.155954 12.781272 0.373129 -0.123161 -0.004877 -44.069313 -18.374676 557.016296 -77.025124 -17.463692 553.061035 -11.113499 -19.285660 560.971558
458 319 472 311 489 310 503 319 488 323 473 324 584 314 598 305 615 304 630 311 615 317 600 317 735 252 -7.194336 56.445099 20.371290 -0.556016 -0.021186 -0.058340 -45.190159 -17.505421 548.432800 -78.332664 -15.858245 547.240845 -12.047654 -19.152596 549.624817
466 322 478 315 493 315 506 323 493 326 479 327 583 320 597 311 613 310 628 316 614 322 598 322 329 1047 73.709671 213.762558 35.946712 -0.510447 -0.013680 -0.047626 -46.689068 -16.119530 579.072754 -79.854004 -14.719954 578.243286 -13.524136 -17.519106 579.902222
462 323 473 315 489 315 503 323 490 328 475 328 580 320 594 310 611 309 627 315 612 322 595 323 1570 701 -173.121628 144.747986 35.959103 0.387574 -0.105217 -0.021376 -47.238262 -15.501856 564.405884 -80.254257 -14.143088 561.141296 -14.222268 -16.860624 567.670471
464 322 476 313 492 313 505 322 492 327 477 327 582 319 596 309 614 308 630 315 614 322 598 322 2 0 138.495636 7.021178 9.935844 0.355576 -0.131300 -0.010824 -45.799339 -16.012228 563.352356 -78.719421 -14.895497 559.159424 -12.879256 -17.128958 567.545288
460 322 472 314 488 314 501 323 488 327 473 327 579 320 593 309 611 308 627 315 611 322 595 323 1148 392 -89.282036 83.899864 26.205626 0.376916 -0.109344 -0.014546 -47.311371 -15.754064 558.697998 -80.316757 -14.607890 555.249695 -14.305988 -16.900236 562.146240
453 327 466 319 483 319 497 327 483 331 468 332 576 322 590 312 608 311 623 317 608 324 592 325 1783 375 -215.546066 80.214035 29.869001 0.404670 -0.121672 -0.031186 -48.426094 -13.556346 547.440125 -81.372871 -11.746245 543.726196 -15.479318 -15.366446 551.153992
461 325 473 317 489 317 503 326 489 330 475 331 580 322 594 312 612 311 628 318 613 324 596 325 77 217 123.631325 49.866444 15.372937 0.364382 -0.120689 -0.016289 -46.572727 -14.063024 559.084473 -79.534317 -12.814173 555.272217 -13.611133 -15.311873 562.896729
456 329 468 321 484 320 498 329 484 333 470 334 575 324 589 314 606 313 622 319 607 326 591 327 1107 523 -81.100639 109.809311 28.937410 0.376072 -0.110710 -0.031321 -49.659409 -12.879413 561.729309 -82.647263 -11.183631 558.340271 -16.671556 -14.575195 565.118286
456 330 468 323 483 323 497 331 484 335 470 335 573 327 587 317 605 316 620 322 605 328 589 329 1518 768 -162.767288 158.015335 37.158272 0.344264 -0.103743 -0.026143 -50.829735 -11.904944 568.153320 -83.846565 -10.468985 564.930542 -17.812904 -13.340903 571.376160
459 337 471 331 485 330 499 338 486 342 472 342 575 333 589 324 605 323 621 328 606 334 590 336 179 1044 103.534264 213.246765 34.921036 0.348785 -0.115399 -0.029932 -50.258095 -8.277990 572.419922 -83.229599 -6.645742 568.845703 -17.286591 -9.910239 575.994202
458 326 470 319 486 319 499 328 486 332 472 332 577 327 591 317 608 316 624 322 609 329 593 330 30 67 132.943176 20.247412 11.645483 0.316839 -0.098399 0.003005 -48.747643 -12.552434 563.106201 -81.793022 -12.137503 559.882874 -15.702259 -12.967365 566.329590
