543 425 556 415 572 413 586 420 572 426 556 428 666 416 680 409 696 410 711 418 697 422 681 421 886 464 -25.751122 83.295898 61.230816 -0.547088 0.009231 -0.041631 -5.580863 28.006544 584.544373 -38.756237 29.402315 584.466980 27.594511 26.610775 584.621765
510 327 528 314 551 312 570 320 551 328 529 331 685 314 704 305 727 305 748 316 728 322 706 321 1176 491 -83.457817 88.483360 61.730885 0.221553 -0.020433 -0.040706 -3.174572 -19.075165 401.486084 -36.345089 -17.660172 400.962494 29.995945 -20.490156 402.009705
534 345 552 332 575 329 595 338 575 347 554 350 704 332 723 321 746 321 766 333 747 339 725 338 92 385 132.248657 68.090736 59.738556 0.210645 -0.014952 -0.049647 5.225383 -12.585823 412.331573 -27.934971 -10.898124 412.011932 38.385738 -14.273522 412.651215
531 352 549 340 570 337 590 344 571 352 550 355 700 337 718 328 741 329 760 338 741 344 720 343 586 818 33.732666 153.343048 69.976952 -0.362651 0.032122 -0.057777 3.536344 -11.003166 430.820343 -29.596735 -8.936622 431.518982 36.669422 -13.069711 430.121674
533 343 551 329 575 326 594 336 574 345 553 348 702 329 721 318 745 318 765 330 746 337 723 336 234 173 104.117752 26.160267 54.520863 0.197135 -0.012732 -0.052970 4.843949 -13.518908 413.811584 -28.311762 -11.730767 413.564514 37.999660 -15.307047 414.058655
533 348 551 335 573 332 592 340 573 349 553 352 702 334 721 324 743 324 763 335 744 341 722 340 69 519 136.749542 94.560860 63.000900 -0.315079 0.047927 -0.051633 4.496000 -12.587063 431.009094 -28.627129 -10.653687 432.305237 37.619129 -14.520438 429.712952
536 352 553 340 574 337 593 344 575 352 554 355 703 337 721 329 743 329 762 339 743 344 722 343 98 746 130.853897 139.368347 68.491127 -0.366162 0.042737 -0.051689 4.835976 -10.987077 435.297974 -28.295013 -9.053295 436.373901 37.966965 -12.920858 434.222076
524 350 542 337 564 334 583 342 564 350 544 354 692 334 710 323 733 323 752 333 733 340 712 339 1201 477 -88.423431 85.706619 61.377979 -0.283618 0.014355 -0.076259 0.606715 -12.446943 433.627106 -32.498844 -9.883993 433.740387 33.712273 -15.009893 433.513794
526 355 543 343 564 340 583 346 565 355 545 358 692 338 710 329 732 329 751 338 732 344 712 344 778 793 -4.449258 148.311523 69.268105 -0.381596 0.026007 -0.074154 0.682887 -10.531880 437.589294 -32.420692 -7.968743 437.967285 33.786469 -13.095017 437.211304
523 356 540 344 561 341 580 346 562 355 542 358 689 338 707 329 728 329 747 338 729 344 708 343 830 824 -14.811239 154.406799 69.992233 -0.355713 0.024271 -0.078232 -0.663346 -10.451900 438.384735 -33.757999 -7.769773 438.715973 32.431309 -13.134025 438.053528
520 352 538 338 560 335 580 344 561 354 539 357 688 336 707 324 730 324 750 335 731 342 709 342 684 379 14.481454 66.612518 59.277031 0.211384 -0.017080 -0.073744 -0.721717 -10.759014 416.535461 -33.831799 -8.271192 416.230774 32.388363 -13.246837 416.840118
525 358 542 346 562 343 581 349 563 358 543 361 690 341 708 333 730 333 749 342 730 347 710 347 346 862 81.452965 162.149963 71.172241 -0.360877 0.030139 -0.069593 -0.161191 -9.170893 437.487946 -33.271591 -6.733562 438.053925 32.949211 -11.608223 436.921967
520 350 538 337 560 334 579 342 560 351 540 354 688 335 706 324 729 323 749 334 730 341 708 341 1297 330 -107.439453 56.633411 57.761364 0.212022 -0.016212 -0.070481 -0.914079 -11.457467 417.889832 -34.032417 -9.079857 417.603058 32.204258 -13.835077 418.176605
523 352 540 339 562 336 581 344 563 353 542 356 691 336 709 326 732 326 752 336 733 343 711 342 450 453 60.991417 81.340065 61.196751 -0.383113 0.046824 -0.062142 0.050157 -11.252610 431.216034 -33.055416 -8.947290 432.341248 33.155731 -13.557929 430.090790
517 353 534 340 556 337 575 345 556 354 536 357 684 336 702 325 725 324 745 335 726 341 704 342 829 316 -14.329270 54.101086 57.671616 -0.362761 0.036776 -0.077220 -2.702826 -11.399344 432.074310 -35.787586 -8.675288 432.807648 30.381933 -14.123401 431.340973
529 353 547 341 568 338 587 346 568 354 548 357 697 339 715 329 737 329 756 339 738 345 717 345 76 462 135.388733 83.302559 61.614674 -0.361389 0.036314 -0.055111 2.422391 -10.614856 434.233490 -30.710911 -8.610332 435.085419 35.555695 -12.619379 433.381592
530 357 548 346 569 343 587 349 569 357 549 360 697 343 715 334 736 335 755 344 737 349 716 349 773 838 -3.479646 157.199402 70.362213 -0.390025 0.017700 -0.059891 2.495387 -8.898877 436.359985 -30.645512 -6.848400 436.549744 35.636284 -10.949354 436.170227
532 351 550 338 573 336 592 345 573 354 552 356 703 339 721 328 744 328 764 339 745 346 723 346 122 257 126.351860 42.801857 56.618000 0.208619 -0.011241 -0.051565 4.461127 -9.994586 412.822327 -28.697620 -8.256769 412.629852 37.619873 -11.732403 413.014771
524 355 541 342 563 340 582 348 563 357 543 360 693 342 711 331 733 331 753 341 734 348 713 348 921 394 -32.674908 69.456825 59.514336 0.210888 0.005205 -0.065066 0.559241 -8.834204 416.089844 -32.575119 -6.709346 416.488159 33.693604 -10.959062 415.691528
521 365 538 353 559 349 578 354 560 363 540 367 686 344 705 336 726 335 746 344 727 349 706 349 1060 894 -60.605686 168.114487 71.567253 -0.397122 0.040522 -0.087941 -1.586322 -7.345053 435.078430 -34.637630 -4.242152 435.815002 31.464987 -10.447953 434.341827
545 332 565 319 590 317 609 328 588 336 566 338 720 326 738 315 760 316 779 328 760 334 739 333 114 225 127.961189 36.487324 55.846134 -0.340093 -0.041040 -0.026002 11.066985 -16.780180 424.304871 -22.099024 -16.163145 422.823395 44.232994 -17.397217 425.786316
532 329 552 315 576 312 597 321 576 330 553 333 708 319 727 309 751 310 770 323 751 328 729 326 579 278 35.426083 46.721809 56.883400 -0.426371 -0.019985 -0.031353 6.263249 -18.629719 417.759430 -26.918961 -17.759472 416.897369 39.445461 -19.499964 418.621521
480 276 497 263 519 260 538 266 520 275 499 278 647 258 665 248 688 248 708 258 688 264 667 263 1371 626 -122.325691 115.042862 64.901115 -0.361627 0.014804 -0.078570 -17.701599 -43.049862 431.133514 -50.801491 -40.412338 431.147522 15.398294 -45.687386 431.119476
524 274 543 262 565 260 585 269 565 276 543 278 700 264 719 255 741 256 760 266 741 272 720 271 107 575 129.158737 105.599396 64.338852 -0.336618 -0.009282 -0.039228 2.305286 -40.174507 415.178619 -30.872807 -38.948151 414.659149 35.483379 -41.400867 415.698090
517 268 536 254 561 252 581 264 560 273 537 275 696 259 714 246 738 246 758 258 739 266 716 266 380 81 75.124245 7.922194 52.211540 -0.232738 -0.012213 -0.047493 0.646773 -42.222652 411.066162 -32.518303 -40.707458 410.481812 33.811852 -43.737846 411.650513
506 271 525 258 548 256 568 266 548 274 526 277 682 260 700 249 724 248 744 260 725 267 703 267 1321 260 -112.174934 42.799793 56.050758 -0.233189 -0.048274 -0.066533 -4.225776 -41.618172 413.638702 -37.318977 -39.617348 411.795776 28.867426 -43.618999 415.481598
502 271 521 258 545 255 565 266 545 275 523 277 678 260 696 247 720 246 740 258 721 266 699 266 1311 182 -110.142113 27.403404 54.164265 0.277268 0.017394 -0.067420 -5.714247 -40.132172 400.283539 -38.839119 -38.003403 401.161530 27.410624 -42.260941 399.405548
505 282 523 270 546 266 566 273 546 282 525 286 678 265 697 255 720 255 741 265 721 271 699 271 822 634 -13.113887 116.894661 65.388199 -0.367585 0.012846 -0.076299 -5.573557 -38.942547 416.683014 -38.680141 -36.390732 416.639435 27.533028 -41.494358 416.726593
508 285 526 274 548 270 567 276 548 284 528 288 680 268 699 260 721 260 741 269 722 274 700 273 501 831 50.635044 155.952072 70.337624 -0.393913 0.021670 -0.069573 -4.922296 -37.981586 419.950500 -38.040123 -35.592876 420.201996 28.195530 -40.370296 419.698975
506 277 525 263 549 260 569 270 549 279 527 282 681 262 700 249 725 249 745 261 725 268 703 268 373 94 76.509560 10.492556 52.530582 -0.280219 0.023229 -0.066710 -4.306996 -40.369770 414.122009 -37.429539 -38.078053 414.574463 28.815548 -42.661491 413.669586
506 282 524 269 548 266 568 274 548 283 526 286 681 266 700 255 723 255 744 266 724 272 702 272 489 417 53.252941 74.212418 60.302780 -0.347874 0.016146 -0.068304 -4.678268 -38.581161 414.731384 -37.802151 -36.268173 414.865936 28.445614 -40.894154 414.596802
499 278 518 263 542 260 563 270 542 280 520 283 673 261 692 248 717 247 738 259 718 267 695 268 1042 2 -56.527847 -8.004804 49.942093 0.278128 -0.017528 -0.079142 -6.869207 -38.847240 400.629211 -39.965694 -36.175591 400.418182 26.227278 -41.518890 400.840210
499 287 516 275 538 271 558 278 539 286 518 289 671 269 689 260 712 260 732 269 712 274 691 274 1033 698 -55.125191 129.427063 66.827843 -0.344701 -0.001958 -0.083159 -8.590339 -37.587826 419.767822 -41.681473 -34.895123 419.233215 24.500795 -40.280525 420.302429
501 283 520 270 542 267 562 275 543 284 521 287 675 267 694 256 718 256 738 267 718 273 696 273 457 359 59.651234 62.775997 58.913116 -0.329283 0.014254 -0.071948 -6.821998 -38.284950 416.817719 -39.938339 -35.863785 416.892456 26.294342 -40.706116 416.742950
498 287 516 275 538 272 557 278 538 286 518 290 670 270 688 261 711 260 730 269 711 275 690 275 1082 629 -64.834648 115.778496 65.128143 -0.323389 -0.005705 -0.083381 -8.894689 -37.532764 421.431396 -41.984612 -34.845673 420.801910 24.195232 -40.219860 422.060852
500 287 517 276 538 273 557 280 538 287 518 290 666 272 684 263 706 263 725 272 706 277 686 277 1358 876 -119.878799 164.412598 70.971611 -0.248527 -0.013604 -0.077432 -9.974866 -37.572559 429.498322 -43.077644 -35.086292 428.733978 23.127913 -40.058830 430.262634
496 282 515 268 538 265 558 275 538 284 516 287 671 266 689 254 714 253 734 265 714 272 692 273 444 45 62.412354 0.782151 51.304226 -0.200332 0.007451 -0.074224 -8.555987 -38.864777 415.842896 -41.668762 -36.394218 415.842499 24.556789 -41.335339 415.843292
499 288 517 276 539 273 558 280 539 288 518 291 672 272 691 263 713 263 733 272 714 278 693 278 348 514 81.248978 93.435280 62.730701 -0.323586 0.003919 -0.070368 -8.271952 -36.572712 419.334076 -41.395054 -34.257778 419.087250 24.851149 -38.887642 419.580902
495 289 513 278 534 275 553 281 534 289 514 292 664 273 683 265 704 264 724 273 705 278 684 278 943 773 -37.262672 144.280670 68.694946 -0.326740 -0.016840 -0.083263 -11.005678 -36.601685 425.942139 -44.091816 -33.979664 424.946106 22.080460 -39.223709 426.938171
496 297 513 285 534 281 554 287 535 295 515 299 664 276 683 267 705 267 725 275 706 280 685 280 241 845 102.350792 158.845322 70.815964 -0.381487 0.032695 -0.092372 -10.842321 -34.851189 425.946655 -43.889778 -31.658279 426.426880 22.205133 -38.044098 425.466400
480 276 499 263 524 261 544 272 524 281 501 283 662 265 682 252 707 250 728 262 708 271 685 272 803 133 -9.054957 17.980049 53.246971 0.269323 -0.038891 -0.053608 -11.827833 -36.427017 383.158600 -44.960289 -34.496925 382.121887 21.304623 -38.357105 384.195282
487 281 507 267 531 264 552 271 531 279 509 283 668 263 688 253 713 253 735 264 713 269 690 269 1147 645 -77.774452 118.905525 65.481514 -0.387947 0.000135 -0.071784 -9.771697 -37.985455 400.080475 -42.892063 -35.662369 399.628479 23.348669 -40.308537 400.532501
486 286 506 273 529 269 550 276 530 284 508 288 665 268 685 258 709 258 730 268 709 273 687 273 1346 783 -117.439743 146.055405 68.722374 -0.374996 -0.004632 -0.080192 -10.871786 -36.617065 403.974579 -43.970783 -34.047577 403.331360 22.227211 -39.186554 404.617828
486 281 506 267 530 263 552 272 531 281 508 284 667 264 687 252 712 252 734 264 713 270 689 269 783 297 -5.167595 50.372284 57.235340 -0.318988 0.011203 -0.072170 -10.169234 -37.895218 399.571686 -43.286278 -35.482574 399.558258 22.947809 -40.307861 399.585083
492 278 512 266 535 264 555 273 535 281 513 283 675 268 694 258 718 258 738 268 718 275 696 274 568 563 37.455597 103.001411 63.801727 -0.305225 -0.023017 -0.051770 -8.043941 -37.518333 401.504028 -41.195889 -35.942493 400.491730 25.108007 -39.094170 402.516327
493 279 512 268 534 266 554 274 534 282 512 284 671 270 690 261 713 262 732 271 713 277 691 276 924 844 -33.522434 158.309250 70.427139 -0.269396 -0.052950 -0.053233 -9.072639 -37.306084 408.161591 -42.184467 -35.796726 406.189667 24.039186 -38.815441 410.133514
491 279 510 267 533 265 553 274 533 282 511 284 672 268 691 258 715 257 735 268 715 275 693 275 759 500 -0.506215 90.467171 62.171757 -0.258167 -0.028795 -0.057617 -8.939691 -37.649223 404.032806 -42.076027 -35.881252 402.842407 24.196648 -39.417191 405.223206
496 284 515 272 538 269 558 276 538 284 516 287 676 269 696 261 719 261 740 271 720 276 697 275 295 602 91.743591 110.837433 64.893364 -0.359066 0.000107 -0.058432 -7.174795 -36.383648 404.009644 -40.323544 -34.485310 403.668610 25.973955 -38.281982 404.350677
493 276 512 263 536 261 556 271 536 280 514 283 674 264 692 251 716 250 737 261 717 270 695 270 1353 262 -118.542030 43.178833 56.082184 0.236748 -0.010117 -0.068113 -7.851692 -37.489552 390.418488 -40.978176 -35.211140 390.352295 25.274794 -39.767967 390.484650
495 278 514 265 538 263 558 273 537 282 515 284 676 266 695 253 719 252 740 263 720 272 698 272 885 274 -25.446327 45.780293 56.623047 0.289892 -0.019727 -0.062762 -7.040987 -36.551647 388.042023 -40.174469 -34.403973 387.696472 26.092495 -38.699322 388.387604
496 278 515 266 539 263 558 273 538 282 516 284 677 266 696 254 719 254 740 265 720 273 698 273 844 369 -17.342850 64.558670 58.949081 0.306899 -0.016239 -0.060216 -6.809844 -36.519253 389.685181 -39.950607 -34.470264 389.459045 26.330919 -38.568241 389.911285
498 279 518 264 543 261 565 271 543 279 520 282 678 264 698 251 723 252 745 264 724 270 700 270 225 2 106.003456 -7.599761 50.378193 -0.240240 0.013554 -0.057953 -5.753044 -38.697857 403.476166 -38.899349 -36.739353 403.691681 27.393259 -40.656364 403.260651
499 284 518 272 540 269 561 276 541 284 519 287 675 271 694 262 717 262 737 272 717 277 696 276 1246 726 -97.514313 134.850143 67.393265 -0.340806 -0.026611 -0.059954 -7.086967 -36.782280 411.524872 -40.221058 -34.980297 410.323059 26.047127 -38.584263 412.726685
496 280 515 267 539 265 559 273 539 281 517 284 673 268 692 257 716 257 736 268 716 274 694 274 1426 383 -133.131821 67.034477 58.977982 -0.257478 -0.042494 -0.064316 -7.743687 -38.022541 409.809662 -40.850437 -36.093128 408.142273 25.363062 -39.951958 411.477020
494 279 513 266 536 264 556 273 536 282 514 285 674 266 693 255 716 255 736 265 717 273 695 273 846 366 -17.739052 63.965317 58.875252 -0.268970 -0.007628 -0.063411 -8.242019 -38.459541 407.787476 -41.379539 -36.414570 407.256042 24.895502 -40.504513 408.318909
494 278 513 265 537 262 557 271 536 279 514 282 672 265 692 254 716 254 736 265 716 271 694 270 918 80 -31.903151 7.458018 51.900112 -0.256622 -0.021774 -0.064615 -8.250505 -38.861797 407.278442 -41.378582 -36.833622 406.290222 24.877573 -40.889969 408.266663
499 276 518 264 541 262 560 271 540 280 519 282 680 265 698 254 721 253 741 264 722 271 700 271 112 268 128.335098 44.978802 56.890137 -0.260256 0.014338 -0.051645 -6.432926 -39.175716 407.140839 -39.590324 -37.419380 407.389496 26.724472 -40.932053 406.892151
501 283 519 271 541 269 560 276 541 283 520 286 669 271 688 262 710 263 729 272 710 277 689 277 1382 832 -124.628769 155.712753 69.891617 -0.256875 -0.022075 -0.053148 -8.586006 -37.857082 423.986633 -41.736149 -36.206230 423.036682 24.564137 -39.507935 424.936554
496 286 515 275 537 272 556 278 537 286 516 289 671 273 690 265 712 266 731 275 712 279 691 279 1018 834 -52.216915 156.288116 70.134422 -0.364779 -0.026284 -0.059697 -8.856156 -36.177074 415.405518 -41.991138 -34.397282 414.195190 24.278826 -37.956863 416.615845
497 287 516 276 537 273 557 279 538 287 517 289 672 274 690 266 712 266 732 275 713 280 692 279 869 821 -22.568100 153.795105 69.898651 -0.374409 -0.021094 -0.058645 -8.590077 -35.926739 415.879944 -41.731174 -34.155418 414.835999 24.551020 -37.698059 416.923859
539 193 560 181 585 180 605 190 583 197 560 198 719 191 738 181 760 183 779 195 760 200 738 199 10 594 148.445023 109.399101 64.851463 -0.233643 -0.027530 0.003428 9.522665 -69.008736 408.682190 -23.669430 -69.227829 407.789703 42.714760 -68.789642 409.574677
515 206 535 195 558 193 579 200 558 207 536 209 691 198 711 190 733 191 752 201 733 205 711 204 952 805 -39.070934 150.594696 69.466278 -0.319298 -0.035208 -0.033141 -0.597255 -65.900711 411.968384 -33.763588 -65.004303 410.645355 32.569077 -66.797112 413.291412
509 195 530 182 554 181 575 192 554 200 531 202 690 189 708 177 732 177 752 189 732 196 710 196 1049 208 -58.035175 32.667076 54.934727 -0.189755 -0.044148 -0.040328 -1.694855 -69.066452 406.380402 -34.840504 -67.874802 404.797485 31.450792 -70.258110 407.963318
511 204 531 193 553 191 573 198 553 206 532 208 688 195 707 187 728 188 747 197 728 202 708 201 837 850 -16.218281 159.537109 70.619102 -0.320014 -0.037036 -0.043068 -2.336574 -67.328018 413.861084 -35.488289 -66.118057 412.426025 30.815142 -68.537979 415.296112
504 199 524 187 547 185 567 194 547 202 525 204 682 190 701 180 724 181 743 191 724 197 702 197 1166 479 -81.461761 86.118881 61.445171 -0.283999 -0.044857 -0.049682 -4.561493 -68.684006 410.319092 -37.692444 -67.267624 408.618073 28.569460 -70.100388 412.020111
499 197 519 184 543 182 563 193 543 202 520 204 678 189 697 177 721 177 740 189 721 197 699 196 1002 158 -48.657295 22.817720 53.747101 -0.211974 -0.044246 -0.050327 -6.042488 -69.281540 409.541260 -39.173054 -67.779251 407.907776 27.088079 -70.783829 411.174774
502 197 521 184 546 182 566 193 545 201 522 203 681 189 699 177 723 177 743 189 723 196 701 196 887 188 -25.796286 28.798328 54.536114 -0.196668 -0.042766 -0.049427 -5.144663 -69.408882 409.739380 -38.278805 -67.918541 408.168671 27.989479 -70.899223 411.310089
496 202 515 190 538 188 558 197 538 206 516 208 673 193 691 183 714 183 733 193 714 200 693 200 1404 492 -128.815948 88.567780 61.633434 -0.214629 -0.061059 -0.059107 -8.126366 -68.046196 412.912598 -41.211811 -66.317558 410.693420 24.959080 -69.774826 415.131775
498 201 517 188 541 186 561 196 540 205 518 207 676 192 695 181 718 181 738 192 719 199 697 199 910 316 -30.443146 54.060928 57.628380 -0.230945 -0.044877 -0.053290 -6.882710 -68.268028 410.607208 -40.007332 -66.686905 408.928131 26.241909 -69.849152 412.286255
496 211 515 199 538 196 558 203 538 211 517 214 670 198 689 189 712 190 731 200 712 205 690 204 1283 845 -104.941277 158.328735 70.259766 -0.291117 -0.038673 -0.061528 -8.713250 -65.947289 416.763977 -41.831036 -64.120300 415.203857 24.404537 -67.774284 418.324066
494 207 513 193 537 191 558 200 537 208 515 211 670 195 689 184 713 184 733 195 713 202 691 201 1191 318 -86.345474 54.316525 57.526894 -0.227713 -0.042328 -0.062558 -8.594415 -66.849304 412.045105 -41.704964 -64.951225 410.417694 24.516132 -68.747391 413.672546
496 210 515 197 539 195 559 203 539 211 517 214 672 198 691 188 715 188 735 199 715 205 693 204 648 427 21.616432 76.108124 60.460449 -0.270312 -0.026129 -0.055238 -8.048941 -65.686867 413.022003 -41.192158 -63.992592 411.919159 25.094275 -67.381142 414.124847
496 206 515 191 540 189 561 200 540 208 517 211 672 195 692 183 716 183 737 195 716 202 694 202 532 140 44.852993 19.496574 53.561405 -0.177936 -0.024348 -0.051566 -7.706759 -67.011612 411.808105 -40.857738 -65.381020 410.852448 25.444221 -68.642204 412.763763
494 208 514 194 538 192 559 201 538 210 515 212 671 196 690 185 714 185 734 197 714 203 692 203 759 288 -0.388100 48.607101 57.029861 -0.219596 -0.033708 -0.058453 -8.370068 -66.460022 412.503632 -41.499622 -64.658478 411.182007 24.759487 -68.261559 413.825256
492 212 511 200 535 197 555 205 535 214 513 216 668 200 686 190 709 190 729 201 710 207 688 206 1153 498 -78.886169 89.876930 61.912941 -0.247089 -0.045185 -0.065792 -9.826464 -65.272552 415.409332 -42.926109 -63.296730 413.657410 23.273180 -67.248375 417.161285
499 204 518 189 543 187 564 199 543 207 520 210 674 194 694 181 718 182 738 194 718 202 696 201 87 10 133.452271 -5.951720 50.645889 0.288811 -0.014257 -0.041445 -6.583512 -65.322121 400.912292 -39.756660 -63.897560 400.642944 26.589634 -66.746681 401.181671
489 210 509 195 534 192 556 203 534 212 511 215 665 196 685 184 710 183 731 196 710 203 687 203 1088 158 -65.765854 22.775084 53.701199 -0.158578 -0.036184 -0.070018 -10.079793 -66.028908 411.543243 -43.181744 -63.811104 410.164154 23.022158 -68.246704 412.922302
491 213 510 199 534 197 554 206 534 215 511 217 667 201 686 190 709 190 729 201 709 208 687 207 1088 468 -65.938568 83.985565 61.220009 -0.230962 -0.049095 -0.067219 -10.138853 -64.912216 414.425964 -43.229210 -62.889885 412.555634 22.951502 -66.934547 416.296326
494 215 513 203 536 200 556 208 536 216 514 219 669 203 688 193 711 193 731 203 711 209 690 209 515 648 47.951885 119.811203 65.891624 -0.267053 -0.029102 -0.060144 -9.347154 -64.162071 415.255951 -42.478317 -62.318333 414.036835 23.784010 -66.005814 416.475098
491 216 510 204 533 201 553 209 533 217 512 220 667 204 685 194 708 194 727 204 708 210 687 210 963 584 -41.136108 106.952103 64.100220 -0.260335 -0.043442 -0.066578 -10.381542 -63.932549 416.213867 -43.482079 -61.935646 414.503143 22.718992 -65.929451 417.924591
568 212 584 201 603 201 618 210 601 216 584 216 707 209 722 200 740 201 755 212 740 216 723 215 720 652 7.167630 120.499390 65.879219 -0.411955 0.033338 0.015640 12.348613 -76.587952 508.413635 -20.834005 -76.867813 509.594788 45.531231 -76.308083 507.232483
533 274 551 262 573 261 592 270 572 277 552 279 686 264 704 253 727 252 747 263 727 269 706 269 1148 116 -77.678658 14.452305 52.650494 -0.440923 0.078804 -0.036288 1.012066 -42.364552 440.962616 -32.069870 -40.632526 443.230896 34.094002 -44.096577 438.694305
529 277 547 264 569 262 588 270 569 278 548 280 680 262 699 251 721 250 742 261 722 267 700 267 1221 418 -92.369293 74.046967 59.936302 -0.474169 0.091587 -0.052456 -0.955345 -42.513042 441.573700 -33.978821 -40.132019 444.091705 32.068130 -44.894066 439.055664
524 264 544 253 567 251 587 261 566 268 544 270 693 257 713 246 737 246 759 256 738 263 715 262 999 307 -48.143497 52.239727 57.362583 -0.531298 0.055480 -0.022250 1.576968 -43.055649 412.047882 -31.569923 -41.873707 413.611938 34.723858 -44.237587 410.483826
531 263 549 252 571 251 589 260 570 267 550 268 695 256 713 245 735 245 754 254 735 261 715 261 770 598 -2.749120 109.812126 64.542801 -0.476601 0.039431 -0.031693 2.334806 -44.636112 424.224121 -30.828323 -43.317493 425.237854 35.497936 -45.954735 423.210419
530 264 548 252 571 251 589 261 570 268 549 269 693 258 711 247 733 247 753 257 734 264 713 264 870 408 -22.536934 72.246452 59.881119 -0.478862 0.026385 -0.025211 1.849389 -44.125999 425.653229 -31.333736 -43.114906 426.299408 35.032513 -45.137089 425.007019
524 270 543 258 565 256 585 265 565 272 544 274 690 255 708 244 732 242 753 252 733 259 711 260 1127 782 -73.872047 145.966522 68.815018 -0.532972 0.080636 -0.056944 0.419719 -42.825676 414.591919 -32.627228 -40.329865 416.648590 33.466667 -45.321484 412.535278
529 264 547 253 568 252 586 261 568 267 547 268 694 255 712 244 733 244 753 252 734 259 714 259 532 574 44.611191 105.191246 64.087738 -0.488867 0.056333 -0.037108 1.514214 -44.406460 419.962219 -31.616573 -42.775703 421.462616 34.645000 -46.037212 418.461823
532 266 550 257 571 256 590 264 571 270 551 271 698 258 716 248 738 247 758 255 739 262 718 263 378 480 75.299820 86.706993 61.890045 -0.517093 0.062768 -0.030167 3.011534 -42.211330 410.975403 -30.114569 -40.727711 412.713165 36.137638 -43.694946 409.237671
542 270 560 259 581 258 600 267 581 273 561 275 692 261 710 251 732 250 751 260 732 266 712 266 586 31 34.171139 -2.052592 50.888870 -0.452906 0.078019 -0.030274 4.027500 -43.728470 440.989990 -29.063080 -42.182049 443.266357 37.118080 -45.274895 438.713654
545 271 563 261 584 261 602 269 583 275 563 276 700 265 717 256 739 255 757 264 739 270 719 270 727 364 5.935532 63.629406 58.890263 -0.422767 0.078905 -0.011667 5.742621 -41.218792 428.078552 -27.358185 -40.297886 430.537872 38.843426 -42.139702 425.619232
534 260 552 248 574 247 592 256 573 263 553 265 688 252 706 241 728 241 747 252 728 257 707 257 1005 48 -49.192818 1.096385 51.077538 -0.369808 0.036336 -0.035732 1.585451 -48.264347 444.912323 -31.576742 -46.884720 445.874207 34.747646 -49.643978 443.950470
536 274 554 262 577 261 596 270 576 277 556 279 688 263 706 252 729 251 749 261 729 268 708 268 826 291 -13.718532 49.166245 57.066860 -0.463496 0.077260 -0.044759 2.229809 -41.861115 432.884918 -30.845081 -39.845909 435.018036 35.304699 -43.876320 430.751770
525 269 544 259 567 257 587 264 567 270 546 272 694 255 714 245 738 244 759 251 739 258 716 259 646 796 21.808718 148.969330 69.411331 -0.539131 0.086506 -0.049921 1.788273 -41.960640 403.370300 -31.255033 -39.629742 405.665192 34.831577 -44.291538 401.075409
529 277 548 261 573 261 592 275 572 284 549 285 676 271 695 256 721 255 742 270 721 279 697 279 1173 603 -82.923401 110.599602 64.448959 -0.201663 0.179020 -0.003650 -1.092050 -39.618610 437.395660 -33.767788 -38.903145 443.256042 31.583687 -40.334080 431.535278
523 268 542 257 565 256 585 264 565 270 543 272 691 259 712 250 736 250 757 259 736 264 713 264 558 499 39.480621 90.369370 62.254795 -0.486637 0.043497 -0.028806 1.012370 -41.017460 404.704102 -32.148148 -39.754211 405.863312 34.172890 -42.280708 403.544891
527 267 545 256 568 256 587 265 567 271 546 272 689 262 707 252 730 252 750 262 730 268 709 267 604 374 30.399178 65.664917 59.198463 -0.394428 0.031274 -0.018261 0.597663 -41.582474 416.661926 -32.585659 -40.789711 417.555420 33.780987 -42.375240 415.768463
529 277 547 261 572 260 591 274 571 283 548 285 676 270 696 255 721 255 742 270 721 279 698 278 1089 337 -66.064522 58.118702 58.042171 -0.207677 0.176834 -0.002614 -1.222604 -39.712807 435.980530 -33.911358 -39.021156 441.770752 31.466148 -40.404453 430.190308
520 267 539 257 563 256 583 264 562 271 540 272 692 258 713 247 737 246 759 254 738 262 714 262 421 677 66.635780 125.583954 66.645180 -0.458462 0.087238 -0.028495 0.589591 -40.799736 395.983734 -32.477917 -39.235653 398.563110 33.657101 -42.363819 393.404388
604 317 623 307 646 305 666 314 645 319 624 320 773 310 790 300 811 300 829 311 811 315 792 314 0 892 150.268356 168.245102 72.084557 -0.422816 0.120518 0.009427 32.249565 -22.343842 420.613129 -0.716513 -21.814417 424.552307 65.215645 -22.873266 416.673981
584 311 604 296 629 295 648 309 627 317 605 318 742 304 760 290 784 291 804 306 784 313 762 312 942 261 -36.778477 43.185143 56.277317 -0.439810 0.130168 0.018196 24.147362 -26.011324 442.159729 -8.775647 -25.660606 446.462280 57.070374 -26.362041 437.857147
554 299 573 285 595 284 613 296 594 304 573 306 714 290 731 276 754 276 773 289 755 297 734 297 993 354 -46.976063 61.523003 58.505737 -0.352764 0.126541 -0.015195 10.982554 -31.345840 436.380432 -21.955727 -30.120562 440.396393 43.920834 -32.571121 432.364441
541 308 560 295 582 294 600 303 581 311 560 313 705 297 722 286 744 285 763 297 745 304 724 303 1268 720 -101.887581 133.654526 67.235992 -0.439883 0.069224 -0.032283 6.401751 -27.993536 433.010895 -26.707800 -26.459648 435.001984 39.511303 -29.527422 431.019775
539 308 557 293 580 292 598 304 579 313 558 315 699 298 716 283 739 282 758 296 740 305 719 305 1264 133 -100.764786 17.751499 53.000896 -0.417249 0.097022 -0.027099 4.807634 -28.164928 437.049194 -28.231276 -26.630638 439.987915 37.846542 -29.699219 434.110504
538 308 556 295 578 294 596 303 577 311 557 313 704 297 722 285 744 285 763 296 744 303 724 303 361 643 78.590927 118.900291 65.852562 -0.469060 0.085401 -0.026325 5.370969 -27.557095 424.900543 -27.703753 -26.063293 427.428589 38.445690 -29.050896 422.372528
543 313 561 301 581 299 599 307 581 314 562 316 700 300 717 291 737 291 755 301 738 306 718 306 1383 406 -124.590355 71.597214 59.558781 -0.440928 0.111430 -0.020994 5.194592 -26.785189 441.976013 -27.800421 -25.310211 445.398468 38.189606 -28.260164 438.553558
536 306 554 292 576 290 594 301 575 309 555 311 701 291 718 278 740 277 759 288 741 296 721 297 571 346 36.979691 60.152588 58.536957 -0.382066 0.122950 -0.044971 4.252039 -29.520620 426.686615 -28.672071 -27.298271 430.377655 37.176147 -31.742968 422.995575
535 309 553 296 575 295 594 304 574 312 554 314 700 297 717 285 740 284 759 296 740 303 720 303 336 573 83.603348 105.090965 64.168106 -0.435708 0.095743 -0.034317 4.028055 -27.618135 428.087372 -29.007862 -25.835171 430.917389 37.063972 -29.401100 425.257385
541 315 561 303 584 301 603 310 583 318 561 320 703 306 723 297 747 298 767 310 746 315 724 314 1089 111 -65.938606 13.494289 52.560715 -0.558753 0.108467 0.014563 6.701261 -23.634779 424.370789 -26.310015 -23.113306 427.912445 39.712536 -24.156254 420.829132
530 312 547 299 569 297 587 306 569 314 548 316 694 298 710 286 732 286 751 297 733 304 713 304 754 737 0.356424 137.266052 67.922676 -0.439614 0.063260 -0.051521 1.462469 -27.509027 435.569672 -31.633663 -25.400646 437.231110 34.558601 -29.617409 433.908264
530 316 549 305 572 302 591 309 571 315 550 318 697 303 717 295 740 296 760 306 740 310 718 309 994 839 -47.445217 157.287292 70.268501 -0.571256 0.080114 -0.016805 3.092767 -24.058172 416.903992 -30.003853 -22.791660 419.263916 36.189388 -25.324682 414.544067
530 315 548 303 570 302 589 310 570 317 549 319 691 307 710 298 732 299 751 311 731 315 710 314 703 686 10.530611 127.221222 66.712936 -0.250000 0.182117 0.003269 1.064273 -21.688450 400.265747 -31.594097 -21.045399 406.230377 33.722641 -22.331501 394.301086
534 315 552 304 573 302 591 309 572 316 553 318 690 304 708 296 728 297 746 307 728 310 709 309 1367 445 -121.429100 79.305824 60.513237 -0.457396 0.047998 -0.029138 1.658113 -25.675123 447.310883 -31.495274 -24.383385 448.631470 34.811501 -26.966864 445.990326
521 314 539 301 562 299 580 309 561 317 541 319 685 301 702 288 724 288 743 299 725 307 704 307 739 815 3.297017 152.674835 69.822517 -0.461829 0.053615 -0.053115 -1.780520 -26.145205 432.898163 -34.892483 -24.041569 434.214264 31.331444 -28.248840 431.582031
522 318 541 307 562 304 581 310 562 317 541 320 682 305 701 297 724 298 743 308 724 311 703 310 1399 575 -127.867500 104.958870 63.649204 -0.531617 0.063725 -0.024206 -1.814637 -24.231375 433.392029 -34.944130 -22.916451 435.199585 31.314857 -25.546297 431.584503
521 304 539 289 561 288 579 299 560 308 540 310 685 289 701 274 724 273 743 286 725 295 705 295 360 71 79.108551 5.957578 51.979675 -0.252664 0.152772 -0.049610 -2.270419 -30.314989 427.020050 -35.050076 -28.056129 431.810822 30.509237 -32.573849 422.229309
520 315 538 301 560 300 579 310 560 318 539 320 683 302 700 290 723 290 742 301 723 309 703 309 292 828 92.214485 155.463333 70.376419 -0.454976 0.054810 -0.047167 -2.411221 -25.638468 433.665009 -35.530746 -23.720369 435.071228 30.708305 -27.556566 432.258789
520 313 540 296 566 295 585 309 564 319 541 321 687 304 705 288 731 288 751 303 731 313 708 312 300 8 91.079857 -6.452225 50.483685 -0.494783 0.057429 -0.026519 -0.391463 -25.373215 428.554169 -33.531208 -24.066654 430.169647 32.748283 -26.679775 426.938721
520 314 539 301 561 299 579 309 560 317 539 320 684 301 701 289 723 288 742 300 724 307 703 307 375 651 75.801353 120.472977 66.039124 -0.437611 0.064830 -0.048544 -2.218632 -26.115952 435.026459 -35.316326 -24.093435 436.761871 30.879063 -28.138468 433.291046
566 302 583 288 605 287 621 301 603 309 584 310 713 297 729 282 750 282 767 296 751 305 731 304 710 47 9.494073 1.045184 51.210747 -0.262101 0.091326 -0.009266 13.830487 -32.456154 484.091248 -19.235325 -31.757566 487.044830 46.896301 -33.154743 481.137665
542 313 558 301 577 300 593 308 576 316 558 318 688 304 704 294 723 294 740 305 724 311 705 311 1235 255 -95.063591 41.855164 55.975391 -0.465659 0.051739 -0.025258 1.921312 -28.630800 488.669159 -31.229467 -27.429836 490.133087 35.072094 -29.831762 487.205231
541 310 557 299 577 297 594 306 576 313 558 315 687 303 703 293 723 293 740 304 724 309 705 309 1231 480 -94.393204 86.284103 61.434727 -0.506276 0.052695 -0.016573 1.830722 -28.905043 479.175873 -31.324516 -27.944790 480.714600 34.985958 -29.865295 477.637115
626 333 647 320 672 319 692 333 670 339 647 340 785 333 804 321 828 323 848 337 828 343 806 341 98 546 130.965332 99.877716 63.640285 -0.446498 0.088633 0.041551 42.346409 -14.670953 441.039124 9.297935 -15.357433 444.183441 75.394882 -13.984472 437.894806
624 333 643 320 667 320 685 333 665 339 643 340 777 329 795 316 818 316 837 329 818 337 797 336 1000 607 -48.509579 111.475182 64.638321 -0.395481 0.175730 0.022161 39.665798 -16.078960 447.403473 6.973740 -15.656113 453.200897 72.357857 -16.501808 441.606018
614 332 634 320 657 319 677 331 656 337 634 338 775 328 793 317 816 317 836 329 816 336 795 335 1011 807 -50.809315 150.960358 69.483292 -0.440612 0.120629 0.018119 36.701767 -16.284611 437.739563 3.739721 -15.998346 441.737213 69.663818 -16.570877 433.741943
620 334 640 321 664 320 684 331 662 338 640 339 775 332 794 322 817 324 836 337 816 342 795 340 603 472 30.543514 85.015823 61.575909 -0.478128 0.091248 0.043865 39.345364 -15.211600 451.144257 6.307373 -15.900816 454.396271 72.383362 -14.522384 447.892242
616 334 636 321 659 320 679 331 658 338 636 340 772 330 790 319 814 321 833 334 813 339 792 338 1436 528 -135.201981 95.660225 62.489506 -0.490643 0.119292 0.032592 37.519218 -15.707500 449.737793 4.562930 -15.792931 453.791870 70.475502 -15.622068 445.683746
608 329 627 318 648 317 666 326 647 332 627 333 768 324 786 315 807 315 826 326 807 331 788 330 1354 888 -119.089737 166.784012 71.264801 -0.423040 0.112062 0.013603 33.537613 -17.987562 440.841858 0.541006 -17.650391 444.539124 66.534218 -18.324734 437.144562
608 327 626 316 649 315 667 325 647 331 627 333 771 322 788 312 810 312 829 323 810 329 790 328 619 790 27.183353 147.797989 69.280212 -0.404112 0.115685 0.007272 33.744122 -18.611774 436.006866 0.759111 -18.081383 439.784088 66.729134 -19.142168 432.229645
611 327 630 315 653 314 671 325 651 331 630 332 776 323 793 312 815 312 834 324 815 330 795 329 567 725 37.564278 134.989319 67.731445 -0.385587 0.104447 0.012128 35.621830 -18.661396 436.425049 2.598146 -18.393681 439.878235 68.645515 -18.929111 432.971893
622 334 641 323 664 322 682 332 662 338 641 339 778 332 796 324 818 326 836 338 817 341 797 339 450 401 61.020390 71.072502 59.935528 -0.478107 0.126634 0.054375 39.640717 -15.083294 451.063660 6.744777 -15.830606 455.519928 72.536652 -14.335981 446.607391
613 327 633 316 655 315 674 325 653 331 633 332 777 324 795 314 817 315 836 326 817 332 797 330 53 715 139.823318 133.269608 67.763268 -0.413787 0.108944 0.023990 36.586330 -18.189491 437.847015 3.584978 -18.224857 441.517059 69.587677 -18.154123 434.176971
616 329 636 315 660 315 679 328 658 335 635 336 775 326 793 313 817 314 836 328 817 335 795 334 257 470 99.376732 84.792450 61.712090 -0.409260 0.132594 0.027629 37.766361 -17.693974 445.067596 4.861424 -17.696161 449.520081 70.671303 -17.691788 440.615082
609 328 629 317 652 316 671 327 650 333 629 334 774 324 792 313 814 314 833 326 814 332 793 331 449 733 61.034351 136.627441 67.988464 -0.417748 0.104279 0.013829 35.175209 -17.977808 437.836945 2.151286 -17.710810 441.287872 68.199135 -18.244804 434.386047
623 334 642 323 665 322 683 332 663 338 642 339 776 333 794 323 816 325 834 337 815 342 795 340 192 263 112.422951 43.951874 56.726162 -0.434821 0.134548 0.053513 40.108002 -15.413037 459.337311 7.245239 -16.173946 464.029785 72.970764 -14.652128 454.644806
608 326 628 313 651 312 670 324 649 332 628 333 774 321 792 309 815 309 834 322 815 329 794 329 290 564 92.759453 103.336685 63.974373 -0.416665 0.120728 0.013935 34.666588 -18.952421 432.309082 1.703155 -18.578604 436.288025 67.630020 -19.326239 428.330139
606 327 628 307 656 307 676 327 653 338 628 339 770 324 789 304 817 304 838 323 817 335 793 335 406 20 69.985878 -4.135338 50.718155 -0.433440 0.127834 0.016213 35.310005 -18.279867 434.446686 2.376202 -17.895729 438.662903 68.243813 -18.664007 430.230438
606 329 625 316 649 315 668 326 647 334 625 335 771 324 789 312 812 312 831 325 812 332 791 331 773 634 -3.365987 116.918953 65.414352 -0.438720 0.103702 0.009345 33.858978 -17.984077 434.565002 0.831131 -17.541336 437.959839 66.886826 -18.426819 431.170166
606 329 626 318 648 316 667 326 647 333 626 334 772 324 790 313 812 314 831 325 812 331 792 330 90 815 132.406952 152.996582 70.168945 -0.436638 0.102776 0.009622 33.984509 -17.943468 434.854919 0.953655 -17.519720 438.222809 67.015358 -18.367214 431.487000
551 310 568 300 587 300 603 310 585 315 567 316 697 309 713 300 732 301 748 312 732 317 714 316 1111 853 -70.728615 159.993622 70.545609 -0.515791 0.052804 0.026122 5.990714 -26.843533 480.457886 -27.157761 -27.230362 482.352234 39.139191 -26.456703 478.563538
542 247 559 238 580 238 597 246 579 252 560 253 695 246 713 237 735 238 753 248 734 253 714 252 1073 693 -63.079876 128.419968 66.685219 -0.418869 0.100314 0.036435 4.112684 -51.514587 443.643585 -28.905947 -52.000282 447.121185 37.131313 -51.028889 440.165985
584 244 605 232 628 233 646 246 625 252 603 251 736 252 754 241 776 244 793 259 775 263 754 260 121 570 126.376411 104.605194 64.210106 -0.474190 0.012476 0.085828 23.937010 -53.430435 471.850464 -9.145317 -56.074917 472.911621 57.019337 -50.785954 470.789337
591 250 610 240 630 241 646 252 627 256 608 256 733 259 750 252 769 255 784 268 767 270 750 267 1069 271 -62.049011 45.096710 56.452068 -0.466933 0.009483 0.107528 24.744904 -52.939823 497.285797 -8.270131 -56.303024 498.406494 57.759937 -49.576618 496.165100
591 247 612 238 635 239 652 250 631 254 610 253 738 259 756 253 777 258 793 272 775 273 756 269 962 187 -40.715981 28.563692 54.471828 -0.420628 0.004215 0.136056 25.791779 -50.497272 473.778839 -7.110387 -54.840290 474.849030 58.693943 -46.154255 472.708618
584 249 604 238 627 239 644 251 624 256 603 256 733 258 751 250 772 253 788 268 770 271 750 267 751 281 1.207294 47.228897 56.864353 -0.520524 0.000250 0.103517 23.388382 -51.813782 483.026917 -9.642657 -55.089851 483.908630 56.419422 -48.537716 482.145203
607 350 625 339 647 340 664 351 645 355 625 355 750 352 768 342 789 343 806 355 788 359 769 358 558 358 39.559181 62.528473 58.834949 -0.466075 0.101426 0.050297 31.383980 -7.498929 473.038757 -1.612088 -8.335830 476.660736 64.380051 -6.662027 469.416779
601 341 621 331 643 331 662 340 642 344 621 345 756 343 774 334 796 336 814 347 795 350 775 348 90 609 132.521729 112.321236 65.172569 -0.485415 0.063475 0.044925 30.883511 -11.364154 453.902679 -2.222908 -12.295177 456.281311 63.989929 -10.433131 451.524048
581 331 599 316 623 316 641 329 621 336 600 338 727 327 745 312 769 313 788 327 768 334 747 333 1375 19 -122.783249 -4.813190 50.176662 -0.508073 0.103894 0.010895 20.892889 -18.008734 464.868591 -12.134774 -17.497593 468.255585 53.920551 -18.519876 461.481567
587 330 603 321 622 320 638 327 621 332 603 333 726 324 742 317 760 318 777 326 760 330 743 329 819 246 -12.300902 40.284325 55.979156 -0.446530 0.100453 0.004937 20.873302 -19.421646 487.611694 -12.166487 -18.848110 490.867920 53.913090 -19.995184 484.355469
580 323 596 314 615 314 631 322 614 327 596 327 725 320 740 312 758 312 774 321 759 325 741 325 246 764 101.401237 142.849136 68.848709 -0.392801 0.035706 -0.007119 18.583055 -21.564713 478.236847 -14.600034 -21.104568 479.346130 51.766144 -22.024857 477.127563
579 326 596 318 615 317 631 324 614 329 596 330 726 322 741 314 760 315 776 323 760 326 743 326 681 756 14.868218 141.053848 68.422478 -0.441588 0.055144 -0.007112 18.781700 -20.516861 475.561523 -14.372628 -19.890766 477.281433 51.936031 -21.142956 473.841614
574 330 596 318 621 315 642 323 619 330 596 333 726 321 748 312 774 314 797 326 774 330 750 328 1267 422 -101.522614 74.813972 60.008766 -0.454784 0.151129 0.022934 19.455536 -17.929636 430.831451 -13.368731 -17.542900 435.829193 52.279804 -18.316374 425.833679
585 323 601 314 619 314 634 321 618 326 601 327 730 318 745 310 762 311 778 319 763 323 746 323 411 141 68.923782 19.754015 53.650246 -0.463366 0.094780 0.003841 20.550697 -22.137600 478.725555 -12.507490 -21.544798 481.785675 53.608887 -22.730402 475.665405
588 322 603 313 621 313 636 321 620 326 603 326 731 318 746 310 764 310 780 318 764 323 747 323 92 450 132.212433 80.925194 61.315079 -0.474077 0.101396 0.007389 21.246683 -22.313763 477.287537 -11.789868 -21.767061 480.581024 54.283237 -22.860466 473.994080
580 322 597 311 616 311 633 320 615 326 597 327 727 315 742 304 761 304 778 313 762 319 744 319 72 715 136.043518 133.260193 67.753128 -0.459577 0.101165 -0.018493 19.070179 -23.063616 470.310211 -13.962262 -21.714254 473.408081 52.102619 -24.412975 467.212372
580 324 597 314 616 313 633 322 615 327 597 328 729 317 745 307 764 307 782 316 765 322 746 322 1104 604 -69.197327 110.831261 64.510040 -0.512288 0.102116 -0.008121 19.482365 -21.913752 466.368439 -13.552157 -20.807245 469.539520 52.516884 -23.020260 463.197388
581 324 598 314 617 313 634 322 616 328 598 329 729 319 745 309 764 310 781 319 764 324 746 324 896 294 -27.645773 49.723900 57.102261 -0.517715 0.089117 0.001042 19.891941 -21.650192 472.234985 -13.184005 -20.934683 475.068634 52.967888 -22.365704 469.401367
541 220 560 212 582 212 598 220 579 225 558 225 688 232 706 229 727 234 744 247 725 247 705 242 1100 267 -68.213821 44.291531 56.338505 -0.367015 0.029916 0.155683 2.780274 -63.039310 475.370148 -30.012814 -67.892250 477.273315 35.573360 -58.186371 473.466980
547 218 565 209 585 210 601 220 582 225 563 225 690 227 707 219 727 222 743 235 725 238 707 235 860 498 -20.597710 90.022194 62.069340 -0.445530 0.031493 0.105523 3.961957 -66.887306 487.324768 -29.045031 -70.040573 489.101105 36.968945 -63.734039 485.548431
550 224 569 215 590 216 605 226 586 232 567 231 693 233 711 226 731 229 747 242 729 245 710 242 1042 59 -56.559605 3.250027 51.324581 -0.510152 0.038359 0.118030 5.802229 -64.316956 490.175018 -27.152687 -67.741028 492.367920 38.757145 -60.892887 487.982086
546 221 566 211 587 212 603 223 584 228 564 227 692 232 709 225 730 229 746 243 728 245 709 241 271 541 96.552063 98.804688 63.426670 -0.531130 -0.003352 0.126800 4.572843 -61.512589 464.744812 -28.371420 -65.545624 465.729553 37.517105 -57.479549 463.760040
553 219 570 209 590 210 604 222 586 226 569 226 692 230 708 222 727 224 740 238 725 241 708 238 1138 782 -76.060349 145.961060 68.809151 -0.511579 -0.027865 0.101414 5.340296 -68.104637 504.457245 -27.685009 -71.552399 504.415405 38.365601 -64.656876 504.499054
554 224 572 211 593 212 608 225 590 233 570 233 698 231 715 220 736 222 751 237 734 244 715 241 913 467 -31.124084 83.874870 61.289165 0.060941 0.118436 0.085675 7.200768 -64.340225 484.691132 -25.650034 -67.292770 488.520874 40.051571 -61.387688 480.861389
555 222 574 213 595 214 612 224 592 229 572 228 702 236 720 232 740 237 756 250 738 252 719 247 899 37 -28.099396 -1.023048 50.867321 -0.436621 0.000437 0.157294 8.973896 -62.537930 482.600769 -23.827467 -67.572266 483.734650 41.775257 -57.503593 481.466888
617 295 636 288 656 289 673 298 654 300 636 299 759 301 776 294 795 295 813 305 795 307 777 305 863 750 -21.334921 139.778900 68.179802 -0.633918 0.077365 0.081682 34.250473 -29.973591 458.748932 1.248642 -31.715816 461.974365 67.252304 -28.231365 455.523499
588 303 606 293 627 293 645 304 626 308 606 308 730 304 748 295 769 295 787 306 769 310 749 309 1202 728 -88.762215 135.266861 67.465256 -0.542044 0.073246 0.038793 22.553125 -28.545544 466.059357 -10.540462 -29.127262 468.711853 55.646709 -27.963825 463.406860
586 300 604 291 624 292 642 302 623 304 604 304 729 302 747 294 766 294 784 304 766 307 747 306 1001 428 -48.608788 76.130569 60.296280 -0.660599 0.058763 0.043114 21.011822 -28.893972 455.535980 -12.108001 -29.601366 457.802399 54.131641 -28.186581 453.269562
590 300 607 292 627 292 644 301 625 304 607 304 734 301 751 294 770 294 787 304 770 307 751 306 424 193 66.308632 30.015135 54.904526 -0.524608 0.086539 0.044408 22.971252 -29.896254 467.316162 -10.080174 -30.565811 470.432983 56.022678 -29.226694 464.199371
584 298 602 288 624 289 642 299 622 303 603 303 728 300 746 290 767 291 785 302 766 306 747 305 860 484 -20.589911 87.257851 61.729778 -0.545529 0.066877 0.040140 21.142595 -30.434080 463.568573 -11.963742 -31.109941 466.032959 54.248932 -29.758219 461.104156
586 292 604 282 624 283 641 294 623 298 604 298 727 294 744 284 764 284 782 295 764 300 745 299 809 125 -10.244121 16.397449 53.049732 -0.572373 0.065626 0.039752 20.953856 -33.232807 466.221039 -12.155905 -33.874115 468.648407 54.063618 -32.591499 463.793701
584 289 602 277 624 278 641 292 622 296 602 296 726 292 743 279 765 279 782 291 764 298 744 298 1381 22 -123.978539 -4.223805 50.246223 -0.527676 0.065732 0.035318 20.640467 -34.493900 465.777710 -12.474071 -35.049538 468.160645 53.755001 -33.938259 463.394775
585 292 604 283 624 283 642 293 623 296 603 296 729 293 747 285 767 286 785 296 766 299 747 298 170 795 116.503159 149.007858 69.641151 -0.463031 0.064428 0.037285 21.628122 -33.783928 469.894226 -11.486369 -34.490803 472.237396 54.742611 -33.077057 467.551056
581 294 599 283 620 283 637 294 618 298 599 299 723 293 741 283 762 283 779 294 761 299 742 298 1297 402 -107.479568 70.850037 59.507668 -0.480835 0.076455 0.024945 19.444265 -33.811836 472.394562 -13.655279 -34.009369 475.029114 52.543812 -33.614304 469.760040
583 292 600 282 621 282 638 292 619 296 600 297 725 292 742 283 762 283 779 293 761 298 743 297 677 227 15.958697 36.603111 55.594124 -0.474296 0.072905 0.029070 19.995682 -34.612728 475.043488 -13.108813 -34.978127 477.596649 53.100174 -34.247330 472.490356
584 289 602 280 622 280 639 290 620 295 601 295 725 291 742 281 762 282 779 292 762 297 743 296 416 209 67.891212 33.178352 55.296867 -0.455949 0.067601 0.033869 20.473169 -35.563854 478.206451 -12.638405 -36.146183 480.623932 53.584743 -34.981525 475.788971
579 289 597 279 618 279 635 289 616 294 597 295 720 289 738 279 758 280 776 291 758 296 739 295 851 319 -18.707550 54.682541 57.732635 -0.475543 0.059326 0.024597 18.549988 -35.855934 476.388519 -14.587650 -36.182220 478.474182 51.687626 -35.529648 474.302826
577 280 594 272 614 272 630 282 612 285 594 285 724 284 740 275 760 276 776 285 759 289 741 288 54 668 139.650574 123.988815 66.622787 -0.454282 0.017690 0.030699 17.818327 -38.126392 464.514008 -15.366001 -38.979710 465.308838 51.002655 -37.273075 463.719177
574 362 596 353 620 352 640 360 618 365 595 366 727 363 748 357 772 360 792 371 771 373 749 370 822 726 -13.165144 135.060349 67.619583 -0.295423 0.141445 0.061339 19.127377 -1.865963 434.832214 -13.686447 -3.177884 439.740509 51.941200 -0.554042 429.923920
561 396 579 385 600 385 618 396 599 401 579 402 703 395 720 384 741 384 758 395 741 401 722 401 1082 107 -64.543816 12.707948 52.467434 -0.503558 0.036922 0.004341 10.851009 12.231831 481.975647 -22.331341 12.395895 483.185730 44.033360 12.067765 480.765564
557 402 574 390 596 390 613 401 594 407 575 408 697 399 714 387 735 387 753 398 735 405 715 404 1014 244 -51.092449 39.792744 55.826561 -0.582169 0.061179 -0.004818 8.381413 14.447827 487.544830 -24.762640 15.173450 489.416962 41.525467 13.722204 485.672699
545 395 562 383 583 382 601 393 583 399 563 400 692 387 708 375 729 374 747 384 730 391 710 392 445 896 61.739285 168.814301 71.944038 -0.522466 0.049048 -0.044079 4.362869 9.297881 475.686066 -28.771399 11.110516 476.866882 37.497135 7.485247 474.505249
540 395 557 382 578 381 596 392 577 399 558 400 685 386 702 373 723 372 742 383 724 391 704 391 1403 608 -128.681641 111.472839 64.447456 -0.559094 0.054572 -0.045764 1.785610 8.961785 473.691101 -31.337196 10.895456 474.995056 34.908417 7.028114 472.387146
542 396 559 387 579 386 596 394 578 398 559 399 692 391 709 383 728 384 745 392 728 396 710 395 377 565 75.451401 103.491013 63.952190 -0.603292 0.017683 -0.016984 3.240502 10.715112 471.080688 -29.954630 11.417199 471.467773 36.435635 10.013023 470.693573
552 398 568 388 587 387 603 396 586 401 569 402 691 393 707 383 726 384 743 393 726 397 708 397 99 35 131.051102 -1.021340 51.245838 -0.582937 0.043570 -0.017359 4.978243 12.086761 491.944031 -28.191078 13.040659 493.146423 38.147568 11.132863 490.741638
544 394 561 385 581 385 597 394 579 398 561 399 693 392 709 383 729 383 746 391 729 396 710 396 180 314 114.781776 54.027935 57.969532 -0.626071 0.027527 -0.008211 3.730412 10.484071 464.323425 -29.461145 11.016093 465.096161 36.921967 9.952049 463.550659
535 400 552 387 572 386 590 396 572 403 553 405 680 389 696 376 717 374 735 384 718 392 699 393 1133 727 -75.035019 135.103622 67.477837 -0.603567 0.046800 -0.068149 -0.563906 10.349494 472.714935 -33.658714 12.929617 473.512543 32.530903 7.769372 471.917358
543 398 560 388 580 387 596 396 579 401 560 402 684 394 700 384 720 385 738 394 720 399 702 399 145 112 121.857109 14.159747 53.088860 -0.461331 0.064085 -0.004832 1.628594 12.286975 484.891510 -31.508879 12.923720 486.906982 34.766068 11.650229 482.876068
530 401 546 388 567 387 584 396 567 403 548 405 675 387 691 375 711 373 729 382 712 390 694 391 592 899 32.493916 169.333771 71.938339 -0.572910 0.051280 -0.083718 -3.044348 10.135831 476.047180 -36.093597 13.235953 476.881531 30.004898 7.035709 475.212860
534 399 551 385 573 384 590 397 572 405 552 406 676 392 693 377 715 376 734 388 716 397 696 398 1127 59 -73.469223 3.207886 51.279209 -0.565617 0.054732 -0.041486 -1.387689 11.472575 480.741669 -34.516289 13.276981 482.083130 31.740911 9.668168 479.400177
534 403 551 391 572 390 589 399 571 406 552 407 681 393 697 382 718 381 736 390 718 397 699 397 507 763 49.479309 142.522293 68.685135 -0.580479 0.037831 -0.054666 -0.689637 12.287358 474.784882 -33.823139 14.355337 475.458771 32.443867 10.219380 474.110992
535 403 552 391 573 390 591 400 573 406 554 408 683 394 700 382 721 380 739 390 721 397 702 398 263 814 97.991455 152.713364 70.052345 -0.624420 0.057425 -0.049475 0.265615 12.246052 467.282928 -32.846916 14.358603 468.570221 33.378143 10.133501 465.995636
539 402 555 391 576 390 593 400 575 406 556 407 684 395 700 384 721 383 738 393 721 399 702 400 83 374 134.045212 65.923210 59.476562 -0.592808 0.043222 -0.035936 0.886822 12.820884 479.125214 -32.267067 14.357831 480.133728 34.040710 11.283937 478.116730
534 401 551 390 571 389 588 398 570 404 552 406 677 392 693 380 713 379 731 389 714 395 695 396 606 752 29.790701 140.301224 68.365494 -0.559570 0.036667 -0.056792 -1.770218 11.917413 481.790710 -34.901146 14.036637 482.431000 31.360712 9.798189 481.150421
537 400 554 389 574 388 591 397 573 403 555 404 681 393 697 382 717 382 734 391 717 397 699 397 231 663 104.441559 122.913803 66.407036 -0.571836 0.021821 -0.043044 -0.354427 12.051042 484.666351 -33.521626 13.604682 484.954224 32.812771 10.497401 484.378448
537 402 553 390 574 389 592 398 574 404 555 406 682 391 699 380 719 379 737 388 720 395 701 395 62 890 137.935394 167.819458 72.002953 -0.592882 0.053451 -0.054525 0.184762 11.629808 475.989166 -32.926105 13.845042 477.139252 33.295631 9.414575 474.839081
537 402 554 391 574 389 591 399 574 405 555 407 680 393 696 381 716 380 734 390 717 397 698 397 8 642 148.816147 118.877838 66.016731 -0.566733 0.040204 -0.054926 -0.414382 12.435933 485.733612 -33.544338 14.530437 486.494293 32.715576 10.341430 484.972900
536 402 552 392 572 391 589 399 571 405 553 406 680 395 696 385 715 385 733 393 716 399 697 399 708 460 9.661843 82.594330 61.228813 -0.580128 0.006513 -0.046859 -0.978350 13.027760 486.185547 -34.147041 14.558319 485.951080 32.190342 11.497200 486.419983
575 349 593 336 613 335 629 346 611 353 592 354 715 347 732 338 753 339 771 352 753 357 733 355 523 85 46.674068 8.641112 52.232227 -0.289952 0.084818 0.031136 16.532473 -9.257074 484.112366 -16.537844 -9.869926 487.034393 49.602791 -8.644221 481.190369
551 234 571 224 592 223 611 232 591 237 571 238 719 229 737 219 758 220 777 230 758 234 739 234 953 848 -39.293827 159.084686 70.508675 -0.193542 0.075536 0.001215 11.161005 -55.997955 425.245789 -21.949396 -55.796158 427.739838 44.271404 -56.199749 422.751740
513 307 532 298 554 296 573 303 554 308 533 310 678 300 698 293 719 293 739 302 719 305 698 304 1048 362 -57.922043 63.075359 58.670410 -0.572217 0.015464 -0.021571 -4.227046 -26.615522 423.140106 -37.420479 -25.794870 423.426575 28.966389 -27.436174 422.853638
500 258 521 243 548 243 569 257 546 266 522 267 684 252 705 235 733 234 755 248 733 259 708 259 830 260 -14.497006 43.043213 56.312843 -0.388705 0.103255 -0.009738 -3.664350 -41.363327 376.505798 -36.692974 -40.391205 379.780609 29.364275 -42.335449 373.230957
505 262 529 245 558 244 582 261 556 270 529 271 694 256 717 238 747 237 771 254 747 264 719 264 623 116 26.763124 14.712584 52.930729 -0.330295 0.121696 0.001740 0.044953 -38.690887 366.304108 -32.916458 -38.086987 370.271545 33.006363 -39.294792 362.336700
514 259 538 244 566 244 588 260 564 267 538 268 703 257 725 241 753 240 776 255 753 264 727 264 450 39 61.222076 -0.405542 51.155499 -0.279242 0.104446 0.010433 2.728863 -39.475296 371.677673 -30.294380 -39.335968 375.142578 35.752106 -39.614624 368.212769
525 260 547 248 571 248 592 260 570 265 547 266 710 258 730 245 755 245 776 258 755 264 732 264 143 307 122.146332 52.664104 57.819504 -0.377353 0.104279 0.023662 4.804628 -39.577770 376.777435 -28.212774 -39.698513 380.298248 37.822029 -39.457027 373.256622
526 262 549 248 575 246 597 260 573 267 549 268 708 255 729 240 756 241 778 255 756 262 731 261 105 39 129.855240 -0.234502 51.339653 -0.287861 0.148478 0.010137 5.230342 -40.380066 381.532410 -27.609961 -40.007378 386.424774 38.070644 -40.752754 376.640045
526 263 547 252 572 251 592 263 570 268 547 269 709 259 729 247 753 247 774 259 753 265 731 265 488 504 53.403408 91.391335 62.413429 -0.334366 0.098541 0.008960 4.730099 -39.481926 383.272339 -28.313807 -39.231949 386.527710 37.774002 -39.731907 380.016968
526 262 547 249 571 249 591 261 570 267 547 268 702 258 721 244 745 243 766 256 746 263 723 263 932 349 -34.838139 60.565975 58.417027 -0.266118 0.110142 0.001973 3.341742 -41.091278 392.769135 -29.662987 -40.672596 396.384674 36.346470 -41.509956 389.153564
531 271 553 261 577 261 598 271 575 275 552 276 707 275 728 267 752 270 772 282 751 285 728 282 959 43 -40.038944 0.131925 50.980820 -0.488697 0.022402 0.056961 5.741209 -35.656944 397.057800 -27.402651 -37.294674 398.224854 38.885071 -34.019211 395.890747
529 269 551 258 575 258 596 268 574 273 551 274 703 271 724 263 748 265 768 278 747 281 724 278 1162 22 -80.411400 -4.115232 50.363121 -0.418292 0.012661 0.041371 4.818271 -37.434902 402.719879 -28.355919 -38.681862 403.411102 37.992462 -36.187946 402.028656
525 266 548 252 577 252 598 269 573 276 548 276 707 272 729 257 757 259 779 276 756 283 731 282 39 162 142.916534 24.084957 54.358154 -0.480534 0.014959 0.043508 5.768478 -36.371624 387.176910 -27.401871 -37.643795 387.994965 38.938824 -35.099453 386.358856
537 271 559 262 582 261 603 270 581 274 559 275 711 275 732 269 754 272 774 283 753 284 732 281 799 176 -8.283168 26.472517 54.292038 -0.460005 0.001838 0.055603 7.571684 -36.028416 402.163483 -25.582657 -37.795559 402.639465 40.726025 -34.261269 401.687531
536 256 556 242 581 242 601 256 579 262 557 262 711 253 730 238 754 237 775 251 754 259 732 259 743 65 2.919132 4.582980 51.629711 -0.366102 0.087734 0.006890 6.803831 -42.706558 390.563629 -26.273914 -42.402977 393.449860 39.881573 -43.010143 387.677399
542 267 563 259 587 260 607 267 586 270 563 270 714 274 734 270 757 273 777 283 756 284 734 280 1037 255 -55.674122 41.953323 56.081081 -0.341214 0.037417 0.084160 8.611334 -35.603207 391.374756 -24.454103 -38.130138 393.063293 41.676769 -33.076279 389.686218
533 268 556 261 581 260 604 265 580 269 556 270 708 270 731 267 755 271 777 280 754 280 731 276 1359 500 -119.868248 90.169708 61.851490 -0.348284 0.028131 0.059973 6.813295 -35.166847 380.414368 -26.319424 -36.955818 381.672180 39.946014 -33.377876 379.156555
533 259 554 245 579 244 599 256 577 263 555 264 710 249 729 235 754 235 775 248 754 255 731 255 256 52 99.808556 2.257528 51.574356 -0.335651 0.131934 -0.007709 6.283875 -43.736256 395.733582 -26.634089 -42.758507 399.977570 39.201839 -44.714005 391.489624
532 268 552 258 575 256 595 264 574 269 553 271 702 261 722 253 744 254 763 265 743 268 723 266 1379 439 -123.812996 78.115150 60.361305 -0.398030 0.064789 0.006280 4.397360 -40.784294 410.051453 -28.738056 -40.564838 412.185852 37.532776 -41.003746 407.917084
624 282 641 271 661 269 679 275 661 282 642 284 767 270 782 262 801 262 817 271 801 275 784 275 15 581 147.457581 106.829727 64.533485 -0.620007 0.065347 -0.032111 39.203953 -43.539524 484.238373 6.084333 -41.890118 485.950043 72.323570 -45.188934 482.526672
629 316 645 306 665 305 681 313 664 319 646 320 762 310 776 302 794 302 810 312 795 316 778 316 570 282 37.214283 47.516083 56.985222 -0.614253 0.053620 -0.006481 41.157902 -27.469999 515.418213 8.000007 -26.738451 517.023926 74.315796 -28.201548 513.812500
599 330 616 319 635 318 651 327 634 332 616 334 735 323 751 314 770 314 787 324 770 328 752 328 999 642 -48.330143 118.386536 65.487755 -0.356148 0.142961 -0.003619 27.106726 -20.700146 507.385651 -5.762699 -19.747904 511.995819 59.976151 -21.652388 502.775482
638 334 656 322 677 321 693 331 675 337 656 339 774 329 790 319 810 319 828 331 810 336 792 335 978 16 -43.803696 -5.208730 50.315811 -0.557539 0.101126 0.013440 46.202206 -18.020443 503.093689 13.165598 -17.531925 506.395752 79.238808 -18.508959 499.791626
635 325 652 313 672 312 688 322 670 330 652 331 772 320 786 309 806 309 822 320 807 326 789 326 273 624 96.107948 115.192307 65.438705 -0.407023 0.066530 -0.015939 44.884258 -22.946049 509.076721 11.756052 -21.988451 511.117462 78.012466 -23.903646 507.035980
627 331 643 322 661 320 676 328 660 333 643 335 753 323 767 314 784 313 800 322 785 326 769 326 927 126 -33.719212 16.536402 53.011002 -0.554369 0.096558 -0.033213 39.170567 -21.697493 531.755005 6.134324 -19.786724 534.496399 72.206810 -23.608259 529.013611
633 330 649 319 668 318 684 326 667 332 650 333 761 321 775 311 793 311 809 319 794 325 777 325 97 223 131.344223 36.100845 55.806702 -0.608609 0.070872 -0.040108 42.559242 -22.434729 526.219055 9.461111 -20.491184 528.034546 75.657372 -24.378275 524.403564
636 325 653 309 676 308 693 321 675 330 655 332 770 316 784 302 805 301 822 315 806 323 787 323 655 708 20.067316 131.588989 67.272148 -0.542841 0.056839 -0.039981 46.637859 -24.639713 522.411438 13.511242 -22.877840 523.854553 79.764481 -26.401588 520.968384
673 328 688 315 708 314 723 324 707 331 689 333 794 321 808 309 827 309 843 321 828 327 811 327 336 881 83.431747 165.906540 71.638412 -0.364772 0.067869 -0.031630 65.766632 -24.528219 567.101685 32.653831 -23.095758 569.114197 98.879433 -25.960678 565.089172
663 328 674 318 689 319 701 329 688 334 675 334 771 328 783 317 798 317 810 326 798 332 784 332 748 186 1.857033 28.472334 54.561802 -0.227015 0.140804 0.002699 59.212494 -24.502054 624.657898 26.335003 -24.063055 629.287964 92.089981 -24.941055 620.027832
611 343 627 333 646 331 663 337 646 343 629 346 740 331 755 322 774 322 790 330 774 335 757 335 1341 400 -116.231674 70.433319 59.435673 -0.609786 0.078659 -0.056866 32.171799 -16.573103 522.736267 -0.881512 -14.031253 524.627625 65.225105 -19.114954 520.844849
623 343 639 331 659 332 675 344 658 348 640 348 751 340 766 326 785 324 802 334 785 340 768 342 58 294 139.063202 50.139355 57.549568 -0.303251 0.059418 -0.041492 35.456558 -12.893465 490.665466 2.338240 -11.241212 492.399414 68.574883 -14.545717 488.931488
590 359 604 347 624 345 639 354 623 362 606 364 712 348 726 336 746 335 763 345 747 352 729 353 1035 817 -55.589367 152.922989 69.713028 -0.182006 0.122734 -0.073780 20.334385 -8.743700 547.476196 -12.531481 -5.946473 551.293274 53.200253 -11.540927 543.659180
612 338 627 328 645 326 660 333 645 339 628 341 738 328 752 319 770 319 785 328 770 333 754 332 1262 64 -100.328468 4.128223 51.328423 -0.569558 0.080967 -0.038659 31.712660 -18.878040 535.327454 -1.362163 -16.919685 537.513855 64.787483 -20.836395 533.140991
652 331 669 321 688 320 704 328 687 334 669 335 784 326 798 318 815 319 830 329 816 333 800 332 143 107 122.257767 13.173473 52.968658 -0.610096 0.029325 -0.000190 53.953129 -20.570648 533.506226 20.762156 -20.276808 534.418701 87.144104 -20.864487 532.593811
628 342 644 332 662 330 678 338 662 344 645 346 753 334 767 325 784 325 799 335 785 340 769 339 206 335 109.597725 58.161560 58.464993 -0.536342 0.028666 -0.038683 40.882526 -16.571369 547.812805 7.715280 -15.098938 548.383057 74.049774 -18.043800 547.242493
613 335 629 323 649 321 666 329 648 335 630 337 746 322 761 313 780 313 797 323 781 327 763 327 498 870 51.210125 163.654236 71.285141 -0.469647 0.101753 -0.039173 32.965649 -19.881706 504.510742 -0.045586 -17.852638 507.460449 65.976883 -21.910774 501.561005
518 349 538 333 567 331 589 346 566 357 541 359 716 342 739 326 769 326 793 342 768 353 741 352 1081 740 -64.697556 137.696289 67.820892 0.155329 -0.071390 0.004220 5.659657 -7.671771 346.248383 -27.460453 -7.627566 343.878571 38.779766 -7.715977 348.618195
569 350 590 337 615 336 636 346 613 354 590 356 744 343 764 331 789 332 810 345 789 352 766 351 317 154 87.616592 22.367508 54.015728 -0.793506 0.098815 0.023777 20.036346 -8.740213 400.370453 -13.005919 -8.214334 403.609528 53.078613 -9.266092 397.131348
522 353 548 339 577 335 602 343 576 354 548 358 733 339 757 329 785 332 809 347 785 353 758 350 563 585 38.438023 107.347862 64.337990 -0.589110 0.084923 0.008607 9.711349 -7.926374 348.131531 -23.376028 -7.389234 350.869507 42.798729 -8.463513 345.393585
542 342 563 325 591 323 612 337 589 349 563 351 725 334 747 320 776 322 799 340 775 349 749 347 1169 626 -82.140472 115.143005 65.008942 -0.350861 0.177374 0.029970 11.083764 -10.964927 374.662415 -21.590723 -10.914566 380.572998 43.758251 -11.015286 368.751831
545 342 566 324 594 323 614 337 591 349 566 352 725 335 747 320 776 322 799 340 776 350 749 348 1051 358 -58.516624 62.284058 58.571793 -0.309874 0.214924 0.033913 11.552945 -10.914753 376.467926 -20.875214 -10.921545 383.607544 43.981102 -10.907960 369.328308
556 343 577 324 605 323 625 339 602 351 578 353 725 335 745 318 773 319 795 337 773 347 748 346 1120 418 -72.276688 74.097038 59.990215 -0.666858 0.103271 0.010021 15.508413 -12.485386 425.555389 -17.524351 -11.692835 428.836853 48.541176 -13.277937 422.273926
539 345 561 328 589 326 611 338 587 351 561 353 729 337 752 324 782 327 805 345 781 353 753 350 314 233 88.169388 37.967796 55.933414 -0.390458 0.164530 0.039679 11.709521 -10.032974 372.166138 -21.026857 -10.260516 377.719269 44.445900 -9.805433 366.613007
538 345 560 328 588 326 610 338 586 350 560 353 728 336 750 323 780 325 803 343 779 351 752 348 571 446 36.923973 79.897903 60.962383 -0.388126 0.154198 0.029276 11.321465 -10.308798 372.703796 -21.480305 -10.273548 377.861542 44.123234 -10.344047 367.546051
526 347 549 329 579 326 601 339 576 352 549 355 719 337 744 323 775 326 800 346 775 354 745 350 1314 875 -111.125031 164.236954 70.970848 -0.277307 0.206849 0.041013 8.062952 -10.044338 373.307281 -24.411015 -10.436053 380.224487 40.536919 -9.652624 366.390076
529 348 551 330 580 327 603 340 578 353 552 356 723 336 747 321 777 323 802 342 777 350 749 348 215 886 107.500305 166.953781 71.824272 -0.414821 0.147743 0.012995 9.117332 -9.895187 365.820984 -23.728148 -9.311693 370.657684 41.962811 -10.478681 360.984283
558 337 577 323 601 322 620 332 600 340 578 342 726 329 746 317 769 318 790 331 769 338 747 336 776 721 -4.011270 134.095886 67.522865 -0.630663 0.087734 0.006295 14.811481 -14.957295 424.651367 -18.269163 -14.264474 427.435333 47.892128 -15.650116 421.867371
530 347 552 330 580 327 602 338 578 350 552 353 725 335 749 324 778 327 802 344 778 351 750 348 235 287 103.855301 48.669430 57.285309 -0.471526 0.142511 0.031017 9.524660 -10.212414 370.339996 -23.334106 -10.107838 375.120178 42.383427 -10.316990 365.559784
526 346 548 327 578 324 600 337 575 350 548 353 715 334 739 320 771 323 796 343 770 351 741 348 1198 462 -87.818268 82.746307 61.015766 -0.381956 0.191911 0.039442 7.491103 -10.772583 377.254242 -25.086145 -10.843983 383.678986 40.068352 -10.701182 370.829498
525 348 548 330 577 327 600 339 575 352 548 355 718 335 742 321 773 324 798 343 773 351 744 348 957 325 -39.798183 55.814709 57.821579 -0.439063 0.171421 0.028669 7.951426 -10.245128 373.355865 -24.761129 -9.935563 379.043793 40.663982 -10.554691 367.667938
525 348 547 330 576 327 598 339 574 352 547 355 720 335 744 322 775 325 800 344 775 352 746 348 805 132 -9.452273 17.781605 53.221649 -0.466316 0.171961 0.033833 8.040423 -10.076793 371.396484 -24.664904 -9.850304 377.129730 40.745750 -10.303283 365.663269
523 347 546 328 575 326 597 338 573 351 546 354 714 334 738 321 769 324 795 344 769 351 740 348 1192 600 -86.701530 109.997818 64.366051 -0.382081 0.199117 0.039483 6.730233 -10.543939 377.192383 -25.801058 -10.570940 383.846252 39.261524 -10.516938 370.538513
522 348 545 329 575 326 597 339 572 352 545 356 715 335 739 321 771 323 796 343 770 351 741 348 1234 623 -95.069687 114.518417 64.901482 -0.443313 0.166893 0.026074 6.998834 -10.259407 373.619507 -25.741077 -9.887613 379.143951 39.738747 -10.631202 368.095062
523 347 546 328 575 325 598 338 573 352 546 355 715 334 739 319 770 322 796 342 770 351 741 348 979 323 -44.173679 55.408894 57.761326 -0.444465 0.167417 0.024288 7.119384 -10.510396 373.583191 -25.619184 -10.074512 379.110931 39.857952 -10.946280 368.055450
513 352 537 334 567 330 590 341 565 353 537 357 715 336 739 325 771 328 797 347 771 353 741 349 651 434 21.015722 77.488808 60.628628 -0.546853 0.138233 0.026416 5.505843 -8.947918 362.878723 -27.378786 -8.557162 367.462158 38.390472 -9.338674 358.295258
519 347 541 331 570 328 592 337 567 349 541 353 717 333 741 323 771 327 797 344 771 350 743 346 579 183 35.479012 27.963758 54.579250 -0.533518 0.156348 0.039227 6.392475 -10.294171 367.185974 -26.392002 -10.180892 372.451416 39.176952 -10.407451 361.920532
