595 388 605 381 617 381 627 387 616 391 605 391 680 386 690 380 702 380 712 386 702 390 691 390 667 333 -7.776889 81.229546 1.096718 -0.058801 0.357373 -0.024770 4.918556 19.617966 704.031921 -26.178980 20.767559 715.615540 36.016094 18.468372 692.448242
601 386 610 380 622 381 631 387 621 390 610 390 685 387 694 380 705 380 714 386 705 390 695 390 16 676 137.298874 159.162323 1.402442 -0.048524 0.330434 -0.013128 8.361851 20.174303 731.089050 -23.044184 20.865894 741.847412 39.767883 19.482712 720.330688
590 373 599 367 610 367 619 372 609 375 599 376 672 372 681 366 693 366 702 372 693 375 682 375 967 277 -74.810852 68.146118 1.683313 -0.083884 0.243892 -0.014136 -0.352891 9.682048 750.924133 -32.572315 10.484019 758.913208 31.866533 8.880076 742.935059
608 392 618 387 629 388 638 394 628 396 618 396 691 396 701 391 712 391 721 397 712 400 701 399 491 492 31.328751 117.122261 1.651713 -0.396115 0.011415 0.044425 14.679351 27.337688 765.014709 -18.490993 25.975420 765.672119 47.849693 28.699957 764.357361
614 393 624 388 635 388 645 395 634 397 624 397 697 397 707 391 718 391 727 397 718 400 707 400 82 528 122.789055 125.934402 0.564412 -0.255050 0.010791 0.038929 19.496832 28.040380 770.019531 -13.681037 26.807516 770.537781 52.674702 29.273247 769.501221
608 395 618 390 629 390 638 397 628 400 618 399 692 398 701 392 712 392 721 397 712 401 701 401 802 763 -38.739468 177.163361 4.605198 -0.077747 0.198663 0.012854 14.256070 28.644566 753.975281 -18.293257 28.476448 760.538269 46.805397 28.812685 747.412292
610 391 620 386 631 387 640 394 630 396 620 396 694 395 703 389 714 389 723 395 714 399 703 398 93 441 120.479927 106.453392 -0.019551 -0.052569 -0.252901 0.039389 16.130312 25.761927 738.789368 -15.993041 24.249380 730.521240 48.253666 27.274473 747.057495
601 383 610 377 622 378 631 384 621 387 610 387 684 385 693 379 704 379 713 385 704 389 693 389 936 120 -67.598877 33.085159 0.462409 -0.055589 -0.296974 0.025271 8.937074 18.893034 741.101624 -22.804173 17.794737 731.414185 40.678318 19.991333 750.789062
605 387 614 382 626 382 634 389 625 391 614 391 687 390 697 384 708 384 717 390 707 393 697 393 711 565 -18.029278 133.042740 2.894912 -0.068209 -0.237447 0.031040 11.839409 22.611401 754.155212 -20.418255 21.323847 746.387024 44.097073 23.898954 761.923401
604 389 614 384 625 384 634 391 624 393 614 393 687 392 696 385 708 385 717 391 707 395 697 395 622 513 1.977642 121.576385 2.231836 -0.062939 -0.250700 0.027483 11.499845 23.714331 747.752136 -20.654894 22.551521 739.549683 43.654583 24.877140 755.954590
591 393 600 388 612 388 621 394 611 397 601 397 674 393 683 386 694 386 704 391 694 395 684 395 1151 736 -116.789124 170.475800 5.559500 -0.081556 -0.256898 -0.011129 1.546318 25.282742 747.197083 -30.567379 25.302071 738.754944 33.660015 25.263414 755.639221
615 389 624 383 636 384 645 391 635 393 624 393 698 392 707 386 718 386 726 392 717 396 707 395 167 374 104.038040 91.329094 -0.253954 -0.053164 0.372042 0.017884 18.223227 23.470421 735.689758 -12.705300 23.215027 747.769531 49.151752 23.725817 723.609985
614 390 623 385 635 386 643 392 634 395 623 395 697 394 706 388 717 388 725 393 716 397 706 397 157 651 105.790604 153.308365 1.687551 -0.057270 0.341907 0.016899 17.572454 24.863501 741.616272 -13.706241 24.635399 752.758545 48.851151 25.091604 730.473938
610 391 619 386 630 386 639 393 630 395 619 395 693 394 702 388 713 388 721 393 712 397 702 397 815 720 -41.573208 167.520767 4.341424 -0.045844 0.331730 0.005343 14.672915 25.113605 742.854187 -16.721441 25.189619 753.668457 46.067268 25.037594 732.039917
609 391 618 386 630 386 638 392 629 395 618 395 691 393 700 387 711 387 719 393 710 397 700 397 126 376 113.209251 91.852592 -0.374417 -0.049126 0.363764 0.004670 13.624254 25.085707 743.760254 -17.407856 25.227488 755.573242 44.656364 24.943926 731.947205
599 394 607 388 619 388 628 394 618 397 608 398 680 394 689 387 700 387 709 392 700 396 690 397 695 525 -14.378840 124.125046 2.557232 -0.048958 0.346325 -0.022680 5.632328 25.779270 744.509583 -25.593023 26.795652 755.757019 36.857677 24.762888 733.262207
610 396 619 391 631 391 639 397 630 400 619 400 692 398 701 392 712 392 720 397 711 401 701 401 234 570 88.701920 135.046906 1.363217 -0.054972 0.348362 -0.000508 14.469931 28.642567 746.990356 -16.740877 28.973736 758.318848 45.680737 28.311396 735.661804
596 393 605 387 617 387 626 394 616 397 606 397 678 394 687 387 698 387 707 392 698 396 688 397 1108 167 -106.170242 43.278957 1.362569 -0.037366 0.393256 -0.023463 3.993046 25.158440 731.883789 -26.668514 26.158161 744.589233 34.654606 24.158718 719.178284
605 397 614 392 626 392 634 398 625 401 614 401 687 399 696 393 707 393 716 398 707 402 697 402 515 673 25.641159 157.564651 3.020680 -0.050171 0.359852 -0.005082 10.738535 29.110943 742.416870 -20.339497 29.572447 754.100281 41.816566 28.649439 730.733398
606 393 615 387 626 388 635 394 625 397 615 397 688 395 696 388 708 388 716 394 707 398 697 398 476 224 35.154762 57.202572 -0.307788 -0.043034 0.387963 -0.007843 10.937618 25.900982 736.790649 -19.798849 26.428537 749.342590 41.674084 25.373426 724.238708
655 513 669 504 686 504 700 512 685 516 670 516 776 509 791 501 808 500 823 508 808 512 792 512 640 135 -1.388202 36.990082 -0.403276 -1.032876 0.112711 0.012598 48.090481 78.143448 508.253052 15.080679 79.561485 511.554840 81.100281 76.725418 504.951263
670 510 683 503 698 502 712 510 698 513 684 513 789 507 802 499 817 498 831 504 817 509 803 510 157 304 106.398384 75.689720 -0.785749 0.530337 0.072127 -0.064430 55.673660 78.581375 521.946960 22.620413 79.998779 524.781311 88.726906 77.163971 519.112610
666 510 679 503 695 503 709 511 695 514 680 515 786 508 799 499 815 498 829 505 815 510 800 511 460 157 38.852493 42.245396 -0.837914 0.526392 0.068979 -0.063441 53.704140 78.373039 517.776001 20.641705 79.792046 520.500183 86.766579 76.954025 515.051758
663 514 676 508 692 507 706 514 692 517 677 518 783 510 796 503 811 502 825 507 811 512 797 513 530 485 22.613846 115.484047 1.729967 0.529531 0.064324 -0.073095 52.452408 80.645088 522.634583 19.401230 82.404640 525.295959 85.503586 78.885529 519.973145
656 507 669 500 684 499 698 505 684 509 670 510 774 501 787 493 802 492 816 498 802 502 788 503 650 207 -3.752047 53.076824 0.142774 -1.032187 0.116138 -0.012054 48.901688 77.664749 532.538940 15.903584 79.814377 535.549561 81.899788 75.515121 529.528320
658 512 671 505 686 505 700 510 686 514 672 514 777 507 791 500 806 500 820 505 806 509 791 509 358 577 60.941746 136.382446 1.820552 -1.017797 0.121809 0.002971 50.416031 80.552315 531.167908 17.436859 82.354340 534.586487 83.395203 78.750298 527.749329
659 512 672 505 687 505 701 511 687 515 673 516 778 508 791 500 807 499 821 504 807 509 792 510 485 438 32.765976 105.054420 1.247105 -1.040993 0.118967 -0.004173 50.426056 80.226845 527.292664 17.435759 82.216156 530.493042 83.416351 78.237526 524.092285
661 514 674 508 689 508 703 513 689 516 675 517 780 510 793 504 809 503 822 508 809 512 794 512 404 794 50.268082 184.836639 3.518402 -1.048277 0.118040 0.007217 51.572296 81.570633 527.316406 18.578926 83.243782 530.662720 84.565666 79.897484 523.970154
656 515 669 508 684 508 698 514 684 517 670 518 774 510 787 502 802 501 816 506 803 510 788 511 950 541 -71.469101 127.230492 3.509157 0.576332 0.055498 -0.082683 47.751495 79.762268 518.695007 14.706680 81.837791 521.203430 80.796310 77.686745 516.186646
657 513 670 506 685 506 699 512 685 515 671 516 777 508 790 500 805 499 819 504 805 509 791 510 691 553 -13.532790 130.395645 2.743664 0.581392 0.056132 -0.080308 48.097980 77.888977 511.739655 15.047987 79.877457 514.250305 81.147972 75.900505 509.228943
662 514 675 508 690 508 703 514 690 516 676 517 781 511 794 503 809 503 822 508 808 512 794 512 143 616 108.984734 145.505402 1.392081 0.567380 0.057302 -0.063641 51.143799 80.236641 520.168335 18.057438 81.710648 522.551575 84.230156 78.762642 517.785095
663 501 677 494 693 494 707 502 693 505 678 506 783 499 797 490 813 488 827 495 813 500 798 501 515 26 26.774401 12.840549 -1.590918 0.550918 0.066803 -0.067901 52.013054 72.788498 513.401550 18.954996 74.332237 516.111023 85.071114 71.244751 510.692047
662 512 676 505 691 505 705 510 691 513 676 514 782 507 795 501 810 501 824 506 811 510 796 510 851 789 -49.749908 182.888168 4.951522 -1.042749 0.111549 0.009478 52.234043 79.923271 525.373413 19.218922 81.423668 528.584351 85.249161 78.422874 522.162476
654 503 668 493 687 492 701 503 686 510 669 510 779 500 793 487 811 486 826 494 811 503 795 504 989 65 -79.362541 20.684074 0.244536 -0.140825 0.518656 -0.098191 44.153030 67.520363 468.490265 15.460480 71.803764 484.644226 72.845581 63.236969 452.336334
656 506 670 498 686 497 700 504 685 508 670 509 777 501 790 493 807 493 821 500 807 504 792 504 1192 427 -125.422615 101.281036 3.491770 -0.985036 0.113922 0.003451 49.576103 76.433617 525.046265 16.569855 78.052231 528.290833 82.582352 74.815002 521.801697
656 508 670 501 685 500 699 506 685 510 670 511 776 503 790 496 806 496 821 502 806 506 791 506 1258 665 -140.608521 154.395477 5.405018 -0.977896 0.111934 0.005390 49.825989 78.377708 529.695862 16.813374 79.901482 532.921509 82.838608 76.853943 526.470154
661 506 675 499 690 498 704 505 690 509 676 509 781 501 794 493 809 492 823 498 809 502 795 503 751 419 -26.724493 100.310463 1.985705 0.578208 0.064930 -0.082917 50.886982 74.977524 516.625671 17.861071 76.969414 519.432983 83.912895 72.985634 513.818359
669 506 681 499 696 499 710 505 696 508 682 509 787 502 800 495 815 494 828 499 815 503 801 504 383 562 55.373680 132.980743 1.795782 -1.047876 0.119871 0.005827 55.727207 77.843170 532.754700 22.740156 79.582748 536.129272 88.714256 76.103592 529.380127
679 487 693 477 710 477 724 488 709 493 693 493 801 487 814 477 831 476 844 485 830 492 815 492 44 11 132.197983 10.359888 -3.245451 -0.145502 0.537014 -0.053149 56.369175 63.071060 483.653992 27.874580 66.009224 500.446381 84.863770 60.132896 466.861572
666 496 679 487 697 486 711 496 696 501 680 502 789 493 802 483 819 481 833 489 819 496 804 497 899 336 -59.697594 81.469795 1.880410 -0.136698 0.494241 -0.081949 50.377850 66.309990 483.585022 21.247263 70.007141 499.086639 79.508430 62.612846 468.083435
626 553 638 547 652 547 665 554 653 557 639 557 738 551 751 543 766 542 780 547 767 552 752 553 1225 188 -132.388519 47.759079 1.896690 0.448918 0.019457 -0.044573 31.906733 107.311562 550.442322 -1.259473 108.599236 551.393250 65.072937 106.023888 549.491394
651 561 664 555 679 555 692 562 679 564 664 564 766 560 779 553 794 552 808 557 794 562 780 562 707 594 -17.184978 139.537018 3.088471 0.530271 0.061538 -0.051301 45.510452 108.891296 533.449646 12.409677 109.985352 535.837402 78.611229 107.797249 531.061951
650 559 663 553 677 553 691 560 677 562 663 562 765 558 778 550 793 549 807 554 793 559 779 559 967 549 -75.287270 128.988403 3.622037 0.532203 0.063317 -0.057369 44.805199 107.268402 531.867004 11.718678 108.536369 534.363831 77.891716 106.000443 529.370178
658 543 671 537 685 537 699 544 685 547 671 547 772 543 785 536 800 535 813 541 800 546 785 546 473 260 35.763027 65.260796 -0.061049 0.490050 0.063798 -0.039153 50.055214 102.116997 546.794678 16.941536 102.855965 549.139465 83.168892 101.378036 544.449890
665 551 678 546 692 546 704 552 691 554 678 554 778 551 791 545 805 545 818 550 805 553 791 554 180 791 100.398598 184.581543 2.760997 0.523494 0.071415 -0.035960 53.696671 107.101341 549.277039 20.595541 107.634048 551.844360 86.797798 106.568634 546.709717
659 546 672 539 688 539 702 547 688 550 673 550 775 546 789 538 804 537 818 543 804 548 789 548 841 272 -46.606632 67.261665 1.233662 0.518505 0.073642 -0.049095 50.404480 100.598648 531.739136 17.326750 101.535240 534.486145 83.482208 99.662048 528.992126
676 548 689 543 704 544 717 551 703 553 689 552 792 551 805 544 820 544 833 550 819 553 805 553 57 714 128.057602 167.586212 1.808012 0.520852 0.083052 -0.026152 59.490150 103.615837 534.740601 26.408312 103.742775 537.592896 92.571991 103.488899 531.888367
666 545 679 539 695 539 709 546 695 549 680 549 783 545 796 537 812 536 826 542 812 546 797 547 1204 350 -127.973030 84.035019 2.982370 0.529437 0.084236 -0.059131 54.025738 99.366844 528.408997 20.992558 100.513802 531.579651 87.058914 98.219879 525.238342
664 540 678 533 694 533 708 541 693 544 678 544 782 540 795 532 811 531 825 537 811 542 796 542 1095 1 -102.970436 6.171409 0.136662 0.543714 0.082295 -0.052991 52.615440 95.346451 520.162537 19.565683 96.293694 523.224487 85.665199 94.399216 517.100525
664 544 677 538 693 538 706 546 692 548 678 548 781 544 794 537 810 536 823 542 809 546 795 546 1174 545 -121.601372 127.709274 4.273690 0.537061 0.078648 -0.051155 52.798634 99.215164 528.355469 19.736376 100.146790 531.284424 85.860893 98.283531 525.426514
664 539 677 532 693 532 707 541 693 543 678 543 781 540 795 531 812 530 826 537 811 542 796 542 737 8 -22.871786 8.401983 -0.989766 0.534869 0.077239 -0.046870 52.468693 94.829712 519.804138 19.396111 95.641579 522.651001 85.541275 94.017838 516.957214
663 538 676 531 693 531 706 540 692 542 677 542 780 539 794 530 810 529 824 536 810 541 795 541 935 38 -67.231483 14.744857 -0.125345 0.528311 0.076278 -0.044429 52.105633 94.634041 521.575562 19.027128 95.386559 524.369446 85.184135 93.881516 518.781677
663 541 676 535 691 535 705 543 691 545 676 545 780 542 793 534 809 533 822 539 808 544 794 544 933 489 -67.573875 115.630447 3.082660 0.515996 0.074450 -0.039613 52.218208 97.879761 529.501587 19.128807 98.512581 532.194275 85.307610 97.246941 526.808899
663 541 676 535 692 535 706 543 692 545 677 545 780 541 794 534 809 533 823 539 809 543 794 543 734 439 -22.955376 104.815727 2.072400 0.559119 0.076416 -0.050935 51.973087 96.661682 523.655518 18.904587 97.573326 526.519592 85.041588 95.750031 520.791443
664 542 678 536 693 536 707 543 693 546 678 546 781 542 795 535 810 534 824 540 810 544 795 544 688 479 -12.731856 113.848541 2.206359 0.548128 0.075976 -0.046545 52.807884 97.656769 526.426575 19.731522 98.450241 529.234497 85.884247 96.863289 523.618713
664 539 677 533 692 533 706 541 692 543 678 543 781 539 794 532 810 531 823 537 809 541 795 542 181 442 100.786110 106.513664 0.276728 0.545098 0.066931 -0.042716 52.589092 96.094551 525.949585 19.486330 96.851723 528.438232 85.691856 95.337372 523.460938
661 540 674 533 689 533 703 540 689 543 675 543 778 538 791 530 807 530 821 536 807 540 792 540 467 447 36.778133 107.101006 1.252109 -1.064475 0.112717 0.019905 51.970978 97.749863 536.406616 18.963678 99.017021 539.793701 84.978279 96.482704 533.019592
570 529 581 523 594 524 604 533 592 534 581 533 668 537 679 530 693 531 704 538 692 541 680 541 799 472 -37.558453 112.076630 2.521191 -0.776525 -0.051202 0.060651 -5.794436 111.353218 626.042908 -38.899853 108.910416 625.253235 27.310984 113.796028 626.832581
659 539 673 532 688 531 702 537 688 541 673 541 776 536 790 529 805 529 819 535 805 539 790 538 904 541 -61.175526 127.315910 3.358010 -1.066375 0.106045 0.021414 50.593430 96.008003 531.298279 17.565029 97.129959 534.527161 83.621834 94.886055 528.069458
657 536 671 529 687 529 701 535 686 539 671 540 776 534 790 527 806 527 820 534 806 537 790 537 921 458 -64.834297 108.718498 2.822273 -1.032889 0.110901 0.025668 50.078060 94.787895 530.287720 17.069700 95.817604 533.744263 83.086418 93.758194 526.831177
673 543 686 536 702 536 715 543 702 546 687 547 789 538 802 530 818 528 832 533 818 539 803 540 530 241 23.041220 60.904942 -0.009183 0.543441 0.060780 -0.090828 57.358253 96.304451 525.936829 24.346714 98.633812 528.651978 90.369797 93.975090 523.221680
669 538 682 531 697 531 710 538 697 541 683 542 784 534 797 525 812 523 826 529 813 534 798 536 1257 437 -139.985413 103.397186 3.776625 0.505494 0.063260 -0.085850 55.590992 95.308075 535.008911 22.570820 97.514366 537.721863 88.611168 93.101776 532.296021
676 544 688 538 703 537 717 544 703 547 689 548 792 539 805 531 820 530 833 535 820 540 806 541 194 588 97.621330 139.147522 1.360083 0.548871 0.057891 -0.088042 58.465672 96.993546 525.960571 25.440443 99.253197 528.565979 91.490898 94.733902 523.355225
676 535 689 527 705 527 719 535 705 539 690 539 793 532 806 523 822 522 836 528 822 534 807 535 416 35 48.912212 15.037548 -1.852065 0.472321 0.062886 -0.063143 59.588779 93.236305 529.208801 26.513298 94.769455 531.703125 92.664261 91.703156 526.714478
674 538 687 530 703 530 717 538 703 542 688 542 791 535 804 526 820 524 834 530 820 536 805 537 990 222 -79.861305 55.800739 1.366865 0.501625 0.069123 -0.077300 58.351513 94.510406 527.917969 25.321360 96.403152 530.743958 91.381668 92.617653 525.092041
678 543 690 536 705 536 718 543 705 546 691 546 793 539 806 531 821 530 835 535 821 540 807 541 557 767 16.078030 178.513046 3.828685 0.510067 0.066137 -0.077952 60.282627 98.173378 534.355896 27.247440 100.099037 537.099609 93.317818 96.247726 531.612183
674 543 687 535 702 535 716 542 702 545 688 546 791 537 804 529 820 527 834 533 820 538 805 539 909 543 -62.297894 127.753990 3.388694 0.537936 0.063897 -0.093457 57.868664 95.518936 523.807678 24.871338 97.911758 526.638000 90.865990 93.126114 520.977417
675 544 688 537 703 536 717 543 703 546 689 547 792 538 805 530 820 529 834 534 821 539 806 540 724 706 -21.185299 164.558151 3.942628 0.546061 0.064460 -0.093608 58.387161 96.340858 524.652466 25.391308 98.721046 527.510437 91.383011 93.960678 521.794434
674 539 687 532 702 531 716 539 702 543 688 543 791 535 804 526 820 525 834 531 820 536 805 537 727 261 -21.077188 65.012825 0.780675 0.507108 0.062688 -0.079968 57.913960 94.279892 524.682434 24.876776 96.302299 527.330811 90.951141 92.257484 522.034058
678 535 691 529 707 528 721 536 707 539 692 539 795 532 808 523 823 522 837 527 823 533 809 534 377 184 57.378399 48.439014 -0.918190 0.541704 0.068329 -0.082823 60.167866 92.683250 526.064148 27.149637 94.696648 528.945557 93.186089 90.669853 523.182739
677 540 690 533 705 533 719 540 705 543 691 543 793 535 806 527 821 526 835 531 822 536 807 537 564 553 14.886443 130.631485 2.326365 0.558574 0.066193 -0.090134 59.355602 94.801376 526.782898 26.352858 97.037560 529.677368 92.358345 92.565201 523.888428
676 539 689 532 704 531 718 539 705 542 690 543 793 535 806 526 822 524 836 531 822 536 807 537 588 403 9.778609 97.034187 1.336075 0.524264 0.063947 -0.084749 59.034847 94.152390 524.627930 26.012751 96.290733 527.371704 92.056946 92.014046 521.884216
682 533 695 526 711 526 724 533 710 537 696 537 798 530 811 521 827 520 840 526 827 531 812 532 248 189 86.236420 49.796982 -1.306421 0.530128 0.070683 -0.078044 62.391201 91.828224 527.882874 29.366022 93.688202 530.787598 95.416382 89.968246 524.978149
679 535 692 528 707 528 721 535 708 538 693 538 796 531 809 523 824 521 838 527 824 532 810 533 479 366 34.234726 88.960251 0.714198 0.538266 0.068819 -0.081026 60.845242 92.572098 527.618286 27.823393 94.529854 530.496582 93.867088 90.614342 524.739990
678 536 691 529 706 529 720 536 707 539 692 540 795 532 808 523 823 522 837 527 823 532 809 533 697 531 -14.836897 125.463448 2.606570 0.559221 0.070935 -0.093252 60.129292 92.653023 526.128540 27.146259 94.942810 529.200378 93.112328 90.363235 523.056763
677 533 690 526 706 525 719 533 706 536 691 537 794 529 806 520 822 518 836 524 822 530 808 531 384 219 55.750683 56.254986 -0.645721 0.520801 0.065004 -0.086926 59.916817 91.691895 529.431702 26.903036 93.895096 532.223816 92.930595 89.488693 526.639587
677 537 690 529 705 529 719 535 705 539 691 539 794 531 807 523 822 522 836 527 822 532 808 533 183 475 100.280762 113.891556 0.518513 -1.059561 0.144399 -0.005890 60.672577 94.747391 536.899170 27.782707 97.214890 540.736816 93.562447 92.279900 533.061523
675 535 687 528 703 528 717 535 703 538 689 539 791 531 804 522 820 520 834 526 820 531 805 532 1215 382 -130.490585 91.172508 3.246599 0.540656 0.069417 -0.092723 58.131817 91.997955 525.413513 25.144131 94.314941 528.414124 91.119507 89.680977 522.412842
676 538 688 530 704 530 718 537 704 540 690 541 792 532 805 524 821 522 835 528 821 533 807 534 1251 624 -138.970306 145.237396 5.089783 0.536992 0.072437 -0.095234 58.685730 93.055527 525.046387 25.712673 95.430962 528.159973 91.658783 90.680084 521.932739
678 537 691 530 706 530 720 536 706 540 692 540 795 532 808 524 823 522 836 528 823 532 809 534 943 580 -69.971001 135.967194 3.764135 0.554768 0.073414 -0.095895 59.989292 93.119789 526.752075 27.020199 95.477417 529.920654 92.958389 90.762161 523.583435
651 537 664 530 678 529 691 535 678 539 665 540 762 530 775 522 790 520 803 525 790 530 776 531 781 196 -33.047108 50.373032 0.494811 -1.052801 0.118438 -0.037208 46.327095 98.019958 558.611084 13.355075 100.920128 561.255798 79.299110 95.119789 555.966370
649 536 662 529 676 528 690 534 677 537 663 539 760 529 773 520 788 519 802 524 789 529 774 530 1115 258 -107.896049 63.621281 2.034188 -1.056148 0.114055 -0.039165 45.178810 96.732170 554.996521 12.193539 99.619713 557.485229 78.164078 93.844627 552.507812
648 538 660 531 674 530 688 536 675 539 661 540 758 530 771 522 786 521 800 526 787 530 772 531 1208 483 -129.101074 113.777679 3.943492 -1.062870 0.113871 -0.043846 44.216412 98.084770 556.701050 11.236098 101.103302 559.098328 77.196724 95.066238 554.303772
649 539 661 532 675 532 688 537 675 540 662 542 759 531 771 524 786 522 800 527 787 531 773 532 951 548 -71.705139 128.794434 3.562337 0.555599 0.030514 -0.101495 43.744755 97.020584 548.484863 10.721508 99.939812 550.356445 76.768005 94.101357 546.613281
650 536 663 530 679 529 692 534 678 537 664 538 761 530 775 524 791 523 806 527 791 531 776 532 641 329 -1.951772 80.383087 0.982776 -0.927589 0.116598 -0.021439 45.231491 95.789032 544.780823 12.243503 98.070137 547.805542 78.219475 93.507935 541.756104
646 538 660 531 676 530 690 535 675 538 661 540 758 531 772 524 788 523 804 527 789 531 773 532 1247 579 -137.996384 135.179001 4.755895 -0.804116 0.115533 -0.037452 44.343052 97.569107 552.964844 11.369929 100.139328 555.918945 77.316177 94.998886 550.010742
650 538 662 531 676 530 689 535 676 539 663 540 760 530 773 523 787 521 801 526 788 530 774 531 1224 688 -133.040512 159.603363 5.457236 -1.070368 0.112643 -0.039265 45.055592 98.053307 557.262451 12.065063 100.934860 559.687561 78.046120 95.171761 554.837280
651 535 663 528 677 528 690 534 678 537 664 538 761 529 773 521 788 519 801 524 788 529 774 530 910 503 -62.451607 118.804741 3.106874 0.561637 0.037720 -0.092694 45.324970 96.264854 554.796448 12.281971 98.836205 556.823242 78.367973 93.693504 552.769653
655 531 667 524 682 523 695 530 682 533 668 534 765 525 778 517 793 516 807 522 793 527 779 527 312 263 71.785309 66.230820 -0.568682 -1.033841 0.125783 -0.015046 48.134808 95.357841 558.574036 15.173194 97.742599 561.799622 81.096420 92.973083 555.348389
656 534 668 528 682 527 695 532 682 535 669 536 766 528 779 521 793 520 807 525 794 529 780 529 300 552 73.964394 130.898026 1.451783 -1.066028 0.120578 -0.018347 48.600029 96.862190 558.467834 15.619384 99.298080 561.451660 81.580673 94.426308 555.484009
658 528 671 520 685 520 698 527 685 530 671 531 769 523 782 515 797 514 810 520 797 524 783 525 39 7 133.323853 9.474433 -3.290391 -1.022112 0.127669 -0.005549 50.062683 93.497795 557.012817 17.105852 95.632713 560.455017 83.019516 91.362877 553.570557
658 532 670 526 684 525 697 531 684 534 671 535 768 527 780 521 795 520 808 525 795 529 781 529 150 595 107.455101 140.795013 1.265401 -1.037612 0.122344 -0.000943 50.033764 97.449158 564.890259 17.055672 99.397797 568.238037 83.011856 95.500526 561.542419
656 529 668 521 683 520 697 527 683 531 669 532 767 523 780 514 795 513 809 519 796 524 781 525 664 70 -6.644916 22.406000 -0.787715 -1.037143 0.120374 -0.017596 48.931744 93.191307 554.758179 15.951104 95.566116 557.790894 81.912384 90.816505 551.725464
658 534 670 528 684 527 697 532 684 535 671 536 768 528 780 522 795 521 808 526 795 530 781 530 266 631 81.434319 148.632263 1.903151 -1.052403 0.119432 -0.010330 50.101555 98.134987 564.355286 17.113844 100.316193 567.455750 83.089272 95.953789 561.254822
656 535 668 529 682 528 695 533 682 536 669 537 765 529 777 522 792 521 805 526 792 530 778 530 688 760 -13.224036 176.703995 4.209232 -1.061548 0.114987 -0.018502 48.684727 98.787376 565.567871 15.684510 101.132576 568.404297 81.684944 96.442177 562.731445
658 536 670 530 683 529 696 534 683 537 670 537 766 530 778 523 792 522 805 527 793 531 779 531 280 791 78.021248 184.395844 3.089578 -1.068054 0.115826 -0.014982 49.478306 99.352524 566.950623 16.478989 101.623398 569.857117 82.477623 97.081650 564.044128
653 532 666 525 680 524 694 530 680 534 667 535 764 526 777 518 792 517 806 523 792 527 778 528 1035 369 -90.188591 88.598854 2.562493 -1.018321 0.118004 -0.019665 47.856342 96.367210 562.952515 14.869038 98.737907 565.915161 80.843651 93.996521 559.989929
653 534 666 527 680 526 693 532 680 535 667 536 764 527 777 520 792 519 805 524 792 528 778 529 1178 673 -122.720665 156.333511 5.199174 -1.061352 0.113645 -0.025536 47.376736 96.263512 557.054382 14.376571 98.778625 559.741943 80.376900 93.748390 554.366882
658 533 670 527 684 526 697 531 684 535 671 536 768 527 780 520 795 520 808 525 795 529 781 529 87 550 121.631653 130.846176 0.737650 -1.048046 0.123467 -0.011541 50.018997 97.405167 563.054749 17.046650 99.677307 566.251831 82.991341 95.133026 559.857666
657 535 669 529 683 528 696 533 683 536 670 537 767 529 779 522 793 521 807 526 794 530 780 530 381 660 55.649578 154.905579 2.487722 -1.056118 0.117628 -0.016706 49.556240 98.563576 564.834412 16.564531 100.895157 567.778992 82.547943 96.232002 561.889771
644 475 655 468 668 468 680 475 668 479 655 479 745 472 756 464 770 463 781 470 770 475 757 475 166 730 103.638268 170.962753 2.280208 -0.130996 0.449355 -0.068043 39.313061 68.099854 588.933167 9.474015 71.235092 603.158569 69.152107 64.964615 574.707825
642 480 653 473 666 473 678 480 666 484 653 485 742 478 753 470 766 469 778 475 767 481 754 481 471 550 35.702633 130.133118 1.999402 -0.150326 -0.276778 -0.007816 40.025063 73.080475 603.726196 8.082614 72.650658 594.667786 71.967506 73.510292 612.784607
620 480 630 473 643 472 654 479 643 484 631 484 716 475 727 466 740 465 752 471 741 477 728 478 1215 331 -130.401260 79.764580 2.883088 -0.164760 0.286936 -0.083561 25.246420 75.320831 632.867188 -6.489892 78.819221 641.984619 56.982731 71.822433 623.749817
646 476 657 469 670 469 681 476 670 480 657 481 744 472 754 464 767 463 779 470 768 475 755 476 111 361 116.592125 88.525177 -0.530619 -0.157906 0.346228 -0.069651 42.307350 73.301910 630.410522 11.147580 76.453804 641.442017 73.467125 70.150024 619.379028
634 472 644 464 658 464 668 471 657 476 645 477 730 467 740 458 754 457 765 463 754 469 742 470 567 11 15.164453 9.388715 -1.526971 -0.144570 -0.278324 -0.040114 34.898380 69.611633 627.627136 2.995469 70.259048 618.443176 66.801292 68.964218 636.811096
642 481 652 474 665 474 676 480 665 484 653 485 738 476 748 468 761 468 772 473 762 478 750 479 355 764 61.285530 178.217087 3.143568 -0.144913 0.329184 -0.082350 39.581425 77.131882 641.243774 8.266686 80.587723 651.732056 70.896164 73.676033 630.755493
633 480 643 472 656 471 667 478 656 482 644 484 730 473 740 465 753 464 764 470 753 476 741 476 537 322 21.332932 79.010414 0.591158 -0.135523 0.376861 -0.096365 33.337212 74.397430 630.596619 2.609200 78.343521 642.545593 64.065216 70.451340 618.647644
628 483 638 475 651 474 662 480 651 485 639 486 724 475 733 467 746 466 758 471 747 477 735 478 729 401 -21.769949 96.324989 1.785120 -0.139910 0.340705 -0.111370 30.128304 76.906303 639.566162 -0.969570 81.295441 650.346619 61.226177 72.517166 628.785767
627 481 637 473 650 472 661 479 650 484 638 485 723 474 733 465 746 464 757 470 747 476 735 476 246 282 86.521080 70.603386 -0.650120 -0.142960 0.366862 -0.105661 29.378090 75.258766 634.290527 -1.440222 79.529587 645.890198 60.196404 70.987953 622.690918
631 481 641 473 654 472 665 479 654 484 642 485 726 474 736 466 750 464 761 471 750 476 738 477 463 174 38.151394 46.042469 -0.706886 -0.131525 0.398225 -0.102397 31.381416 74.796074 629.554993 0.940218 78.947662 642.150879 61.822617 70.644485 616.959045
630 485 640 478 653 477 664 483 653 487 641 488 726 478 736 470 749 469 760 475 749 480 737 481 595 798 7.520339 185.376709 4.174503 -0.139516 0.323984 -0.102829 31.923681 79.361053 645.995728 0.615621 83.441208 656.277588 63.231743 75.280891 635.713806
626 483 636 475 649 474 660 481 649 486 637 487 721 475 731 467 744 465 755 471 745 477 733 478 1200 272 -126.941315 66.595032 2.413269 -0.121219 0.383546 -0.119653 28.357496 76.313293 633.476074 -2.206389 80.931396 645.603760 58.921383 71.695190 621.348328
628 482 637 474 651 473 662 480 651 485 639 486 723 474 733 466 746 464 757 470 747 476 735 477 1221 139 -131.407608 36.805946 1.534292 -0.117783 0.405521 -0.116861 29.171618 74.926872 627.916870 -1.123245 79.464638 640.730530 59.466480 70.389107 615.103271
626 483 636 475 649 474 660 480 649 485 637 487 721 475 731 466 744 465 756 471 745 477 733 478 955 185 -71.964424 47.589394 0.988138 -0.125933 0.386863 -0.116546 28.433775 75.916138 631.863037 -2.100974 80.468391 644.088684 58.968521 71.363876 619.637451
628 487 638 479 651 478 662 484 651 489 639 490 724 480 734 471 747 470 758 476 747 481 735 482 961 769 -74.329964 178.210220 5.170408 -0.142586 0.309320 -0.103894 30.563936 80.336250 644.746887 -0.891771 84.438126 654.558716 62.019642 76.234375 634.934998
628 488 638 480 651 479 662 485 651 490 639 491 723 480 733 472 746 470 757 476 747 481 735 482 814 663 -41.249596 154.772583 3.931862 -0.129932 0.357560 -0.117164 30.123344 80.201782 641.953430 -0.761834 84.751457 653.265625 61.008526 75.652115 630.641235
628 485 638 477 650 476 661 483 651 488 639 489 723 478 733 469 746 468 757 474 747 479 735 480 385 168 55.616238 44.845200 -1.005946 -0.133765 0.386620 -0.111811 29.550512 77.845314 634.652710 -1.005168 82.293495 646.864380 60.106194 73.397125 622.441101
627 487 636 480 649 479 660 485 649 490 638 491 722 479 731 471 744 469 756 475 745 480 733 481 704 429 -16.224655 102.634590 1.902549 -0.127980 0.369687 -0.122056 28.823933 79.291222 638.346252 -1.899543 84.006165 650.025208 59.547405 74.576286 626.667358
627 488 637 481 650 480 661 486 650 491 638 492 722 480 732 472 745 471 756 476 746 482 734 483 585 797 9.759826 185.171600 4.134517 -0.132143 0.346499 -0.117538 29.613293 80.745804 643.527344 -1.396732 85.301575 654.490173 60.623318 76.190025 632.564575
628 484 638 476 651 475 662 482 651 487 639 488 724 477 733 468 747 467 758 473 748 479 735 480 21 97 137.194138 29.639496 -2.708046 -0.135750 0.406988 -0.108815 29.699129 76.451988 628.549988 -0.606884 80.850739 641.385742 60.005142 72.053238 615.714294
691 519 705 511 721 511 735 520 721 524 705 525 808 518 821 509 838 508 852 515 838 521 823 522 5 478 140.107193 114.893143 -0.044979 -0.257781 0.336252 -0.037995 67.896744 86.281891 531.706848 36.564560 88.923309 542.378174 99.228935 83.640472 521.035583
695 516 707 508 723 509 736 518 723 522 708 522 812 517 825 507 841 506 855 513 841 520 826 521 97 734 119.071632 171.985626 2.081998 -0.215005 0.424663 -0.043644 67.710579 83.327858 519.629089 37.474281 86.209717 533.046265 97.946884 80.445999 506.211914
676 513 689 507 704 506 718 511 704 514 690 515 789 508 803 503 819 502 834 507 819 510 804 511 1048 715 -93.703674 165.969681 5.071380 -0.895984 0.128790 0.002923 59.384541 82.142197 536.093628 26.436945 83.846382 539.850098 92.332138 80.438011 532.337158
682 507 695 498 711 499 725 509 711 513 696 513 799 507 812 496 829 495 843 503 829 510 814 511 438 458 43.248299 109.615395 1.235225 -0.195176 0.443360 -0.055384 60.605240 77.450699 515.643005 30.649714 80.626137 529.612366 90.560768 74.275261 501.673645
680 500 692 491 709 491 722 501 708 506 693 506 796 499 808 488 825 487 839 494 825 501 810 502 751 289 -26.496794 71.231430 1.059109 -0.164348 0.492755 -0.072614 58.509502 72.998871 513.285950 29.329859 76.614952 528.714233 87.689140 69.382790 497.857666
681 501 694 492 710 492 723 502 710 507 695 507 797 500 810 489 827 488 841 496 827 503 812 504 934 265 -67.405304 65.523178 1.489349 -0.161297 0.497861 -0.069035 58.978264 73.204163 509.608215 29.871246 76.694023 525.201904 88.085274 69.714302 494.014557
680 500 693 491 709 491 723 501 709 506 694 507 796 499 809 488 826 487 840 495 826 502 811 503 907 110 -61.091934 30.902161 0.295844 -0.164057 0.493059 -0.069266 58.350037 72.501717 508.537750 29.167646 76.010262 523.985657 87.532425 68.993164 493.089844
686 502 698 493 714 493 727 503 714 507 699 508 802 501 815 491 831 490 845 498 831 505 816 505 303 507 73.371895 120.826637 1.140896 -0.183794 0.467402 -0.054469 62.220589 74.821602 517.092773 32.614544 77.950447 531.798279 91.826630 71.692764 502.387238
684 498 696 489 712 489 724 498 711 502 697 503 799 495 811 486 827 485 840 492 827 498 813 499 60 601 127.584206 142.304245 1.012443 -0.158264 -0.193821 -0.005932 63.109188 73.454132 527.804199 30.525402 73.142426 521.419922 95.692970 73.765831 534.188538
684 498 696 490 712 490 725 499 711 503 697 503 799 496 812 486 828 485 841 492 828 499 813 500 754 546 -27.618259 128.712875 2.900776 -0.161377 0.451836 -0.070089 61.366257 73.100891 522.332886 31.565010 76.525093 536.570862 91.167503 69.676689 508.094879
685 496 698 486 714 486 727 497 714 502 698 502 801 495 814 483 831 482 844 491 831 498 816 499 660 79 -5.765586 24.426592 -0.736709 -0.162519 0.504997 -0.066572 60.880791 70.302681 509.241821 31.881897 73.739807 525.047180 89.879684 66.865555 493.436432
686 495 698 486 715 486 728 497 714 501 699 502 802 495 814 483 831 482 845 490 831 498 816 498 346 133 64.404709 37.088650 -1.383561 -0.171472 0.502166 -0.064305 61.248894 70.356155 510.187958 32.199020 73.787025 525.900818 90.298767 66.925278 494.475128
682 500 694 491 711 491 724 501 710 505 695 506 799 498 811 487 828 486 842 494 828 501 813 502 976 375 -76.996460 90.050522 2.411396 -0.153586 0.471382 -0.075104 59.924313 72.696014 513.344604 30.423618 76.263641 528.161560 89.425011 69.128380 498.527740
690 500 702 492 719 492 732 501 718 506 703 506 807 500 819 490 836 489 849 496 836 503 821 504 159 539 105.539223 128.251953 0.895824 -0.206210 0.387599 -0.043689 65.447807 75.007187 523.861450 34.728195 77.716835 536.170959 96.167412 72.297539 511.552002
687 499 700 490 716 490 730 500 716 505 701 505 804 498 816 487 833 486 847 494 833 501 818 502 1059 324 -95.480331 78.488472 2.320608 -0.158645 0.426054 -0.064475 63.401142 73.212669 517.989807 33.225269 76.381714 531.478088 93.577019 70.043633 504.501556
688 498 701 490 717 490 730 500 716 504 702 504 804 498 817 488 833 487 846 494 833 500 818 501 1007 686 -84.478165 159.558945 4.729959 -0.168359 0.386871 -0.057541 65.004013 74.576462 528.339294 34.300884 77.495003 540.642151 95.707138 71.657928 516.036499
687 500 699 492 715 492 728 501 715 505 700 505 803 499 815 489 831 488 844 496 831 502 817 503 941 745 -69.812454 172.878922 4.933628 -0.185891 0.340829 -0.052673 64.724556 76.045433 532.797424 33.469292 78.788513 543.666809 95.979828 73.302353 521.928040
691 495 704 488 720 488 734 494 720 499 705 500 807 493 821 486 837 486 851 493 837 498 821 497 13 421 138.416840 102.128250 -0.424969 -0.332420 0.201615 -0.004341 69.948212 75.473686 550.589844 37.410114 76.712975 557.093323 102.486313 74.234398 544.086304
691 500 703 492 719 492 732 501 718 505 704 505 807 500 819 490 835 489 848 496 835 502 821 503 263 717 81.955009 167.874741 2.506273 -0.179190 -0.112496 0.002387 67.495354 75.886871 531.310059 34.499966 75.474777 527.609558 100.490746 76.298958 535.010559
687 494 700 485 717 486 730 496 716 501 701 501 805 494 817 483 834 482 848 490 835 497 819 498 1169 234 -119.937775 58.152569 2.040557 -0.149463 0.432635 -0.062806 63.388577 70.686455 514.521606 33.300735 73.753098 528.228394 93.476425 67.619812 500.814758
707 508 719 500 735 500 748 509 735 514 720 514 820 504 832 494 848 492 861 498 849 506 834 507 590 531 9.106866 125.662132 2.254988 -0.144495 0.506677 -0.106757 74.301346 78.999359 530.805725 45.441776 83.562431 546.581116 103.160912 74.436287 515.030334
706 504 717 496 733 495 746 504 733 509 719 509 818 500 830 490 846 488 859 494 847 502 832 503 647 577 -3.728793 135.845795 2.770152 -0.146255 0.501625 -0.099355 73.741417 77.053482 533.630493 44.776733 81.388771 549.276978 102.706108 72.718185 517.984009
707 500 719 492 735 492 749 501 735 506 721 507 820 497 832 486 849 484 862 491 849 499 834 501 275 307 79.987854 76.141655 -0.376640 -0.150718 0.547869 -0.098586 73.460106 74.115555 523.962402 45.259026 78.543976 540.922607 101.661194 69.687134 507.002258
709 473 720 465 734 464 746 471 734 476 721 477 816 468 827 460 842 459 854 466 842 471 829 472 381 680 55.614548 159.379272 2.630275 -0.141775 0.553696 -0.080514 75.367912 61.857590 549.709839 47.217964 65.652550 566.906860 103.517860 58.062634 532.512817
711 479 723 471 737 471 750 479 737 483 724 484 820 475 832 466 847 465 859 472 847 478 834 479 137 313 110.858086 77.740021 -0.787316 -0.163793 0.452503 -0.074477 78.632309 66.539505 556.089355 48.850624 70.122314 570.329224 108.413986 62.956696 541.849426
708 483 720 476 735 475 747 483 735 488 721 488 818 479 830 470 845 469 858 475 846 481 832 482 992 739 -81.214394 171.442108 5.058439 -0.133198 0.455297 -0.088358 76.695282 68.074852 551.413940 46.992924 71.883690 565.760437 106.397644 64.266022 537.067444
706 478 718 469 734 469 747 478 734 483 719 484 817 474 829 463 845 461 859 469 846 476 831 477 1103 63 -104.869217 20.025015 0.604863 -0.123229 0.509579 -0.098440 73.857033 63.153351 535.067383 45.019215 67.287254 551.000122 102.694847 59.019447 519.134705
702 479 714 470 730 470 743 479 730 484 715 485 813 474 825 463 841 461 854 468 842 476 827 477 972 61 -75.551384 19.820902 0.160167 -0.124238 0.512309 -0.108181 71.523315 63.318588 535.086182 42.761475 67.771278 551.070251 100.285149 58.865894 519.102173
701 483 712 474 728 474 741 482 728 487 714 488 812 477 823 466 839 465 852 471 840 478 825 480 1237 538 -135.686844 126.026497 4.430802 -0.123538 0.473819 -0.109372 71.710495 66.013435 542.855164 42.349926 70.446274 557.716736 101.071060 61.580605 527.993591
701 484 712 476 727 475 739 483 727 488 713 489 811 478 822 468 838 467 851 473 838 480 824 481 1254 624 -139.641617 145.231827 5.099640 -0.117554 0.483460 -0.108781 71.333549 66.740395 544.133057 42.118378 71.121651 559.293457 100.548729 62.359131 528.972656
700 484 711 475 727 474 740 483 727 488 713 488 811 477 822 467 838 465 851 472 839 479 824 480 1279 498 -145.015259 117.001114 4.283700 -0.117757 0.489551 -0.113602 70.843147 66.014763 540.368286 41.739258 70.557632 555.694214 99.947037 61.471889 525.042297
700 480 712 471 728 470 741 479 728 485 713 486 811 474 823 463 839 461 853 468 840 476 825 477 1058 75 -94.820427 22.792795 0.542534 -0.115914 0.522793 -0.112978 70.088425 63.161060 531.816406 41.515797 67.709236 548.109924 98.661041 58.612888 515.522888
700 479 712 470 728 470 741 479 728 484 713 485 811 474 823 463 839 461 853 468 840 476 826 477 1184 113 -123.082443 31.058847 1.227397 -0.110337 0.528732 -0.115340 69.948288 62.812702 530.597046 41.483322 67.394966 547.068481 98.413254 58.230442 514.125610
702 485 713 477 728 476 741 484 728 489 715 490 811 479 823 469 838 468 851 474 839 480 825 482 555 729 16.592134 170.016724 3.551262 -0.142696 0.425610 -0.103584 73.439362 68.847099 555.221741 43.364170 73.156822 568.618347 103.514549 64.537369 541.825134
698 484 709 475 724 474 737 483 725 488 711 489 808 477 820 466 835 465 849 471 836 478 822 480 1210 463 -129.513596 109.300270 3.807511 -0.118053 0.482964 -0.118688 69.568146 66.008072 541.138916 40.381157 70.705849 556.258789 98.755135 61.310299 526.019043
700 488 711 480 725 479 738 487 726 491 712 492 808 481 820 472 835 470 847 476 835 483 822 484 657 773 -6.309828 179.669464 4.200032 -0.130307 0.469553 -0.113339 71.317993 69.842590 552.755798 41.906811 74.445778 567.464722 100.729172 65.239403 538.046814
700 482 712 474 727 474 740 482 727 487 713 488 811 477 823 467 838 465 851 472 839 479 825 480 429 331 45.484703 81.224129 0.300439 -0.139017 0.484554 -0.102142 70.971474 65.649445 540.563354 41.749020 69.987389 555.722229 100.193932 61.311501 525.404541
698 479 710 470 725 469 738 479 726 484 711 485 809 473 820 462 836 460 850 467 837 474 823 476 610 0 5.561460 6.848334 -1.464085 -0.139038 0.478209 -0.109968 69.935280 63.645252 540.535950 40.642052 68.220627 555.486938 99.228516 59.069881 525.584961
696 483 707 474 723 473 736 482 723 487 709 488 806 476 818 465 833 464 847 470 834 477 820 478 1191 356 -125.074478 85.401268 2.982420 -0.120957 0.463833 -0.118417 69.083557 65.870979 544.837402 39.606739 70.557846 559.387634 98.560371 61.184109 530.287109
696 481 707 471 723 470 736 480 723 485 709 486 806 474 818 463 834 461 848 468 835 476 820 477 718 32 -18.662127 13.805701 -0.881132 -0.127039 0.500898 -0.115399 67.892914 63.621300 534.977600 38.973186 68.308578 550.605713 96.812637 58.934021 519.349487
711 567 722 561 736 560 749 567 736 569 723 570 817 563 829 556 843 555 856 560 843 564 830 565 211 409 94.130707 99.076355 0.140090 0.496607 0.100644 -0.093841 81.836693 121.471565 581.816284 48.939354 123.639847 585.768921 114.734032 119.303284 577.863647
711 565 724 559 738 559 751 565 738 568 724 569 821 563 833 555 848 554 860 560 848 564 834 565 652 274 -4.316947 68.059998 0.626899 0.511394 0.104180 -0.087913 81.355621 117.664337 566.285095 48.452183 119.585014 570.314270 114.259064 115.743660 562.255859
710 565 723 558 737 558 750 565 737 568 723 568 820 563 832 555 847 555 859 560 846 564 833 565 620 424 2.581075 101.672150 1.590902 0.525286 0.100884 -0.080764 80.422798 117.168900 564.198975 47.488556 118.863213 568.075195 113.357040 115.474586 560.322815
706 557 719 550 734 549 747 555 734 559 720 560 817 554 829 547 844 547 858 554 844 557 830 557 255 289 84.494858 72.152466 -0.570654 -1.027202 0.160344 0.032653 79.987267 114.578491 573.692322 47.188347 116.176140 578.615479 112.786194 112.980843 568.769104
704 560 717 553 732 552 745 557 731 561 718 562 815 555 828 549 843 549 856 555 843 558 829 558 980 690 -78.443291 160.503830 4.669754 -1.067819 0.147554 0.021180 78.171074 114.384888 568.165283 45.300800 116.182274 572.509705 111.041351 112.587502 563.820862
702 559 715 552 729 551 742 556 729 560 715 561 812 554 824 548 839 548 852 554 839 557 825 557 679 726 -11.150523 169.115417 3.937320 -1.043688 0.153993 0.023676 77.398453 115.535324 576.902527 44.560619 117.316902 581.491882 110.236290 113.753746 572.313171
703 560 715 553 729 552 742 557 729 561 715 562 812 555 824 549 838 549 851 555 838 558 825 558 443 763 41.595215 177.829987 3.425591 -1.057430 0.154128 0.023094 77.491180 116.374359 577.874084 44.652660 118.203278 582.439819 110.329704 114.545441 573.308350
673 531 683 523 696 521 708 528 697 533 684 535 775 522 786 514 800 512 813 519 801 525 788 526 837 592 -46.272030 138.848251 3.501371 -0.304284 0.256969 -0.094276 59.296539 102.197670 604.530640 27.318333 106.521561 612.357361 91.274750 97.873787 596.703857
670 535 681 527 694 525 706 532 695 538 682 539 775 526 786 517 801 515 814 522 802 528 788 529 800 318 -37.512489 77.627304 1.426816 -0.232108 0.403227 -0.116741 55.412971 98.952477 571.956787 25.078169 104.206161 584.396973 85.747772 93.698784 559.516602
675 542 686 533 700 532 712 540 700 545 687 546 782 534 793 525 808 523 821 530 809 536 795 537 265 447 81.980377 107.476105 0.588375 -0.229299 0.436672 -0.114126 57.782162 101.507660 561.855896 27.887756 106.764572 575.318787 87.676567 96.250748 548.393005
669 550 682 543 696 542 709 547 696 551 682 552 774 542 787 535 802 534 816 539 802 543 788 543 630 600 0.035071 141.022110 2.878229 -0.736554 0.143925 -0.048527 57.433224 110.338348 584.565247 24.593700 113.480621 588.340332 90.272743 107.196083 580.790161
671 548 682 539 696 538 709 545 697 551 683 552 778 539 790 530 805 528 819 535 806 541 792 542 540 489 20.369104 116.360214 1.791335 -0.221379 0.439526 -0.125653 54.963104 102.931503 552.188599 25.153784 108.507721 565.711548 84.772423 97.355286 538.665649
678 541 690 533 704 532 717 537 704 541 690 543 784 532 797 525 812 524 826 531 813 535 798 535 310 209 72.327438 54.155548 -0.960147 -1.021426 0.173965 -0.012677 62.604984 104.217636 581.978210 29.861679 107.262611 586.578613 95.348289 101.172661 577.377808
677 543 689 535 703 533 716 538 703 543 689 545 784 533 797 526 812 526 826 532 813 536 798 536 1195 293 -125.859230 71.301697 2.546521 -1.006634 0.170227 -0.020254 62.518848 105.184555 583.743408 29.760992 108.352310 588.153320 95.276711 102.016792 579.333435
677 542 690 533 704 532 717 537 704 542 690 544 784 532 797 525 813 524 827 531 813 535 798 535 1003 61 -82.488365 19.763338 0.262027 -0.998758 0.172457 -0.019118 62.790855 104.448341 583.138184 30.044521 107.602852 587.642212 95.537186 101.293823 578.634155
682 542 694 534 708 532 720 537 708 542 694 544 788 533 801 526 816 526 830 532 816 536 802 536 301 334 74.122452 82.132866 -0.098762 -1.021393 0.175457 -0.003728 65.196114 105.241524 584.680969 32.458485 108.062698 589.460938 97.933746 102.420349 579.901001
683 542 694 533 710 532 722 540 710 546 696 546 793 536 805 526 820 525 834 532 821 539 807 540 235 208 89.112198 54.071133 -1.213711 -0.224384 0.498615 -0.099542 60.935482 97.974594 537.627136 31.913477 102.922501 552.982910 89.957489 93.026680 522.271301
686 544 699 536 714 535 727 542 714 546 700 547 796 539 809 530 824 529 838 535 825 541 810 541 458 228 39.175682 58.130737 -0.338421 -0.296772 0.264812 -0.062606 67.280174 104.876350 568.572510 35.288166 108.186676 576.825562 99.272179 101.566032 560.319458
683 541 697 534 713 534 726 540 712 542 697 543 791 537 805 530 821 529 836 534 821 538 806 538 921 57 -64.131935 19.020866 -0.035921 -0.950790 0.140808 0.000341 64.513168 101.448021 556.322266 31.612961 103.495155 560.315430 97.413383 99.400894 552.329163
552 299 565 289 583 289 597 299 583 305 566 306 687 296 702 285 721 284 738 293 722 301 704 301 1055 241 -94.439857 59.930054 1.715868 0.026592 -0.388422 -0.030776 -0.050738 -26.730207 424.724060 -30.766869 -25.564756 412.165375 30.665392 -27.895657 437.282745
572 267 586 256 605 256 619 267 604 273 586 274 713 267 727 256 747 256 762 267 747 274 729 274 516 241 26.174047 60.930939 -0.055185 0.029692 0.507701 0.021201 7.242486 -37.455173 400.875183 -21.767187 -38.374073 417.004486 36.252159 -36.536274 384.745911
552 298 565 288 583 288 597 298 582 304 566 305 687 296 702 285 722 284 740 294 723 302 704 302 859 168 -50.452396 43.965015 0.551530 -0.039103 0.473565 0.003612 -2.021567 -26.060986 412.174194 -31.572384 -25.874743 427.316010 27.529251 -26.247229 397.032410
560 302 574 292 591 291 606 300 591 306 575 308 696 296 710 286 729 285 746 293 730 300 712 301 742 411 -24.696520 98.537697 1.899112 -0.013138 0.362235 -0.034497 1.789691 -27.049873 437.356995 -29.241076 -25.851406 449.113464 32.820457 -28.248339 425.600494
585 308 600 300 618 299 633 308 618 314 601 314 726 307 741 297 759 296 773 304 758 311 742 311 30 620 134.264130 146.609970 1.049295 0.005232 0.300822 -0.024668 14.407872 -23.110643 438.503571 -17.295872 -22.329861 448.343445 46.111614 -23.891426 428.663727
558 309 573 299 592 299 607 309 591 315 574 316 700 306 715 295 735 294 751 303 735 311 717 311 879 360 -55.264160 86.875374 1.985757 0.033439 0.450641 -0.030912 2.301021 -21.603401 409.769287 -27.573870 -20.857643 424.243225 32.175911 -22.349159 395.295380
599 335 613 325 630 325 644 335 629 340 613 340 729 334 743 323 761 322 776 331 761 338 744 338 296 216 75.448006 55.747341 -0.956255 -0.067765 0.240647 -0.014440 19.512419 -12.279083 476.152130 -12.732504 -11.535268 484.043365 51.757339 -13.022898 468.260895
612 334 627 326 644 325 659 332 643 336 627 337 743 330 758 322 775 321 790 328 775 332 759 332 702 323 -15.591446 78.927704 1.140445 -0.464147 0.055074 -0.021100 26.432117 -13.632436 471.381378 -6.715991 -12.540368 472.984467 59.580227 -14.724504 469.778290
631 317 646 307 665 307 680 316 664 322 646 322 766 317 781 307 799 307 814 316 799 322 782 322 556 270 17.172314 67.343521 0.282950 0.008137 0.440477 -0.007333 33.581367 -18.949762 439.677826 3.546853 -18.772619 453.836090 63.615887 -19.126905 425.519592
605 321 620 311 638 310 653 320 637 326 620 327 739 318 754 308 773 307 789 316 773 323 755 323 1261 255 -140.561722 62.679115 2.492533 0.010858 0.420917 -0.028910 21.835539 -17.871981 440.831238 -8.457534 -17.015028 454.401611 52.128613 -18.728935 427.260864
604 330 619 321 636 320 651 328 636 333 620 334 738 325 752 316 770 315 786 322 770 328 754 328 789 456 -35.292694 108.516243 2.374290 -0.153253 0.004906 -0.044160 23.613274 -15.617294 472.819000 -9.558833 -14.144730 472.869080 56.785381 -17.089859 472.768921
599 346 613 338 630 337 645 344 630 349 614 350 732 340 746 331 763 330 778 336 763 342 747 343 716 752 -19.475681 174.862518 4.244214 -0.133100 0.062109 -0.052113 20.666929 -8.391214 476.541473 -12.428974 -6.530854 478.480530 53.762833 -10.251575 474.602417
583 336 597 326 616 325 631 335 616 341 599 342 719 330 733 318 753 316 769 324 753 332 736 333 1068 210 -97.294617 52.971684 1.537627 -0.036873 -0.259224 -0.058455 14.068983 -12.468661 444.223267 -17.970484 -10.708610 435.683105 46.108448 -14.228713 452.763428
618 328 633 318 652 317 668 327 652 333 634 334 754 323 768 311 787 310 803 318 787 326 770 327 29 12 135.552841 10.611427 -3.287611 -0.010040 0.379471 -0.051866 28.660978 -15.624563 446.238922 -2.138104 -13.881717 458.524628 59.460060 -17.367409 433.953217
595 344 610 335 628 334 643 342 628 347 611 349 729 335 744 325 762 323 778 329 763 336 746 338 1225 695 -133.276550 161.167297 5.510416 -0.081248 -0.234569 -0.080786 19.449253 -9.814457 454.546173 -12.739486 -7.476947 446.737152 51.637993 -12.151968 462.355194
599 342 613 332 631 331 647 339 631 345 615 346 733 332 747 321 766 319 782 327 767 334 750 335 808 532 -39.677505 125.481010 2.978423 -0.106954 -0.085501 -0.080988 21.179619 -11.227283 463.344482 -11.795413 -8.700938 460.373901 54.154652 -13.753627 466.315094
627 309 641 298 660 296 676 305 660 312 643 313 764 298 777 285 795 284 810 293 796 300 780 301 306 9 73.572838 9.426003 -2.398823 -0.050624 -0.194261 -0.089430 33.901875 -26.264223 445.822693 1.453323 -23.481182 439.349213 66.350426 -29.047264 452.296173
601 352 616 343 634 341 650 348 634 354 618 355 737 341 752 330 770 328 786 334 771 341 754 342 651 558 -4.590608 131.588348 2.647869 -0.156088 -0.025708 -0.093890 22.481657 -7.004790 457.925354 -10.566271 -3.971183 456.833893 55.529587 -10.038397 459.016815
611 350 626 341 644 339 660 347 644 353 627 355 749 339 763 328 781 326 797 333 782 340 765 342 68 498 125.974426 119.249847 0.304581 0.004333 0.416460 -0.102207 24.986053 -7.127481 434.662994 -5.212319 -3.866278 448.078735 55.184425 -10.388683 421.247223
619 332 634 321 653 320 669 330 653 336 635 337 756 324 770 311 790 309 806 318 790 325 773 327 347 25 64.370102 12.928827 -2.150062 -0.106329 0.007691 -0.070111 31.106058 -15.412789 457.218109 -2.016275 -13.077526 457.349182 64.228394 -17.748053 457.087036
619 461 632 453 648 453 662 461 648 465 633 466 739 458 752 448 768 447 782 454 768 460 753 461 8 684 139.075058 160.966644 1.433177 -0.108863 0.479736 -0.073671 26.455429 49.872902 493.413239 -2.918269 53.068817 508.563538 55.829128 46.676983 478.262939
620 430 633 421 650 421 664 430 650 435 634 436 742 427 755 416 772 414 787 422 773 429 757 430 672 134 -8.547202 36.706978 -0.305258 -0.075003 0.416187 -0.069377 27.979258 34.293289 493.109833 -2.314880 37.037430 506.425018 58.273396 31.549143 479.794617
626 438 638 430 655 429 668 438 655 442 639 443 745 434 758 424 774 423 788 429 775 436 759 437 411 531 49.162319 125.994522 1.666827 -0.075599 0.487487 -0.078669 29.782822 38.103325 495.737915 0.542726 41.207451 511.163239 59.022915 34.999195 480.312592
624 429 637 420 654 419 668 429 654 435 638 435 745 425 758 414 776 412 790 420 776 428 760 429 106 25 118.299507 13.376347 -2.941943 -0.075046 0.522816 -0.076661 28.741976 32.741177 479.686615 0.063780 35.803650 496.140839 57.420174 29.678699 463.232391
616 437 629 428 645 427 660 436 646 441 630 442 736 430 749 420 766 418 781 425 767 432 751 433 1016 571 -86.290703 133.818481 3.939851 -0.051871 0.499894 -0.101888 24.891945 36.180241 486.556763 -4.085538 39.838230 502.351837 53.869431 32.522251 470.761719
617 434 630 426 646 426 659 434 646 439 631 439 738 429 751 419 767 418 781 424 767 431 752 432 398 648 51.866447 152.189789 2.458048 -0.064878 0.496800 -0.086393 25.307276 35.408688 487.863037 -3.766126 38.679047 503.566589 54.380676 32.138329 472.159485
618 429 631 420 648 420 663 429 648 435 633 435 740 424 753 413 771 412 785 419 771 427 755 428 506 270 28.360989 67.436371 0.118659 -0.059446 0.500790 -0.088716 26.242037 32.546169 480.601654 -2.761396 35.848465 496.427429 55.245468 29.243874 464.775879
617 427 630 417 648 417 662 427 648 433 631 434 740 422 753 410 771 409 786 416 772 425 755 426 595 2 8.914558 7.323557 -1.499117 -0.056068 0.489068 -0.089551 25.878157 31.241880 476.672760 -3.307337 34.538727 492.161407 55.063652 27.945034 461.184143
633 424 646 414 664 413 678 424 664 429 647 430 755 421 768 409 786 408 800 416 786 424 770 425 218 22 93.242134 12.497316 -2.595315 -0.068296 0.516005 -0.068877 33.515091 30.423449 479.606445 4.707200 33.178635 495.887543 62.322983 27.668264 463.325348
626 429 640 421 656 420 671 429 656 434 641 434 748 424 761 414 778 413 792 419 778 426 763 427 648 498 -3.814196 118.172836 2.210352 -0.056901 0.486083 -0.085933 30.525620 32.944664 487.884583 1.283622 36.131920 503.289337 59.767620 29.757406 472.479828
636 421 650 412 667 411 681 421 667 427 651 427 758 419 771 407 789 406 802 414 789 422 773 422 391 77 54.432983 24.478735 -1.634848 -0.062379 0.511946 -0.064236 35.152424 29.365524 482.104431 6.268822 31.922091 498.283478 64.036026 26.808958 465.925415
629 423 643 413 661 413 675 423 660 428 644 429 751 418 765 407 782 405 796 413 783 421 767 422 1081 137 -100.075813 36.618546 1.060023 -0.040307 0.517264 -0.088397 31.712107 29.367092 478.571930 2.974627 32.506874 494.907745 60.449585 26.227308 462.236115
635 426 648 418 665 418 678 426 664 431 649 432 756 423 769 413 785 412 799 418 785 425 770 426 103 608 117.949684 143.790192 1.203627 -0.069491 0.484550 -0.073040 34.787407 32.370117 493.199615 5.488500 35.245316 508.557556 64.086311 29.494921 477.841644
630 428 644 420 660 419 674 428 660 432 645 433 751 423 764 413 781 412 794 419 781 425 766 426 785 571 -34.599026 134.247421 3.180828 -0.051437 0.483830 -0.087267 32.479511 32.762943 491.790619 3.206569 35.948879 507.136780 61.752453 29.577005 476.444458
632 428 645 421 662 420 675 428 662 433 646 433 753 424 765 414 781 413 795 419 782 426 767 427 389 699 53.791080 163.614441 2.791987 -0.061582 0.486884 -0.081465 33.316200 33.204815 494.445129 4.074508 36.287258 509.871796 62.557892 30.122368 479.018463
633 430 646 422 662 421 676 429 662 434 647 435 753 425 766 416 782 414 796 421 783 427 768 428 199 613 96.458672 144.730347 1.554703 -0.071063 0.478510 -0.078186 33.750900 34.040546 495.546783 4.371575 37.087364 510.716888 63.130226 30.993731 480.376678
632 428 645 420 661 419 675 427 661 432 646 433 752 423 765 413 781 412 794 419 781 425 766 426 518 617 25.067924 145.032730 2.631388 -0.055150 0.488909 -0.086692 32.988201 32.801773 493.663269 3.792245 36.000538 509.152740 62.184155 29.603008 478.173798
630 430 643 422 660 421 673 429 660 434 645 435 749 425 762 415 778 414 792 420 779 427 764 428 773 755 -32.236027 175.427734 4.452888 -0.049877 0.484359 -0.092225 32.258469 33.951855 497.136536 3.007921 37.283287 512.494507 61.509014 30.620419 481.778595
630 425 643 415 661 415 675 424 660 430 645 430 752 420 765 409 783 408 797 415 783 422 767 424 45 323 131.427734 80.147705 -1.018334 -0.069636 0.501764 -0.080033 32.261459 30.497011 482.493439 3.249805 33.607018 498.343079 61.273109 27.387005 466.643768
628 428 641 419 658 418 673 427 658 432 643 433 750 422 763 412 780 410 794 417 780 424 765 425 782 512 -33.824364 121.055595 2.750438 -0.049486 0.486845 -0.092612 31.465229 32.100628 487.489685 2.254298 35.442005 502.920715 60.676159 28.759253 472.058655
624 391 637 383 654 383 668 393 654 397 638 397 745 393 758 383 775 383 789 391 775 397 759 397 482 633 33.095745 148.678543 2.627142 -0.038422 0.497042 -0.025421 28.801104 16.277180 483.879303 -0.376029 17.397209 499.690674 57.978233 15.157151 468.067902
600 382 613 373 631 373 645 384 630 388 614 388 724 382 738 371 756 370 772 378 757 385 740 386 1211 242 -129.350281 59.864056 2.235583 -0.019844 0.505331 -0.040186 17.258593 10.434630 461.570679 -11.770542 11.875443 477.626617 46.287727 8.993817 445.514740
643 372 657 363 675 364 689 375 673 379 657 378 766 376 780 366 797 365 810 374 796 381 781 381 40 180 132.797073 48.170059 -2.054019 -0.032375 0.532217 -0.001287 38.108562 7.342421 473.901978 9.496127 7.662519 490.747925 66.720993 7.022322 457.056030
633 381 647 373 665 373 678 383 664 387 648 387 756 383 770 373 787 373 800 381 786 387 771 387 537 558 20.919569 131.800049 2.273287 -0.024656 0.486767 -0.021972 34.013809 11.324367 481.571777 4.673249 12.220680 497.092316 63.354370 10.428054 466.051208
640 364 655 355 672 356 686 366 671 371 655 370 763 366 777 356 794 356 807 364 793 371 778 371 252 36 85.609314 15.565769 -2.383810 -0.013931 0.519294 -0.014874 37.013130 3.069549 476.173035 8.189155 3.658930 492.646973 65.837105 2.480167 459.699097
618 374 632 365 650 365 664 375 649 380 633 381 742 374 755 362 773 361 788 370 773 377 757 378 1180 110 -122.182098 30.395220 1.192871 -0.003854 0.523615 -0.044715 26.049118 6.856766 467.169220 -2.675130 8.306839 483.763611 54.773365 5.406692 450.574799
633 377 647 369 664 370 678 380 663 384 647 384 756 379 770 370 787 369 800 377 786 383 771 384 254 374 84.569748 91.167542 0.031912 -0.029582 0.513314 -0.019533 33.454796 9.415552 476.590393 4.535099 10.282489 492.883331 62.374493 8.548615 460.297485
631 383 644 375 661 375 675 385 660 389 645 389 752 384 765 375 782 374 795 382 782 388 766 388 394 765 52.556610 178.368347 3.278842 -0.023839 0.477189 -0.028203 32.715984 12.187409 490.121674 3.233026 13.273815 505.357635 62.198944 11.101005 474.885712
625 383 639 375 656 375 671 384 656 389 640 389 748 383 762 373 779 372 793 380 779 387 763 387 1000 698 -82.932770 162.256165 4.792491 -0.015999 0.442392 -0.036892 30.532890 11.753621 485.560181 0.546489 13.054293 499.761719 60.519291 10.452949 471.358643
636 370 650 362 668 362 682 372 667 377 651 376 760 372 773 362 791 362 804 370 790 376 774 377 295 238 75.633240 60.670265 -0.802732 -0.022759 0.512359 -0.017479 35.068230 5.899642 475.346527 6.131901 6.644264 491.615936 64.004555 5.155021 459.077087
631 381 645 373 662 373 676 382 661 387 646 387 753 382 767 372 784 371 797 379 783 385 768 386 619 706 2.310917 164.753128 3.597618 -0.016353 0.465691 -0.030673 33.206223 10.961492 488.121002 3.552318 12.067524 503.020050 62.860126 9.855460 473.221924
627 372 641 363 659 363 673 374 658 378 642 378 751 373 765 362 783 361 797 369 782 376 766 377 761 180 -28.543613 46.831215 0.315052 -0.011029 0.504988 -0.033468 30.750500 6.257456 472.483154 1.708067 7.412419 488.538147 59.792931 5.102494 456.428162
628 378 642 370 659 370 673 380 658 384 642 384 750 379 763 369 780 368 794 376 780 382 764 383 854 693 -50.253082 161.408859 4.277124 -0.010807 0.462861 -0.035064 31.606607 9.490880 488.561310 1.915301 10.695357 503.378021 61.297913 8.286403 473.744598
643 360 657 352 675 353 688 363 673 367 657 367 765 365 778 355 795 355 808 363 794 370 779 369 212 133 94.390350 37.337479 -1.823859 -0.013963 0.508534 0.001917 38.374550 1.963725 482.035950 9.371487 2.018138 498.203156 67.377617 1.909311 465.868744
638 373 652 365 669 365 683 375 668 379 652 379 760 376 774 366 790 366 803 374 789 380 774 380 389 576 54.006519 136.101196 1.915284 -0.021907 0.474288 -0.010759 36.541912 7.624938 488.876160 7.004014 8.138197 504.035614 66.079811 7.111678 473.716736
635 373 649 366 666 366 680 376 665 380 650 379 757 376 770 367 787 366 800 374 786 380 771 380 165 710 103.897072 166.490921 2.134369 -0.024382 0.476298 -0.015172 35.057095 7.797739 489.573639 5.551531 8.471786 504.789642 64.562660 7.123690 474.357635
633 376 647 368 664 368 678 378 663 382 648 382 755 378 769 368 786 368 799 376 785 382 770 382 602 664 6.188631 155.389938 3.242397 -0.016203 0.464295 -0.021676 34.276585 8.886456 489.826385 4.594364 9.703191 504.687683 63.958809 8.069719 474.965088
633 373 647 365 664 365 678 375 663 379 647 379 755 375 769 365 785 364 799 372 785 378 769 379 778 646 -33.163975 151.036789 3.692402 -0.008004 0.463398 -0.022536 34.059578 7.228766 488.897644 4.364697 8.010981 503.735474 63.754456 6.446552 474.059784
632 378 646 370 662 370 676 379 661 383 646 383 752 379 765 370 782 370 795 377 781 383 766 383 348 779 62.825668 181.585358 3.227482 -0.021963 0.458279 -0.021005 33.450680 9.821897 497.524078 3.679028 10.659301 512.204224 63.222332 8.984492 482.843903
629 371 643 362 660 363 674 373 659 377 643 377 752 373 766 362 783 362 796 370 782 376 766 377 331 386 67.318169 93.708771 0.370451 -0.024617 0.467437 -0.019176 31.990950 6.129075 483.032501 2.353854 6.930338 497.984436 61.628044 5.327810 468.080566
634 415 649 406 668 407 681 419 666 423 649 423 759 421 773 410 791 410 804 420 790 427 774 427 943 8 -68.969124 8.019456 -0.312888 -0.057881 0.549498 -0.006450 33.881977 28.238966 465.356628 5.564640 28.957161 482.682098 62.199314 27.520771 448.031128
628 421 642 412 660 413 673 423 659 427 642 427 752 423 766 413 783 412 797 420 783 427 767 427 1079 701 -100.616127 162.780518 5.073453 -0.052100 0.493396 -0.033027 31.485102 30.503622 477.486237 2.257123 31.973715 493.174561 60.713081 29.033529 461.797882
632 415 646 406 664 407 678 419 663 423 646 423 757 420 771 409 789 408 803 417 789 424 772 424 672 322 -8.876490 78.759727 1.034743 -0.059787 0.537953 -0.018801 32.877728 27.763613 465.217621 4.366971 28.878864 482.201508 61.388481 26.648361 448.233704
628 420 642 412 660 412 674 422 659 427 643 426 753 423 766 413 784 413 797 421 783 427 767 427 1091 763 -103.410004 176.626709 5.554798 -0.051519 0.482234 -0.024293 31.833317 30.476349 479.296082 2.423724 31.656099 494.666290 61.242908 29.296598 463.925842
632 411 647 402 665 403 679 414 663 419 647 418 757 415 771 404 790 404 803 413 789 420 772 420 322 137 69.768265 38.027954 -1.433909 -0.065321 0.552271 -0.013774 32.826462 25.564098 463.064423 4.559254 26.581869 480.456635 61.093670 24.546328 445.672241
628 416 642 408 659 408 673 419 658 423 642 423 752 420 766 409 784 409 797 417 783 424 767 424 953 539 -72.136925 126.777550 3.504759 -0.051266 0.501152 -0.021707 31.208141 28.432224 474.386871 2.093137 29.540417 490.313202 60.323147 27.324030 458.460541
635 414 649 406 667 407 680 418 665 422 649 421 759 419 773 409 790 409 804 418 789 424 773 424 184 551 99.923874 130.889740 1.063501 -0.074292 0.514350 -0.003867 34.464729 28.088627 474.559723 5.554448 28.831577 490.875458 63.375008 27.345678 458.243958
623 409 638 399 656 400 670 412 655 417 638 417 748 412 762 400 781 399 795 409 780 417 764 417 1240 10 -135.433350 7.915318 0.677254 -0.035185 0.546293 -0.031681 28.601858 24.198719 460.939240 0.245143 25.509968 478.165283 56.958572 22.887472 443.713165
642 407 657 399 675 400 688 412 673 416 657 415 766 414 780 404 797 404 810 413 796 419 780 419 142 339 109.693680 83.546547 -0.585568 -0.072505 0.541175 0.007959 37.809628 25.289257 473.277100 9.348563 25.673325 490.376221 66.270691 24.905190 456.177979
641 407 656 399 674 400 687 411 672 415 656 414 765 414 780 403 797 403 810 412 796 419 780 419 245 253 86.795647 64.118385 -0.860108 -0.069712 0.542705 0.006414 37.375072 24.836876 470.560974 8.940006 25.246979 487.702667 65.810143 24.426771 453.419250
630 414 645 406 662 407 676 417 661 421 645 421 754 419 768 409 785 409 799 417 785 423 769 423 1149 798 -116.450172 184.347977 5.994843 -0.048177 0.475007 -0.014987 32.971272 28.411808 482.459076 3.445447 29.263489 497.626801 62.497093 27.560127 467.291351
635 414 649 406 666 407 680 417 665 421 649 420 758 419 772 409 788 409 801 417 788 423 772 423 274 756 79.425194 176.578018 2.820395 -0.066164 0.491106 -0.005693 34.938896 28.332888 484.790283 5.657586 29.042791 500.431915 64.220207 27.622984 469.148682
629 408 644 400 662 400 676 412 660 416 644 416 754 413 768 402 786 401 800 410 786 417 769 418 944 256 -69.627274 63.491444 1.458058 -0.045303 0.497990 -0.018046 32.078312 24.867516 471.261230 2.910892 25.808832 487.102173 61.245731 23.926201 455.420319
637 404 651 396 669 397 683 408 667 412 651 412 761 410 775 399 792 399 806 408 791 415 775 415 288 183 77.295990 48.380596 -1.217754 -0.064091 0.525308 -0.000293 35.244465 23.401621 471.605957 6.515129 23.956949 488.245544 63.973797 22.846292 454.966339
636 404 651 395 669 396 682 408 667 412 650 411 761 410 775 399 793 399 806 408 792 415 776 415 32 279 134.413864 70.329712 -1.374667 -0.063417 0.542543 -0.000887 34.813950 22.915674 467.852203 6.375808 23.500837 484.983734 63.252090 22.330511 450.720703
636 401 651 392 669 393 683 405 667 409 651 408 761 407 775 396 793 396 806 405 792 412 776 412 203 27 96.589973 13.643595 -2.608964 -0.060357 0.544644 0.001363 34.882748 21.566372 467.257477 6.480847 22.055614 484.452026 63.284649 21.077129 450.062927
640 402 655 394 672 395 686 406 671 410 654 409 764 409 778 398 796 398 809 407 794 414 779 414 16 297 137.962708 74.385750 -1.298942 -0.066251 0.533663 0.008630 36.810860 22.584831 472.297668 8.222665 22.884872 489.185089 65.399048 22.284790 455.410248
637 404 651 396 669 397 683 409 667 412 651 412 761 411 775 400 793 400 806 409 791 415 776 415 2 486 140.764496 116.688187 0.002185 -0.067998 0.522876 0.004651 35.560810 23.720715 474.668610 6.791240 24.150085 491.242279 64.330383 23.291342 458.094910
634 403 649 394 667 395 681 407 665 411 649 410 759 409 773 398 791 398 804 407 790 414 774 414 629 200 0.959457 51.550026 0.023878 -0.049740 0.504732 0.001383 34.577297 22.834455 473.945404 5.512157 23.198437 489.996735 63.642437 22.470476 457.894104
639 401 653 394 670 395 684 405 669 409 653 408 761 408 775 399 791 399 804 407 790 413 775 412 521 518 24.570007 122.882362 1.935607 -0.050067 0.471709 0.007756 37.183743 23.134775 491.395142 7.605331 23.271605 506.483490 66.762154 22.997944 476.306763
637 496 650 488 666 488 680 497 666 502 651 502 750 495 762 484 779 483 791 491 779 498 764 499 818 280 -41.473854 69.093857 1.215110 -0.127070 0.515766 -0.081973 35.401104 71.643333 518.179077 6.616380 75.298218 534.323486 64.185829 67.988449 502.034729
649 461 661 453 677 452 690 461 676 466 662 467 760 459 772 450 787 449 800 456 787 463 773 463 854 243 -49.464893 60.750664 1.069675 -0.095556 0.529337 -0.069403 41.292320 53.762959 526.569824 12.704576 56.775543 543.189819 69.880058 50.750370 509.949799
643 455 655 447 670 446 683 455 670 459 656 460 753 453 765 444 780 443 792 450 780 456 766 456 331 566 67.002892 133.972046 1.653431 -0.093153 0.490022 -0.064110 38.495350 51.245613 536.214844 9.260633 54.027798 551.711609 67.730064 48.463432 520.718079
645 456 657 448 672 448 685 456 672 461 658 461 755 454 767 445 782 444 794 451 782 457 768 458 215 595 92.909828 140.674316 1.478979 -0.101850 0.455189 -0.060769 40.039440 52.481522 540.584351 10.271825 55.181358 555.046692 69.807060 49.781685 526.122009
639 457 651 448 667 448 680 457 667 462 652 462 751 455 763 445 779 444 791 451 779 458 764 458 1042 461 -91.916145 109.164864 3.241239 -0.082391 0.479936 -0.070844 36.707336 51.624840 529.719421 7.331801 54.526764 544.925232 66.082870 48.722916 514.513611
641 454 654 445 670 445 682 454 669 458 655 459 753 452 765 442 781 441 793 449 781 455 766 455 537 400 21.196312 96.457832 1.147116 -0.089455 0.484839 -0.065016 37.874245 50.211288 530.674500 8.561125 52.987610 546.023560 67.187363 47.434967 515.325500
646 451 659 443 675 443 687 452 674 456 659 457 758 451 770 441 785 441 797 448 785 454 771 454 142 388 109.607857 94.507103 -0.236312 -0.101760 0.490501 -0.051811 40.574986 49.471703 531.712585 11.324486 51.931583 547.234070 69.825485 47.011818 516.191101
648 447 661 439 677 439 690 449 676 453 661 453 760 447 772 437 788 436 800 444 788 451 773 451 214 55 94.079430 19.886345 -2.373246 -0.092682 0.531818 -0.055190 40.833607 46.560017 520.822815 12.259702 49.102413 537.544861 69.407516 44.017616 504.100739
644 453 656 446 672 445 684 454 671 458 657 459 755 452 767 443 782 442 794 449 782 455 768 456 853 760 -50.146660 176.397598 4.751391 -0.077999 0.456917 -0.062779 39.670616 51.213226 540.579468 9.933445 53.803596 555.124207 69.407791 48.622852 526.034668
645 447 658 438 674 438 687 448 673 453 658 453 757 447 770 436 786 436 798 443 785 450 771 451 357 51 62.086823 18.726065 -1.931885 -0.089781 0.511178 -0.056027 39.574238 46.425922 522.684265 10.661001 48.947739 538.815735 68.487473 43.904106 506.552765
640 449 653 440 669 440 682 449 668 454 653 454 752 447 764 437 780 436 793 444 780 450 766 451 801 206 -37.540092 52.572742 0.631804 -0.079687 0.479114 -0.066503 37.391861 47.407211 528.569885 7.994393 50.149300 543.762939 66.789330 44.665123 513.376831
640 452 652 444 668 443 681 452 667 456 653 457 751 450 763 441 779 440 791 447 779 453 765 453 1257 710 -140.463577 164.463150 5.722477 -0.068708 0.443179 -0.068936 37.679386 49.965389 539.450684 7.757399 52.673588 553.589233 67.601379 47.257191 525.312073
643 452 655 445 671 444 683 453 670 457 656 457 754 451 765 442 781 441 793 448 780 454 767 455 733 704 -23.195757 164.094070 3.957945 -0.080579 0.452461 -0.062392 39.294033 50.841862 543.046753 9.491074 53.434631 557.455811 69.096992 48.249088 528.637695
641 447 654 439 670 438 683 448 669 453 654 453 753 446 765 436 781 435 793 443 781 449 767 450 992 281 -80.412193 68.994431 1.793969 -0.071177 0.482608 -0.065878 37.850388 46.788280 529.052307 8.505602 49.447342 544.361572 67.195175 44.129223 513.743103
642 445 655 436 671 436 684 446 670 450 655 451 755 444 767 434 783 433 795 440 782 447 768 448 636 56 -0.354737 19.326406 -0.979505 -0.078238 0.502698 -0.063793 38.098164 45.164211 523.734863 9.063858 47.829651 539.623962 67.132469 42.498772 507.845734
638 448 651 439 667 439 680 448 667 453 652 453 750 446 762 436 778 435 791 442 778 449 764 450 1262 340 -140.934372 81.690468 3.101671 -0.083230 0.360122 -0.064097 37.869240 48.291744 545.535034 6.859846 50.862320 557.126770 68.878639 45.721169 533.943237
642 452 654 444 669 444 682 452 669 456 655 457 752 450 764 441 779 440 791 447 779 453 765 453 898 725 -60.155167 168.485062 4.649785 -0.081649 0.404677 -0.063816 39.193607 51.068108 550.927856 8.734993 53.666660 563.892395 69.652222 48.469555 537.963318
640 452 652 444 667 444 680 452 667 457 653 457 750 450 762 441 777 440 789 446 777 453 763 453 1163 796 -119.579498 183.874603 6.026589 -0.069713 0.421052 -0.071536 37.735348 50.685158 547.057617 7.511891 53.466824 560.524780 67.958801 47.903488 533.590454
639 446 652 437 668 437 681 446 667 451 653 451 751 444 763 434 779 433 791 440 779 447 765 447 1250 130 -137.881271 34.738934 1.565431 -0.148319 -0.362809 -0.014075 38.364662 45.423679 526.944763 7.320606 44.997154 515.170044 69.408722 45.850204 538.719482
640 449 653 441 668 441 681 449 668 454 653 454 751 447 763 438 778 437 790 444 778 450 764 451 1011 344 -84.774239 83.051300 2.305442 -0.065372 0.474509 -0.069660 37.453583 48.252697 536.119080 7.993537 50.981518 551.192871 66.913628 45.523880 521.045288
684 461 697 453 713 453 726 462 712 466 697 466 799 461 811 451 827 451 839 458 826 464 812 465 123 333 113.955887 82.239716 -0.690764 -0.140667 0.453386 -0.041643 61.510643 54.272511 525.506836 31.682762 56.642471 539.902649 91.338524 51.902550 511.110962
688 460 701 453 717 452 730 461 716 466 702 466 804 460 816 451 831 450 843 458 831 463 817 464 124 533 113.381805 126.974831 0.738054 -0.111186 0.529432 -0.054521 62.736374 53.213657 517.590515 34.119816 55.889580 534.218567 91.352928 50.537735 500.962463
673 456 687 447 703 446 717 456 703 461 687 461 790 453 802 443 818 442 831 450 818 456 803 457 838 158 -45.735638 41.767162 0.411251 -0.085502 0.533587 -0.076915 54.494671 49.029819 508.685486 25.996407 52.197655 525.429810 82.992935 45.861984 491.941132
683 459 696 451 712 451 725 460 711 464 697 464 798 458 810 449 825 448 837 455 825 461 811 462 158 370 106.059006 90.451065 -0.312037 -0.114126 0.505416 -0.058266 60.382862 52.653427 521.370483 31.378942 55.437824 537.294678 89.386780 49.869034 505.446320
679 463 692 455 708 455 721 463 707 468 692 468 794 462 806 453 821 452 833 459 821 464 807 465 572 692 12.852792 161.708817 3.343397 -0.106577 0.465685 -0.064033 59.139557 55.449139 529.770874 29.532780 58.302135 544.530884 88.746330 52.596142 515.010803
642 443 652 434 667 433 679 440 667 446 654 447 751 433 762 424 777 422 790 429 778 435 764 437 1020 95 -86.352066 27.337055 0.560226 -0.093089 0.513384 -0.117204 36.868206 41.713039 530.868408 8.158568 46.196625 546.937439 65.577843 37.229458 514.799377
649 464 661 455 677 454 690 463 677 468 662 469 764 458 776 448 792 446 806 453 793 460 778 462 994 217 -80.747643 54.674889 1.344370 -0.091959 0.540417 -0.106416 40.789829 51.473564 503.162323 12.492245 55.630138 520.030334 69.087418 47.316990 486.294342
650 461 662 452 678 452 691 460 678 465 664 466 764 456 776 446 792 444 806 451 793 458 778 459 1014 411 -85.562912 98.032616 2.792853 -0.086196 0.529992 -0.102074 41.759926 50.833534 510.090607 13.272359 54.796387 526.683167 70.247490 46.870682 493.498016
663 456 675 448 692 448 705 457 691 461 676 462 777 454 790 444 806 442 819 449 806 456 791 457 485 220 33.147808 56.291119 -0.306726 -0.100671 0.522579 -0.077460 48.843338 49.584396 512.547363 20.161465 52.886829 528.948669 77.525215 46.281967 496.146027
667 455 679 447 695 446 708 455 695 460 680 460 780 453 793 443 808 442 821 449 808 456 794 456 840 43 -45.981758 16.039690 -0.401859 -0.087758 0.547474 -0.076310 50.477200 49.050472 512.542664 22.214214 52.231152 529.678772 78.740181 45.869789 495.406555
666 458 678 450 694 450 707 458 694 463 679 463 779 455 791 446 806 445 819 451 806 458 792 459 628 751 0.218137 174.802246 3.947935 -0.091330 0.476416 -0.077554 51.539677 52.091084 529.740295 22.125837 55.271900 544.815735 80.953514 48.910267 514.664917
663 451 676 442 692 442 705 451 692 456 677 456 778 448 790 437 806 436 819 443 807 450 792 451 910 275 -62.052258 67.804596 1.481766 -0.081231 0.519987 -0.083952 49.052177 46.502987 512.436035 20.345440 49.845337 528.785706 77.758911 43.160637 496.086365
664 452 677 443 693 443 706 451 692 456 678 457 778 448 790 439 806 437 819 444 806 451 792 452 815 404 -41.019722 96.836349 2.089082 -0.084929 0.497075 -0.080849 50.031090 47.495857 519.347412 20.946257 50.751045 535.032959 79.115921 44.240673 503.661896
660 449 673 441 689 440 702 449 689 454 674 455 775 445 787 435 803 434 817 441 804 448 789 449 1250 208 -138.017883 52.186352 2.121389 -0.072755 0.517188 -0.090628 47.487782 45.364902 510.950653 18.754021 48.845436 527.223877 76.221542 41.884369 494.677490
665 448 677 439 694 439 707 448 693 453 678 453 780 445 792 435 808 434 821 441 808 448 793 449 645 108 -2.459778 30.941307 -0.579294 -0.087342 0.532323 -0.074474 49.782330 44.955238 511.634888 21.256824 48.060745 528.344482 78.307838 41.849731 494.925293
665 448 678 439 694 438 707 448 694 453 679 453 780 445 793 435 809 434 822 442 809 448 794 449 698 117 -14.335536 32.856052 -0.340997 -0.090030 0.520949 -0.074677 50.203453 45.081123 511.176727 21.488720 48.204952 527.555542 78.918190 41.957291 494.797913
668 452 681 444 696 444 709 452 696 457 681 457 780 450 792 440 808 439 820 446 808 453 794 453 614 753 3.347462 175.275604 3.916189 -0.084987 0.484012 -0.072665 52.699745 49.224205 531.454102 23.390888 52.208035 546.772278 82.008606 46.240379 516.135864
671 451 683 444 698 443 711 451 698 456 684 456 782 449 794 440 809 439 821 446 809 452 795 453 299 706 73.918434 165.347351 2.546157 -0.091115 0.491045 -0.067699 53.897354 49.276356 534.074524 24.686274 52.157558 549.597778 83.108437 46.395157 518.551270
671 451 683 443 699 443 711 451 698 456 684 456 783 449 795 440 810 439 822 446 810 452 796 453 317 660 69.971077 155.024429 2.277430 -0.094868 0.484408 -0.064934 54.285809 48.995998 533.376770 24.965534 51.811474 548.704956 83.606087 46.180523 518.048523
671 443 684 435 700 434 713 444 699 449 684 449 785 442 798 432 814 431 826 439 814 445 799 446 266 19 82.506256 11.737129 -2.458979 -0.095080 0.550272 -0.061406 52.633022 43.073357 509.384460 24.385544 45.852783 526.615662 80.880501 40.293934 492.153259
