663 305 678 298 696 299 709 309 694 313 678 313 795 309 808 300 825 300 839 307 825 314 809 315 351 82 81.350670 21.693565 12.290021 0.020193 0.481012 0.009736 62.092060 -19.047924 502.318298 32.656483 -19.517017 517.676880 91.527634 -18.578831 486.959686
578 403 590 397 605 399 616 410 603 413 589 411 690 416 703 408 718 408 730 416 717 422 703 421 708 89 10.470334 22.951267 16.795702 -0.078947 0.428134 0.063681 17.434074 34.094345 567.882568 -12.710076 32.599571 581.726562 47.578224 35.589119 554.038574
617 366 630 360 644 361 655 369 643 372 629 372 727 371 738 364 752 364 763 370 751 376 739 376 306 54 90.268288 16.157648 11.290144 -0.041437 -0.244214 0.039149 41.349934 12.025004 604.958008 9.155430 10.571509 596.960449 73.544434 13.478499 612.955566
606 339 618 332 632 332 644 339 632 344 618 344 718 337 730 329 744 328 757 335 745 341 731 341 1245 146 -96.119057 34.058144 24.313345 -0.002064 0.328738 -0.036681 34.340454 -5.835821 593.990967 2.935679 -4.628764 604.707458 65.745232 -7.042879 583.274536
614 343 626 336 640 335 652 342 640 347 626 347 726 340 737 333 751 333 762 339 751 345 738 345 509 860 50.463150 175.911972 26.626894 -0.002306 0.344426 -0.031067 39.006519 -3.853645 602.965271 7.767554 -2.829470 614.174133 70.245491 -4.877820 591.756470
607 341 618 333 633 332 645 339 633 344 619 345 718 335 729 327 743 326 754 333 743 338 730 339 885 281 -24.554632 60.959904 22.032537 0.026057 0.379049 -0.066126 34.343369 -6.284793 599.404053 3.566244 -4.305080 611.708923 65.120499 -8.264505 587.099243
608 343 620 336 634 335 646 342 634 347 621 348 719 338 730 331 744 330 756 336 744 342 731 342 1031 816 -53.210781 166.996201 32.351162 0.017836 0.355491 -0.061362 35.462612 -4.556177 603.948853 4.395034 -2.666806 615.515869 66.530190 -6.445548 592.381836
615 343 626 336 640 336 652 342 640 346 627 347 725 339 736 332 749 332 760 337 749 342 737 343 67 794 138.184067 162.985718 20.135218 0.006712 0.389973 -0.046512 38.781498 -4.467554 604.846558 8.104717 -3.005448 617.470276 69.458275 -5.929659 592.222900
607 345 618 338 632 337 644 343 632 348 619 349 717 339 728 332 742 331 754 337 742 343 730 343 1027 545 -52.585289 113.258804 27.985397 0.023260 0.387171 -0.063900 34.168846 -3.828470 600.034790 3.487794 -1.908501 612.586548 64.849899 -5.748439 587.483032
603 345 615 338 629 337 641 343 629 348 616 349 714 338 725 331 738 331 750 336 739 341 726 342 984 891 -43.831924 181.885742 32.967270 0.015312 0.361413 -0.069321 32.442776 -4.218681 604.511292 1.461038 -2.059418 616.259888 63.424511 -6.377944 592.762695
608 341 619 334 634 333 646 340 633 345 620 346 718 336 729 329 743 328 755 335 743 340 730 340 190 134 113.350662 32.063881 11.136595 0.015295 0.405230 -0.057120 34.640717 -5.589921 599.203064 4.177736 -3.847305 612.299988 65.103699 -7.332536 586.106140
608 341 620 333 634 332 646 339 634 344 620 345 718 335 729 328 743 327 754 334 743 339 730 339 44 118 142.329956 28.944431 9.084683 0.013480 0.408258 -0.057502 34.768009 -6.106345 600.029846 4.345506 -4.340775 613.217468 65.190514 -7.871915 586.842163
606 340 618 333 632 332 644 338 632 343 619 344 716 335 727 328 741 327 752 333 741 338 728 339 735 610 5.433702 126.254845 25.426605 0.023695 0.390218 -0.058662 33.928154 -6.635002 605.164917 3.275040 -4.888984 617.809937 64.581268 -8.381021 592.519836
608 335 620 328 634 327 645 333 633 338 620 339 717 330 728 323 741 323 753 329 742 334 729 334 178 79 115.699097 21.161856 10.112843 0.026124 0.414389 -0.052055 34.559277 -9.219542 604.921631 4.208375 -7.718210 618.305542 64.910179 -10.720874 591.537781
603 337 614 329 629 328 641 335 628 340 615 341 713 331 723 324 737 323 749 330 737 335 725 335 1332 9 -113.478783 6.859496 23.202038 0.042230 0.409951 -0.065813 31.656944 -8.449191 600.630920 1.272938 -6.610050 613.897034 62.040947 -10.288331 587.364868
606 339 618 331 632 331 643 337 631 342 618 342 715 333 726 326 739 326 750 332 739 337 727 337 479 789 56.375637 161.843750 25.126736 0.021044 0.385135 -0.057410 33.762402 -7.389250 611.108704 3.043191 -5.663764 623.595215 64.481613 -9.114737 598.622253
608 339 620 332 634 332 645 337 633 342 620 343 717 334 728 328 741 327 752 333 742 338 729 338 39 679 143.672043 140.191635 17.958838 0.015945 0.406311 -0.052166 34.738045 -6.835825 606.924988 4.280478 -5.257826 620.055359 65.195610 -8.413825 593.794617
603 338 615 331 629 330 641 336 629 341 615 342 713 333 724 325 737 325 749 331 738 336 725 337 870 366 -21.523359 77.820740 23.201801 0.029656 0.399318 -0.062230 31.971453 -7.677443 603.228821 1.441369 -5.861139 616.158386 62.501534 -9.493746 590.299194
603 340 614 333 628 332 640 338 628 343 615 344 712 334 723 327 736 327 747 333 736 338 724 338 777 858 -2.751259 175.417496 29.893751 0.022814 0.388926 -0.066080 31.784754 -6.655777 608.027649 1.130327 -4.663682 620.633057 62.439178 -8.647871 595.422180
601 341 612 334 626 333 638 338 626 343 613 345 711 334 721 327 735 326 746 332 735 337 723 338 1093 598 -65.657021 123.744514 29.641960 0.027371 0.396130 -0.071391 30.616852 -6.589903 603.278381 0.065603 -4.460741 616.109924 61.168098 -8.719065 590.446899
586 261 600 253 617 254 630 262 616 267 600 267 718 264 731 256 747 256 760 264 747 270 732 269 52 394 140.913361 83.671852 13.579324 0.058087 0.275269 0.013216 25.878586 -41.134972 511.998688 -6.073627 -41.831753 521.005920 57.830799 -40.438194 502.991455
553 266 567 257 585 257 599 266 584 272 568 272 687 266 701 257 718 256 732 265 718 271 702 271 1332 18 -113.473175 8.644180 23.345392 -0.048457 -0.149611 -0.016385 11.542344 -39.773125 509.119751 -21.287176 -39.351429 504.159485 44.371864 -40.194820 514.080017
559 266 574 258 591 258 605 267 590 272 574 272 693 266 707 258 723 258 736 266 723 272 707 272 142 323 122.999054 69.559799 13.556202 0.034078 0.216864 -0.004579 13.647980 -39.371449 511.096771 -18.778809 -39.342834 518.242554 46.074768 -39.400063 503.950989
553 269 567 261 584 260 598 268 584 274 568 274 687 267 701 259 717 258 731 266 717 272 702 272 1347 408 -116.208694 85.975060 29.742004 0.080061 0.250336 -0.023925 10.564002 -38.503735 506.294617 -21.596945 -38.049313 514.542419 42.724949 -38.958153 498.046814
563 264 578 256 595 256 608 265 594 270 578 270 696 265 709 257 726 257 739 265 725 270 710 270 59 200 139.402664 45.199417 10.575421 0.052803 0.290814 0.000986 14.980158 -40.051605 508.302032 -16.830719 -40.336979 517.817627 46.791035 -39.766232 498.786438
563 264 577 256 594 256 608 265 593 270 577 270 695 265 709 256 725 256 738 264 724 270 709 270 116 78 128.008972 20.986200 9.333778 0.059140 0.304008 -0.002870 14.504837 -39.931377 506.682800 -17.177662 -40.133720 516.619507 46.187336 -39.729034 496.746124
559 264 574 255 591 255 605 264 590 269 574 269 693 264 706 255 722 255 736 263 722 269 707 269 322 88 87.112549 22.893948 12.028640 0.065721 0.290733 -0.004261 13.225468 -40.420856 506.950073 -18.586077 -40.596340 516.466064 45.037014 -40.245377 497.434052
558 266 572 258 589 258 603 266 589 272 573 272 690 266 704 258 720 258 733 266 720 272 704 271 383 596 75.316902 123.607231 20.870972 0.055759 0.252733 -0.006562 12.637308 -39.906338 515.798035 -19.512241 -39.923538 524.102600 44.786858 -39.889133 507.493439
559 268 573 260 590 260 604 268 589 273 573 274 691 267 705 259 721 259 734 267 721 273 705 273 344 757 83.160851 155.547501 22.955368 0.038025 0.193756 -0.009097 13.347533 -39.419941 519.654968 -19.234659 -39.241779 526.052490 45.929726 -39.598103 513.257385
554 265 569 256 586 256 600 264 585 270 569 270 688 264 701 255 718 255 731 263 717 269 702 269 855 186 -18.657085 42.132519 20.150103 0.090298 0.312175 -0.014770 10.780697 -40.177792 505.777344 -20.816784 -40.159859 515.983154 42.378178 -40.195721 495.571533
555 267 569 259 586 259 600 267 585 272 569 273 687 266 700 257 716 257 730 265 716 271 701 271 718 563 8.779901 116.941032 24.468735 0.074435 0.280463 -0.017026 10.867656 -39.719265 513.512756 -21.035610 -39.506020 522.715820 42.770920 -39.932510 504.309753
548 267 563 257 580 257 594 265 579 271 563 272 682 263 695 254 712 254 725 263 712 269 696 268 1287 196 -104.427299 43.957722 25.626717 0.001319 -0.289964 -0.040723 9.322623 -40.303417 507.517700 -22.468885 -38.964153 498.027374 41.114132 -41.642677 517.007996
552 269 567 261 584 260 598 268 583 274 567 274 684 266 697 258 713 257 727 265 713 271 698 271 655 793 21.432173 162.572662 27.356768 0.080373 0.264930 -0.029127 9.729599 -39.683525 517.522400 -22.303438 -39.080067 526.244812 41.762638 -40.286983 508.800049
551 264 565 255 582 254 596 263 581 269 565 269 683 261 696 252 713 252 727 261 713 267 698 266 664 64 19.191257 18.009878 15.855918 0.023814 -0.301528 -0.035192 10.130903 -41.321140 507.886841 -21.555656 -40.052284 498.042450 41.817463 -42.589993 517.731201
552 267 566 259 583 258 597 266 583 272 567 273 684 264 697 256 713 256 726 263 713 269 698 269 435 577 64.980125 119.820564 21.208385 0.023102 -0.284382 -0.033813 10.588745 -40.329163 513.320557 -21.263741 -39.113476 504.019989 42.441231 -41.544849 522.621155
549 263 564 255 581 255 595 262 580 268 564 269 681 260 695 252 711 252 724 259 711 265 696 265 232 50 104.958984 15.391480 10.315592 0.047323 -0.353889 -0.035317 9.365196 -41.345264 501.494720 -21.762094 -39.922508 490.021820 40.492489 -42.768021 512.967590
540 268 554 260 571 259 586 266 571 272 555 273 671 263 685 254 701 254 715 261 701 267 686 267 1382 668 -122.996292 137.519836 34.314129 0.014630 -0.327507 -0.057651 4.861230 -40.512634 510.001923 -26.524506 -38.554691 499.340698 36.246967 -42.470577 520.663147
548 264 562 256 579 256 593 263 578 269 562 270 679 260 693 252 709 252 722 259 709 265 693 265 185 223 114.398857 49.714260 12.492658 0.050360 -0.358742 -0.040465 8.400443 -41.135376 502.390930 -22.664383 -39.524666 490.774506 39.465267 -42.746082 514.007385
537 267 551 259 569 258 583 264 568 271 552 272 669 261 682 252 698 252 712 258 699 265 683 265 1131 456 -73.290588 95.572266 27.847889 0.030980 -0.343069 -0.060682 3.564229 -41.090145 506.259735 -27.645866 -38.941391 495.129944 34.774326 -43.238903 517.389526
546 266 560 259 576 259 590 265 576 271 560 271 677 262 690 255 705 255 719 261 705 267 691 267 172 705 117.280205 145.298813 20.010017 0.048544 -0.328125 -0.037950 7.115325 -40.709625 510.050690 -24.294828 -39.210785 499.386932 38.525478 -42.208469 520.714417
672 399 683 389 699 386 714 392 701 399 687 402 795 374 806 362 821 358 836 362 824 371 809 375 762 449 -0.027570 94.318947 23.194506 -0.073036 0.397537 -0.228140 68.350975 17.509470 539.373169 38.571896 25.289215 551.832764 98.130058 9.729727 526.913574
675 397 686 387 702 385 717 391 704 399 689 401 798 374 810 362 826 358 841 363 829 372 813 376 58 12 139.484161 7.919693 7.568619 -0.102744 0.383102 -0.205842 69.791283 17.310646 536.223633 39.674706 24.563053 548.179932 99.907867 10.058237 524.267334
675 399 686 389 702 387 717 393 704 400 689 403 798 376 809 364 825 360 839 364 827 374 812 377 380 449 75.821045 94.458466 18.492605 -0.088952 0.383399 -0.210829 70.025909 18.304245 540.053467 39.947075 25.631372 552.059143 100.104744 10.977118 528.047791
676 399 688 388 704 385 718 392 706 399 691 402 801 375 812 363 828 359 843 365 830 374 816 377 177 181 115.961159 41.388653 11.725205 -0.101394 0.344987 -0.202202 71.182457 18.086714 538.880127 40.594955 25.184530 549.677551 101.769951 10.988898 528.082642
674 399 686 390 702 387 717 393 704 400 689 402 797 377 808 367 824 363 837 367 826 376 811 379 1235 621 -93.837738 128.253510 31.756134 -0.059247 0.428183 -0.204409 69.403877 18.750942 539.432129 39.865990 25.695822 552.916992 98.941772 11.806061 525.947266
674 398 686 389 702 386 717 393 704 400 689 402 798 378 810 366 826 362 840 367 828 376 813 379 893 242 -26.167368 53.223347 21.509808 -0.065307 0.408356 -0.197026 69.610916 18.628714 536.081238 39.759853 25.379587 548.961426 99.461975 11.877840 523.200989
673 399 685 389 701 387 716 393 703 400 688 403 797 378 808 366 824 362 839 367 827 376 812 379 982 207 -43.860695 46.250397 22.047791 -0.060695 0.410020 -0.200171 68.658417 18.652792 534.031128 38.849384 25.473127 546.971924 98.467453 11.832456 521.090332
672 401 684 392 700 390 714 396 701 402 687 405 796 380 807 369 822 365 836 369 824 378 810 381 1375 778 -121.537903 159.335220 35.980064 -0.058449 0.395320 -0.205595 68.696907 20.100117 540.052246 38.733345 27.076567 552.545227 98.660461 13.123665 527.559326
670 400 681 390 698 387 713 394 700 401 685 404 794 378 806 366 822 362 836 367 824 377 809 380 1362 172 -119.333984 39.171169 26.167587 -0.050918 0.396427 -0.208353 67.107147 19.110037 532.651001 37.176216 26.125977 545.199951 97.038078 12.094095 520.102112
674 402 686 393 701 391 715 396 703 403 688 405 796 382 808 371 823 368 836 372 824 380 810 383 512 865 49.870594 176.902374 26.743460 -0.086580 0.420512 -0.189868 69.781036 20.991972 545.031982 40.046104 27.660906 558.219849 99.515961 14.323036 531.844177
672 400 684 390 700 388 715 395 702 402 687 404 797 380 808 368 824 364 839 369 826 378 812 381 829 215 -13.476559 47.892666 20.291994 -0.073134 0.384839 -0.195512 68.686867 19.652420 535.303345 38.526413 26.398809 547.443909 98.847313 12.906030 523.162842
678 398 689 388 706 386 720 394 707 400 692 403 802 379 814 367 830 364 844 369 832 378 817 381 47 178 141.771652 40.841236 10.077298 -0.097734 0.385344 -0.176865 71.734085 19.266735 537.968018 41.467117 25.571396 550.080872 102.001060 12.962074 525.855103
673 400 685 390 701 388 716 395 703 402 688 404 798 380 809 368 825 364 840 369 827 379 812 382 637 172 24.619530 39.435963 17.243826 -0.071542 0.395888 -0.189145 68.884727 19.509930 534.133972 38.823643 26.048151 546.629700 98.945816 12.971706 521.638306
674 402 686 393 702 391 716 397 703 404 689 406 798 382 809 371 824 367 838 372 826 381 812 384 1112 818 -69.292618 167.363205 33.380020 -0.069609 0.368066 -0.196682 70.209961 21.142033 543.464600 39.853695 27.898779 555.100891 100.566231 14.385286 531.828308
678 401 689 393 704 391 718 397 706 403 692 405 800 382 812 372 826 368 840 372 828 381 814 383 374 882 77.281982 180.323837 25.315647 -0.106777 0.362624 -0.181426 72.062248 21.179647 547.322266 41.547310 27.662355 558.696472 102.577194 14.696939 535.948059
674 400 686 390 702 388 717 395 704 402 689 405 799 381 810 369 826 365 841 370 829 380 814 383 541 212 43.705868 47.402958 16.699324 -0.084978 0.363219 -0.182946 69.906113 20.066183 537.037720 39.408020 26.472725 548.499878 100.404205 13.659641 525.575500
678 400 690 391 706 389 720 395 707 402 692 404 802 381 813 371 829 367 843 371 831 380 816 383 35 543 144.381592 113.224518 15.743373 -0.102620 0.387989 -0.174294 71.969597 20.369642 541.504150 41.720779 26.624702 553.687866 102.218414 14.114581 529.320435
678 401 690 393 705 391 719 397 707 403 692 405 801 382 812 372 828 369 841 373 829 381 815 384 56 760 140.347015 156.247589 19.458265 -0.106818 0.381076 -0.176396 72.194862 21.238096 545.417114 41.872105 27.579048 557.370422 102.517616 14.897145 533.463745
677 402 688 394 704 392 718 397 705 404 691 406 800 383 811 372 826 369 840 373 828 382 814 384 658 849 20.871370 173.676270 28.285671 -0.064543 -0.166284 -0.162535 71.729355 20.815878 538.044495 39.417858 25.983286 532.403198 104.040855 15.648468 543.685852
677 401 689 392 704 390 719 396 706 403 691 405 801 382 812 371 827 367 841 372 829 380 815 383 973 620 -41.816536 128.150909 28.515343 -0.067953 -0.181813 -0.161789 71.564781 20.048592 533.876587 39.338139 25.159765 527.721985 103.791428 14.937417 540.031189
685 501 699 494 715 495 729 503 715 506 699 505 815 503 830 494 847 494 862 500 847 505 831 505 484 8 54.896572 6.970912 12.748386 -0.776302 0.220789 0.049544 81.084671 81.096497 558.036438 48.684620 82.318817 565.199036 113.484726 79.874176 550.873901
686 502 699 495 715 496 729 504 715 507 700 506 811 504 825 495 841 494 856 501 841 506 826 507 280 468 95.688530 98.262657 17.564377 0.346283 0.055980 -0.017786 79.626122 81.414246 555.171387 46.478001 81.674217 557.093445 112.774239 81.154266 553.249390
687 509 701 502 716 503 730 512 716 514 701 514 810 512 825 503 841 502 856 509 841 514 826 515 225 634 106.712502 131.200272 19.531477 0.372010 0.055220 -0.012433 80.412369 86.049255 558.633423 47.260124 86.115364 560.499939 113.564613 85.983154 556.766907
687 508 702 499 719 501 732 514 717 517 701 516 810 517 824 505 843 505 858 515 842 521 826 522 224 536 106.850037 111.767395 17.958208 0.437620 0.094154 0.004601 80.624092 87.279694 557.202698 47.564365 86.459244 560.192871 113.683823 88.100143 554.212585
686 508 701 499 718 501 732 514 716 517 700 516 810 517 825 506 843 505 858 515 842 522 826 522 187 447 114.141212 94.132362 16.085182 0.441175 0.102222 0.004705 79.834595 86.674255 553.122192 46.800686 85.787300 556.367737 112.868507 87.561211 549.876648
685 510 699 503 715 504 728 514 714 516 699 516 809 514 823 504 840 503 854 510 840 516 824 516 357 287 80.286972 62.342533 15.629146 0.354811 0.062656 -0.020474 79.601509 86.775902 558.669006 46.468048 87.075981 560.823914 112.734962 86.475815 556.514099
686 504 699 497 716 498 729 507 715 510 700 510 809 507 823 498 840 497 855 504 840 510 824 510 55 205 140.200012 46.192371 10.605828 0.345145 0.061959 -0.016550 79.968338 83.614555 559.523926 46.831108 83.801468 561.633118 113.105568 83.427643 557.414734
686 512 700 505 715 506 729 515 715 518 700 517 809 515 823 505 840 504 854 511 839 517 824 517 692 342 13.804768 73.126595 20.628588 0.352377 0.064469 -0.025195 80.193245 87.904915 561.997681 47.067123 88.350510 564.238525 113.319366 87.459328 559.756897
685 510 698 503 714 504 727 512 713 515 699 514 809 512 823 503 839 502 854 508 839 513 824 514 1166 171 -80.417519 39.044456 23.739166 0.346297 0.066651 -0.029137 79.201653 85.845932 557.924927 46.083778 86.414131 560.257935 112.319534 85.277733 555.591919
687 507 701 501 716 502 729 510 715 512 701 512 811 510 825 501 841 501 856 507 841 511 826 512 1096 496 -66.316200 103.516983 28.054214 0.350451 0.052830 -0.018219 80.510490 85.035706 559.117920 47.356979 85.323891 560.940430 113.663994 84.747528 557.295410
686 513 699 506 715 507 729 515 715 518 700 517 812 515 826 506 842 505 857 511 842 516 827 517 997 21 -46.954857 9.361428 19.269783 0.348292 0.060712 -0.026594 79.445686 86.502975 551.920166 46.313049 87.020226 554.046326 112.578323 85.985718 549.794006
691 510 705 504 720 505 733 514 719 516 705 515 815 514 829 505 845 504 860 511 845 516 830 517 314 653 89.052795 134.935440 20.929581 0.371398 0.051248 -0.007644 82.231369 86.710388 556.913940 49.070610 86.645973 558.622559 115.392128 86.774803 555.205261
697 521 710 517 724 519 736 527 723 527 710 526 813 535 827 530 841 531 853 537 839 539 826 538 208 863 110.230545 176.616806 22.969778 0.469494 0.154089 0.044687 87.994690 102.568497 595.706482 55.208534 99.968170 600.274414 120.780846 105.168831 591.138550
690 512 704 504 720 505 734 515 719 519 704 518 813 517 827 506 845 505 860 514 845 520 829 520 86 125 133.994934 30.317181 9.713143 0.371970 0.070314 -0.009622 82.380936 88.205826 559.778442 49.258751 88.088692 562.116516 115.503120 88.322968 557.440308
687 505 701 498 716 499 730 507 716 510 701 510 813 507 827 498 844 498 859 505 844 509 828 510 467 1 58.267677 5.589033 12.427642 0.337460 0.056653 -0.016969 80.209015 82.516670 551.780457 47.061707 82.754852 553.719116 113.356331 82.278488 549.841736
688 512 702 506 717 506 731 514 717 517 702 516 815 515 830 506 846 506 861 512 846 516 831 517 767 237 -1.152353 52.277874 19.879278 0.373163 0.054000 -0.015141 79.976768 85.343269 545.103638 46.823559 85.503593 546.947144 113.129982 85.182945 543.260132
686 508 700 500 716 501 730 511 715 514 700 514 813 513 827 503 845 502 860 510 844 515 828 516 1404 168 -127.675858 38.362637 26.620838 0.410255 0.074655 -0.014748 78.987595 83.839340 544.759277 45.877537 83.813812 547.265869 112.097649 83.864868 542.252686
692 519 706 515 721 517 733 525 719 526 705 524 814 534 829 529 843 531 856 537 842 540 828 538 1184 314 -83.902504 67.394547 26.238449 -0.955705 0.112870 0.154049 86.482307 101.047668 589.706238 53.836555 98.358231 595.145081 119.128052 103.737106 584.267334
688 508 701 502 716 503 730 511 716 513 701 513 811 511 825 503 841 502 855 508 841 513 826 513 1436 467 -133.843491 97.642151 31.777233 0.340009 0.062416 -0.020963 80.962852 86.048996 561.787720 47.829300 86.382408 563.936157 114.096413 85.715584 559.639221
688 509 702 501 718 502 731 512 717 515 702 514 811 513 825 503 842 502 856 509 842 515 826 515 927 594 -32.699123 123.011948 27.535013 0.382796 0.068821 -0.017120 81.253189 86.501472 561.492065 48.130825 86.623795 563.827393 114.375549 86.379158 559.156738
718 510 733 503 750 504 764 514 749 517 733 517 848 514 862 503 880 502 895 510 880 516 864 517 164 173 118.537415 39.807014 11.437768 0.363638 0.083859 -0.032941 95.379593 83.412483 536.897888 62.307980 83.980484 539.814270 128.451202 82.844482 533.981506
723 524 736 519 751 521 764 530 750 531 736 530 844 536 858 529 873 530 886 536 872 540 857 539 1179 770 -82.625793 157.820419 33.440147 0.467570 0.161929 0.008434 100.876221 99.950264 575.318909 68.099083 98.449936 580.414795 133.653351 101.450584 570.223022
711 518 726 509 744 511 759 523 743 526 726 525 839 525 854 514 873 513 888 522 872 529 855 529 1238 34 -94.798897 11.851286 22.443232 0.413684 0.130101 -0.024655 92.502991 89.307793 541.920410 59.584736 89.221344 546.272522 125.421242 89.394234 537.568298
719 528 733 522 749 524 762 535 748 536 733 535 839 540 854 532 870 532 884 541 869 545 854 544 254 811 101.064568 166.288483 22.707710 0.460015 0.150045 0.015632 98.843834 101.902641 572.561951 66.009529 100.279900 577.234802 131.678131 103.525383 567.889160
718 523 732 518 747 520 761 528 746 530 732 528 843 536 858 529 873 530 887 537 872 541 857 539 462 201 59.384987 45.250526 15.551731 0.475192 0.165811 0.019293 97.074043 97.006790 559.721069 64.322166 95.112190 564.847961 129.825928 98.901390 554.594238
720 529 733 525 747 527 760 534 746 535 733 534 840 542 854 537 868 538 880 545 867 547 853 546 922 736 -31.617924 151.172134 29.735270 -0.941968 0.157322 0.148852 103.450722 108.382423 603.468689 70.965912 106.448914 610.068542 135.935547 110.315933 596.868835
716 530 730 525 745 527 758 535 744 536 730 535 839 543 853 537 867 538 880 545 866 547 852 546 1258 551 -98.448120 114.364227 30.924261 -0.944964 0.148076 0.142442 100.929192 106.929466 594.544373 68.372322 105.050804 600.795837 133.486069 108.808128 588.292908
713 523 728 515 746 518 760 530 744 533 728 531 836 534 851 523 869 522 884 532 868 538 852 538 694 329 13.399560 70.547981 20.446138 0.435883 0.145652 -0.008926 95.175819 96.339111 560.275940 62.318356 95.589546 565.007263 128.033279 97.088676 555.544678
722 533 735 528 750 530 762 538 749 539 735 538 840 544 853 538 868 539 881 546 867 549 853 548 123 596 126.941612 123.702187 17.670725 0.426012 0.152850 0.019314 102.342628 107.930183 592.914124 69.525200 106.247864 597.683411 135.160065 109.612495 588.144897
718 527 732 522 748 524 761 533 746 534 732 533 841 540 856 534 871 535 884 543 870 546 855 544 381 355 75.563957 75.818054 17.007668 0.468023 0.163863 0.027776 98.101273 101.142609 568.604675 65.345711 99.010468 573.613342 130.856827 103.274750 563.596069
720 536 733 532 747 534 760 542 746 543 733 541 841 549 855 544 870 545 883 551 869 554 855 552 1168 401 -80.671425 84.652344 27.427261 0.463182 0.162092 0.024089 99.003441 106.910606 574.448547 66.235573 104.920914 579.435303 131.771301 108.900291 569.461792
718 528 732 522 747 525 760 534 746 536 731 534 839 541 853 534 869 535 882 543 867 546 853 545 82 168 134.815933 38.845470 10.348819 0.430407 0.165709 0.022762 98.715775 102.982155 576.807861 65.967262 101.089676 581.956970 131.464279 104.874634 571.658813
718 529 732 524 747 526 760 535 746 536 731 535 840 542 855 535 870 536 884 544 869 547 854 546 301 244 91.379372 53.836159 14.254951 0.453556 0.162189 0.024945 98.028809 102.216240 570.262573 65.262459 100.221870 575.257385 130.795166 104.210617 565.267700
720 539 733 535 747 536 759 544 746 545 733 544 838 550 851 544 865 545 878 552 864 555 851 554 753 499 1.790571 104.237152 23.880135 -0.899934 0.177215 0.127497 105.212509 116.050438 618.349548 72.744026 114.860458 625.200928 137.681000 117.240425 611.498230
715 528 730 523 745 525 759 534 744 535 729 533 841 542 856 536 872 537 885 545 870 547 856 546 605 198 30.989529 44.603405 17.264082 0.485735 0.170962 0.029159 95.364647 99.476234 555.656799 62.648232 97.201958 560.855225 128.081055 101.750511 550.458374
725 540 737 534 751 536 762 544 749 546 737 545 835 549 848 542 862 543 874 550 861 553 848 553 326 688 86.691910 141.871490 21.634769 0.342752 0.117745 0.025418 107.564491 117.969597 630.275818 74.597939 116.481339 633.956970 140.531052 119.457848 626.594604
715 530 729 525 744 527 757 536 743 537 728 536 839 543 854 537 870 538 883 545 869 548 854 547 548 238 42.332161 52.556156 17.199615 0.477878 0.166261 0.023121 95.160690 100.916328 559.063782 62.413776 98.889854 564.171875 127.907608 102.942802 553.955750
731 538 742 533 755 535 765 542 753 543 742 542 829 549 840 544 852 546 861 552 851 554 840 552 1207 464 -88.375908 97.130898 28.910770 -0.740654 0.154574 0.145256 122.571457 136.072220 728.569824 90.077400 133.520752 734.909058 155.065506 138.623688 722.230591
717 532 730 528 744 530 757 538 743 539 730 537 839 545 853 539 867 540 880 546 866 549 852 548 1041 479 -55.406178 100.166000 27.106461 0.473270 0.165351 0.016225 97.104919 104.093254 572.309143 64.348869 102.304611 577.447388 129.860962 105.881905 567.170898
714 538 728 534 742 536 755 543 741 545 728 543 837 550 851 545 866 546 878 552 864 555 850 554 1049 283 -57.116665 61.296604 24.083010 0.459093 0.162086 0.018127 96.179993 107.397896 572.908203 63.408146 105.608330 577.944397 128.951843 109.187462 567.872070
668 440 684 432 703 434 717 444 700 449 683 448 816 454 831 447 849 449 863 459 848 464 831 462 811 634 -9.641654 130.986252 26.744337 -0.176149 -0.024482 0.102783 65.297699 45.175419 468.880737 32.277576 41.715141 468.373047 98.317818 48.635696 469.388428
667 437 683 428 702 430 716 442 699 446 682 445 816 452 831 444 850 446 864 457 848 462 831 460 857 30 -19.151331 11.197246 17.689928 -0.151623 -0.109948 0.108873 63.712421 43.010445 456.575409 30.903551 39.147842 453.226074 96.521294 46.873047 459.924713
667 437 683 428 702 430 716 441 699 446 682 445 815 452 831 443 849 445 863 456 848 461 831 459 941 359 -35.625237 76.406723 23.964216 -0.161762 -0.066644 0.103245 64.402504 43.333447 462.837524 31.447540 39.750393 460.916138 97.357468 46.916504 464.758942
671 437 687 430 705 431 719 442 703 447 685 445 818 453 833 445 851 447 865 458 850 463 833 460 308 464 90.126457 97.459236 17.845306 -0.132012 -0.085396 0.114378 65.685204 43.882919 463.155914 32.817593 39.922340 460.588074 98.552811 47.843494 465.723755
666 433 682 424 701 426 715 437 698 442 681 441 814 447 830 439 848 441 862 452 846 457 829 455 933 117 -34.187462 28.421444 20.011133 -0.142373 -0.130435 0.105579 63.126808 40.966011 456.033264 30.387638 37.181435 451.985626 95.865974 44.750591 460.080902
665 435 682 427 700 429 715 440 698 445 680 443 814 451 830 443 848 445 862 456 847 461 829 458 1000 50 -47.532471 15.110984 19.768625 -0.154347 -0.109404 0.108019 63.129211 42.384830 456.876251 30.315281 38.547146 453.547913 95.943138 46.222515 460.204590
664 436 681 427 700 429 714 441 697 446 679 444 812 451 828 442 847 444 861 456 845 461 828 459 1259 239 -98.840942 52.494778 25.966984 -0.164582 -0.094235 0.102221 63.152180 42.883121 461.152649 30.267042 39.258595 458.325958 96.037315 46.507645 463.979340
670 435 686 427 705 429 718 440 702 445 684 443 818 451 833 443 851 445 865 457 850 461 833 459 363 272 79.086296 59.365868 15.464075 -0.132204 -0.103948 0.118631 64.821007 42.639297 458.096680 32.027782 38.500572 454.928894 97.614235 46.778023 461.264496
664 434 680 426 699 428 713 439 696 444 679 443 811 448 827 440 845 442 859 453 844 458 827 456 1120 597 -71.018677 123.536354 29.958364 -0.149202 -0.091388 0.098671 63.033726 42.082645 463.401093 30.128202 38.602673 460.630524 95.939247 45.562622 466.171631
666 436 683 427 702 429 716 441 699 445 681 444 815 452 831 444 849 446 863 457 847 462 830 459 779 26 -3.666409 10.432540 16.666142 -0.141558 -0.123284 0.114498 63.209057 42.481319 454.295471 30.472343 38.421432 450.502777 95.945770 46.541206 458.088196
670 433 686 426 704 428 718 438 701 442 685 441 817 448 832 441 849 443 863 453 848 458 831 456 75 350 136.319153 74.938324 13.161584 -0.111735 -0.142397 0.117334 64.326660 41.415882 456.855804 31.684877 37.286850 452.380920 96.968445 45.544914 461.330688
666 435 683 427 701 428 715 439 699 444 681 443 813 449 829 440 847 442 861 453 846 458 829 456 505 646 51.124130 133.477585 23.169033 -0.123364 -0.100890 0.102801 63.728004 42.157425 461.494110 30.866606 38.558338 458.374054 96.589401 45.756508 464.614166
664 436 681 428 700 429 714 441 697 446 679 444 812 450 827 441 846 443 860 454 845 459 827 457 900 611 -27.327509 126.392876 27.473459 -0.140439 -0.087053 0.098058 63.158939 42.659935 462.393921 30.238703 39.221596 459.749023 96.079178 46.098274 465.038818
662 434 678 426 697 428 711 438 694 443 677 442 810 448 826 440 844 442 858 453 842 458 825 456 1399 404 -126.536125 85.162872 30.318340 -0.166861 -0.089942 0.098034 62.090443 41.789051 461.851898 29.178383 38.310276 459.158569 95.002502 45.267826 464.545258
665 436 681 428 700 430 714 441 697 446 680 444 812 450 827 442 846 444 860 455 844 460 827 458 912 330 -29.885151 70.666664 23.145350 -0.132799 -0.124480 0.105066 62.781719 42.680073 459.541229 30.015818 38.943558 455.669037 95.547623 46.416588 463.413422
664 436 680 428 698 430 712 440 696 445 679 443 812 451 827 444 845 446 859 456 843 460 827 458 1062 671 -59.456318 138.231613 30.423147 -0.171990 -0.049073 0.106868 63.260220 43.300568 466.519226 30.284170 39.638020 465.205597 96.236267 46.963116 467.832855
670 436 686 428 704 430 718 441 701 445 685 444 818 453 833 445 851 448 865 459 849 463 833 460 84 128 134.393921 30.912806 9.736310 -0.114461 -0.149136 0.127495 64.072838 42.680523 452.381836 31.504419 38.201191 447.713531 96.641258 47.159859 457.050140
660 429 677 421 696 423 710 434 693 439 675 438 809 445 825 437 844 439 858 450 842 455 825 453 1040 47 -55.476601 14.501480 20.213186 -0.129687 -0.131037 0.111345 60.639904 39.593052 453.548920 27.924105 35.643314 449.470215 93.355698 43.542789 457.627594
665 441 681 434 699 436 712 446 696 450 680 449 812 456 828 450 845 452 859 462 843 466 827 464 538 293 44.351971 63.466217 17.952578 -0.143001 -0.081960 0.113570 63.231331 45.635067 464.708649 30.351093 41.695206 462.274078 96.111565 49.574928 467.143250
661 431 677 423 696 425 710 435 693 440 676 439 809 446 825 438 843 440 857 451 841 455 824 453 1016 99 -50.678864 24.821760 20.746044 -0.148083 -0.119359 0.106963 60.861790 40.193031 455.929749 28.081764 36.377186 452.259735 93.641815 44.008877 459.599731
739 513 752 506 768 509 779 521 765 523 751 520 852 531 867 522 883 523 895 533 881 538 866 536 1027 891 -52.369854 181.870026 33.496540 0.331338 0.127395 0.097344 112.137260 100.076538 599.408752 79.354416 96.223816 603.014465 144.920105 103.929268 595.802979
743 491 759 486 775 488 788 497 773 497 758 496 878 503 894 497 911 498 926 505 910 508 894 507 458 255 60.212837 55.960098 16.362617 0.483374 0.143038 0.028165 102.530579 71.944328 503.645264 69.671188 69.924614 507.974335 135.389969 73.964043 499.316223
741 491 757 485 773 487 787 497 771 498 755 497 870 504 887 497 904 499 919 508 903 511 886 509 1046 541 -56.360355 112.458672 28.155548 -0.847424 0.266877 0.177250 109.480392 79.222847 550.655579 77.866249 77.614883 560.681580 141.094528 80.830818 540.629639
751 490 767 485 783 487 796 495 781 496 766 495 885 502 902 495 919 496 934 504 918 506 902 505 403 528 71.303429 110.115639 20.034029 0.510033 0.158504 0.017087 105.659843 70.862030 500.669983 72.867043 69.010742 505.544861 138.452652 72.713310 495.795105
745 487 761 482 777 484 791 492 776 493 760 492 878 499 894 494 911 496 926 503 910 505 894 503 277 267 96.159050 58.405785 14.325891 -0.817827 0.265315 0.167658 111.237495 76.020889 544.951721 79.566109 74.516853 554.811768 142.908890 77.524925 535.091675
745 494 759 489 775 491 787 499 773 501 758 500 862 506 876 499 891 500 905 508 890 511 876 510 1184 578 -83.738121 119.745308 30.443483 -0.748565 0.222903 0.142916 119.387100 89.456337 613.544556 87.286415 87.821716 621.877258 151.487793 91.090958 605.211914
749 490 765 483 782 486 796 496 780 498 764 496 878 505 895 497 913 498 928 508 911 512 895 510 1062 774 -59.392185 158.656342 32.063747 -0.841609 0.273084 0.187890 113.677872 78.878395 549.556641 82.176254 77.018707 559.888550 145.179489 80.738091 539.224670
751 490 767 484 783 487 796 498 780 500 765 498 871 507 887 498 904 500 918 510 902 514 887 512 454 595 61.218761 123.382996 21.728956 0.385009 0.129165 0.078897 115.823547 82.269913 567.508362 82.993675 78.910316 571.178772 148.653427 85.629501 563.837952
745 493 758 487 773 488 785 497 771 499 758 498 851 501 864 494 878 494 890 502 877 505 864 505 811 754 -9.566936 154.782043 28.655718 0.140357 0.159064 0.024064 123.546822 93.223892 655.116699 90.770058 92.061630 660.302490 156.323593 94.386147 649.930908
745 490 761 484 777 487 791 496 775 498 760 496 866 504 882 497 898 499 912 507 897 510 881 509 963 181 -40.104309 41.101582 21.399796 -0.766649 0.212181 0.158878 117.611580 84.993011 592.740723 85.510727 82.833138 600.952271 149.712433 87.152885 584.529175
751 486 766 481 782 483 797 491 781 492 765 490 887 498 903 492 921 494 936 501 919 503 903 502 849 247 -17.427765 54.230907 21.047869 -0.847223 0.272382 0.168806 111.527199 72.904495 528.142578 79.913818 71.611389 538.216431 143.140579 74.197601 518.068787
748 488 764 484 780 485 795 493 779 494 763 493 888 500 905 495 922 496 938 503 921 505 905 503 1023 241 -51.980347 52.977570 23.094002 -0.862491 0.292715 0.170162 109.560669 72.602707 519.285339 78.126785 71.627060 529.939819 140.994553 73.578354 508.630829
753 484 768 480 783 482 796 489 781 490 767 488 881 497 896 492 912 493 926 500 911 502 896 500 424 468 67.096382 98.210068 19.336821 -0.769312 0.274685 0.167625 117.032364 76.980461 562.859436 85.449387 75.347267 572.979126 148.615341 78.613647 552.739746
757 490 772 483 789 486 804 496 788 497 772 495 893 502 909 494 927 495 942 504 926 507 909 506 458 520 60.377838 108.509163 20.583578 0.513974 0.175367 0.008605 107.402779 69.793663 493.521240 74.697311 68.061775 498.990509 140.108231 71.525551 488.051971
757 484 772 479 789 480 803 489 787 490 771 489 894 497 911 490 929 492 945 500 928 502 911 500 157 325 120.021950 69.950920 13.772688 -0.858899 0.283927 0.174984 113.030174 70.804077 518.544495 81.545105 69.551971 529.017395 144.515244 72.056190 508.071564
757 489 773 484 789 486 803 495 788 496 772 494 892 501 909 495 926 495 942 503 925 506 909 505 508 501 50.438179 104.723228 20.896376 0.510854 0.161441 0.018907 108.530121 70.323402 498.907806 75.753555 68.388458 503.858795 141.306686 72.258339 493.956848
751 483 766 479 783 481 797 488 781 489 766 488 883 496 899 491 916 493 931 500 915 502 899 500 543 134 43.260189 31.934956 15.481544 -0.781993 0.264224 0.168074 114.822380 74.673096 548.422424 83.151634 72.961510 558.250671 146.493134 76.384674 538.594238
756 489 772 483 789 485 803 494 787 495 771 494 894 501 911 494 929 495 944 503 927 506 911 504 221 320 107.311218 68.936050 14.480800 0.515316 0.157026 0.020422 107.531807 69.122162 492.348785 74.733307 67.165199 497.143372 140.330307 71.079124 487.554199
752 489 767 483 784 486 797 496 781 497 766 495 876 504 891 497 908 498 922 507 906 510 891 508 1100 415 -67.160866 87.453354 26.813267 0.391224 0.153037 0.059847 115.494240 79.968224 559.918030 82.731033 77.060921 564.465515 148.257446 82.875519 555.370544
750 484 766 480 782 481 796 489 780 489 765 488 885 496 901 491 917 493 932 500 916 502 900 500 914 115 -30.416132 28.031786 19.745413 -0.800005 0.264052 0.165887 113.749245 74.066124 542.716003 82.062103 72.507072 552.516724 145.436386 75.625168 532.915283
685 182 695 176 707 176 716 182 706 186 695 186 777 183 786 177 797 177 806 184 797 187 786 187 209 394 109.739975 83.614510 15.511780 -0.006657 -0.130595 -0.007496 91.153503 -118.522156 756.414062 58.232372 -118.288383 752.089233 124.074631 -118.755920 760.738892
729 238 739 231 751 231 761 237 751 241 740 241 821 237 829 231 841 231 850 238 841 241 830 241 61 334 139.088989 71.770668 12.734412 -0.048139 -0.156324 -0.018556 122.495995 -79.195442 752.531799 89.701683 -78.706726 747.349731 155.290298 -79.684166 757.713928
710 353 721 346 735 346 746 353 734 357 721 357 815 352 825 345 838 345 849 351 838 356 826 356 141 516 123.317780 107.831749 16.618029 -0.057621 -0.217682 -0.008360 97.573044 2.385005 635.995483 65.152779 2.452894 628.820435 129.993317 2.317116 643.170471
680 388 691 380 704 379 716 386 704 391 692 392 784 382 794 373 808 372 820 378 809 384 796 385 433 466 65.308128 97.810181 19.415743 -0.056231 -0.270352 -0.055506 78.314392 21.003658 625.885498 46.365864 22.571732 616.975281 110.262917 19.435583 634.795776
689 385 700 378 715 378 726 386 714 390 701 390 794 385 805 377 819 377 829 384 818 389 806 389 750 153 2.170807 35.627022 18.332067 -0.029721 0.525227 -0.028862 82.061928 21.915356 621.534729 53.345657 23.083202 638.165161 110.778198 20.747507 604.904236
703 384 714 377 729 377 740 385 728 389 715 389 808 384 819 376 832 375 843 382 832 387 820 387 1321 480 -111.001396 100.262032 30.568806 -0.090695 -0.275207 -0.013298 91.784752 20.902130 621.617737 59.831516 20.926027 612.587280 123.737999 20.878233 630.648193
708 378 720 371 734 371 745 378 733 382 720 383 815 376 825 368 839 368 850 374 839 380 826 380 1219 833 -90.528831 170.298599 34.935966 -0.013862 0.468520 -0.050230 95.822456 17.375483 633.589417 66.236176 19.088129 648.565308 125.408730 15.662835 618.613464
693 381 704 374 719 374 730 382 718 386 705 386 799 380 810 372 824 371 835 378 824 383 811 384 1081 138 -63.560760 32.531654 22.167303 -0.022041 0.499596 -0.047167 85.007744 19.253765 622.475098 55.896599 20.933903 638.358337 114.118889 17.573626 606.591858
691 383 702 375 716 375 727 382 715 387 703 387 796 380 807 372 821 372 832 378 821 384 808 384 988 736 -44.722660 151.148026 30.547640 -0.029461 0.427004 -0.048016 85.883011 20.137587 639.432861 55.696537 21.888758 653.153992 116.069473 18.386415 625.711670
691 382 702 375 716 375 727 383 716 387 703 387 797 381 807 373 821 373 832 379 821 385 808 385 907 314 -28.902330 67.495712 22.828957 -0.029713 0.473699 -0.042914 84.764999 20.113737 631.133972 55.245640 21.714640 646.253601 114.284355 18.512835 616.014282
686 385 697 378 711 379 722 387 710 391 698 391 791 386 802 378 815 378 826 385 815 390 802 390 406 85 70.431931 22.268373 13.014781 -0.041472 0.501063 -0.025529 80.983971 22.594927 627.778076 51.870724 23.745022 643.704651 110.097214 21.444832 611.851440
672 381 683 374 697 375 708 382 696 386 683 386 777 383 787 375 801 375 812 382 801 387 788 387 1428 149 -132.453049 34.586201 26.613609 -0.021286 0.491091 -0.017200 71.970322 20.221350 624.460693 42.694252 20.939816 640.111755 101.246384 19.502884 608.809631
684 379 695 372 709 373 720 380 708 384 695 384 789 381 800 374 814 374 825 380 813 385 801 385 1426 660 -131.737762 135.917389 34.728283 -0.020425 0.471976 -0.010588 80.294289 19.342674 630.326416 50.721363 19.838404 645.418030 109.867210 18.846947 615.234863
697 372 708 366 722 367 733 374 721 377 708 377 802 374 813 368 826 368 837 374 826 379 813 378 424 773 67.286285 158.691055 24.194910 -0.028061 0.469682 -0.007181 88.498833 15.567555 635.149292 58.890289 16.012096 650.172485 118.107376 15.123015 620.126160
715 370 727 364 741 364 752 372 740 376 727 375 821 373 832 366 846 366 857 373 845 378 833 377 517 405 48.591396 85.683304 19.478050 -0.022445 0.517955 -0.002905 98.705315 14.394890 626.619934 69.855804 14.675797 643.057251 127.554825 14.113983 610.182556
701 381 713 374 727 374 738 382 726 386 713 386 807 381 818 374 832 373 843 380 832 385 819 385 1215 694 -89.821152 142.736588 32.672718 -0.025815 0.482119 -0.029048 90.993355 19.899128 630.497925 61.586674 21.029114 645.877441 120.400040 18.769140 615.118408
700 383 711 377 725 377 736 384 724 388 712 388 806 384 816 376 830 376 841 383 830 388 817 388 1249 727 -96.551529 149.268021 33.616840 -0.026890 0.468746 -0.028604 90.490044 21.486435 633.442444 60.879734 22.607010 648.426880 120.100357 20.365858 618.458008
706 381 717 374 731 374 743 382 731 385 718 386 812 381 823 374 837 374 847 380 836 385 824 385 1090 803 -64.933716 164.396774 32.870308 -0.027588 0.468656 -0.023800 94.264633 19.970848 633.219238 64.648933 20.943083 648.203369 123.880341 18.998615 618.235046
705 372 717 365 731 365 742 373 730 376 717 377 812 373 822 365 836 365 847 372 836 376 823 376 282 738 95.459526 151.802475 21.889597 -0.027636 0.478988 -0.018188 93.381554 14.535256 630.200378 63.918598 15.331819 645.492859 122.844513 13.738695 614.907959
704 377 715 371 729 371 741 378 729 382 716 382 810 378 821 371 835 370 845 377 834 382 822 382 482 731 55.743855 150.341354 24.239828 -0.030132 0.488068 -0.023368 92.385864 17.762383 628.913086 63.066452 18.747007 644.468201 121.705276 16.777760 613.357910
