611 401 624 393 640 392 653 400 640 405 625 406 736 398 749 389 765 389 779 396 766 402 750 402 263 775 81.853424 180.848450 2.919677 -0.097699 0.287237 -0.038330 24.407642 20.138687 498.733521 -7.413825 21.853983 508.061523 56.229107 18.423389 489.405518
615 394 629 384 647 383 661 393 646 399 630 399 743 392 757 381 775 381 790 390 775 396 759 397 574 375 12.960481 90.797005 1.090499 -0.067924 0.369545 -0.032899 26.611717 16.044943 476.899475 -4.334805 17.523441 488.844635 57.558239 14.566444 464.954346
599 398 611 388 628 387 641 396 627 402 612 403 723 393 736 383 754 382 769 390 754 397 738 397 1063 489 -96.664429 115.389046 3.509815 -0.072078 0.383771 -0.054171 17.324938 17.204914 481.390839 -13.418086 19.410746 493.742371 48.067963 14.999082 469.039307
614 391 628 381 645 381 659 391 644 396 628 397 741 390 755 379 774 379 788 388 773 395 757 395 732 267 -22.206564 66.345650 0.839870 -0.079306 0.343481 -0.021490 26.184925 15.040675 481.214691 -5.073837 16.187077 492.356293 57.443687 13.894273 470.073090
602 401 615 392 631 392 644 401 631 406 616 406 726 399 740 389 757 389 772 396 757 403 741 403 1156 790 -118.002571 182.545486 5.960823 -0.063510 0.399838 -0.041827 18.934422 19.583191 481.374359 -11.623946 21.349846 494.243896 49.492790 17.816536 468.504822
619 391 633 381 651 381 665 391 650 396 634 396 747 390 761 380 779 380 793 389 779 395 763 395 721 383 -19.948235 92.313515 1.630535 -0.074381 0.330296 -0.018725 29.082600 15.258456 483.113617 -2.322490 16.272356 493.849182 60.487686 14.244556 472.378082
621 395 636 388 652 387 667 394 651 397 636 397 746 393 760 386 777 386 793 393 777 396 762 396 664 567 -7.515427 133.577377 2.754734 -0.896867 0.065877 0.018203 31.177509 17.530516 505.196838 -1.954842 17.920879 507.354248 64.309860 17.140150 503.039398
606 387 620 377 637 377 651 387 637 393 621 394 733 385 746 374 765 374 780 383 765 390 748 390 1114 105 -107.404289 29.399353 0.940369 -0.071037 0.401136 -0.034149 21.717453 12.899158 475.648315 -8.833776 14.468282 488.560333 52.268681 11.330033 462.736298
624 390 638 382 655 382 669 391 654 396 638 396 754 391 768 382 785 382 799 390 784 396 768 396 553 520 17.405752 123.270309 2.055008 -0.076477 0.291795 -0.010857 31.522755 15.477406 480.636627 -0.277214 16.200140 490.165497 63.322723 14.754670 471.107758
601 394 614 385 631 384 644 393 630 399 615 399 727 391 741 381 759 381 773 389 759 395 742 396 952 555 -71.941170 130.358368 3.615516 -0.073629 0.352330 -0.037826 19.207623 15.909934 481.143494 -11.935127 17.564705 492.543091 50.350372 14.255164 469.743927
604 393 617 384 634 384 647 393 633 399 618 399 729 391 743 381 760 381 775 389 761 396 744 396 1272 522 -143.490891 122.382545 4.431763 -0.057798 0.400901 -0.040514 20.085657 15.842897 478.117310 -10.460554 17.530737 491.026215 50.631866 14.155058 465.208405
612 391 626 383 643 383 656 392 642 397 626 397 739 392 753 382 770 382 785 390 770 396 754 396 606 617 5.375858 144.869324 2.920540 -0.066016 0.372363 -0.020785 24.780100 15.685865 478.531433 -6.143013 16.762913 490.579712 55.703213 14.608819 466.483185
636 376 651 367 669 367 683 377 667 382 651 382 766 379 780 370 798 371 812 380 797 386 781 385 388 264 54.776768 66.313377 -0.311832 -0.057698 0.329022 0.012165 37.742573 9.428036 479.681488 6.320817 9.343832 490.415802 69.164322 9.512240 468.947144
636 375 652 367 669 367 683 375 667 378 651 379 761 376 776 368 793 369 808 377 793 380 777 380 409 143 50.289463 39.208511 -1.105278 -0.837354 0.058834 0.035382 39.707424 8.301532 511.178802 6.576367 8.031022 513.374146 72.838486 8.572042 508.983490
612 380 625 370 642 370 656 380 641 385 626 385 739 379 753 370 771 370 785 379 771 385 754 384 1181 326 -122.784203 78.709297 2.735732 -0.065545 0.352108 -0.015419 24.720896 9.848708 478.970337 -6.443596 10.728863 490.396576 55.885387 8.968554 467.544067
643 373 659 366 675 366 690 374 674 376 658 376 768 376 782 369 799 370 814 378 799 380 783 379 146 303 108.861641 75.486465 -0.829020 -0.860713 0.060495 0.058671 42.883915 7.971659 509.576721 9.789842 7.069334 512.131653 75.977989 8.873984 507.021790
623 385 636 376 654 376 668 386 653 391 637 391 751 386 765 376 783 376 797 385 782 391 766 391 719 463 -19.640810 110.212021 2.194177 -0.076398 0.310127 -0.012143 30.803652 12.908675 482.943512 -0.815482 13.695064 493.051514 62.422787 12.122288 472.835510
639 377 654 371 670 371 685 378 669 380 654 380 764 379 778 373 794 373 809 380 794 382 779 382 389 417 54.285011 100.535301 0.781986 -0.877423 0.054477 0.038711 40.460011 9.735055 509.044678 7.324685 9.352932 511.157440 73.595337 10.117179 506.931915
642 369 658 362 675 362 689 371 673 374 657 374 766 373 780 365 797 366 812 374 797 378 782 377 193 19 98.841721 11.872684 -2.698843 -0.827829 0.056382 0.054615 42.514721 6.380785 512.171814 9.406446 5.500465 514.543945 75.622993 7.261105 509.799744
638 376 653 367 671 367 685 377 670 382 653 382 768 379 782 370 800 371 813 380 799 386 783 385 455 322 39.682358 79.162682 0.321721 -0.070837 0.274047 0.015359 39.254425 9.488469 485.233063 7.292047 9.305412 494.229309 71.216805 9.671527 476.236816
585 429 600 418 620 418 635 429 618 435 601 436 722 429 736 417 756 416 771 427 755 435 738 435 253 80 85.308472 25.406046 -2.066907 -0.115870 0.352176 -0.025945 13.817897 31.512337 445.758606 -17.340300 33.023861 457.135864 44.976093 30.000814 434.381378
597 448 614 439 634 439 649 450 632 455 614 455 739 450 754 440 773 439 788 449 773 456 755 455 24 687 135.489426 161.608002 1.507133 -0.128282 -0.143177 0.017166 22.215567 41.248421 449.803741 -10.645080 40.377979 445.115479 55.076214 42.118862 454.492004
579 437 595 427 614 427 629 437 613 443 595 443 718 436 733 425 752 425 767 434 752 441 734 441 579 271 12.023772 67.524498 0.365651 -0.122347 0.294634 -0.032452 12.010736 35.128185 448.112366 -19.747812 36.780731 457.663452 43.769283 33.475636 438.561279
573 426 588 415 608 414 623 426 607 432 589 433 709 424 724 412 744 412 759 422 744 430 726 430 595 29 8.867268 13.363049 -1.306670 -0.113902 0.326856 -0.036201 8.586390 29.877808 448.205505 -22.841003 31.667625 458.773132 40.013783 28.087992 437.637848
591 443 606 434 626 434 641 443 625 449 607 449 732 443 747 433 765 432 780 441 765 448 748 448 6 719 139.461288 168.799332 1.676074 -0.140662 -0.111656 0.004119 18.879461 38.635582 455.235474 -14.118645 38.239491 451.557465 51.877567 39.031673 458.913483
538 439 550 429 566 428 580 436 567 443 551 445 666 430 679 420 698 419 714 427 699 434 682 435 1266 491 -142.093948 115.459457 4.191091 -0.150278 0.354364 -0.077375 -10.891417 34.715183 460.495911 -41.939922 38.091736 471.771942 20.157087 31.338627 449.219879
567 437 582 427 600 426 616 435 600 441 583 442 705 432 720 422 738 422 754 431 738 438 721 438 236 605 88.193069 142.872162 1.619257 -0.158343 0.140169 -0.034929 6.635983 35.275162 465.014740 -26.223707 36.793194 469.541992 39.495674 33.757130 460.487488
556 440 569 431 587 430 602 438 587 444 571 446 690 434 705 425 723 424 739 432 723 439 706 439 652 649 -4.973771 151.941818 3.299773 -0.170747 0.201103 -0.050171 -0.022406 36.492580 465.055725 -32.518265 38.705212 471.511963 32.473454 34.279953 458.599487
578 438 593 428 612 428 628 437 612 443 594 444 717 435 732 425 750 425 765 434 750 440 733 440 170 464 103.209084 111.455162 0.397393 -0.194652 -0.032477 -0.019276 12.461906 36.215702 463.662537 -20.719303 36.746975 462.529114 45.643116 35.684429 464.795990
567 431 582 421 601 420 616 430 601 436 583 437 705 427 719 415 738 415 754 424 739 432 721 432 684 145 -11.251750 39.145226 -0.187424 -0.115005 0.312351 -0.051989 6.029501 31.482588 447.175140 -25.526342 33.767166 457.253296 37.585346 29.198009 437.097015
552 442 565 432 583 431 598 440 583 446 567 447 685 436 700 425 719 424 735 433 719 440 702 440 1190 480 -125.067894 113.140053 3.862965 -0.132050 0.321094 -0.061366 -2.265937 36.110298 453.397217 -33.714806 38.802689 463.706390 29.182930 33.417908 443.088013
546 443 559 433 576 432 591 440 577 447 561 448 678 436 692 425 711 425 727 433 711 440 694 440 1255 584 -139.795334 136.282578 4.817820 -0.124145 -0.333451 -0.027683 -4.049792 36.538776 454.240570 -35.415508 36.758564 443.345490 27.315924 36.318985 465.135681
577 439 592 430 611 429 626 439 610 445 593 445 716 437 731 427 750 427 765 436 749 443 732 443 435 420 43.986176 101.120941 0.954516 -0.122455 0.270608 -0.033588 10.988681 36.226398 451.013367 -20.990793 37.871223 459.797852 42.968155 34.581570 442.228851
578 434 593 424 612 424 627 434 611 440 594 440 717 432 732 422 750 421 765 431 750 438 733 438 107 317 117.564285 78.690468 -0.857380 -0.132134 0.308139 -0.029977 11.197865 33.600880 447.511383 -20.430605 35.247181 457.485809 42.826336 31.954578 437.536957
578 439 594 429 613 429 629 439 612 445 595 446 718 438 734 427 753 427 768 436 753 443 735 443 252 357 85.047073 87.368607 -0.095830 -0.142285 0.234010 -0.023212 12.199461 36.329929 450.714050 -20.093012 37.640335 458.332367 44.491932 35.019524 443.095734
578 431 594 420 613 420 629 431 612 438 594 438 717 430 732 418 752 418 767 428 751 436 734 436 96 86 120.430397 27.039692 -2.540014 -0.125024 0.321726 -0.028167 11.446597 32.091736 442.696136 -20.043806 33.669594 453.108856 42.937000 30.513874 432.283447
577 443 592 433 611 433 627 442 610 448 593 449 717 441 732 430 751 430 766 439 750 446 733 446 423 528 46.482292 125.301186 1.684874 -0.137573 -0.110568 -0.009153 12.264611 38.223484 457.764526 -20.736372 38.273956 454.091339 45.265594 38.173012 461.437683
569 440 584 430 603 429 619 439 603 445 585 445 709 436 724 426 743 425 758 434 743 441 725 441 604 491 6.044098 116.688744 2.015883 -0.136675 0.209349 -0.039166 7.903611 35.983940 452.298523 -24.552111 37.743118 459.087555 40.359333 34.224762 445.509460
572 436 587 425 606 425 622 435 606 441 588 442 711 433 725 422 744 422 760 431 744 438 727 438 523 102 24.851097 29.825743 -1.022929 -0.120420 0.296117 -0.040135 8.566559 34.116928 447.805939 -23.168503 36.013569 457.389679 40.301620 32.220291 438.222198
570 439 585 429 604 428 620 438 604 444 586 445 710 435 725 425 744 424 759 433 744 440 726 440 503 611 28.435038 143.718475 2.539335 -0.156960 0.112944 -0.035153 8.680160 36.081562 458.644379 -24.293097 37.534676 462.279266 41.653416 34.628445 455.009491
629 473 643 464 660 462 674 471 660 477 644 478 758 466 772 456 790 455 805 463 790 470 774 470 709 387 -17.269958 93.230537 1.619616 -0.167523 0.368789 -0.073962 33.569778 52.759380 474.096771 2.680801 56.157757 485.796417 64.458755 49.361008 462.397125
648 463 662 452 681 452 696 463 680 469 663 470 782 461 796 449 815 449 830 459 815 466 798 467 341 94 65.591881 28.374224 -1.677969 -0.110012 0.438778 -0.056078 42.210960 47.195305 452.858002 12.198894 49.781181 466.827576 72.223030 44.609432 438.888458
613 481 625 472 642 471 656 479 642 485 627 486 741 473 755 463 773 462 789 470 774 477 757 478 1279 597 -145.188660 139.145920 4.989339 -0.148728 0.442247 -0.093315 24.330147 54.681610 459.601288 -5.546478 58.736065 473.511993 54.206772 50.627151 445.690552
680 474 695 465 714 465 729 475 713 480 695 480 815 476 829 466 847 466 861 475 846 482 830 481 330 504 67.335266 120.105446 1.208230 -0.128513 0.423870 -0.027170 58.192200 54.632675 460.830261 27.933702 56.395168 474.390350 88.450699 52.870178 447.270142
635 467 649 456 667 455 682 465 667 471 650 473 768 462 783 451 802 450 818 459 802 467 785 467 863 117 -51.258163 32.549660 0.201162 -0.151482 0.401899 -0.060216 36.282650 48.321751 455.493652 5.776999 51.254128 468.275116 66.788300 45.389378 442.712189
661 462 676 452 695 451 710 461 694 467 677 468 796 461 810 451 828 451 843 460 828 467 811 466 550 82 18.844244 25.301908 -1.076766 -0.129643 0.376577 -0.036521 49.657890 48.215660 462.888092 18.798107 50.196045 474.984009 80.517677 46.235279 450.792145
630 475 644 466 661 465 676 474 661 480 645 481 762 471 777 461 795 460 811 468 796 475 778 475 991 431 -80.451149 102.549019 2.859833 -0.145879 0.406603 -0.066850 33.711838 52.583706 457.032806 3.281425 55.702625 469.948761 64.142250 49.464790 444.116852
661 469 676 459 694 459 709 468 693 474 676 475 796 468 810 459 828 459 842 468 828 474 811 474 627 325 1.188063 79.514343 0.908264 -0.127839 0.355410 -0.031356 50.017330 52.039246 466.618408 18.900816 53.801022 478.073456 81.133842 50.277470 455.163330
667 477 682 468 701 468 716 478 700 483 683 483 804 479 819 469 837 469 851 478 836 485 820 484 96 677 119.395241 159.237442 1.672435 -0.159677 -0.171658 0.026217 53.724384 55.336342 456.975739 21.017879 54.020912 451.397736 86.430885 56.651772 462.553711
652 465 666 455 685 455 700 464 684 471 667 471 787 463 801 453 820 453 835 462 820 468 803 468 714 7 -17.723244 8.221007 -1.072467 -0.124000 0.434070 -0.051148 44.140690 48.250622 451.804565 14.053307 50.769520 465.623535 74.228073 45.731728 437.985596
628 476 641 467 658 466 673 474 658 480 642 481 758 470 772 460 791 460 807 468 791 474 774 475 1155 773 -117.749023 178.744705 5.836367 -0.153017 0.373297 -0.070748 32.808788 53.644386 466.351044 1.967307 56.863567 478.225372 63.650269 50.425201 454.476715
629 476 642 466 660 465 674 474 660 480 643 481 761 470 776 461 794 460 810 468 794 475 777 475 1246 765 -138.098404 176.786255 6.078354 -0.167283 0.308237 -0.057793 34.180431 53.960133 469.227356 2.591349 56.686066 479.089325 65.769516 51.234203 459.365387
650 464 664 455 683 455 697 464 682 470 665 471 785 463 800 453 818 453 833 462 818 469 801 469 626 208 1.616765 53.345074 0.071042 -0.123079 0.352805 -0.039212 44.214302 49.034573 460.308136 13.077052 51.018650 471.670105 75.351555 47.050491 448.946136
635 460 650 449 669 448 684 458 668 465 651 466 770 456 784 445 804 444 820 454 804 461 786 461 1115 5 -107.452911 7.029010 0.230889 -0.136518 0.441702 -0.053842 36.175602 44.623013 447.313599 6.199146 47.330170 461.336548 66.152061 41.915852 433.290649
637 474 653 467 670 466 686 472 670 476 653 477 768 470 784 463 802 462 818 469 802 473 785 473 816 724 -41.803989 168.413651 4.373220 -0.468524 0.088563 -0.018897 40.816097 55.779114 491.682037 7.744866 57.058964 494.368164 73.887329 54.499264 488.995911
662 472 677 463 695 463 710 472 694 478 678 478 797 473 811 464 829 464 843 472 828 478 812 478 248 561 85.584854 133.007751 1.345070 -0.175357 -0.198430 0.021288 51.015968 53.186043 460.709259 18.468508 51.913162 454.259277 83.563431 54.458927 467.159241
643 468 657 459 676 458 690 467 675 473 658 474 777 467 792 457 811 457 826 466 811 472 793 472 770 378 -30.904377 91.104103 1.755902 -0.143795 0.395530 -0.038304 40.277096 50.175758 455.429718 9.655197 52.340412 468.085663 70.898994 48.011108 442.773743
641 477 655 467 673 467 687 475 672 481 656 482 773 473 788 464 806 464 821 472 806 478 789 478 1074 715 -99.521782 165.921402 5.156811 -0.141774 0.380696 -0.052655 39.503056 54.460869 463.483856 8.716349 57.044395 475.651978 70.289764 51.877342 451.315704
647 460 662 452 679 452 694 458 678 462 662 463 775 457 790 450 807 450 823 457 807 460 791 460 794 111 -35.807281 31.335678 -0.068325 -0.923148 0.078034 0.010117 45.120655 49.802944 498.051422 12.011494 50.625908 500.431702 78.229820 48.979977 495.671143
643 469 660 464 676 465 691 470 675 471 659 471 771 470 787 465 805 465 821 470 805 472 788 471 769 597 -31.064190 140.092941 3.313574 -0.972980 0.087082 0.039944 41.611671 53.363125 475.307587 8.547492 53.536404 478.355469 74.675858 53.189846 472.259735
616 466 632 457 650 456 666 463 650 469 632 470 752 462 766 454 784 455 800 463 785 467 768 467 125 97 113.921700 29.446375 -2.366321 -0.788183 0.023473 -0.008759 31.913439 52.499935 499.002991 -1.281481 53.053127 499.595306 65.108360 51.946747 498.410706
637 477 654 471 673 471 689 478 672 481 655 481 773 477 788 470 806 469 822 475 806 479 789 479 104 579 117.776711 137.301468 1.000211 -0.675883 0.077399 0.009072 40.896328 56.672009 475.329163 7.788507 57.229000 477.803375 74.004143 56.115021 472.854950
617 483 633 474 652 474 667 483 651 489 634 489 757 482 772 471 791 471 805 479 790 486 773 486 552 768 17.195145 178.746017 3.819383 -0.215406 -0.192464 -0.004676 30.427605 55.432098 443.330505 -2.166125 54.901676 437.011719 63.021332 55.962517 449.649292
613 467 629 460 646 459 662 464 645 468 629 469 746 462 761 455 778 455 795 461 779 465 763 465 687 314 -12.219080 76.942398 1.027009 -0.866381 0.037041 -0.021248 29.266634 52.228016 494.341461 -3.909756 53.348545 495.135925 62.443024 51.107483 493.546997
586 468 602 459 621 458 637 465 620 470 603 472 721 461 738 452 757 451 774 458 757 464 739 464 1247 363 -137.618057 86.863075 3.216320 -0.225909 0.105183 -0.051230 15.985382 49.516926 468.832672 -16.993401 51.592102 472.096558 48.964165 47.441746 465.568756
592 477 606 467 625 466 641 475 625 481 608 482 730 471 745 461 764 460 779 468 764 475 746 476 1114 566 -108.211746 132.518082 4.226222 -0.139586 0.378760 -0.076832 16.846910 50.794987 437.461060 -13.912821 54.140453 449.511230 47.606644 47.449516 425.410919
591 464 608 456 627 455 643 463 626 466 608 467 725 459 742 451 761 450 778 457 761 461 743 461 1198 148 -126.276573 38.861820 1.522867 -0.887218 0.063705 -0.018125 18.552258 48.446835 471.551056 -14.584402 49.850456 473.148315 51.688919 47.043217 469.953796
656 464 673 458 693 458 710 466 691 468 674 468 792 467 807 460 825 460 841 467 825 470 809 470 74 434 124.743881 104.922874 -0.131875 -0.737904 0.068293 0.040428 50.182739 51.367027 474.686981 17.077780 50.943466 477.225098 83.287697 51.790592 472.148895
645 472 661 462 681 463 696 473 679 478 661 478 787 475 802 465 820 465 834 474 819 480 802 480 131 562 111.764595 133.448700 0.967757 -0.185524 -0.213055 0.033663 42.753559 50.792252 436.064758 10.315987 49.037682 429.188354 75.191139 52.546822 442.941162
623 461 640 453 660 453 677 462 659 466 640 467 763 462 780 453 800 453 816 462 799 467 781 466 649 170 -3.463467 44.802341 -0.124236 -0.264911 0.044487 0.007620 34.401653 47.559917 456.446503 1.230460 47.504410 457.939270 67.572853 47.615425 454.953735
640 457 656 446 676 446 692 457 675 463 657 463 782 458 797 447 816 447 830 457 815 464 798 464 324 160 69.280434 43.168995 -1.263402 -0.179141 -0.296263 0.022724 39.895741 42.388481 424.456543 8.142080 40.776649 414.882263 71.649406 44.000313 434.030792
644 467 660 458 680 458 696 469 678 474 660 474 786 471 801 460 820 460 834 470 819 476 802 476 343 365 64.669670 88.989105 0.260200 -0.245009 -0.078195 0.027347 42.540157 49.487831 441.201721 9.448644 48.273571 438.744751 75.631676 50.702091 443.658722
640 462 657 452 677 452 693 463 675 469 657 469 784 464 799 453 818 453 832 463 817 470 800 470 367 221 59.551327 56.733921 -0.687324 -0.151785 0.343486 -0.020497 39.747612 46.084221 432.200439 8.485509 47.604332 443.287811 71.009712 44.564114 421.113068
627 465 644 457 663 457 680 465 663 469 645 470 768 465 784 457 803 457 819 464 802 469 785 469 894 466 -58.806423 110.558113 2.790577 -0.374275 0.046167 0.003980 36.427738 49.323677 459.691498 3.258152 49.478119 461.212830 69.597321 49.169239 458.170166
628 461 644 451 663 450 679 461 663 467 644 467 770 461 785 450 804 449 819 459 803 466 786 466 654 238 -4.701438 60.003628 0.376875 -0.200682 -0.180912 0.008634 35.414734 45.192009 437.924255 2.751229 44.309692 432.018585 68.078239 46.074322 443.829895
659 472 676 464 695 462 711 468 694 475 676 477 799 469 813 463 830 465 846 473 831 477 814 475 236 784 87.879539 182.911758 2.895109 -0.847377 0.003414 0.008774 54.817951 56.062374 496.877686 21.614523 55.849903 497.094177 88.021378 56.274845 496.661194
633 466 649 457 668 457 684 467 667 473 649 473 776 468 791 458 810 457 824 467 809 473 792 473 542 488 19.923309 116.132820 1.790779 -0.208154 -0.133256 0.015352 37.929832 48.413132 440.667908 5.022219 47.450409 436.341034 70.837440 49.375854 444.994781
629 457 646 446 666 446 682 458 665 464 646 464 772 457 788 445 808 445 823 456 807 463 789 463 716 33 -18.216330 14.033100 -0.880576 -0.145247 0.334739 -0.032725 35.018112 43.264252 431.548370 3.670474 45.124962 442.338318 66.365753 41.403538 420.758423
647 461 663 451 682 451 698 462 681 468 663 468 787 463 802 452 820 452 835 462 820 469 803 469 27 266 135.555496 67.431099 -1.483756 -0.157947 0.357536 -0.020575 42.350269 46.342140 439.661346 11.247759 47.933666 451.179199 73.452782 44.750618 428.143524
617 462 632 452 651 451 667 461 651 467 633 468 759 459 774 449 793 448 808 457 793 464 775 464 968 267 -75.017105 65.907410 1.615322 -0.193815 -0.167677 -0.007729 30.396238 45.130733 438.272522 -2.343354 44.847988 432.740906 63.135830 45.413483 443.804138
639 490 654 480 672 479 688 485 672 491 655 493 773 481 787 474 805 474 821 482 806 486 789 486 153 505 106.941422 120.657806 0.633768 -0.919171 0.089667 -0.010038 42.132767 62.162506 489.746948 9.053775 63.724224 492.176147 75.211761 60.600788 487.317780
604 499 618 488 635 486 651 492 636 500 620 502 736 484 751 474 769 473 785 480 770 487 753 488 1105 359 -105.835213 86.232018 2.721223 -0.865549 0.074436 -0.086271 24.652534 65.760658 500.822357 -8.350071 69.278427 501.828796 57.655140 62.242893 499.815918
607 503 621 493 637 491 652 496 638 502 622 505 737 488 752 480 769 479 785 485 770 490 753 491 1223 720 -132.872787 166.763138 5.682036 -0.862516 0.076657 -0.082575 25.580338 68.501587 506.298767 -7.426669 71.940773 507.425323 58.587345 65.062401 505.172211
633 493 648 483 666 481 682 487 666 493 649 496 767 483 782 475 800 476 816 484 801 488 784 488 678 461 -10.462594 109.840782 2.045203 -0.892055 0.078326 -0.025578 39.672211 63.639938 493.908875 6.572775 65.464607 495.821350 72.771645 61.815273 491.996429
629 496 643 487 660 485 676 491 661 497 644 499 762 486 776 478 793 478 808 485 794 490 777 490 753 616 -27.517092 144.372665 3.396427 -0.843906 0.064894 -0.045750 37.666965 66.927704 506.950653 4.560701 69.127396 508.252991 70.773232 64.728012 505.648285
608 498 622 488 640 485 655 490 640 497 623 500 739 482 753 474 771 473 788 480 773 486 755 486 1078 525 -100.084084 123.413849 3.815699 -0.859715 0.072699 -0.084716 26.622612 65.846786 506.873718 -6.387940 69.294685 507.861145 59.633167 62.398891 505.886292
638 478 655 470 674 471 690 478 673 481 655 482 771 476 786 468 805 466 822 473 806 477 788 478 417 180 48.434467 47.469997 -0.815268 0.374571 0.070972 -0.050271 39.654606 54.369492 460.728485 6.573838 55.561947 463.336243 72.735374 53.177036 458.120728
658 487 675 480 693 480 709 488 693 491 675 492 793 486 809 478 826 477 842 484 827 489 810 489 28 453 135.004181 109.258308 -0.147597 -0.512593 0.099825 0.000182 50.756741 61.304192 474.573364 17.713648 62.128819 477.740936 83.799835 60.479568 471.405792
646 492 662 483 681 481 697 487 680 494 663 496 782 484 796 476 814 477 830 485 815 490 798 489 471 475 35.833996 113.356758 1.464827 -0.805721 0.053706 -0.025269 48.128441 65.708397 507.258331 14.979004 67.139282 508.533844 81.277878 64.277519 505.982819
618 487 633 477 653 477 669 486 652 491 634 492 752 481 768 470 788 468 805 476 788 483 770 484 1242 269 -136.334549 65.845985 2.529890 -0.254570 0.090314 -0.058977 31.003321 58.531723 467.034210 -2.009552 60.844482 469.747314 64.016197 56.218967 464.321106
624 486 639 476 659 475 675 485 658 490 640 491 760 481 776 470 796 468 812 476 796 483 778 484 978 232 -77.193542 58.059872 1.398712 -0.255288 0.058516 -0.048691 33.851154 57.580696 460.655975 0.741983 59.424976 462.370941 66.960327 55.736420 458.941010
621 491 637 485 654 485 670 490 653 493 637 494 750 487 766 480 784 478 801 483 784 487 767 487 1267 715 -142.710068 165.563004 5.790973 -0.852134 0.072877 -0.025288 31.168016 61.819344 473.545776 -1.943885 63.529907 475.344543 64.279915 60.108780 471.747009
652 488 668 480 686 480 702 488 686 492 668 493 788 487 803 478 821 477 836 485 821 490 804 490 215 437 93.186569 105.332108 0.352808 -0.408493 0.070693 -0.008294 47.454769 61.169357 471.401947 14.332870 61.909542 473.627136 80.576668 60.429169 469.176727
643 491 659 483 678 483 694 490 677 494 660 495 778 488 793 480 811 479 827 485 811 490 794 491 470 666 35.723228 156.082428 2.822925 -0.460866 0.071096 -0.018747 43.572720 62.574078 476.785400 10.456044 63.708408 478.920532 76.689392 61.439751 474.650299
638 492 653 483 671 481 687 487 671 493 654 495 771 483 786 476 804 476 820 484 805 488 788 487 682 562 -11.534593 132.425522 2.778240 -0.935813 0.077819 -0.022531 41.896561 63.532639 493.025421 8.792937 65.298256 494.920776 75.000183 61.767029 491.130096
634 493 650 486 668 485 684 492 668 496 651 497 768 489 783 481 801 480 817 486 801 491 784 491 700 705 -15.812984 164.379044 3.856641 -0.517612 0.071943 -0.026208 38.914490 63.240494 476.766235 5.804809 64.675819 478.827454 72.024170 61.805164 474.705048
655 489 671 482 689 482 705 489 688 492 671 493 788 488 803 481 820 480 837 486 821 491 804 491 181 475 100.728310 113.895264 0.511941 -0.783982 0.104452 0.017070 48.424789 62.024963 474.029724 15.396452 62.805573 477.358276 81.453125 61.244354 470.701202
627 485 642 475 661 474 677 485 661 491 643 491 764 481 779 469 798 467 814 476 799 484 781 485 897 223 -59.052124 56.197121 1.068412 -0.172973 0.300406 -0.074174 33.634480 55.865082 446.560852 2.002698 59.130470 456.117401 65.266258 52.599693 437.004333
657 480 672 470 691 470 706 481 690 486 673 486 793 480 807 468 825 468 839 477 825 484 808 484 176 253 102.236015 64.246513 -1.086829 -0.196881 -0.186591 0.005592 47.978973 55.216816 451.245148 15.349173 54.427219 445.143341 80.608772 56.006416 457.346985
612 498 626 489 642 486 657 490 642 497 627 500 740 484 755 477 772 477 788 483 773 487 756 487 1190 745 -125.532051 172.416534 5.751796 -0.875384 0.087886 -0.065981 27.737951 66.693253 508.791443 -5.279021 69.807335 510.447205 60.754925 63.579174 507.135651
611 519 625 510 642 508 657 514 642 521 626 523 737 511 750 503 767 503 782 510 767 515 752 515 348 515 63.288074 122.532555 1.345779 -0.867757 0.024097 -0.045281 27.979906 84.568123 540.269104 -5.183908 86.215202 540.359924 61.143719 82.921051 540.178284
598 520 612 510 630 508 645 515 630 521 614 523 726 510 740 502 757 502 773 510 758 515 741 515 1014 257 -85.293175 63.585144 1.695193 -0.843862 0.029751 -0.051763 21.589489 83.333298 532.561462 -11.559590 85.246834 532.752686 54.738567 81.419769 532.370239
624 514 639 503 657 502 673 510 657 517 640 518 753 509 767 500 784 500 799 510 785 515 768 514 425 133 46.726601 36.941952 -1.123981 -0.854104 0.014625 -0.017505 36.020836 81.531120 531.051147 2.824147 82.239265 531.246277 69.217522 80.822975 530.856018
609 517 623 507 640 505 655 512 640 518 624 520 736 508 750 500 767 499 782 508 768 513 752 512 1021 185 -86.733475 47.466835 1.205002 -0.859326 0.034911 -0.047672 27.204762 82.189232 533.824890 -5.945582 84.051598 534.206909 60.355106 80.326866 533.442932
607 525 621 516 638 514 653 520 638 526 622 528 734 516 748 508 765 508 780 515 765 520 749 520 1142 580 -114.501923 135.597672 4.418012 -0.867774 0.029673 -0.050689 26.078581 86.566780 534.463684 -7.072477 88.446800 534.643982 59.229637 84.686760 534.283386
628 514 643 503 661 502 677 510 661 517 644 518 756 508 770 499 788 499 803 509 788 514 771 514 549 5 19.202885 8.080030 -1.628881 -0.857251 0.025794 -0.020060 38.363773 81.918076 535.099854 5.175626 82.850555 535.586670 71.551918 80.985596 534.613037
614 521 628 512 645 510 660 516 645 522 629 524 740 513 755 505 771 506 786 513 772 518 756 518 885 436 -56.739918 103.864281 2.547175 -0.848211 0.039196 -0.036210 29.781229 85.243828 536.661316 -3.379087 86.826111 537.331787 62.941544 83.661545 535.990906
647 515 662 506 679 505 694 511 679 517 662 519 775 511 788 504 804 505 818 513 804 517 789 516 318 414 70.178185 99.996094 0.527310 -0.868042 0.013103 -0.003415 48.505302 84.047516 540.699890 15.303349 84.324448 541.036133 81.707260 83.770576 540.363647
631 515 646 505 664 503 680 510 664 517 647 519 760 509 774 500 792 501 806 510 792 515 776 514 635 245 -0.462003 61.604702 0.364338 -0.854639 0.021994 -0.021179 40.061871 81.825310 532.133179 6.871616 82.739433 532.495056 73.252129 80.911194 531.771301
628 521 642 512 659 510 674 516 659 522 643 524 755 514 769 506 785 507 800 515 786 519 770 519 713 541 -18.434788 127.670578 2.730419 -0.856635 0.024172 -0.030663 37.722347 85.931496 539.402466 4.541331 87.152588 539.700256 70.903366 84.710396 539.104675
621 518 636 507 654 506 669 513 654 519 637 521 750 509 764 501 781 501 797 509 782 515 766 514 843 216 -46.956093 54.731602 0.841085 -0.853677 0.035844 -0.038065 34.553654 82.620995 532.857971 1.391528 84.214195 533.400879 67.715782 81.027794 532.315063
610 524 624 515 641 512 656 519 641 525 625 527 736 514 751 506 768 506 783 513 769 518 752 518 1232 380 -134.291229 90.693573 3.288203 -0.869556 0.045283 -0.054425 27.460846 85.347206 531.828796 -5.665892 87.546997 532.411682 60.587585 83.147415 531.245911
647 514 662 505 680 504 695 511 679 517 662 518 776 511 789 503 806 504 820 513 806 518 790 516 433 242 44.745495 61.308746 -0.320780 -0.848008 0.011178 -0.000209 48.582363 83.174431 535.463135 15.379504 83.328743 535.788635 81.785225 83.020111 535.137634
616 512 630 502 647 501 662 508 647 513 631 515 741 504 754 496 771 496 786 504 772 509 756 509 1192 142 -124.923424 37.530853 1.460386 -0.861475 0.041700 -0.037239 30.750034 81.237007 542.991943 -2.406029 82.885849 543.710571 63.906097 79.588173 542.273376
627 519 640 511 656 510 671 515 656 521 641 522 749 512 763 506 778 506 792 512 779 517 764 516 606 793 5.067589 184.237854 4.175009 -0.887498 0.031372 -0.034613 36.072056 87.122414 552.140991 2.901151 88.558929 552.573608 69.242958 85.685898 551.708435
619 518 633 510 648 508 662 513 649 519 633 521 742 509 755 503 770 503 785 509 771 514 756 514 1156 551 -117.583961 129.084808 4.257311 -0.861939 0.033251 -0.047289 31.855650 86.197083 554.618530 -1.297044 88.026146 554.954651 65.008347 84.368027 554.282410
653 519 667 511 684 510 698 516 683 521 667 523 778 515 791 509 806 510 819 518 806 522 791 521 198 633 96.647415 149.205902 1.693971 -0.875758 -0.001354 -0.003819 51.251606 88.056000 549.715881 18.047047 88.148750 549.624329 84.456161 87.963257 549.807373
649 516 664 508 681 506 696 513 681 518 665 520 776 512 789 506 805 507 819 515 805 519 790 518 69 344 126.020386 84.800522 -0.789794 -0.880153 0.011076 -0.002056 49.334366 84.778656 539.885681 16.131529 84.990128 540.179626 82.537209 84.567184 539.591736
647 514 662 504 680 503 695 510 680 516 663 518 775 509 788 501 805 502 819 511 805 515 789 515 135 69 111.733009 23.164629 -2.533038 -0.832432 -0.001164 -0.014192 48.938408 83.275223 541.285889 15.736770 83.678719 541.066467 82.140045 82.871735 541.505249
625 520 639 511 656 509 671 515 656 521 640 523 750 512 764 505 780 505 795 512 781 517 765 516 852 398 -49.288834 95.425529 2.167892 -0.857208 0.027809 -0.040168 35.696838 85.552536 542.269836 2.529275 87.100395 542.546509 68.864403 84.004669 541.993225
470 518 481 513 496 515 505 525 493 527 481 526 570 530 581 522 595 523 605 530 593 536 581 535 514 498 26.171452 118.421661 1.770053 -0.198267 -0.419969 0.117650 -67.676605 105.078445 619.615540 -97.783340 99.963470 606.577820 -37.569878 110.193413 632.653198
580 330 593 320 610 320 624 329 610 335 594 336 703 326 716 316 733 315 748 323 734 330 718 330 859 461 -50.965595 109.504684 2.639935 0.036827 0.442398 -0.044979 7.802770 -15.830585 484.756714 -22.173210 -14.652182 498.990875 37.778751 -17.008989 470.522522
569 330 582 319 599 318 613 328 599 334 583 335 692 324 705 312 723 311 738 319 724 327 708 328 1272 531 -143.506653 124.395714 4.495912 0.041632 0.454343 -0.062807 2.584180 -16.288717 474.382935 -27.189251 -14.584695 488.984283 32.357609 -17.992741 459.781616
576 323 588 313 605 313 619 322 605 328 590 329 700 318 713 308 731 307 746 314 732 322 715 323 998 584 -82.285545 136.759811 3.973366 0.048007 0.436166 -0.051107 5.978109 -19.157940 475.807434 -24.076622 -17.857632 489.863831 36.032841 -20.458250 461.751068
618 319 633 310 650 310 664 320 649 325 633 325 744 319 757 309 774 309 788 317 774 324 758 324 175 653 101.759178 153.722321 1.760950 0.051721 0.503414 -0.018647 26.967600 -19.392031 476.147034 -2.113243 -19.222101 492.173126 56.048443 -19.561962 460.120941
606 304 620 294 638 294 652 304 637 310 621 310 732 303 745 292 762 292 776 301 762 308 746 308 512 205 27.132196 52.885708 -0.324924 0.066176 0.484251 -0.020835 21.022188 -27.044842 473.900604 -8.359342 -26.901789 489.368805 50.403717 -27.187893 458.432404
623 313 638 305 656 305 670 315 654 319 638 320 750 314 763 305 780 305 793 313 780 319 764 319 88 750 121.057571 175.581299 2.166468 0.059141 0.471506 -0.009316 29.873775 -21.903303 479.077240 0.292432 -22.059786 494.159637 59.455120 -21.746820 463.994812
616 300 630 290 649 290 663 301 647 307 631 307 742 300 755 289 773 288 786 298 773 305 757 305 349 253 63.523201 63.925262 -0.518384 0.076932 0.519890 -0.019254 25.471786 -28.070684 466.856445 -3.342099 -28.109303 483.358521 54.285671 -28.032066 450.354401
612 301 626 291 645 291 659 302 644 307 627 308 739 300 752 289 770 288 783 297 770 305 753 305 237 358 88.401924 87.620148 -0.137990 0.070163 0.518303 -0.023887 23.704834 -27.812309 464.659668 -5.131637 -27.644997 481.121429 52.541306 -27.979620 448.197906
584 309 598 299 615 298 630 307 615 313 599 314 712 302 726 292 743 291 758 298 744 305 727 306 778 703 -33.263813 163.786835 4.098679 0.077625 0.453421 -0.062831 10.963953 -25.975384 466.545135 -18.824066 -24.537170 481.145325 40.751972 -27.413595 451.944946
586 294 600 283 618 282 632 293 617 299 601 300 712 289 726 277 744 276 758 285 744 293 728 294 806 103 -38.478550 29.523916 -0.085917 0.082028 0.488441 -0.048512 11.379355 -32.291130 461.942810 -17.907351 -31.397558 477.564880 40.666061 -33.184704 446.320709
570 298 583 288 600 287 615 296 600 302 584 304 696 291 709 280 727 279 742 287 728 294 711 295 1119 431 -109.094154 102.311333 3.280416 0.076062 0.435628 -0.061934 3.646026 -31.385841 468.343231 -26.397486 -29.938026 482.409180 33.689537 -32.833656 454.277313
596 301 610 292 628 292 643 300 628 306 611 306 725 298 739 289 757 288 771 296 756 302 740 303 459 787 37.972801 183.168716 3.649228 0.079932 0.430368 -0.029614 17.330151 -28.920401 473.173615 -12.834301 -28.530342 487.048523 47.494602 -29.310459 459.298706
603 281 618 271 636 271 650 282 635 287 618 288 731 280 745 269 762 269 776 278 762 286 746 286 381 107 56.618176 31.207851 -1.453876 0.030074 -0.410938 -0.031831 21.922558 -36.988983 461.941132 -8.501695 -35.759598 448.696777 52.346809 -38.218369 475.185486
583 282 597 272 616 271 630 281 615 288 599 289 711 277 724 265 742 264 757 273 743 281 726 282 905 27 -60.499012 12.340032 -0.302323 0.098149 0.465142 -0.050085 10.544492 -37.709770 461.226318 -19.095295 -36.852936 476.169830 40.184280 -38.566601 446.282806
595 282 609 272 627 272 642 282 626 288 610 289 722 279 736 268 754 268 768 277 754 284 737 285 458 113 39.377106 32.406975 -1.158103 0.091270 0.491794 -0.029095 15.737329 -36.982113 461.153442 -13.521542 -36.785679 476.851837 44.996197 -37.178543 445.455048
584 292 597 284 615 283 629 291 615 297 599 298 712 287 725 277 742 276 756 283 743 290 727 291 979 713 -78.259796 165.650436 4.830404 0.097913 0.411321 -0.055733 10.902368 -33.841702 471.902771 -19.485085 -32.705242 485.239594 41.289818 -34.978161 458.565948
594 274 609 264 628 264 642 274 627 280 610 281 723 272 737 261 755 261 769 270 755 277 738 277 552 127 18.317877 35.364014 -0.749449 0.101130 0.479730 -0.024605 15.977078 -40.352188 460.025146 -13.473104 -40.357014 475.362885 45.427261 -40.347359 444.687408
571 283 584 273 602 272 616 281 602 287 586 289 699 276 712 265 730 264 745 272 731 280 714 280 1155 467 -117.213058 110.297142 3.655302 0.025738 -0.392659 -0.073764 6.600062 -38.211037 464.322296 -23.989847 -35.661057 451.660736 37.189972 -40.761017 476.983826
574 284 588 275 606 274 620 283 606 289 589 290 703 278 717 268 735 267 750 274 735 282 719 283 941 664 -69.670578 154.760437 4.356287 0.033466 -0.362690 -0.067377 8.620428 -37.696892 468.272095 -22.350780 -35.311222 456.539551 39.591637 -40.082561 480.004639
601 466 614 456 631 456 645 466 631 471 615 472 726 463 739 452 756 451 771 459 757 466 741 467 1020 632 -87.292641 147.455826 4.387782 -0.105425 0.460913 -0.071003 18.462337 50.642773 477.499603 -11.200011 53.703106 492.105743 48.124687 47.582439 462.893463
604 461 617 451 634 451 648 461 634 467 618 468 728 458 742 447 759 446 774 455 760 462 743 463 869 408 -53.110497 97.630814 2.295027 -0.111146 0.455370 -0.065226 19.741907 48.425003 476.561493 -10.014651 51.335606 491.005707 49.498463 45.514400 462.117279
592 458 605 450 621 449 635 458 621 464 606 464 717 456 730 446 747 445 762 453 748 459 732 460 1094 658 -103.897415 153.134216 4.816251 -0.122257 0.407329 -0.058489 14.108363 47.517311 481.122559 -16.327944 50.214497 494.119324 44.544670 44.820126 468.125793
622 455 636 446 654 446 667 456 653 462 636 462 748 455 762 444 779 444 793 453 779 460 763 460 317 415 70.400208 100.221634 0.531152 -0.111747 0.459635 -0.045259 28.943630 46.338650 474.381744 -0.785815 48.622375 488.993530 58.673073 44.054924 459.769958
606 460 620 451 637 450 651 460 636 466 621 466 733 458 746 447 764 446 778 455 764 462 748 463 1085 522 -101.645248 122.729790 3.817316 -0.109475 0.447144 -0.060770 21.304028 47.668095 472.503937 -8.580339 50.412422 486.714935 51.188393 44.923763 458.292908
639 456 654 446 672 446 686 458 671 464 654 463 766 458 780 446 798 446 811 456 797 463 781 463 53 240 129.782928 61.567009 -1.583644 -0.115312 0.497215 -0.035517 37.165867 46.751850 468.726898 7.997281 48.811722 484.459351 66.334450 44.691978 452.994446
621 467 635 458 653 457 667 467 652 473 636 473 749 465 762 455 780 454 794 462 780 469 764 470 876 772 -55.314468 179.039108 4.912498 -0.114287 0.429312 -0.058265 29.077391 51.454971 475.575043 -1.062885 54.126606 489.249298 59.217667 48.783337 461.900757
621 455 635 445 654 444 668 456 653 461 636 462 750 454 763 442 781 441 796 451 781 458 765 459 679 279 -10.367588 69.128281 0.751254 -0.108292 0.420605 -0.052483 29.262344 45.321686 470.238190 -1.006905 47.753548 483.670197 59.531593 42.889824 456.806213
596 445 609 435 627 434 641 444 627 451 611 452 721 441 735 429 753 429 768 438 754 446 737 447 1206 32 -127.863586 12.899521 0.722345 -0.123278 0.465503 -0.062934 16.021732 39.392029 464.722687 -13.591137 42.334751 479.452850 45.634602 36.449310 449.992493
607 456 621 446 639 446 653 456 638 462 622 462 736 454 750 443 768 442 783 451 768 459 751 459 984 376 -78.788399 90.259354 2.444810 -0.116850 0.490089 -0.055113 21.582081 43.953068 453.917786 -7.670318 46.636318 469.398621 50.834480 41.269814 438.436920
625 461 639 452 657 452 671 462 656 467 640 467 754 460 768 451 785 450 799 459 785 465 769 465 553 745 17.011658 173.599396 3.658733 -0.123996 0.466866 -0.045761 30.353197 47.790707 462.496613 0.730762 50.193665 477.305298 59.975632 45.387753 447.687927
619 459 633 450 650 450 665 459 650 465 633 465 748 458 762 448 779 447 793 455 779 462 763 462 986 605 -79.637047 141.479477 4.083617 -0.114222 0.478488 -0.054256 27.161562 46.088997 458.218018 -2.271191 48.706909 473.364594 56.594318 43.471085 443.071442
629 461 643 452 660 452 674 461 659 466 643 467 756 460 770 451 787 450 800 458 787 465 771 465 318 775 69.545883 180.746323 3.100397 -0.115486 0.556984 -0.049307 31.144634 47.279003 458.993347 2.991276 49.867939 476.407288 59.297993 44.690063 441.579407
626 455 640 445 659 445 673 456 657 462 641 462 756 455 769 444 787 443 801 453 787 460 771 460 327 370 68.241287 90.137245 0.243265 -0.110594 0.526485 -0.047896 30.373493 44.214241 454.040802 1.697022 46.671852 470.599182 59.049965 41.756634 437.482452
614 462 628 454 645 453 659 463 645 468 629 469 743 461 757 451 774 450 788 458 774 465 758 465 1178 798 -122.939606 184.294113 6.090132 -0.105849 0.462153 -0.059030 25.301371 48.208004 464.618530 -4.367593 50.891190 479.285248 54.970337 45.524815 449.951813
627 449 642 439 661 439 675 450 659 456 642 456 757 450 771 439 789 438 803 448 789 456 772 456 457 224 39.406460 57.237854 -0.370218 -0.111037 0.463048 -0.032884 31.761261 42.391720 460.597656 2.066769 44.280186 475.336395 61.455753 40.503250 445.858917
628 455 643 446 660 446 674 456 659 461 643 462 757 455 771 445 788 445 801 454 787 461 772 461 303 570 73.261543 134.918777 1.589938 -0.108361 0.505143 -0.040914 31.614849 45.150944 461.421356 2.579669 47.338085 477.381775 60.650028 42.963806 445.460968
610 458 624 448 642 448 656 457 641 463 625 464 739 454 753 444 771 443 785 451 771 458 755 459 1018 508 -86.627899 119.722618 3.497380 -0.107987 0.445026 -0.068951 23.529295 45.271233 462.598389 -6.368261 48.263466 476.731384 53.426853 42.278996 448.465363
638 455 652 447 670 447 684 457 669 462 652 462 767 458 780 448 797 448 810 457 797 463 781 463 269 566 80.876854 134.087173 1.449710 -0.116704 0.518405 -0.025441 36.106842 45.991966 461.993225 7.270072 47.778416 478.358093 64.943611 44.205521 445.628326
624 450 639 440 658 440 672 451 656 457 639 458 756 450 769 438 788 438 802 447 787 455 771 456 968 100 -74.724602 28.552040 0.425002 -0.093330 0.500026 -0.053328 29.912678 41.604412 449.453461 0.815397 44.057018 465.261444 59.009960 39.151806 433.645477
637 248 649 239 666 239 678 248 665 254 650 254 753 246 765 235 782 234 796 243 782 250 767 250 52 239 130.008453 61.345181 -1.594057 0.069245 0.457148 -0.013459 35.655121 -58.565315 509.591553 5.861482 -58.650433 524.250732 65.448753 -58.480194 494.932373
644 256 656 247 672 247 685 256 672 261 657 261 760 254 773 244 789 243 802 251 789 258 774 258 319 535 69.742477 127.060104 1.393043 0.068177 0.401640 -0.017773 40.076775 -55.370399 518.227600 9.518435 -55.244835 531.217285 70.635117 -55.495960 505.237946
642 251 655 242 671 242 684 251 670 256 656 256 758 249 771 239 787 239 800 247 787 253 772 253 669 340 -8.236697 82.791626 1.153183 0.087633 0.448499 -0.014241 38.655239 -57.343475 512.438232 8.735557 -57.528164 526.837524 68.574921 -57.158787 498.039032
641 256 653 248 669 248 682 256 669 261 654 261 758 253 771 244 787 244 800 251 787 257 772 258 862 771 -52.179890 178.841415 4.859368 0.077793 0.359210 -0.025039 39.224052 -55.925014 523.080750 8.147655 -55.571007 534.772217 70.300453 -56.279022 511.389191
656 256 669 248 686 248 699 257 685 261 670 261 775 257 788 248 804 247 817 255 804 261 789 261 201 692 95.872757 162.397736 2.124361 0.074433 0.391681 0.007344 47.392876 -54.355560 517.700867 16.702421 -55.070656 530.355713 78.083336 -53.640465 505.046082
638 253 651 244 667 244 680 253 666 258 652 259 755 251 768 241 785 240 798 248 785 254 770 255 777 484 -32.656452 114.801704 2.534435 0.087851 0.464193 -0.017732 36.383217 -55.639610 506.188507 6.694802 -55.737038 521.059570 66.071632 -55.542187 491.317474
624 249 635 240 651 239 664 248 651 254 637 254 739 244 751 234 768 233 782 240 769 247 753 248 1145 187 -114.484894 47.683949 1.626698 0.085697 0.487079 -0.033516 27.985222 -58.332954 503.358459 -1.342463 -57.944023 518.924255 57.312908 -58.721886 487.792603
633 252 645 243 661 243 674 252 661 257 646 257 750 249 762 239 779 239 793 246 779 253 764 253 941 464 -69.320274 110.023468 2.930755 0.081607 0.445949 -0.019674 33.872028 -56.845287 510.056488 3.918989 -56.808121 524.387329 63.825069 -56.882458 495.725616
630 248 642 238 658 238 671 247 658 253 643 253 746 244 759 233 776 232 790 241 776 248 761 248 978 151 -77.051666 39.941399 0.821371 0.088631 0.468813 -0.026433 31.860743 -58.739422 504.153229 2.247375 -58.571568 519.172546 61.474113 -58.907280 489.133911
631 249 643 240 659 240 672 249 659 254 644 255 747 246 760 235 777 235 791 243 777 250 762 250 941 162 -68.791313 42.470638 0.778200 0.087130 0.466812 -0.025231 32.429867 -57.709301 504.203552 2.785646 -57.565388 519.162109 62.074085 -57.853214 489.244965
630 249 641 240 657 239 670 248 657 254 643 255 745 245 758 235 774 234 788 242 775 249 759 249 1275 245 -143.677032 60.416267 2.467258 0.092818 0.478233 -0.030188 31.286478 -57.949230 504.180054 1.818787 -57.708614 519.482239 60.754169 -58.189850 488.877869
667 239 680 230 697 231 709 241 695 246 680 245 785 243 798 234 814 234 827 243 813 249 798 248 253 286 84.947655 71.485130 -0.598609 0.081562 -0.250360 0.011555 53.535728 -61.359375 511.280975 21.367750 -61.401573 503.048187 85.703705 -61.317173 519.513794
636 249 648 240 664 240 677 248 663 253 649 254 752 246 765 237 782 236 795 244 782 250 767 250 1225 522 -132.973541 122.469826 4.277330 0.085295 0.432648 -0.012921 35.366627 -58.614151 512.216858 5.222170 -58.801697 526.139343 65.511078 -58.426601 498.294342
654 249 667 241 683 242 696 250 682 255 667 255 772 250 785 241 801 241 814 249 801 254 786 254 348 770 62.841434 179.572189 3.163333 0.084269 0.387526 0.003565 46.036503 -57.676723 516.770020 15.292678 -58.327133 529.298096 76.780327 -57.026318 504.241882
651 247 664 239 680 239 693 247 679 252 664 253 768 246 781 238 797 237 810 245 797 251 782 251 562 631 15.197371 148.082611 2.875751 0.089005 0.409287 -0.002437 44.192539 -59.414841 518.091064 13.728570 -59.932274 531.290955 74.656509 -58.897411 504.891083
665 242 679 234 695 234 708 244 694 248 679 248 784 245 797 236 813 236 825 245 812 250 797 250 225 431 90.959343 103.971428 0.342900 0.087721 0.432413 0.027292 51.601204 -60.368275 513.584290 21.462662 -61.864857 527.440308 81.739746 -58.871693 499.728333
663 245 676 236 693 237 706 246 692 251 677 251 782 247 795 238 812 239 825 248 811 253 796 252 395 563 52.686646 133.182144 1.842340 0.077160 0.336486 0.020933 51.729271 -59.707607 520.208252 20.392771 -60.815674 531.133240 83.065773 -58.599545 509.283234
660 239 673 230 690 230 703 240 689 245 673 245 778 240 791 230 807 231 820 239 807 245 792 245 500 231 29.771940 58.723801 -0.179034 0.104265 0.448548 0.013837 48.457077 -62.273540 510.260803 18.537050 -63.479752 524.609924 78.377098 -61.067329 495.911682
674 244 687 236 704 237 717 246 702 250 687 250 793 248 806 239 822 240 834 248 821 253 806 253 186 625 99.346710 147.438705 1.597520 0.088362 0.373585 0.028838 57.046318 -59.475269 518.452271 26.143797 -60.950668 530.511169 87.948837 -57.999870 506.393372
669 240 682 232 699 232 711 242 697 246 682 246 788 243 800 234 816 235 829 244 816 249 801 249 213 379 93.735703 92.362099 -0.067168 0.095107 0.412516 0.026572 53.748287 -61.287140 514.868713 23.338140 -62.784901 528.117859 84.158432 -59.789375 501.619598
654 317 666 308 683 308 696 317 683 322 668 323 770 313 782 303 799 302 812 309 799 316 784 317 748 396 -26.012888 95.171288 1.811912 0.031131 0.469576 -0.050854 44.790035 -23.453508 513.460449 15.220371 -22.065475 528.502625 74.359695 -24.841539 498.418243
644 331 656 322 672 322 685 330 672 335 658 336 759 326 771 316 787 315 801 322 788 329 773 330 880 560 -55.838238 131.610489 3.414576 0.033922 0.528146 -0.058710 38.528255 -16.267862 507.161682 9.901975 -14.699715 523.913879 67.154533 -17.836008 490.409485
643 321 655 311 671 311 684 320 671 325 657 326 757 315 769 305 786 304 799 311 786 318 771 319 774 322 -31.701385 78.570320 1.369896 0.030555 0.468401 -0.060076 38.757942 -22.217163 516.746887 9.187020 -20.529207 531.755920 68.328865 -23.905121 501.737854
654 325 667 316 684 315 697 325 683 330 668 331 769 322 782 312 798 311 811 319 798 326 783 326 317 235 70.715485 59.958355 -0.751827 0.024519 0.473881 -0.043343 44.917511 -18.910225 515.646484 15.401576 -17.714167 530.810242 74.433441 -20.106283 500.482788
660 333 673 324 689 324 703 333 689 338 674 338 775 331 788 321 804 320 816 328 804 335 789 335 25 442 135.694778 106.803345 -0.235858 0.001119 0.473015 -0.031082 48.063896 -14.496699 517.356812 18.520458 -13.511487 532.482117 77.607338 -15.481911 502.231537
656 331 669 323 685 323 698 332 685 336 670 337 772 329 784 319 800 318 812 325 800 332 785 333 194 412 97.929596 99.778976 0.105614 0.006581 0.475090 -0.041374 46.004089 -15.629486 517.622070 16.504000 -14.358081 532.810486 75.504181 -16.900892 502.433655
652 333 664 325 680 324 693 333 680 338 666 338 767 330 779 320 795 319 808 326 795 332 781 333 755 769 -28.232624 178.592743 4.493531 0.022899 0.436693 -0.053049 44.269436 -15.162796 523.393860 14.225821 -13.621099 537.449646 74.313049 -16.704494 509.338135
661 326 673 317 690 316 703 326 689 331 674 331 776 325 788 314 805 313 818 322 805 328 790 329 232 287 89.645149 71.747810 -0.660483 0.019454 0.461563 -0.032137 48.284210 -17.984640 514.880188 18.570459 -17.101700 529.674561 77.997963 -18.867579 500.085846
661 332 673 323 689 323 702 332 689 337 674 337 776 330 788 320 804 320 816 327 803 333 789 334 189 708 98.530014 165.998978 2.198973 0.011854 0.433956 -0.035321 49.105045 -15.303574 525.737610 18.998034 -14.251531 539.702637 79.212059 -16.355616 511.772644
649 329 662 321 678 320 691 328 677 333 663 334 764 325 776 315 792 314 805 322 792 328 777 329 1125 717 -110.937737 166.274063 5.338643 0.041853 0.492048 -0.057491 42.010010 -17.250757 517.233276 12.796472 -15.754379 532.945984 71.223549 -18.747137 501.520538
667 321 679 313 696 313 709 322 695 327 680 327 782 321 794 311 810 311 822 319 809 325 795 325 2 442 140.841568 106.846054 -0.311432 0.024934 0.499234 -0.022447 51.243195 -20.090521 516.283020 22.098856 -19.578262 532.186035 80.387535 -20.602777 500.380066
653 322 665 313 681 313 694 321 681 326 666 327 768 318 781 309 796 308 809 315 796 322 782 322 611 481 4.495199 114.438896 1.967607 0.028636 0.458414 -0.044017 44.243671 -20.938505 517.768372 14.497890 -19.742327 532.476074 73.989456 -22.134682 503.060608
650 318 662 309 679 308 692 317 678 323 663 323 765 314 777 304 793 303 806 311 793 318 778 318 942 232 -69.137695 58.126720 1.280423 0.045348 0.497647 -0.049907 42.077793 -22.803186 513.008179 12.939402 -21.581692 528.883362 71.216187 -24.024681 497.132996
648 316 660 307 677 306 690 315 676 320 662 321 763 312 775 302 792 301 805 309 792 315 777 316 880 186 -55.183167 47.952347 0.748830 0.045306 0.488648 -0.050886 41.299160 -23.894253 512.134521 12.020977 -22.632465 527.747192 70.577347 -25.156042 496.521851
664 318 677 309 692 309 705 318 691 322 677 323 779 317 791 308 806 307 818 315 806 320 792 320 127 726 112.372444 170.140442 2.123551 0.013092 0.396347 -0.023773 51.298061 -22.928289 532.330017 20.676477 -22.244547 545.152283 81.919647 -23.612034 519.507751
653 315 666 306 682 306 694 314 681 319 667 320 768 312 780 303 795 302 808 309 795 315 781 316 631 461 0.054760 109.928062 1.890770 0.041323 0.473962 -0.040270 44.321823 -24.609377 520.246460 14.802675 -23.641497 535.420227 73.840973 -25.577257 505.072723
649 315 661 307 677 306 690 315 677 320 662 320 764 311 776 302 792 301 805 308 792 314 777 315 1141 522 -114.176559 122.625801 4.001322 0.053415 0.466398 -0.053708 42.040398 -24.613298 517.978455 12.427366 -23.301523 532.941956 71.653427 -25.925074 503.014923
659 312 671 303 687 303 700 312 687 316 672 317 774 309 786 300 801 300 814 307 801 313 787 313 481 451 33.638298 107.969749 1.326621 0.042992 0.474095 -0.033357 47.359200 -25.962534 519.980713 17.833885 -25.228504 535.155579 76.884514 -26.696564 504.805847
662 305 674 296 691 296 704 306 690 311 675 311 776 304 788 294 805 294 817 302 804 308 790 309 108 100 117.720596 30.148998 -2.400797 0.038297 0.494081 -0.022240 48.586407 -28.664684 516.467224 19.360125 -28.263876 532.222290 77.812691 -29.065495 500.712097
652 305 665 296 682 295 695 305 681 310 666 311 767 302 780 292 796 291 809 299 796 306 781 306 751 48 -26.074675 17.323380 -0.658658 0.053070 0.487941 -0.040843 43.784653 -29.334669 513.768982 14.480520 -28.453947 529.359131 73.088783 -30.215389 498.178864
601 411 617 402 635 402 650 412 634 417 617 417 733 412 748 401 766 400 780 409 765 416 749 416 380 596 55.985447 140.591599 2.028265 -0.072391 0.396684 -0.029790 20.517317 24.438501 462.227631 -10.095835 25.871229 475.008148 51.130466 23.005774 449.447083
606 412 622 402 642 403 657 414 641 420 623 419 740 414 755 402 774 401 788 410 773 418 756 419 242 376 87.251526 91.637192 0.006737 -0.065803 0.436645 -0.030136 22.957603 24.640203 451.420105 -7.118314 26.077805 465.417694 53.033524 23.202602 437.422546
604 409 620 399 640 399 655 411 638 417 620 417 736 410 751 398 770 397 785 406 770 415 752 415 243 177 87.376305 47.122047 -1.408382 -0.058200 0.473581 -0.037612 21.367929 23.001465 447.931396 -8.160821 24.652157 463.027344 50.896679 21.350773 432.835449
586 409 601 399 621 399 636 410 620 416 602 416 719 407 734 395 753 393 769 402 753 411 736 412 685 301 -11.748763 74.038208 0.927778 -0.057589 0.415470 -0.055260 13.470990 22.074705 449.270966 -16.860540 24.246695 462.606659 43.802521 19.902714 435.935303
617 412 633 402 652 403 668 414 651 419 633 419 750 413 764 402 783 401 797 410 782 418 765 418 18 458 137.233170 110.395302 -0.144817 -0.071917 0.441197 -0.030526 27.859163 24.806307 456.305176 -2.152401 26.304380 470.433899 57.870728 23.308231 442.176422
597 418 613 409 632 409 647 420 631 425 613 425 730 418 745 407 764 405 778 414 763 421 746 422 763 746 -29.982527 173.433136 4.355881 -0.068021 0.385889 -0.044520 18.951710 27.301645 458.796204 -11.780231 29.172079 471.230408 49.683651 25.431211 446.362030
610 415 625 406 644 406 659 415 643 420 626 421 742 414 756 404 774 403 788 411 773 418 757 418 470 566 35.898380 133.713943 2.110158 -0.067277 0.422341 -0.043156 24.359064 25.708597 460.816437 -5.899216 27.562393 474.364838 54.617344 23.854803 447.268005
602 406 617 395 637 395 653 406 636 412 618 413 734 404 749 392 768 391 783 400 768 408 750 409 447 194 41.696739 50.545876 -0.616906 -0.052887 0.459717 -0.051200 20.572803 20.740759 451.024750 -9.143448 22.776512 465.699890 50.289055 18.705008 436.349609
611 402 626 392 645 392 660 402 644 408 627 409 741 400 755 389 774 388 787 397 773 404 757 405 182 237 100.921402 60.656410 -1.181157 -0.059752 0.447110 -0.047413 24.532598 19.561058 461.414642 -5.373099 21.517950 475.710785 54.438297 17.604166 447.118530
617 410 631 401 649 401 664 411 649 416 632 416 746 409 760 398 777 398 790 405 776 412 761 413 312 561 71.263351 132.888901 1.555362 -0.066407 0.410001 -0.047817 27.169090 23.898138 470.392944 -3.247850 25.885511 483.561829 57.586033 21.910765 457.224060
594 428 608 419 627 419 642 428 626 434 610 434 723 425 737 414 755 412 769 420 755 427 738 428 238 680 87.614159 159.644821 2.160403 -0.077784 0.414747 -0.067995 16.275377 31.529224 467.298798 -14.041185 34.246372 480.568420 46.591942 28.812077 454.029175
600 416 615 406 635 406 650 417 634 423 616 423 730 414 744 402 763 400 777 409 762 418 745 418 341 156 65.483292 42.242687 -1.236053 -0.083130 0.399523 -0.056098 19.689749 26.165791 465.065521 -10.850761 28.519928 477.883301 50.230259 23.811655 452.247772
579 411 593 401 611 401 625 410 610 416 594 417 706 406 719 395 737 394 752 402 737 409 721 410 934 317 -67.496384 77.154793 1.859987 -0.049664 0.424490 -0.073624 8.447419 23.039444 468.538239 -21.723783 25.752771 482.135895 38.618622 20.326117 454.940582
589 408 603 398 622 397 637 407 621 413 605 414 716 404 730 393 749 391 763 400 749 407 732 408 679 148 -10.138138 39.825565 -0.182470 -0.064568 0.372171 -0.061622 13.979550 22.074337 473.941101 -16.891296 24.465015 485.934235 44.850399 19.683659 461.947998
574 405 588 395 605 394 620 404 605 410 589 411 701 400 715 389 733 388 748 396 734 403 717 404 1072 257 -98.272034 63.477444 1.885770 -0.054874 0.405673 -0.067918 6.359033 20.082989 468.652588 -24.077003 22.638344 481.678619 36.795067 17.527636 455.626556
595 407 609 398 627 398 641 408 626 413 610 414 722 406 736 396 753 395 768 403 753 410 737 411 529 324 23.119616 79.472641 0.579127 -0.055758 0.430381 -0.044649 16.134882 22.581949 470.693512 -14.010600 24.410051 484.494507 46.280365 20.753849 456.892487
587 407 601 397 620 397 634 407 619 413 602 414 715 405 729 394 747 393 762 401 747 409 731 410 814 138 -40.330044 37.338032 0.189838 -0.052026 0.422656 -0.054115 12.736222 21.973780 465.883148 -17.500160 24.075472 479.444244 42.972607 19.872086 452.322021
586 415 600 406 617 405 632 414 617 419 601 420 712 410 726 400 744 399 758 406 744 413 728 414 725 452 -20.964184 107.740349 2.135487 -0.072535 0.349199 -0.065718 12.116993 25.554869 481.037720 -19.014496 28.105444 492.302032 43.248482 23.004295 469.773438
579 412 593 403 611 402 626 411 611 417 594 418 706 407 720 396 738 395 753 403 739 410 722 411 1055 273 -94.495911 67.087967 1.943954 -0.052809 0.405426 -0.074113 8.866721 23.666348 469.717224 -21.558302 26.407438 482.731201 39.291744 20.925257 456.703247
582 420 595 411 613 410 627 419 613 425 597 425 707 415 721 405 739 403 753 411 739 418 723 419 932 682 -67.688148 158.803482 4.455013 -0.059422 0.389695 -0.075428 9.735625 27.874514 479.121155 -20.888378 30.691717 491.642883 40.359631 25.057312 466.599426
666 438 677 430 692 429 704 437 691 442 678 443 776 435 787 427 801 426 813 433 801 439 788 439 359 563 60.742493 133.249008 1.724050 -0.103373 0.457574 -0.051804 52.004879 43.011478 551.866821 22.255863 45.439304 566.415405 81.753891 40.583652 537.318176
677 443 689 435 704 434 717 442 704 447 690 447 788 441 799 432 814 432 826 439 814 445 800 445 70 483 125.553154 115.890862 0.204237 -0.107019 0.450546 -0.045857 59.122467 46.194317 552.600037 29.261717 48.448788 566.946228 88.983215 43.939846 538.253845
676 438 689 429 704 428 717 437 704 442 689 443 788 435 800 426 815 426 827 434 815 440 801 440 369 223 59.100277 57.177578 -0.666497 -0.093266 0.456462 -0.050263 58.137970 42.468559 542.079163 28.370741 44.771088 556.610840 87.905205 40.166031 527.547424
669 443 681 434 696 434 708 441 695 446 681 447 779 439 791 430 806 430 818 437 806 443 792 443 751 603 -27.046776 141.468475 3.297195 -0.106904 0.440210 -0.060007 53.998333 45.031048 548.288696 24.013966 47.722759 562.297729 83.982704 42.339336 534.279724
660 441 672 432 687 431 700 439 687 444 673 445 771 435 783 426 798 425 810 433 798 439 784 439 1129 173 -110.879997 44.582069 1.474337 -0.090241 0.459147 -0.079465 48.747330 42.843014 541.479980 19.080240 46.058765 556.043030 78.414421 39.627266 526.916931
688 440 700 432 715 431 727 440 714 445 700 445 799 439 810 430 825 430 836 438 825 443 811 443 66 360 126.663681 88.385056 -0.685609 -0.125289 -0.257518 0.005277 65.684639 44.351414 545.987305 33.573776 43.646572 537.563843 97.795502 45.056255 554.410828
677 439 690 430 705 430 718 438 705 443 690 444 789 436 800 427 815 427 827 435 815 441 802 441 580 71 12.150306 22.785667 -1.056595 -0.088433 0.473764 -0.057645 58.655899 43.243320 543.641907 29.159040 45.765179 558.679688 88.152763 40.721462 528.604065
670 442 682 433 697 432 710 440 697 446 683 447 781 437 793 428 808 427 820 435 808 441 794 441 844 235 -47.213146 58.979755 0.979796 -0.094636 0.458323 -0.071440 54.568970 44.098907 544.416992 24.870174 47.090218 558.963196 84.267769 41.107597 529.870728
683 446 695 438 709 438 721 445 709 450 695 451 792 443 804 435 818 435 830 442 818 448 805 448 13 744 137.851089 174.378464 1.877266 -0.124917 0.441136 -0.047181 62.506737 48.461964 558.310364 32.512283 50.872517 572.348938 92.501190 46.051407 544.271790
678 446 690 438 705 437 717 444 704 450 691 450 788 442 799 434 813 434 825 441 813 446 800 446 641 623 -2.466723 146.146439 3.078309 -0.106081 0.461825 -0.060431 59.238575 47.508160 553.599426 29.567429 50.237320 568.253235 88.909729 44.778999 538.945618
667 446 679 437 694 436 706 444 693 449 680 450 776 440 788 432 803 431 815 438 803 444 789 444 934 341 -67.538422 82.523232 2.031051 -0.101132 0.445544 -0.077197 53.033298 46.773472 553.025391 23.162857 49.980839 567.168518 82.903740 43.566105 538.882202
674 442 686 433 701 433 713 440 700 446 687 447 784 438 795 429 810 428 822 436 810 442 796 442 364 194 60.269939 50.700001 -0.889628 -0.127207 -0.271653 -0.018520 58.041290 44.749882 549.836731 26.058113 44.786201 540.912903 90.024467 44.713558 558.760498
678 440 690 432 704 431 716 438 704 443 691 444 787 436 798 428 813 428 824 435 813 440 800 440 341 678 64.568993 159.006180 2.484587 -0.169211 -0.132830 -0.023176 62.170540 45.403366 573.610046 29.266401 45.795227 569.168884 95.074677 45.011505 578.051147
683 442 694 434 709 433 721 440 709 445 695 446 793 438 804 430 818 430 829 437 818 442 805 442 129 699 111.972183 164.097229 1.937676 -0.114591 0.418807 -0.050685 62.744514 45.762112 560.988464 32.447647 48.176182 574.361267 93.041382 43.348045 547.615662
678 446 689 438 704 437 716 444 704 449 690 450 787 441 798 433 812 433 824 441 812 446 799 446 213 784 93.026329 182.954468 2.819535 -0.124745 0.397452 -0.056309 60.190098 48.265320 565.457214 29.621418 50.891571 578.154358 90.758774 45.639069 552.760010
668 444 680 434 696 433 708 441 695 447 681 448 780 437 791 428 807 427 820 435 807 441 793 441 1269 191 -142.239807 48.348427 2.062649 -0.084606 0.491654 -0.088266 52.645218 43.558407 533.947083 23.495100 47.041462 549.461548 81.795334 40.075352 518.432617
686 438 699 429 714 429 726 437 713 442 699 443 797 435 809 427 823 426 835 434 823 440 810 440 184 170 100.591202 45.665813 -1.652139 -0.095539 0.482565 -0.048100 63.674709 42.872520 546.339600 34.295647 45.155418 561.643799 93.053772 40.589619 531.035400
671 445 683 436 697 435 710 443 697 448 684 449 781 440 793 431 808 431 820 438 808 444 794 444 880 669 -56.029156 155.992142 4.191491 -0.120331 0.401232 -0.062814 56.264278 46.853146 559.501160 25.757048 49.666733 572.305542 86.771515 44.039558 546.696777
680 445 691 437 705 436 717 443 705 448 692 449 788 440 799 433 813 432 825 439 814 444 800 444 692 662 -13.947480 154.775452 3.523865 -0.118690 0.397082 -0.058787 61.517387 47.943130 569.940552 30.948885 50.609737 582.629761 92.085892 45.276520 557.251343
676 442 688 433 703 432 715 440 703 445 689 446 786 437 798 428 813 427 825 434 813 440 799 441 892 253 -57.985802 62.916950 1.265813 -0.128457 -0.238446 -0.030935 59.746346 44.464909 553.178040 27.495447 44.974037 545.292603 91.997238 43.955780 561.063416
635 253 647 245 663 245 676 255 662 259 648 259 747 256 760 247 776 246 789 255 776 261 761 261 1055 720 -95.278847 167.075104 5.130019 0.101981 0.530554 0.027034 33.912193 -55.209129 519.154663 5.279740 -56.940258 535.880249 62.544647 -53.477997 502.429077
621 257 633 248 650 249 662 259 649 263 634 263 734 259 746 249 763 248 777 256 763 263 748 263 1144 508 -114.823357 119.488647 3.911392 0.103456 0.533062 0.008828 26.387016 -52.935532 512.099792 -2.213701 -54.107769 528.927856 54.987736 -51.763298 495.271698
628 251 641 243 657 243 670 254 656 258 641 258 742 253 754 243 771 243 784 251 770 258 755 258 699 499 -15.228395 118.301811 2.385056 0.107568 0.538473 0.013312 30.256590 -55.615467 511.334930 1.748754 -56.973305 528.306030 58.764423 -54.257626 494.363800
610 253 622 245 639 245 651 255 638 260 623 260 723 254 735 243 752 242 766 250 752 257 737 257 1104 487 -105.835640 114.865540 3.630279 0.112613 0.520289 -0.008905 20.645487 -55.223923 510.874451 -8.168921 -55.891987 527.362122 49.459892 -54.555855 494.386780
641 237 654 229 671 230 684 240 670 244 655 244 756 240 769 230 786 229 798 238 785 244 770 245 575 353 12.775241 85.874084 0.936977 0.117441 0.546732 0.019317 37.295216 -61.934826 505.397003 8.931033 -63.581787 522.581909 65.659393 -60.287865 488.212097
668 251 682 242 698 242 711 253 697 258 682 258 783 252 796 242 813 241 825 250 812 257 797 257 546 101 19.706059 29.559349 -0.954483 0.104264 0.565827 0.006481 51.400108 -55.589352 506.403351 23.366360 -56.745598 524.160950 79.433853 -54.433102 488.645782
626 270 639 261 655 261 669 271 655 276 640 276 742 268 755 257 772 256 786 263 772 271 757 272 956 495 -72.731178 116.929848 3.200999 0.096237 0.552132 -0.031740 29.293369 -46.078468 497.717743 1.034568 -45.938290 515.152771 57.552170 -46.218647 480.282745
622 276 634 267 650 267 664 277 650 281 635 282 737 274 750 263 767 262 781 269 767 276 752 277 1151 694 -116.715561 161.081024 5.260138 0.095912 0.541808 -0.033559 26.874413 -43.383900 499.053650 -1.560611 -43.166306 516.198975 55.309433 -43.601494 481.908356
660 274 673 266 690 267 703 276 689 281 674 280 776 276 789 266 805 265 818 273 804 280 790 280 55 792 128.368530 185.037338 2.357398 0.072603 0.589307 0.005468 46.835899 -43.168171 503.037567 19.229876 -44.028969 521.469238 74.441925 -42.307369 484.605927
661 272 675 264 692 264 706 275 691 279 676 279 779 274 792 263 809 262 821 270 808 278 793 278 197 499 97.105896 119.233994 0.735578 0.078754 0.591823 0.000202 47.557236 -43.596561 496.358521 19.996790 -44.353977 514.862793 75.117683 -42.839149 477.854248
671 260 686 250 703 251 716 261 702 266 686 266 789 261 801 250 818 249 830 257 817 265 802 265 135 20 111.818832 12.204071 -2.882293 0.103160 0.596275 -0.003103 52.624813 -50.311260 497.161041 25.145088 -51.204849 515.778931 80.104538 -49.417667 478.543152
647 272 660 263 677 264 690 274 676 278 661 279 764 272 777 261 794 260 807 268 794 275 778 276 779 536 -33.195080 126.429604 2.911645 0.095139 0.546076 -0.019436 40.284435 -44.542213 498.861908 11.910937 -44.770107 516.108704 68.657928 -44.314320 481.615112
643 265 656 256 673 256 687 266 673 271 657 272 760 263 773 252 790 251 803 259 790 266 775 267 848 351 -48.311417 84.919769 1.819748 0.104449 0.561799 -0.029736 38.282501 -48.351597 496.848755 10.190570 -48.365147 514.551941 66.374435 -48.338051 479.145569
644 267 657 258 673 258 687 267 673 273 658 273 760 265 772 254 789 253 802 260 789 267 774 268 873 541 -54.238544 127.373474 3.256150 0.101787 0.544179 -0.032344 38.725349 -48.295769 503.869446 10.329240 -48.172287 521.080078 67.121460 -48.419247 486.658813
660 267 673 259 689 259 702 268 688 273 673 273 775 267 787 258 803 257 816 264 803 271 788 271 207 794 94.351456 185.202454 2.871097 0.087115 0.547369 -0.008338 47.033260 -47.959751 510.747498 18.677792 -48.468468 528.017944 75.388725 -47.451035 493.477051
664 260 678 251 696 251 709 262 694 267 678 267 781 261 794 250 811 249 823 258 810 265 795 266 106 14 118.318779 10.915813 -3.020348 0.096960 0.586961 -0.001895 48.952435 -50.023972 496.864105 21.300859 -50.882023 515.227478 76.604012 -49.165920 478.500702
669 261 683 253 700 253 713 263 698 268 683 268 785 263 798 252 814 252 827 260 814 267 799 268 90 245 121.494545 62.616726 -1.426430 0.090872 0.575568 0.004441 51.569752 -49.661457 502.404053 23.711391 -50.644779 520.445801 79.428108 -48.678135 484.362305
648 268 661 259 677 259 691 269 677 274 661 274 764 266 777 255 793 254 806 262 793 269 778 270 895 565 -59.203598 132.701065 3.499501 0.100923 0.552672 -0.030773 40.646545 -47.503773 502.196869 12.395808 -47.436874 519.645386 68.897285 -47.570667 484.748322
645 264 657 254 675 253 688 264 674 269 659 270 761 260 774 249 791 247 804 255 791 263 775 264 1191 113 -124.648857 31.045849 1.250398 0.112457 0.562488 -0.042056 38.785202 -49.763535 496.437653 10.718613 -49.464382 514.178467 66.851791 -50.062687 478.696838
653 262 666 252 683 252 697 262 683 267 667 267 769 259 782 249 798 247 811 255 798 262 783 263 722 286 -20.002110 70.614227 0.942438 0.110674 0.554716 -0.028699 43.629467 -51.078445 503.835022 15.411576 -51.167946 521.336487 71.847359 -50.988941 486.333527
606 298 619 289 636 288 649 298 636 304 620 305 724 294 737 282 754 280 768 288 755 296 739 298 749 207 -25.905622 52.892986 0.468069 0.069399 0.534777 -0.054570 19.354406 -31.816511 486.641388 -9.169209 -30.693167 503.603149 47.878021 -32.939857 469.679626
640 297 654 287 671 286 685 296 670 302 655 303 757 293 770 282 786 280 798 289 786 296 771 297 86 130 122.591064 36.900394 -2.259255 0.075032 0.552626 -0.047138 36.866638 -33.189610 499.837860 8.637086 -32.375481 517.301819 65.096191 -34.003738 482.373932
646 302 659 293 676 293 690 302 675 308 660 308 763 300 775 289 791 287 804 295 791 303 776 304 191 296 98.804100 73.837105 -0.731052 0.024251 -0.410220 -0.048062 41.382511 -30.069342 497.765015 10.969742 -28.355780 484.548096 71.795280 -31.782906 510.981903
633 305 646 295 663 295 677 305 663 310 647 311 750 302 763 290 779 289 792 297 779 305 764 306 602 315 6.799915 77.323921 0.754842 0.066639 0.538024 -0.047297 33.120136 -28.840725 498.904144 4.640009 -27.927307 515.951355 61.600266 -29.754141 481.856903
615 302 627 293 644 292 657 301 644 307 629 308 730 296 742 285 759 283 773 291 760 299 744 300 1119 192 -108.675537 48.850651 1.576905 0.073735 0.524710 -0.068437 23.406590 -31.199705 501.692261 -5.259005 -29.661032 518.379883 52.072186 -32.738380 485.004669
660 303 674 294 691 294 704 304 690 309 674 309 777 303 789 293 805 292 817 300 804 307 790 307 307 278 72.877899 69.595375 -0.478196 0.069944 0.590921 -0.020962 46.733196 -28.740465 500.806427 19.163548 -28.750980 519.312500 74.302841 -28.729950 482.300385
625 301 638 291 655 291 668 301 654 306 639 307 741 297 754 286 771 285 784 293 771 300 756 301 1041 117 -91.089844 32.219128 0.786037 0.067304 0.539032 -0.047087 28.879965 -30.930708 498.659119 0.416634 -30.031080 515.735107 57.343292 -31.830336 481.583160
663 307 677 298 694 298 707 308 692 313 677 313 780 308 792 298 808 297 820 305 807 312 793 313 204 414 95.688362 100.207779 0.152727 0.054668 0.597962 -0.009546 48.148235 -26.367785 500.147186 20.704960 -26.596127 518.838745 75.591515 -26.139444 481.455627
629 305 642 296 659 296 672 305 658 310 643 311 745 302 758 291 774 290 788 298 775 305 760 306 1006 425 -83.797241 101.179054 2.866354 0.066593 0.531316 -0.044488 31.066063 -28.767399 502.137421 2.468454 -27.933689 518.990967 59.663673 -29.601109 485.283905
626 305 639 295 656 295 669 304 656 310 640 311 743 301 755 289 772 288 786 296 773 303 757 304 1238 347 -135.576065 83.300835 3.072705 0.078308 0.531509 -0.055263 29.603148 -29.237017 499.416992 1.025125 -28.164297 516.290222 58.181171 -30.309734 482.543762
627 308 640 299 656 299 670 308 656 313 641 314 743 304 755 294 772 293 785 300 772 307 757 308 1160 798 -118.911682 184.327545 6.030987 0.067815 0.514170 -0.051030 30.202816 -27.744623 507.598785 1.331015 -26.691751 523.965515 59.074615 -28.797497 491.232025
647 299 660 290 677 289 690 299 676 304 660 305 763 297 776 287 792 286 805 294 792 301 777 302 593 254 8.920720 63.695858 0.290483 0.071154 0.552217 -0.028761 40.013260 -31.514591 501.806946 11.754843 -31.243910 519.241028 68.271683 -31.785275 484.372833
654 307 668 299 684 299 697 308 683 313 668 313 770 307 782 297 797 297 810 304 797 310 783 311 346 766 63.295986 178.681168 3.128250 0.053792 0.551661 -0.020324 44.332020 -27.388451 512.447266 16.058283 -27.227840 529.857910 72.605759 -27.549061 495.036652
660 299 674 290 691 290 704 300 690 305 674 305 776 299 789 288 805 288 817 296 805 303 790 304 112 178 116.688881 47.588989 -1.831696 0.066914 0.585803 -0.018336 46.833118 -30.825813 501.762512 19.167780 -30.883804 520.125122 74.498459 -30.767822 483.399902
646 306 659 297 676 296 689 306 675 311 660 311 762 303 774 293 790 292 803 299 790 306 776 307 766 555 -30.319304 130.703751 3.004355 0.071138 0.549055 -0.042323 39.958744 -28.738577 507.880280 11.660630 -28.036329 525.237793 68.256859 -29.440825 490.522766
633 304 646 295 663 294 677 304 663 309 647 310 750 300 762 289 779 288 793 295 780 303 764 304 1010 331 -84.527695 80.145256 2.209496 0.075003 0.555291 -0.054861 33.047710 -29.349031 497.460541 4.877080 -28.295507 515.006653 61.218338 -30.402554 479.914459
638 309 651 300 667 300 680 309 667 314 652 314 754 306 766 296 783 295 796 302 783 309 768 309 739 695 -24.522635 162.069763 3.913511 0.060734 0.527912 -0.043184 35.739460 -27.174929 507.317383 7.083256 -26.327799 524.070374 64.395668 -28.022057 490.564331
624 308 637 298 653 298 667 307 653 313 638 313 741 303 753 291 770 290 784 297 771 305 755 306 970 334 -75.582008 80.890587 2.099447 0.069442 0.538663 -0.062550 28.305204 -27.840750 495.841064 -0.137738 -26.471443 512.919800 56.748146 -29.210058 478.762299
631 304 643 294 661 293 674 303 660 309 645 310 747 299 760 288 777 286 790 294 777 302 762 303 717 153 -18.650288 40.873428 -0.021971 0.066655 0.567305 -0.053229 31.541147 -29.543339 495.057434 3.580382 -28.482008 512.935608 59.501911 -30.604670 477.179260
657 307 671 298 688 298 701 308 687 313 671 313 774 306 786 295 803 295 815 303 802 309 788 310 265 454 81.968117 109.041901 0.638269 0.060805 0.579921 -0.029979 45.534073 -27.143127 502.449799 17.770456 -26.772268 520.659790 73.297691 -27.513985 484.239807
625 253 639 245 656 245 669 256 654 260 639 260 741 258 754 248 770 248 781 257 769 263 754 263 190 117 99.341393 33.799374 -2.010190 0.107984 0.557152 0.032416 28.471455 -52.086025 496.057648 0.300020 -54.077587 513.520874 56.642891 -50.094463 478.594452
618 275 631 266 648 267 661 277 647 282 632 282 735 276 748 266 765 265 779 274 765 281 750 281 740 359 -24.157894 86.909798 1.521902 0.077141 0.533091 -0.001757 25.307280 -41.710724 491.105591 -3.292298 -42.321548 507.965302 53.906857 -41.099899 474.245850
614 278 627 269 643 269 656 279 643 285 628 285 729 277 741 265 759 264 773 273 759 280 744 281 1176 209 -121.460403 52.547451 1.885367 0.084039 0.558419 -0.025434 22.676804 -41.281696 493.877441 -5.476798 -41.240025 511.482361 50.830406 -41.323372 476.272552
648 273 662 264 679 264 692 275 678 280 662 280 765 276 777 265 794 264 806 273 793 280 778 280 750 225 -26.160923 56.917458 0.599653 0.085575 0.539638 0.009053 41.114857 -43.482960 502.748138 12.627023 -44.516624 519.775635 69.602692 -42.449291 485.720703
628 266 641 257 657 257 670 266 656 271 641 271 743 266 756 256 773 256 786 264 772 270 757 271 980 338 -77.826752 81.766754 2.160816 0.085492 0.523125 0.000750 30.106382 -47.605244 500.024078 1.339596 -48.354294 516.591248 58.873169 -46.856194 483.456940
653 275 666 267 682 267 694 277 681 281 666 281 767 277 780 268 796 267 808 275 795 281 781 281 546 540 18.937136 127.757004 2.174561 0.074594 0.513560 0.009044 43.583420 -43.531715 514.790649 14.661289 -44.440586 531.076965 72.505547 -42.622845 498.504333
663 284 676 276 692 277 705 286 691 290 676 290 777 287 790 277 805 277 817 285 805 291 790 291 277 768 78.732857 179.256668 2.915785 0.065549 0.547403 0.013321 48.924026 -38.793415 516.306885 20.572178 -39.794434 533.561768 77.275879 -37.792393 499.052032
638 262 652 253 668 253 681 262 667 267 652 267 753 262 766 252 783 252 796 260 783 266 767 266 794 140 -35.858078 37.822540 0.138377 0.070435 0.507310 0.003679 35.716854 -49.966988 502.220734 6.692510 -50.664253 518.334717 64.741203 -49.269726 486.106750
605 273 617 265 632 265 645 273 632 278 618 279 716 270 729 261 745 260 759 267 746 274 731 274 1138 377 -113.251266 90.197067 2.957953 0.078946 0.548021 -0.027733 17.070362 -44.907173 501.652130 -11.262254 -44.732830 518.966614 45.402977 -45.081520 484.337616
610 262 622 253 638 252 651 261 638 266 623 267 722 258 735 248 751 247 765 255 752 262 737 262 1095 97 -103.138580 27.645155 0.820917 0.079724 0.545879 -0.025089 19.941750 -50.729046 497.579498 -8.430079 -50.642029 514.830322 48.313576 -50.816067 480.328644
614 273 626 266 641 265 654 273 641 278 627 278 725 271 738 263 753 262 767 269 754 275 739 275 1048 776 -93.810516 179.614456 5.506168 0.075231 0.547553 -0.016625 21.774641 -44.996410 505.747498 -6.573608 -45.138737 523.036682 50.122890 -44.854084 488.458282
623 270 636 261 652 260 665 270 652 276 637 276 736 269 749 258 766 257 779 266 766 273 751 273 717 71 -18.506662 22.531267 -0.606439 0.077643 0.530070 -0.015410 27.484854 -46.591038 506.305817 -1.161857 -46.770588 523.095520 56.131565 -46.411484 489.516144
632 277 645 268 661 268 674 277 661 282 646 283 747 276 759 266 776 265 789 273 776 280 761 280 708 410 -17.086470 98.377151 1.780267 0.075426 0.524503 -0.011735 32.454983 -42.863678 506.704559 3.713851 -43.133572 523.330872 61.196117 -42.593784 490.078247
626 278 638 270 654 269 667 279 654 284 639 284 739 277 752 266 768 266 781 273 768 280 753 280 1048 451 -93.241272 106.916870 3.189677 0.081021 0.527265 -0.024602 28.915131 -42.703556 509.749878 0.227095 -42.617466 526.469604 57.603168 -42.789646 493.030151
638 281 651 272 667 272 680 282 667 287 652 287 752 280 764 270 780 269 793 277 780 284 765 284 859 399 -50.856998 95.636223 2.198020 0.079922 0.551077 -0.018045 35.458248 -41.090946 510.836945 7.171535 -41.234791 528.226624 63.744957 -40.947102 493.447266
638 285 650 276 666 276 679 285 666 290 651 290 751 283 763 273 779 273 792 280 779 287 765 287 555 567 16.875883 133.779785 2.396580 0.074232 0.533181 -0.023827 35.413200 -39.657242 515.435120 6.824246 -39.545155 532.323547 64.002151 -39.769333 498.546722
632 282 645 273 661 273 674 283 661 288 646 288 746 280 758 269 774 268 788 276 775 283 760 284 858 328 -50.508869 79.756454 1.688670 0.082375 0.541982 -0.034977 32.296547 -40.934296 509.815460 3.867005 -40.553211 526.966980 60.726089 -41.315380 492.663910
626 282 638 272 655 272 668 281 654 287 640 287 740 278 752 267 768 266 782 275 769 281 754 282 1000 286 -82.211136 70.098000 1.855894 0.078989 0.534656 -0.035312 29.021000 -41.328236 507.410675 0.467408 -40.896366 524.353699 57.574593 -41.760105 490.467682
625 279 637 270 654 269 667 279 654 285 638 286 738 276 750 264 767 263 781 271 768 279 753 280 1226 19 -132.316284 9.954479 0.695401 0.096462 0.560567 -0.044461 28.150368 -42.175220 502.296509 0.054571 -41.651360 519.985840 56.246166 -42.699081 484.607208
643 286 656 278 672 278 685 287 671 292 656 292 756 286 768 276 784 275 797 282 784 289 770 290 253 720 84.187492 168.564362 2.494797 0.068223 0.544399 -0.018641 38.033989 -38.596878 515.501587 9.632924 -38.609825 532.704468 66.435051 -38.583931 498.298706
