665 269 675 263 687 263 697 269 687 273 675 273 760 267 770 261 782 261 793 267 783 271 771 271 850 629 -49.245892 147.100449 3.807810 0.074067 0.473304 -0.012657 52.123333 -57.905704 623.239807 22.569710 -58.072292 638.376343 81.676956 -57.739120 608.103271
652 267 662 259 675 259 686 265 675 270 663 270 748 262 758 255 772 254 783 261 772 265 760 266 1119 79 -108.477615 23.574263 0.771479 0.080566 0.493165 -0.033120 43.727615 -59.358067 609.601746 14.494843 -58.949696 625.344604 72.960388 -59.766438 593.858887
646 346 656 340 669 339 679 345 668 349 657 350 741 342 751 334 764 334 774 339 764 344 752 345 442 249 42.719273 62.857830 -0.241314 0.005981 0.487604 -0.060142 39.668163 -10.045092 615.534607 10.390773 -8.174924 631.087585 68.945557 -11.915259 599.981567
641 349 650 342 663 342 673 348 663 353 651 353 735 345 745 338 758 337 768 343 758 348 746 348 838 124 -45.676086 34.161877 0.168910 0.014361 0.501248 -0.058795 35.895653 -8.005350 614.780334 6.830510 -6.251952 630.739746 64.960793 -9.758749 598.820923
644 489 653 482 666 481 676 487 666 491 654 492 735 483 745 476 757 475 768 481 758 485 746 486 1192 80 -124.814835 23.662392 1.018471 -0.160896 -0.347516 -0.028955 39.906227 81.969765 641.658569 8.695671 81.990799 630.324524 71.116783 81.948730 652.992615
648 489 658 482 670 481 680 487 670 491 659 492 740 483 749 476 762 475 773 481 762 486 751 486 789 168 -34.788250 44.095001 0.321523 -0.163543 -0.337740 -0.025877 42.800240 82.078003 642.160217 11.478004 82.010834 631.138733 74.122475 82.145164 653.181641
650 489 660 482 672 481 682 487 672 491 661 492 741 483 751 476 763 476 773 481 763 486 752 486 1071 184 -97.920403 47.150307 1.362165 -0.148437 0.461299 -0.091558 43.132950 83.172783 650.684509 13.526433 87.205185 665.167358 72.739471 79.140388 636.201599
656 488 665 482 677 481 687 486 677 491 666 492 746 484 756 477 768 477 778 482 768 487 757 487 557 393 16.733103 94.854904 1.162938 -0.155597 0.439554 -0.078278 47.222805 84.366028 658.263306 17.266247 87.983978 672.122375 77.179359 80.748070 644.404175
655 487 665 481 677 480 687 486 677 490 666 491 746 483 756 476 768 476 778 481 768 485 757 486 1017 280 -86.004776 68.724327 1.868986 -0.148578 0.446288 -0.080941 46.903347 83.437843 655.747620 17.049704 87.104744 669.814392 76.756996 79.770943 641.680908
655 487 664 480 677 479 687 485 677 489 665 490 746 482 756 475 768 475 778 481 768 485 757 485 1212 218 -129.532013 54.493763 2.067805 -0.142521 0.474794 -0.084825 46.037308 81.904495 646.405334 16.613895 85.703812 661.317993 75.460716 78.105186 631.492676
656 485 665 478 678 477 688 483 677 487 666 488 748 481 757 474 769 473 780 479 770 483 758 484 1013 91 -84.778648 26.455315 0.508715 -0.139497 0.469038 -0.079358 46.720737 80.438698 644.994507 17.196646 84.031372 659.758667 76.244827 76.846024 630.230347
659 483 669 477 681 476 691 482 681 486 669 487 750 480 760 473 772 473 782 479 772 483 761 483 468 30 37.284748 13.822563 -1.716841 -0.146205 0.471488 -0.069546 49.166637 80.626938 651.024658 19.655397 83.962685 665.874573 78.677879 77.291191 636.174805
662 485 672 478 684 478 693 483 683 488 672 488 753 482 762 475 774 475 784 481 774 485 763 485 239 428 87.831764 103.274376 0.367518 -0.152970 0.444980 -0.063207 51.564339 82.925613 660.410889 21.650724 86.055473 674.479980 81.477959 79.795761 646.341797
661 485 671 479 683 478 693 484 683 488 672 488 753 482 763 475 775 475 785 481 775 485 763 485 861 266 -51.071594 65.882416 1.256612 -0.142317 0.451800 -0.068749 50.866337 82.060799 653.161926 21.063238 85.304710 667.438232 80.669441 78.816887 638.885681
662 484 672 477 684 476 694 482 684 486 672 487 754 480 763 473 775 473 785 478 776 483 764 483 931 90 -66.427467 26.383898 0.232150 -0.136211 0.438327 -0.076558 51.670078 81.129791 655.167908 21.693518 84.554626 669.032837 81.646637 77.704956 641.302979
661 485 671 479 683 478 693 484 683 488 671 488 752 481 762 475 774 474 784 480 774 484 763 484 1126 359 -110.534462 86.193024 2.790226 -0.142000 0.444645 -0.072762 50.948650 82.448692 657.583252 21.051971 85.804787 671.636230 80.845329 79.092598 643.530334
661 486 671 480 682 479 692 485 682 489 671 490 752 483 761 476 773 476 783 481 773 486 762 486 1195 686 -126.547577 159.209854 5.347692 -0.145152 0.425514 -0.070427 51.214741 84.102417 663.417725 21.045412 87.368904 676.897400 81.384071 80.835930 649.938049
661 486 670 479 682 479 692 484 682 488 671 489 752 482 761 476 773 475 783 481 773 485 762 485 1155 436 -117.158760 103.362907 3.434344 -0.141364 0.447783 -0.072933 50.688053 83.064201 659.044617 20.836672 86.427109 673.191895 80.539436 79.701294 644.897339
665 485 674 479 686 478 696 484 686 488 675 489 755 482 765 476 777 475 786 481 777 485 766 485 472 481 35.599712 114.697006 1.510879 -0.149529 0.444487 -0.065345 53.276150 83.358421 661.655640 23.360203 86.531006 675.710205 83.192101 80.185844 647.601135
663 487 673 480 685 480 694 485 684 489 673 490 754 483 763 477 775 477 785 482 775 486 764 486 918 589 -64.392426 138.026779 3.746139 -0.147536 0.438435 -0.068417 52.649761 84.571709 664.879211 22.654922 87.816071 678.747986 82.644600 81.327347 651.010437
643 322 654 314 668 313 680 320 668 325 655 326 746 314 757 305 771 304 783 310 772 316 759 317 1268 633 -142.790207 147.218994 5.209791 0.046506 0.541226 -0.085204 37.500824 -24.285500 559.051636 9.155500 -22.004198 576.195129 65.846153 -26.566801 541.908203
646 324 657 317 671 316 682 323 671 328 658 328 749 318 760 309 774 308 785 314 774 320 761 321 683 711 -12.019344 165.752716 3.843548 0.036124 0.538220 -0.074151 39.027046 -22.457741 561.279663 10.603031 -20.430346 578.324402 67.451057 -24.485138 544.234863
643 322 654 314 669 313 681 320 669 325 656 326 747 315 758 306 772 305 785 311 773 317 760 318 819 216 -41.585529 54.776165 0.762225 0.042363 0.552000 -0.076072 37.449711 -23.575527 552.894714 9.267036 -21.557251 570.336731 65.632385 -25.593801 535.452759
642 325 652 317 666 316 678 323 666 328 654 329 744 317 755 308 769 307 781 312 770 319 757 320 1077 668 -100.110779 155.402634 4.831669 0.046412 0.536495 -0.087165 36.478157 -22.757101 561.908203 8.057669 -20.407465 578.917480 64.898643 -25.106735 544.898987
650 317 661 309 675 308 687 316 675 321 662 322 753 312 764 302 778 301 790 308 778 314 765 315 35 120 134.021027 34.758251 -2.498108 0.030178 0.560961 -0.063018 41.221535 -26.009285 557.508789 13.167669 -24.300119 575.189819 69.275406 -27.718449 539.827759
650 317 661 309 676 308 688 316 676 321 662 322 753 311 764 302 779 300 791 307 779 313 766 314 242 10 87.892586 9.768532 -2.601988 0.032552 0.539723 -0.069124 41.609039 -26.328524 557.960510 13.199324 -24.429806 575.043884 70.018753 -28.227242 540.877136
656 323 666 316 679 315 690 321 679 326 667 327 755 317 765 309 779 308 790 314 779 319 767 320 476 602 34.492683 141.755447 2.386469 0.023659 0.501243 -0.067436 45.317959 -24.082155 588.148315 16.269957 -22.130114 604.115845 74.365967 -26.034197 572.180725
652 317 663 309 676 309 688 315 676 320 664 321 754 311 765 303 778 302 790 308 779 313 766 314 411 84 49.945255 26.007391 -1.519238 0.039940 0.564813 -0.060276 42.014740 -26.451424 560.810425 14.023453 -24.920895 578.606628 70.006027 -27.981953 543.014221
651 316 662 308 677 307 688 314 676 319 663 320 755 310 765 302 779 300 791 307 780 313 767 314 422 124 47.413685 34.934361 -1.197988 0.045465 0.557764 -0.062404 41.926373 -26.741240 556.566467 13.814507 -25.186916 574.169495 70.038239 -28.295565 538.963440
651 316 662 308 676 307 687 314 676 319 663 320 754 310 765 301 779 300 790 306 779 312 766 313 580 60 12.169572 20.325134 -1.135000 0.049242 0.562840 -0.065200 41.425827 -26.698891 554.966675 13.408920 -25.096661 572.716187 69.442734 -28.301121 537.217163
652 315 663 307 677 307 689 314 677 319 664 320 755 310 766 301 780 300 792 307 781 313 768 314 223 41 92.089989 16.738045 -2.443461 0.042816 0.563987 -0.056999 42.121651 -26.790913 554.646729 14.109567 -25.388817 572.420837 70.133728 -28.193008 536.872681
653 318 663 310 677 310 688 316 677 321 664 322 755 312 765 304 779 303 790 309 779 314 767 315 364 546 59.653400 129.437073 1.619309 0.040201 0.556992 -0.060127 42.502922 -25.934742 562.485168 14.373303 -24.403635 580.061829 70.632538 -27.465849 544.908447
648 321 659 313 673 312 684 318 673 323 660 324 750 313 761 305 775 303 786 309 775 315 763 316 1230 797 -134.574066 183.973877 6.253867 0.045629 0.528115 -0.083593 40.575531 -25.286345 567.960327 12.004425 -23.032522 584.728516 69.146637 -27.540169 551.192139
646 316 657 308 671 307 683 314 671 319 658 320 749 310 760 300 774 299 786 305 775 312 761 313 1158 171 -117.365921 44.080849 1.555371 0.059380 0.568075 -0.075857 38.435303 -26.796915 552.021484 10.534563 -24.959871 569.930542 66.336037 -28.633959 534.112488
657 314 668 307 682 306 694 313 682 318 669 319 760 310 771 301 785 301 796 307 785 313 772 313 221 183 92.288818 48.505009 -1.437904 0.041856 0.573491 -0.049926 45.102863 -27.160490 556.583862 17.248774 -25.980799 574.620483 72.956947 -28.340181 538.547302
655 317 666 310 681 309 692 316 680 320 667 321 759 312 769 303 783 302 795 308 784 314 771 315 724 488 -20.803465 115.794861 2.388797 0.038188 0.543112 -0.060555 44.690033 -26.121071 562.051941 16.320557 -24.545246 579.234802 73.059509 -27.696896 544.869141
657 318 667 311 681 310 692 317 681 321 668 322 759 313 770 305 783 304 794 310 783 316 771 316 770 720 -31.503401 167.604324 4.193563 0.045067 0.551021 -0.055605 45.165623 -25.734215 565.823547 16.923359 -24.383192 583.233582 73.407883 -27.085238 548.413513
660 318 671 311 684 310 696 316 684 321 672 322 762 313 773 305 786 304 798 310 787 315 774 316 488 563 31.875713 133.009460 2.147920 0.031615 0.539301 -0.054085 47.330898 -26.015207 569.046997 18.884748 -24.582428 586.115173 75.777046 -27.447985 551.978821
658 318 668 310 682 310 693 316 682 321 669 322 760 313 770 305 784 304 795 310 784 315 772 316 1003 664 -83.544540 154.645309 4.560008 0.046963 0.550239 -0.056769 45.747475 -25.860905 566.112610 17.493629 -24.489365 583.502258 74.001320 -27.232443 548.723022
657 314 668 307 682 306 694 313 682 318 669 319 761 310 771 301 785 300 797 306 786 312 773 313 715 182 -18.253534 47.364002 0.178160 0.048993 0.567933 -0.056727 45.196308 -27.212011 555.674133 17.253687 -25.879210 573.562500 73.138924 -28.544815 537.785767
646 324 658 317 672 317 683 324 671 328 658 329 748 323 759 315 773 315 784 322 773 327 760 327 183 643 99.986504 151.470612 1.715960 0.009398 0.495921 -0.017779 39.965565 -21.058762 575.294800 10.765914 -20.568150 591.096680 69.165215 -21.549374 559.492920
647 321 658 313 672 313 684 321 672 325 658 325 749 320 760 312 774 312 786 319 774 324 761 324 79 256 123.936790 65.097687 -1.384170 0.011938 0.509312 -0.007548 39.950268 -22.431042 568.576843 10.960663 -22.289902 584.767639 68.939865 -22.572182 552.386047
644 324 655 316 669 316 681 323 669 327 656 328 746 322 757 315 771 315 782 321 771 326 758 326 788 782 -35.639919 181.439362 4.694623 0.020567 0.487708 -0.019178 38.742924 -21.350754 575.795105 9.415209 -20.902224 591.359253 68.070633 -21.799284 560.230896
635 321 646 314 660 313 672 320 660 324 647 325 737 318 748 310 762 309 774 316 762 320 749 321 907 392 -61.585865 93.981293 2.305845 -0.015338 -0.291993 -0.040631 35.577290 -24.198997 585.675049 3.804956 -22.943172 576.109436 67.349625 -25.454824 595.240723
638 320 649 312 663 311 675 319 663 323 650 324 740 317 751 309 765 308 776 315 765 320 752 321 424 84 47.036198 25.983252 -1.476523 0.023005 0.483434 -0.031091 35.187302 -24.125174 574.202087 5.802895 -23.313860 589.644165 64.571709 -24.936487 558.759949
643 321 654 314 668 313 679 321 667 325 654 326 745 320 755 312 769 311 780 318 769 323 756 323 226 290 90.982536 72.430008 -0.658815 0.020943 0.488094 -0.021346 37.807007 -22.974020 576.118469 8.486697 -22.459511 591.694519 67.127319 -23.488531 560.542358
638 321 649 314 663 314 674 321 662 325 649 326 740 319 750 311 764 310 776 317 764 322 752 323 944 411 -69.898766 98.162598 2.562846 -0.009102 -0.364352 -0.033917 36.297489 -23.128683 574.023987 5.291077 -22.081902 562.189026 67.303902 -24.175465 585.858948
638 320 649 313 664 313 675 320 663 325 650 325 740 318 751 310 765 309 776 316 765 322 752 322 701 45 -14.880747 16.745173 -0.844331 0.033166 0.503348 -0.032472 35.063381 -23.378206 570.995911 5.993268 -22.616623 587.024231 64.133492 -24.139791 554.967529
640 323 650 316 664 316 675 323 663 327 651 327 741 321 752 314 765 313 776 319 765 324 753 324 586 694 9.716460 162.130203 3.403654 0.023317 0.467547 -0.028415 36.201427 -22.381838 584.212891 6.573031 -21.650236 599.185608 65.829826 -23.113438 569.240173
637 324 648 317 661 317 672 324 661 328 649 328 739 322 749 314 763 314 774 320 763 325 750 325 564 779 14.490597 181.184265 3.937217 0.023081 0.458672 -0.032162 34.891453 -21.898968 585.224487 5.135063 -21.041056 599.934326 64.647842 -22.756880 570.514587
634 321 645 313 659 313 670 321 659 325 646 326 736 318 747 310 761 309 772 316 761 321 748 322 855 25 -49.306831 11.985508 -0.480869 0.038795 0.513087 -0.039226 32.327801 -23.171688 567.228943 3.422551 -22.249435 583.544434 61.233047 -24.093939 550.913391
644 339 656 332 670 332 681 340 669 344 656 344 745 339 756 331 769 330 780 337 769 342 757 343 329 211 68.072235 54.567638 -0.883462 0.008308 0.504690 -0.021749 38.871475 -12.010835 582.839722 9.813990 -11.387152 598.896912 67.928955 -12.634518 566.782532
641 339 653 331 666 331 678 339 666 343 653 343 742 337 752 329 766 329 777 335 766 340 753 340 935 602 -68.219345 140.903122 3.894657 0.023576 0.506527 -0.034517 37.062103 -12.978410 584.031860 8.045418 -12.075017 600.149414 66.078789 -13.881802 567.914307
642 336 653 329 667 328 679 336 667 340 654 340 743 335 753 327 767 326 778 333 767 338 754 338 600 447 7.016260 106.854034 1.689122 0.018575 0.509464 -0.026939 37.510086 -14.369131 582.746399 8.533495 -13.666713 598.945923 66.486679 -15.071549 566.546936
643 335 654 328 668 328 679 336 667 340 655 340 744 335 754 327 768 326 779 333 768 338 755 339 145 414 108.890999 100.317337 -0.041136 0.008340 0.520564 -0.017462 37.843727 -14.329470 580.091309 9.042072 -13.845966 596.607666 66.645378 -14.812973 563.574890
649 325 661 318 674 318 686 325 674 329 661 330 750 325 760 317 774 317 784 324 774 329 761 329 413 334 49.059826 81.924896 0.269249 -0.007065 -0.351146 -0.010736 43.274269 -20.461149 585.280518 12.097509 -20.152704 573.858032 74.451027 -20.769592 596.703064
658 308 670 301 683 300 694 306 682 311 670 311 757 307 766 300 779 301 789 308 779 311 767 311 787 78 -34.183067 23.967077 -0.326539 -0.053029 -0.339769 -0.016080 49.352741 -32.336823 608.416321 18.049955 -32.109558 597.341858 80.655525 -32.564087 619.490784
669 305 680 299 693 298 703 303 692 308 680 308 768 303 777 298 788 298 797 304 788 308 777 307 173 331 102.770714 81.699501 -0.540729 -0.051628 -0.334511 -0.022778 55.710052 -34.555965 610.388062 24.353796 -34.098022 599.473145 87.066307 -35.013905 621.302979
648 318 659 310 673 310 684 317 672 321 659 322 747 317 758 309 771 309 782 316 771 321 759 321 962 33 -73.264610 13.576296 -0.072266 0.031205 0.488255 -0.012653 40.839989 -25.279875 589.790039 11.517297 -25.124247 605.369385 70.162674 -25.435505 574.210693
655 324 666 317 679 317 690 324 679 328 666 328 754 324 764 317 777 317 787 324 777 328 765 328 377 635 56.588459 149.320892 2.296387 0.016694 0.493985 -0.003477 45.321701 -21.428951 596.743713 16.086603 -21.452278 612.487549 74.556801 -21.405624 580.999939
