508 193 522 186 540 187 553 197 538 201 522 200 645 201 660 192 678 193 693 201 677 207 661 206 1119 147 -95.097939 44.246758 -1.234732 -0.297454 0.004184 0.046234 -13.708560 -75.581268 510.032257 -46.877861 -77.072876 510.395721 19.460743 -74.089668 509.668823
505 225 519 218 536 220 550 231 535 234 519 232 642 234 657 225 674 224 688 232 673 238 657 238 947 882 -60.077072 189.669037 12.063649 0.313653 -0.017071 0.041409 -15.202866 -59.605099 505.712189 -48.374649 -60.869026 504.940979 17.968920 -58.341167 506.483429
511 224 525 218 542 220 556 230 541 233 525 231 648 234 663 225 680 224 694 232 679 238 663 238 876 829 -46.028221 179.165680 10.336390 0.308735 -0.022108 0.045240 -12.361090 -59.813282 505.226044 -45.524151 -61.178684 504.273834 20.801971 -58.447880 506.178223
525 225 541 219 558 221 573 231 556 233 540 232 666 236 681 228 698 228 712 236 697 241 681 240 641 779 0.614887 169.222351 7.159064 0.335586 -0.012785 0.056840 -4.334353 -57.905750 496.446686 -37.483356 -59.686272 495.716675 28.814650 -56.125225 497.176697
495 208 510 201 527 202 541 212 526 216 510 215 633 215 648 206 665 205 680 213 665 219 648 219 1150 124 -101.284691 39.701389 -1.414875 0.261289 -0.031764 0.033672 -19.618996 -68.481087 505.955780 -52.788441 -69.449097 504.768158 13.550450 -67.513077 507.143372
565 228 582 223 599 226 614 236 597 238 580 235 705 246 720 240 737 241 750 249 735 253 719 252 178 861 92.718086 185.355179 4.554187 0.307974 0.001526 0.107481 14.497992 -54.694637 501.296906 -18.516684 -58.208305 500.801971 47.512669 -51.180969 501.791840
577 210 594 206 612 209 626 219 609 220 592 218 717 230 732 223 748 225 761 233 746 237 731 235 61 395 115.436134 93.109055 -5.959605 0.233808 -0.004078 0.113157 20.314358 -63.148811 504.646576 -12.678787 -66.848320 504.075897 53.307503 -59.449303 505.217255
535 211 551 205 569 207 584 218 567 220 550 218 677 224 692 216 709 217 723 225 708 230 692 229 661 175 -4.050090 49.693943 -4.886985 0.262061 -0.009073 0.070183 0.780909 -63.566036 495.006866 -32.341270 -65.828690 494.405792 33.903088 -61.303383 495.607941
545 221 562 215 580 218 594 229 577 231 560 229 686 237 701 228 718 229 732 238 717 243 701 242 313 617 65.611336 137.094940 0.857128 0.291293 -0.002866 0.081050 5.408004 -58.391880 497.686768 -27.688438 -61.028564 497.204071 38.504448 -55.755199 498.169495
527 204 543 197 561 199 576 210 559 213 542 212 669 215 684 206 702 206 716 215 700 220 684 220 452 32 37.319862 21.351105 -9.707932 0.259460 -0.013252 0.050206 -2.843995 -67.486275 495.165558 -36.004303 -69.077217 494.515625 30.316315 -65.895332 495.815491
546 214 563 208 581 210 596 221 579 223 562 222 689 227 704 219 721 220 735 228 720 233 704 233 28 338 121.928879 81.821892 -7.417793 -0.207266 -0.048272 0.067350 6.398891 -62.945618 502.568909 -26.692398 -65.328873 501.210114 39.490181 -60.562366 503.927673
486 220 501 213 518 214 533 225 517 229 501 228 627 229 642 219 660 218 675 227 659 233 642 233 1073 300 -85.781700 74.516243 1.439575 0.242871 -0.027263 0.038736 -22.590944 -60.784733 495.127106 -55.758694 -61.948490 494.075653 10.576807 -59.620979 496.178558
517 212 533 205 551 207 566 218 549 221 532 219 660 224 675 215 693 215 707 224 692 229 675 229 613 250 5.574427 64.526695 -3.810512 0.282487 -0.015068 0.060589 -7.196754 -63.160873 491.783417 -40.337299 -65.074608 491.007874 25.943792 -61.247143 492.558990
453 217 466 210 483 210 497 219 483 224 467 223 591 219 606 209 625 208 641 215 625 222 608 222 1408 31 -152.661942 21.349531 -0.921250 -0.147787 0.012159 -0.010362 -39.377029 -65.444145 503.413788 -72.577614 -65.071579 503.790649 -6.176445 -65.816711 503.036926
513 215 529 208 547 210 562 222 545 225 529 223 656 228 671 219 689 219 703 228 688 234 671 233 615 266 5.195269 67.693535 -3.468106 0.259993 -0.015837 0.068956 -9.036282 -61.296017 491.723816 -42.158489 -63.490147 490.908447 24.085926 -59.101887 492.539185
511 219 526 212 544 214 558 225 542 228 526 226 653 231 669 222 687 223 701 232 685 237 669 237 545 306 19.151714 75.595215 -3.303011 0.256823 -0.019508 0.067187 -10.313311 -59.540413 490.685272 -43.437340 -61.662415 489.760345 22.810717 -57.418411 491.610229
556 202 573 196 592 198 606 209 589 211 572 209 698 218 713 211 730 212 743 221 728 225 712 223 48 106 117.689171 35.912849 -11.931277 -0.165312 -0.075933 0.088324 10.996239 -68.420578 506.201569 -21.984097 -71.541107 503.938965 43.976574 -65.300049 508.464142
487 212 502 204 520 206 535 216 519 220 502 219 630 219 645 210 664 210 679 218 663 224 646 224 924 70 -56.434677 28.968294 -4.590285 0.271537 -0.043531 0.037698 -20.944733 -64.071091 488.744080 -54.094841 -65.111862 487.148254 12.205379 -63.030327 490.339874
539 220 556 214 575 217 590 227 572 230 555 228 683 234 699 227 716 227 729 235 714 240 698 240 150 445 97.806808 103.022408 -4.127271 0.249230 -0.019940 0.073819 3.567228 -58.406628 491.036163 -29.541061 -60.748058 490.077789 36.675518 -56.065193 491.994537
538 225 555 219 573 221 588 232 571 234 553 233 682 240 697 232 714 232 728 241 713 246 696 245 127 565 102.514656 126.765862 -1.909294 0.269042 -0.016120 0.080078 2.784893 -55.903526 490.216125 -30.309872 -58.456074 489.332550 35.879658 -53.350975 491.099701
570 354 583 347 599 349 612 359 598 362 583 361 696 361 709 352 725 352 738 360 725 366 710 365 1106 797 -91.771446 172.880066 11.807250 0.223132 0.035213 0.027990 13.345754 1.962327 546.537903 -19.825611 0.911050 547.593811 46.517120 3.013605 545.481934
564 266 579 258 596 259 610 268 594 272 579 271 691 271 704 262 720 263 733 272 720 277 705 276 325 665 63.281517 146.596680 1.939620 -0.306916 -0.021121 0.037703 11.215350 -44.668858 551.304626 -21.958704 -46.007580 550.805054 44.389404 -43.330135 551.804199
538 258 551 251 567 252 579 261 566 264 551 264 662 263 675 254 691 254 704 262 690 267 675 267 1117 334 -94.486710 81.253929 2.533375 -0.343899 0.004548 0.024353 -4.015565 -50.552162 568.400574 -37.210289 -51.319168 568.686279 29.179159 -49.785152 568.114868
533 266 546 260 562 260 574 268 561 272 546 271 657 269 670 262 686 261 699 268 685 273 671 273 1015 623 -73.886429 138.426514 7.445636 -0.110255 -0.001436 0.010007 -6.634424 -46.788830 567.094482 -39.837543 -47.123047 567.065186 26.568695 -46.454613 567.123779
543 256 557 249 573 250 585 259 571 263 557 262 668 262 681 254 697 254 710 262 696 267 682 266 781 343 -27.704979 82.966042 -0.379709 -0.190532 0.000544 0.036009 -0.815005 -50.893261 564.936218 -33.998352 -52.079742 565.067688 32.368343 -49.706783 564.804688
608 240 622 235 638 237 650 246 636 248 621 247 731 254 744 247 759 248 771 256 758 260 744 259 332 159 61.311993 46.459953 -8.241804 -0.329462 -0.002829 0.103215 33.619549 -57.317341 573.145203 0.589987 -60.692215 573.612122 66.649109 -53.942467 572.678345
560 245 572 239 587 240 598 249 585 252 572 251 676 254 689 247 704 248 717 255 704 260 689 259 1040 533 -78.957428 120.620514 5.853548 -0.116054 0.072872 0.078298 5.334671 -59.132275 598.413574 -27.680592 -61.581238 600.973755 38.349934 -56.683308 595.853333
602 238 616 232 631 234 643 244 629 246 615 245 722 251 735 244 750 245 762 254 749 258 735 257 672 358 -6.026856 85.912178 -1.080114 -0.191360 0.001371 0.102145 30.238997 -60.387138 589.103638 -2.793240 -63.747974 589.472046 63.271233 -57.026302 588.735229
587 249 601 243 616 245 628 254 614 257 600 255 708 261 721 254 736 255 748 263 735 267 721 266 696 554 -10.572181 124.705803 3.109752 -0.209019 0.008825 0.089495 21.969545 -54.542164 586.018555 -11.101579 -57.457760 586.618286 55.040668 -51.626564 585.418762
584 242 598 236 613 238 625 247 611 250 597 248 705 253 718 246 734 247 746 255 733 259 718 258 800 121 -31.734533 39.035805 -4.699916 -0.187513 0.018989 0.082494 20.404591 -58.610508 584.835754 -12.681672 -61.271507 585.717773 53.490852 -55.949509 583.953735
588 246 602 240 617 241 629 250 615 253 601 252 709 256 722 250 738 251 750 259 736 262 722 261 455 414 37.160385 96.950096 -1.945242 -0.101071 0.015967 0.084164 22.656517 -56.658646 584.957275 -10.426637 -59.418365 585.626892 55.739674 -53.898926 584.287598
589 245 603 240 618 241 630 250 616 253 602 251 710 256 723 250 738 250 750 258 737 262 723 261 262 492 75.603394 112.346779 -2.143802 -0.000488 0.019234 0.081747 23.029242 -56.785027 584.917053 -10.058553 -59.496075 585.555664 56.117035 -54.073982 584.278503
590 242 603 237 619 238 631 247 617 250 603 248 711 253 724 246 739 247 751 255 738 259 724 258 397 151 48.385750 44.890091 -7.804997 0.076480 0.013737 0.078078 23.428688 -58.195023 581.272766 -9.671886 -60.799767 581.628906 56.529263 -55.590275 580.916565
578 241 591 235 606 236 618 245 605 248 591 247 699 251 712 244 727 244 740 252 726 256 712 255 1356 3 -142.360275 15.797611 -1.967255 -0.011053 0.018168 0.070273 16.812660 -59.158730 580.555054 -16.304724 -61.486717 581.170715 49.930042 -56.830742 579.939453
607 240 621 235 636 237 648 246 634 248 620 247 727 253 740 246 755 247 766 255 754 259 740 258 143 182 98.897224 50.972874 -9.517200 -0.032289 -0.037332 0.086737 33.209019 -59.427113 589.697632 0.152126 -62.322418 588.506531 66.265915 -56.531807 590.888733
573 257 586 252 601 254 613 263 599 265 585 264 692 270 706 263 721 263 733 271 720 275 705 274 873 714 -45.563515 156.406387 7.980137 0.182103 0.033842 0.087087 13.567122 -49.478909 583.217224 -19.493267 -52.452419 584.070740 46.627510 -46.505398 582.363708
551 257 565 247 584 246 599 257 583 264 566 265 710 254 729 244 752 244 773 254 753 262 731 262 1272 370 -125.247864 88.410210 4.690235 -0.005679 0.577837 0.025051 8.924163 -34.485008 370.197540 -18.879877 -35.218231 388.334717 36.728203 -33.751789 352.060364
597 240 611 234 626 236 638 245 624 248 610 246 718 253 731 246 746 247 758 255 744 259 730 258 569 207 14.269150 56.007896 -5.086552 -0.250269 -0.009290 0.096328 27.474075 -59.230572 586.369507 -5.576181 -62.429241 586.462585 60.524330 -56.031898 586.276428
564 262 584 247 609 245 631 258 609 265 586 267 745 247 765 231 791 226 814 236 793 246 769 249 1222 295 -115.397369 73.557335 2.710959 -0.483648 0.036218 -0.095346 20.542311 -35.139977 359.681915 -12.493281 -31.816433 360.086029 53.577904 -38.463516 359.277802
601 244 614 239 630 241 642 250 628 252 613 251 721 258 734 252 749 253 761 261 748 265 734 263 306 401 66.755478 94.346779 -3.581105 0.250314 0.048651 0.097605 29.204756 -55.918716 580.887817 -3.803816 -59.320499 582.080139 62.213329 -52.516933 579.695496
478 254 492 247 508 249 522 259 508 262 492 260 618 262 633 254 651 253 666 260 650 266 634 266 1417 778 -153.596497 169.183807 14.287539 0.197423 0.012996 0.038875 -26.867620 -45.077000 494.919922 -60.044632 -46.401562 495.221558 6.309392 -43.752434 494.618317
505 228 519 221 537 223 550 234 535 237 519 236 645 239 661 229 679 229 695 238 678 244 661 244 1124 338 -95.873215 82.046974 2.678856 0.201132 0.008327 0.060866 -13.961706 -56.313576 494.033447 -47.104092 -58.347446 494.105408 19.180681 -54.279705 493.961487
507 230 522 223 539 225 552 236 537 239 521 237 647 241 662 232 681 233 696 241 680 247 663 246 1121 470 -95.126137 108.169350 5.324066 0.209710 0.006265 0.066028 -13.137883 -55.420517 496.287781 -46.269955 -57.617069 496.265167 19.994190 -53.223969 496.310425
512 221 527 214 544 216 558 227 543 230 526 228 653 233 669 223 687 224 702 233 686 239 669 238 1010 89 -73.503265 32.746086 -3.413302 0.184455 0.012141 0.073009 -10.320765 -59.111900 493.041077 -43.434933 -61.557278 493.218719 22.793404 -56.666523 492.863434
533 234 548 228 566 230 580 241 564 243 548 241 674 249 690 241 707 242 722 250 706 255 690 254 569 881 15.039659 189.393509 8.561162 0.281676 0.002663 0.087220 -0.444265 -52.104431 493.565369 -33.523575 -54.971119 493.247589 32.635044 -49.237740 493.883179
511 222 525 215 542 217 556 227 541 231 525 230 651 232 666 223 684 223 700 232 684 238 667 237 1207 230 -112.490814 60.690655 1.256601 0.171670 0.014102 0.059706 -11.465210 -59.418919 496.557983 -44.607712 -61.430553 496.853943 21.677290 -57.407284 496.262024
522 219 536 212 554 214 567 225 552 228 536 226 662 231 678 222 696 223 711 231 695 237 678 236 921 177 -55.716183 50.143139 -2.451297 0.229355 -0.009967 0.075128 -5.986470 -59.942211 493.074890 -39.096390 -62.374878 492.462463 27.123447 -57.509548 493.687317
519 235 533 229 550 231 564 241 549 243 533 242 657 247 673 240 690 240 705 248 689 253 673 252 1029 871 -76.385063 187.508957 12.596318 0.234138 0.008749 0.072813 -8.109959 -53.136276 500.445038 -41.225925 -55.563675 500.450989 25.006010 -50.708878 500.439087
572 238 589 232 607 233 622 242 605 245 588 244 718 251 734 245 753 246 769 255 752 258 735 256 37 876 120.755394 188.294754 3.558989 -0.301427 0.018461 0.091225 18.977261 -48.889671 477.267731 -14.084920 -51.777153 478.323364 52.039440 -46.002190 476.212097
542 236 557 230 575 232 589 243 573 245 557 244 685 250 701 241 718 242 732 251 717 255 700 255 748 598 -20.855556 133.424149 4.479739 0.276095 0.004817 0.073228 4.200557 -50.964752 488.559143 -28.915451 -53.385254 488.383514 37.316566 -48.544254 488.734741
541 231 557 224 575 226 589 237 573 240 556 238 686 243 701 234 719 235 733 243 717 249 701 248 447 347 38.673588 83.689056 -3.375612 0.259569 -0.008748 0.065880 4.255381 -53.707870 487.252045 -28.876541 -55.831848 486.682831 37.387302 -51.583889 487.821259
545 232 560 225 578 227 592 238 576 241 560 239 687 244 703 235 721 236 735 245 719 250 703 250 426 476 42.994278 109.214035 -0.956970 0.250855 -0.003748 0.070371 5.428511 -53.605377 491.384155 -27.694319 -55.900154 490.969666 38.551338 -51.310596 491.798645
535 225 550 218 568 220 582 231 566 235 550 233 677 238 693 228 711 228 725 237 710 243 693 243 897 112 -51.021103 37.274612 -3.988565 0.211626 0.005541 0.065097 0.861284 -56.674625 490.606293 -32.272953 -58.837925 490.560974 33.995522 -54.511326 490.651611
545 236 560 229 578 231 592 242 576 245 560 243 688 248 703 239 721 240 735 248 719 254 703 253 466 615 35.204197 136.730560 2.226108 0.274760 0.004362 0.064630 5.487164 -51.724625 490.054382 -27.648445 -53.862041 489.904419 38.622772 -49.587208 490.204315
542 240 558 233 575 236 589 246 573 249 557 248 684 252 699 243 716 244 730 252 715 258 699 257 622 770 4.380364 167.437332 6.801792 0.254023 0.003113 0.064067 3.880373 -50.243652 494.803986 -29.256523 -52.359795 494.637512 37.017269 -48.127506 494.970459
545 235 560 229 578 231 592 241 576 244 560 242 688 247 704 239 721 240 735 248 720 253 703 252 525 541 23.394854 122.097961 1.271219 0.273379 0.003423 0.067242 5.582585 -51.831764 489.104553 -27.547462 -54.050579 488.913544 38.712631 -49.612953 489.295563
544 237 560 231 578 233 592 243 576 246 559 245 687 250 703 241 720 242 734 250 719 256 702 255 590 635 10.585219 140.714050 3.773407 0.269621 0.005516 0.067666 5.309043 -50.983143 491.127991 -27.819738 -53.225677 491.007843 38.437824 -48.740604 491.248138
526 227 541 220 558 222 572 232 557 235 541 234 667 238 683 229 701 229 716 237 700 243 683 243 1355 79 -142.074661 30.837919 -0.437556 0.207607 0.014254 0.059438 -3.675460 -56.617863 492.970428 -36.818489 -58.625042 493.235962 29.467569 -54.610680 492.704895
542 227 557 220 575 222 590 233 573 236 557 234 686 239 701 230 719 231 734 240 718 245 701 244 547 265 18.707394 67.481667 -4.114789 -0.192492 0.002528 0.070078 4.508254 -56.781967 497.006683 -28.615206 -59.084595 497.313232 37.631714 -54.479340 496.700134
567 231 583 225 601 228 616 238 599 240 582 239 710 246 725 238 742 239 756 247 741 252 725 251 179 568 92.184410 127.370247 -1.369509 0.249570 0.013782 0.080893 16.040165 -53.616211 494.507751 -17.053495 -56.328228 494.626892 49.133827 -50.904194 494.388611
410 292 426 285 444 287 459 298 443 302 426 300 560 301 575 291 594 290 609 299 593 306 576 306 986 855 -67.858200 184.333710 11.876209 0.189319 -0.067729 0.039541 -52.750305 -25.475628 471.117950 -85.853355 -26.567266 468.760864 -19.647253 -24.383991 473.475037
467 282 483 274 502 276 517 287 500 291 483 290 616 292 632 282 650 282 665 291 649 297 632 297 1175 590 -105.720078 131.928619 8.251389 0.205540 -0.036743 0.047616 -27.659803 -29.910627 473.470642 -60.804790 -31.354733 472.098022 5.485183 -28.466520 474.843262
519 285 536 278 556 280 571 292 553 295 535 293 670 298 686 289 705 289 719 299 703 305 686 304 29 213 121.587257 57.084408 -9.939685 0.167187 -0.026692 0.063389 -3.482160 -27.144974 466.103729 -36.608646 -29.164455 465.046783 29.644327 -25.125490 467.160706
559 261 576 257 593 259 608 268 592 270 575 269 701 275 716 269 733 269 746 276 731 281 716 280 301 809 68.215523 175.089569 4.634357 0.220801 -0.007165 0.073628 12.270549 -39.988857 499.489471 -20.843819 -42.385475 498.985016 45.384918 -37.592243 499.993927
541 252 558 245 576 246 590 257 574 260 557 258 683 264 698 256 716 257 729 266 714 270 698 269 237 429 80.499481 99.873848 -3.649785 -0.328014 -0.031129 0.072719 3.832468 -45.620102 504.585327 -29.269445 -48.157085 503.963470 36.934380 -43.083115 505.207184
517 255 534 249 552 250 567 260 550 263 533 262 662 266 678 258 695 259 709 268 694 272 678 271 615 746 5.743999 162.686249 6.251334 -0.302269 -0.051285 0.053957 -6.558737 -43.586899 496.080139 -39.672291 -45.605026 494.673218 26.554815 -41.568771 497.487061
587 348 604 341 624 343 640 354 622 357 603 355 742 363 758 355 777 356 792 366 775 370 758 369 379 678 52.565254 149.180481 2.700317 -0.364418 0.013659 0.092940 27.281422 1.202063 467.178467 -5.778605 -1.730007 468.177063 60.341446 4.134133 466.179840
567 324 584 316 603 318 618 328 601 332 583 332 719 334 735 326 754 327 769 337 753 342 735 341 729 55 -17.700541 25.959726 -6.690411 -0.355090 0.024435 0.070526 17.939735 -10.789838 474.180176 -15.173595 -12.938110 475.385101 51.053066 -8.641566 472.975250
545 350 561 343 579 344 594 354 578 357 561 356 696 359 712 351 731 351 748 360 731 365 713 364 1072 872 -84.929070 187.715698 13.012695 -0.357823 0.055168 0.062808 7.697351 0.227706 471.929565 -25.392738 -1.487145 474.089417 40.787437 1.942558 469.769714
602 345 620 340 638 342 654 352 636 354 618 353 757 361 773 354 790 355 804 363 789 368 772 366 177 665 92.692749 146.566284 0.576203 -0.313247 0.008217 0.092723 33.897095 0.089800 470.756073 0.834867 -2.892189 471.502045 66.959320 3.071789 470.010132
549 337 565 329 583 330 598 340 582 344 564 344 700 345 716 336 735 336 751 345 735 351 717 350 1202 97 -111.649231 34.368725 -1.482555 0.124469 0.009286 0.052770 9.225242 -5.658005 462.724457 -23.931980 -7.424023 462.922974 42.382465 -3.891986 462.525940
564 353 581 345 600 347 615 358 598 361 580 360 719 364 735 356 754 357 770 367 753 371 735 370 898 830 -50.399017 179.368103 10.559309 -0.403687 0.027268 0.076076 16.997087 2.315130 465.064178 -16.100817 0.039985 466.446960 50.094994 4.590274 463.681396
548 335 564 327 582 329 597 339 580 343 563 342 697 344 714 335 733 335 749 344 732 350 714 350 1300 242 -130.958481 63.084572 2.356328 0.121244 0.010445 0.056119 8.432277 -6.204822 465.498352 -24.718521 -8.083652 465.731323 41.583073 -4.325992 465.265350
575 325 592 318 611 320 626 331 609 334 591 333 727 338 743 329 762 330 777 341 761 346 743 344 694 11 -10.795483 17.244871 -7.903789 0.192885 0.025671 0.076319 21.055079 -9.284394 462.463837 -12.042484 -11.882036 463.066528 54.152641 -6.686751 461.861115
604 324 621 318 641 320 656 330 638 333 620 332 755 340 771 333 790 335 804 345 788 349 771 347 340 143 59.703903 43.295174 -8.492087 -0.346370 0.003409 0.107274 34.412071 -8.936630 474.829712 1.396418 -12.401690 475.550568 67.427727 -5.471571 474.108826
564 331 580 324 598 325 613 335 596 339 579 338 713 340 729 332 748 332 763 342 747 347 729 346 1032 217 -77.728882 58.081997 -0.618781 -0.369242 0.077525 0.072387 15.623288 -8.184719 478.675262 -17.397032 -10.060199 481.624969 48.643608 -6.309239 475.725586
561 341 577 333 595 335 610 346 593 349 576 348 711 351 727 342 745 343 761 352 744 358 727 357 1085 523 -87.911461 118.650742 6.065612 -0.337195 0.052350 0.067932 14.410774 -3.401461 476.155396 -18.673151 -5.321762 478.235291 47.494698 -1.481159 474.075500
605 334 623 328 642 330 658 340 640 343 621 341 757 349 773 342 792 344 806 353 790 357 773 355 77 377 112.235962 89.550110 -6.176688 -0.354503 0.026782 0.104403 34.970318 -4.900790 473.467651 1.956181 -8.132850 474.944183 67.984451 -1.668729 471.991089
573 330 589 323 608 324 623 335 606 339 588 338 725 342 741 333 760 334 775 344 758 349 741 348 761 135 -23.968271 41.798420 -4.775711 -0.346426 0.037898 0.077500 20.334265 -7.770090 472.921082 -12.748293 -10.073474 474.593933 53.416821 -5.466706 471.248230
581 332 598 325 617 326 632 337 615 341 597 339 733 345 750 336 768 337 783 347 767 352 750 351 642 197 -0.249173 54.043873 -4.616544 -0.365982 0.036856 0.086226 24.226677 -6.606496 472.954712 -8.833876 -9.180681 474.667328 57.287228 -4.032310 471.242096
587 345 604 339 623 341 638 351 620 354 603 353 740 359 756 352 774 353 789 362 773 366 756 365 464 713 35.713680 156.124496 4.192070 -0.362746 0.022057 0.089351 26.725180 -0.227279 471.540680 -6.340641 -2.994107 472.787964 59.791000 2.539549 470.293396
573 334 590 326 609 327 624 338 607 342 589 341 726 345 742 336 761 337 776 347 760 352 742 351 876 147 -46.807873 44.196854 -3.473314 -0.340601 0.039773 0.077133 20.683270 -6.259657 471.867889 -12.397786 -8.545834 473.593201 53.764324 -3.973481 470.142548
608 325 626 317 645 319 660 330 643 333 625 331 758 339 774 332 792 333 806 344 790 347 774 345 38 53 119.615829 25.422016 -13.096588 -0.351199 0.008874 0.104531 36.318810 -9.298573 479.700378 3.294678 -12.641148 480.591187 69.342941 -5.955997 478.809570
587 338 604 331 623 333 639 343 621 346 603 345 740 350 756 343 774 344 789 353 773 357 756 356 532 486 21.940907 111.214821 0.222019 -0.388454 0.019393 0.084429 26.919315 -4.035552 472.038269 -6.162543 -6.642147 473.202698 60.001175 -1.428956 470.873840
569 341 585 334 603 336 618 346 601 350 584 349 719 353 735 344 754 345 770 354 753 360 736 359 1034 550 -77.745644 123.983604 6.142505 -0.371658 0.051116 0.075954 18.144085 -2.859491 474.555084 -14.923261 -5.008808 476.674225 51.211430 -0.710174 472.435944
561 334 577 326 595 328 610 338 593 341 576 341 710 343 726 335 745 335 761 344 744 350 726 349 1229 227 -116.866180 60.101467 1.398525 -0.345100 0.073535 0.069663 14.361009 -6.884915 477.114807 -18.675287 -8.731717 479.899078 47.397305 -5.038114 474.330536
518 338 532 332 549 333 561 342 547 346 532 345 650 348 664 341 681 342 695 350 680 355 664 354 1103 150 -91.914917 44.837173 -1.321382 -0.368131 0.007601 0.072944 -11.358854 -5.133603 538.907166 -44.475414 -7.453304 539.594299 21.757706 -2.813902 538.220032
541 352 554 345 571 346 584 355 569 359 554 358 672 360 687 352 704 352 719 360 704 365 688 365 1287 685 -127.868622 150.752274 11.206801 -0.380727 0.043739 0.059237 0.206078 0.976627 534.647461 -32.909836 -0.668372 536.433411 33.321995 2.621625 532.861450
573 349 588 344 605 345 618 354 603 357 587 356 707 362 722 355 738 356 751 364 737 368 721 367 628 725 3.136574 158.532990 5.945868 -0.401850 0.020939 0.090759 17.323967 1.296867 533.868347 -15.738840 -1.494297 535.141052 50.386772 4.088032 532.595642
569 346 583 340 600 342 613 351 598 354 583 352 703 357 717 350 734 351 747 359 733 363 717 362 645 509 -0.488672 115.789757 1.728729 -0.392688 0.023432 0.080723 14.953779 -0.886977 532.955994 -18.135302 -3.345186 534.232544 48.042858 1.571232 531.679443
543 354 557 348 573 349 586 358 572 361 557 361 675 362 690 354 707 355 721 362 706 367 690 367 1213 722 -113.120712 158.059433 11.274301 0.192443 -0.028341 0.057703 1.514165 2.208617 525.596008 -31.622269 0.395967 524.477722 34.650600 4.021268 526.714355
547 342 561 336 577 337 590 346 575 350 560 349 679 352 693 344 710 344 725 353 710 358 694 357 1166 239 -104.332817 62.463348 1.061137 0.190905 -0.028198 0.071939 3.284199 -3.173124 525.636902 -29.821842 -5.455937 524.479980 36.390240 -0.890311 526.793823
562 334 577 328 594 329 607 338 592 342 576 341 696 345 710 337 727 338 741 347 726 351 710 350 759 113 -23.595972 37.444176 -5.239610 -0.391692 0.038193 0.082374 11.669166 -6.933602 534.273254 -21.400610 -9.350653 536.036072 44.738941 -4.516551 532.510437
565 341 580 335 597 337 610 346 595 349 579 348 699 352 714 345 730 346 744 355 729 359 714 358 710 311 -13.632118 76.618607 -1.681743 -0.383071 0.027360 0.084362 13.191885 -3.173185 532.795105 -19.884014 -5.731019 534.210022 46.267784 -0.615351 531.380188
585 351 600 346 616 347 630 356 615 358 599 357 719 362 733 356 748 357 761 365 747 368 733 367 60 818 116.118423 176.821182 2.596439 -0.392881 0.006892 0.083661 22.989508 1.802034 534.493286 -10.099878 -0.857429 535.254395 56.078896 4.461496 533.732117
588 340 604 334 621 336 635 344 619 347 603 346 722 351 737 344 752 345 766 353 751 357 736 356 7 168 125.907753 48.174324 -11.053553 -0.350596 -0.001406 0.077284 25.165497 -3.944624 535.050293 -7.941183 -6.464135 535.449646 58.272175 -1.425113 534.650940
543 352 557 345 573 346 586 354 571 358 556 358 675 358 689 350 706 350 721 357 706 363 690 362 1326 558 -135.764069 125.626785 8.994478 -0.361839 0.046122 0.041981 1.292153 0.241050 535.697632 -31.848804 -0.847847 537.444275 34.433109 1.329946 533.950928
555 349 569 343 586 344 599 353 584 357 568 356 688 358 703 350 720 351 734 359 719 364 703 363 1028 500 -76.610458 114.087303 5.074789 -0.389842 0.029737 0.061886 7.807931 0.027397 532.882690 -25.319632 -1.784315 534.239868 40.935493 1.839108 531.525513
553 342 568 336 584 337 597 346 583 349 567 348 687 350 701 343 718 344 733 352 718 356 702 355 1113 26 -94.043915 20.299442 -3.740114 -0.359522 0.042245 0.061542 7.136538 -3.676641 531.616943 -25.976801 -5.425171 533.351624 40.249878 -1.928110 529.882324
551 347 565 340 581 341 594 350 580 353 564 353 683 355 698 347 715 348 729 356 714 360 698 360 1394 372 -149.489975 88.831070 5.854630 -0.389255 0.035885 0.060465 5.513715 -1.546250 534.030090 -27.610086 -3.273131 535.576477 38.637516 0.180632 532.483704
578 343 593 338 610 340 624 348 608 351 593 350 712 355 727 349 743 350 756 358 741 362 726 361 3 507 127.090195 115.262115 -4.226048 -0.400340 0.015607 0.091204 19.850962 -1.776025 534.079224 -13.213694 -4.617662 535.180664 52.915619 1.065612 532.977722
578 343 593 337 610 339 624 347 608 350 592 349 712 354 726 348 742 349 755 357 741 361 726 359 39 391 119.803505 92.312927 -6.243270 -0.405982 0.015010 0.087226 19.686758 -2.253783 534.389038 -13.389857 -4.967757 535.452759 52.763374 0.460192 533.325317
554 340 569 333 585 334 598 343 583 347 568 346 687 348 702 341 719 342 732 350 718 354 702 353 1026 96 -76.674858 34.134682 -3.124164 -0.400124 0.034184 0.066041 7.400290 -4.776995 533.321960 -25.713972 -6.685866 534.858643 40.514553 -2.868124 531.785217
553 343 567 336 583 337 597 346 582 350 567 349 685 351 700 344 717 344 730 352 716 357 700 356 1236 280 -118.196663 70.591682 2.536199 -0.395323 0.035066 0.063887 6.582626 -3.484951 534.898804 -26.535189 -5.322573 536.445740 39.700443 -1.647329 533.351868
553 347 567 341 583 342 597 351 582 354 566 353 686 356 700 349 717 349 731 357 716 362 700 361 1096 575 -90.037987 128.943878 7.219886 -0.417537 0.029863 0.065534 6.616232 -0.996738 533.781555 -26.503754 -2.904309 535.191284 39.736217 0.910834 532.371826
557 349 572 343 588 344 601 353 586 356 571 355 690 358 705 351 721 352 735 360 720 364 705 363 639 634 0.846573 140.526215 4.204559 -0.431031 0.034724 0.071112 8.904578 0.199922 533.713989 -24.197914 -1.841931 535.331238 42.007072 2.241774 532.096741
576 301 594 294 614 296 630 306 612 309 593 308 737 313 753 305 772 306 787 314 771 319 753 318 236 607 80.901695 135.100113 -0.054705 -0.308383 0.007756 0.069232 23.180523 -20.009165 452.047516 -9.944384 -22.230526 452.652283 56.305428 -17.787802 451.442719
570 330 588 323 608 325 625 335 606 338 587 336 728 341 745 333 764 334 779 343 762 348 745 346 286 773 71.155235 167.962036 3.767215 -0.338296 0.008148 0.069381 20.451977 -7.720129 457.315552 -12.672615 -9.933073 457.966583 53.576572 -5.507185 456.664520
558 328 576 321 595 323 612 333 594 336 575 335 716 337 733 328 752 329 767 337 751 343 733 342 483 703 31.926481 154.149384 4.164614 -0.327052 0.011429 0.048005 15.270511 -9.275175 458.414307 -17.894239 -10.778789 459.045227 48.435261 -7.771562 457.783386
724 310 741 300 761 297 779 301 761 308 742 311 895 288 915 280 937 279 958 285 938 290 916 291 563 112 15.352894 37.206020 -7.065464 -0.652409 0.296601 -0.005209 81.381149 -22.687023 412.037689 49.575863 -19.451025 421.010529 113.186440 -25.923019 403.064850
512 344 527 337 545 338 561 347 544 351 527 351 665 347 682 339 701 338 719 345 702 351 683 351 1294 842 -129.080215 181.824234 14.450355 0.109825 0.021310 0.011963 -6.292201 -3.831306 451.939178 -39.487110 -4.266525 452.623474 26.902708 -3.396086 451.254883
580 322 598 315 619 317 636 327 617 329 598 328 739 335 756 327 775 329 791 338 773 342 755 340 228 624 82.510925 138.462799 0.215827 -0.340871 0.011563 0.084035 24.840288 -10.579077 453.151215 -8.246284 -13.247632 453.998016 57.926861 -7.910522 452.304443
568 322 585 315 605 317 621 328 603 331 585 329 726 334 743 325 762 326 778 335 761 340 743 339 401 643 48.153301 142.258453 2.194278 -0.339076 0.007151 0.065206 19.374359 -10.976892 455.135773 -13.759721 -13.059406 455.731995 52.508438 -8.894379 454.539551
520 320 536 312 555 312 571 322 554 327 536 327 675 323 691 313 712 312 729 320 712 327 693 327 1024 349 -75.988182 84.203354 1.980366 0.158028 -0.015698 0.016131 -2.117670 -14.262790 449.919128 -35.314091 -14.755041 449.357849 31.078749 -13.770538 450.480377
584 322 602 317 621 319 637 328 619 330 601 329 742 336 758 329 776 330 792 339 775 343 758 341 129 707 102.279541 154.868286 0.984465 -0.341435 0.014663 0.085447 26.124062 -10.328873 457.808838 -6.957249 -13.025558 458.765076 59.205372 -7.632188 456.852570
529 309 545 301 563 302 578 313 562 317 545 317 682 315 698 305 717 305 734 314 717 321 699 320 1206 45 -112.503578 24.078669 -2.498645 0.094563 0.021396 0.034547 0.830368 -18.226963 457.454193 -32.347054 -19.405640 458.109222 34.007790 -17.048286 456.799194
579 305 597 298 616 300 632 310 614 313 596 312 735 318 751 311 770 312 785 321 768 326 751 324 180 344 91.729614 83.040520 -5.896035 -0.338748 -0.006055 0.082027 23.891327 -18.045612 462.038116 -9.202302 -20.748194 462.297791 56.984955 -15.343030 461.778442
534 306 550 298 569 299 584 310 567 314 550 313 686 313 703 304 722 304 738 313 722 319 703 319 1245 79 -120.214966 30.815331 -1.450906 0.146161 -0.005086 0.048040 3.055022 -19.273174 457.896576 -30.111122 -20.849735 457.612030 36.221165 -17.696613 458.181152
530 329 546 322 564 323 580 333 563 337 546 336 684 337 700 328 720 328 737 336 720 343 701 342 1294 845 -129.076782 182.417938 14.511101 0.138181 0.018314 0.043894 1.704215 -8.890907 452.382202 -31.463108 -10.385164 452.887634 34.871540 -7.396651 451.876740
585 316 603 311 623 313 639 322 621 325 602 323 742 331 759 324 777 325 793 334 776 338 759 336 237 614 80.710976 136.485626 0.096249 -0.316103 -0.004090 0.087348 26.744921 -12.722997 458.358032 -6.334078 -15.592912 458.678955 59.823921 -9.853083 458.037079
534 313 549 305 568 306 583 317 567 321 549 320 687 321 703 311 723 311 740 320 723 326 704 326 1063 254 -83.847038 65.410721 0.416006 0.150740 -0.001365 0.048744 3.120014 -15.985220 453.071075 -30.045404 -17.593571 452.904205 36.285431 -14.376869 453.237946
546 310 562 302 581 304 597 315 580 319 562 318 700 320 717 311 737 311 754 320 737 327 718 326 898 242 -51.071213 63.002014 -1.347005 -0.274257 0.058903 0.061673 9.029836 -17.011002 460.747314 -24.055054 -18.764442 462.955322 42.114723 -15.257562 458.539337
549 306 566 299 585 300 600 311 583 315 565 314 703 317 719 308 739 308 755 318 738 324 720 323 855 201 -42.572926 54.879223 -2.573335 -0.253351 0.055659 0.067667 10.121812 -18.468138 463.060028 -22.956310 -20.455471 465.169037 43.199932 -16.480803 460.951019
563 310 581 303 600 305 616 316 598 319 580 318 720 324 737 315 756 317 772 326 755 331 737 330 595 364 9.281793 87.083771 -1.667966 -0.330643 0.012763 0.083860 17.185314 -15.727284 458.632080 -15.901193 -18.388704 459.503601 50.271820 -13.065865 457.760559
547 310 563 302 582 304 597 315 581 319 563 318 700 319 717 310 737 310 753 319 736 326 718 325 854 274 -42.290749 69.325829 -1.104382 0.177292 0.001835 0.054765 9.068445 -16.744673 454.185364 -24.086660 -18.558090 454.085205 42.223553 -14.931254 454.285492
539 318 556 311 574 312 590 322 573 327 555 326 693 327 710 318 730 318 747 327 729 333 711 332 1019 418 -74.915680 97.857529 3.331475 0.166973 0.000408 0.052646 5.865416 -13.268204 451.121063 -27.293497 -15.008506 450.988953 39.024330 -11.527903 451.253174
522 328 538 321 557 323 572 335 555 338 538 336 674 342 691 332 711 333 727 343 709 348 691 347 1123 559 -95.421844 125.782997 7.144636 0.209986 -0.008643 0.075145 -1.914703 -7.776881 453.975128 -35.024921 -10.221379 453.429626 31.195515 -5.332383 454.520630
587 309 605 303 626 306 641 318 623 321 604 318 743 329 760 321 779 322 793 332 777 337 759 335 515 372 25.188900 88.650558 -2.242957 -0.304898 -0.004518 0.112130 27.491291 -14.465153 461.203766 -5.506271 -18.145935 461.618988 60.488850 -10.784369 460.788544
484 332 501 325 520 327 536 339 519 342 501 340 645 345 663 336 684 336 702 345 683 352 663 351 1137 634 -98.118248 140.628479 8.792271 0.135881 0.014358 0.067668 -14.951526 -5.919655 429.172577 -48.077049 -8.190188 429.495148 18.173996 -3.649122 428.850006
485 322 501 315 521 317 537 329 519 332 501 331 644 335 662 325 683 326 701 335 682 342 662 341 1302 469 -131.096420 108.008621 6.971238 0.086050 0.030383 0.066003 -15.210630 -10.076102 432.863434 -48.327885 -12.306438 433.775970 17.906624 -7.845767 431.950897
519 306 537 298 557 301 573 314 555 318 536 315 680 324 698 314 719 315 736 325 718 332 698 330 1014 308 -74.047806 76.087334 1.058042 0.170045 -0.002317 0.095771 -0.514192 -15.259679 429.088684 -33.567120 -18.413063 428.742706 32.538738 -12.106295 429.434662
567 334 586 328 607 332 624 344 605 346 585 343 733 356 751 348 771 350 787 360 769 365 750 363 659 649 -3.110770 143.498840 4.692537 0.191262 0.035228 0.108400 19.989935 -2.476449 423.105469 -13.000074 -6.157598 423.922760 52.979946 1.204700 422.288147
626 295 646 288 667 290 683 303 664 305 644 303 786 315 803 307 823 309 838 320 820 324 802 322 354 81 56.850883 31.028154 -9.618543 -0.272859 0.002551 0.123222 44.681458 -20.011742 449.837341 11.726959 -24.030983 450.474854 77.635956 -15.992500 449.199829
600 335 619 329 639 332 655 345 636 347 617 344 761 357 778 348 798 350 813 360 796 365 777 363 575 697 13.636965 152.980865 4.890650 0.158098 0.037129 0.108539 32.808979 -2.394874 437.268738 -0.178055 -6.073151 438.209808 65.796013 1.283403 436.327667
529 299 545 290 565 292 580 303 563 307 545 306 682 308 699 298 720 299 737 309 719 314 700 313 1343 21 -139.756271 19.357168 -1.722536 -0.284492 0.069034 0.063703 1.439788 -21.781929 455.666534 -31.619621 -23.542048 458.223297 34.499199 -20.021812 453.109772
653 305 673 299 694 303 710 314 690 316 671 313 812 328 829 321 847 324 861 334 845 338 827 335 1 307 127.259003 75.681404 -8.294238 -0.202401 -0.031394 0.136632 56.319908 -14.890219 453.898590 23.439753 -19.486334 453.323486 89.200058 -10.294105 454.473724
511 349 527 343 546 345 561 356 545 359 527 357 668 361 685 352 706 352 723 360 705 366 686 366 1390 855 -148.142914 184.416672 15.597967 0.133478 0.040688 0.050553 -5.239444 0.730452 438.419800 -38.374474 -1.031983 439.654022 27.895584 2.492887 437.185547
641 301 660 294 681 298 696 311 677 313 658 310 800 323 818 315 837 317 852 328 835 333 817 331 424 197 43.072777 53.999104 -6.624819 -0.199147 -0.000741 0.127039 51.050549 -16.994360 451.922760 18.112442 -21.175972 452.316467 83.988655 -12.812745 451.529053
591 329 610 323 630 326 646 339 628 341 608 338 754 349 771 341 791 342 807 352 789 357 771 356 765 629 -24.198435 139.562576 5.264061 0.179671 0.054788 0.095150 29.283485 -5.146526 432.605957 -3.721920 -8.445493 434.128967 62.288891 -1.847560 431.082916
632 296 651 289 671 292 687 304 668 307 649 305 792 316 809 307 829 309 843 320 826 325 808 323 276 81 72.351395 31.012135 -10.337100 -0.242004 -0.006363 0.113517 46.993416 -19.619577 449.142426 14.001938 -23.369537 449.386993 79.984894 -15.869617 448.897827
533 322 550 314 570 315 586 327 569 332 550 331 693 331 711 320 732 320 749 330 731 337 711 337 1072 410 -85.457222 96.285202 3.657734 0.157977 0.011682 0.040145 4.891033 -11.190682 432.948914 -28.284822 -12.548347 433.230042 38.066887 -9.833017 432.667816
599 319 617 313 638 316 654 329 635 331 616 329 762 340 780 331 800 333 816 343 798 348 779 346 768 483 -24.961514 110.669579 2.335368 -0.291199 0.019033 0.112535 33.145912 -9.403301 440.122864 0.155613 -12.988111 441.284241 66.136215 -5.818491 438.961487
608 340 627 335 647 339 664 351 645 352 626 349 772 364 790 356 809 358 825 367 807 372 789 370 616 866 5.682457 186.434647 8.690406 0.161752 0.046168 0.112178 36.329723 0.303057 429.729156 3.368392 -3.520040 430.951508 69.291054 4.126154 428.506805
614 323 633 317 654 321 670 334 651 336 632 333 779 347 797 339 817 340 832 351 814 356 796 354 523 511 23.758007 116.160507 0.645329 0.143128 0.049609 0.112542 38.963066 -6.596385 428.747864 6.008648 -10.428715 430.118744 71.917480 -2.764055 427.377014
668 323 687 318 707 322 723 335 704 336 685 333 830 350 848 343 868 345 883 355 865 360 847 358 141 533 99.695930 120.435890 -2.428284 -0.177221 0.019520 0.146071 61.549240 -5.930205 439.535461 28.703402 -10.680452 440.605774 94.395081 -1.179957 438.465149
624 324 644 318 665 322 681 334 662 336 642 333 790 346 807 338 827 340 842 350 825 355 806 353 373 592 53.659286 132.159729 0.903644 0.135413 0.043487 0.105563 43.355515 -6.688880 430.029022 10.366544 -10.273292 431.228760 76.344490 -3.104468 428.829285
590 297 606 289 625 290 640 301 623 305 605 304 743 306 760 297 779 297 796 307 779 313 760 312 828 99 -37.323971 34.687725 -4.887447 -0.294805 0.103047 0.072358 27.837574 -23.111446 465.114471 -5.106267 -24.973099 468.828949 60.781414 -21.249796 461.399994
922 280 938 274 956 274 972 282 955 284 938 284 1065 286 1081 280 1098 281 1113 289 1097 291 1081 290 1167 314 -104.445801 77.306168 2.589012 -0.056493 0.016417 0.046295 183.210602 -32.924156 498.119873 150.045822 -34.444550 498.707886 216.375366 -31.403761 497.531891
606 314 623 307 642 309 657 321 640 324 622 322 762 330 779 321 799 322 815 331 798 337 779 336 753 679 -21.756580 149.455200 6.165956 0.177939 0.042575 0.085819 34.634651 -13.050024 447.528351 1.581690 -16.005611 448.679779 67.687614 -10.094437 446.376923
615 300 633 293 653 295 668 306 650 310 631 308 773 315 790 307 810 308 826 319 808 324 790 322 576 292 12.975249 72.830963 -3.300915 -0.329149 0.061567 0.106218 39.685516 -19.512491 456.354736 6.728383 -22.634344 458.931763 72.642647 -16.390640 453.777679
585 314 601 308 619 310 634 321 617 324 600 323 739 330 756 322 776 323 793 332 775 337 756 336 1222 625 -115.020119 138.864822 9.393074 0.154389 0.038774 0.092191 24.911840 -12.855390 447.144562 -8.127373 -15.998456 448.189148 57.951054 -9.712323 446.099976
595 316 611 310 629 312 644 323 627 326 610 324 750 332 766 323 785 324 801 333 784 338 766 337 1011 883 -72.794304 189.880081 12.673484 0.156294 0.036349 0.086776 29.374355 -12.248707 450.301422 -3.683913 -15.208187 451.277130 62.432621 -9.289227 449.325684
578 294 593 287 609 287 623 294 608 299 592 300 712 298 727 291 743 292 757 301 743 305 727 303 1408 164 -152.509888 47.670433 1.771845 -0.694402 0.012651 0.042570 20.388689 -30.034479 545.318481 -12.784680 -31.196619 546.176758 53.562057 -28.872339 544.460205
582 290 598 283 616 284 630 294 614 298 597 297 732 299 749 290 768 290 785 299 768 305 750 305 1334 33 -137.954041 21.730139 -1.562460 -0.264735 0.164941 0.079959 23.422066 -26.218586 466.307373 -9.229731 -28.109253 472.038452 56.073860 -24.327917 460.576294
631 296 649 290 669 292 685 302 667 305 648 303 789 312 807 305 825 307 841 317 824 320 806 319 323 529 63.523491 119.681664 -0.832646 -0.332582 0.039234 0.111258 46.671448 -20.889103 455.845184 13.695312 -24.292795 457.729065 79.647583 -17.485411 453.961334
628 288 644 282 662 284 678 294 661 295 644 294 766 300 782 292 800 292 815 300 799 304 782 303 593 227 9.522625 59.970856 -4.460480 0.732257 0.116907 0.029313 44.254421 -28.159981 501.939331 11.279912 -30.403625 505.134277 77.228928 -25.916336 498.744415
603 302 619 294 639 297 654 308 636 312 618 310 759 316 776 307 796 307 812 317 794 323 776 322 925 491 -56.152119 112.285034 3.943686 -0.301306 0.090395 0.094591 33.732761 -19.194675 456.627838 0.809616 -21.831245 460.044647 66.655907 -16.558105 453.211029
601 307 618 300 637 302 652 313 635 317 617 315 758 321 775 312 794 313 811 322 793 328 775 327 977 649 -66.305176 143.564148 7.622039 -0.320166 0.091221 0.095703 33.000763 -17.011852 455.618530 0.083276 -19.646427 459.090942 65.918251 -14.377278 452.146118
572 315 588 308 606 310 621 320 605 323 587 322 725 325 742 316 762 316 779 324 762 330 743 330 1431 726 -156.438080 158.895798 13.363571 0.153474 0.021853 0.060558 19.468616 -14.462422 450.838379 -13.667542 -16.519508 451.406708 52.604774 -12.405336 450.270020
593 291 609 284 627 286 642 297 625 301 608 300 746 305 763 295 784 296 800 306 782 312 764 311 1178 98 -106.878700 34.561699 -1.683401 0.195803 0.009795 0.084455 28.309374 -23.319649 448.875427 -4.775883 -26.134424 448.924683 61.394630 -20.504873 448.826141
600 341 617 334 635 335 650 345 633 348 616 347 743 352 758 345 775 346 789 355 774 359 758 358 268 339 74.236137 82.069084 -5.186599 -0.448732 0.009693 0.086172 31.665958 -2.983540 497.301117 -1.416169 -5.675322 498.242767 64.748085 -0.291757 496.359467
541 329 556 322 572 323 586 332 571 336 555 335 680 335 694 327 712 327 726 336 711 341 695 340 1043 2 -80.160637 15.535431 -4.870945 -0.418020 0.057693 0.050589 2.328433 -10.498028 509.265442 -30.780090 -11.733300 511.469818 35.436958 -9.262756 507.061035
548 340 562 332 580 333 593 343 578 347 562 347 688 347 703 338 721 338 735 347 720 353 703 352 990 519 -69.037209 117.839622 5.109451 -0.428395 0.054918 0.054927 5.959115 -5.016346 504.491913 -27.147108 -6.398630 506.642914 39.065338 -3.634063 502.340912
561 331 577 323 594 325 609 334 593 338 576 337 704 339 719 331 736 331 751 340 736 345 719 344 659 282 -3.530320 70.868996 -2.738785 -0.427201 0.029210 0.059360 13.222968 -8.945031 501.014526 -19.910303 -10.651273 502.369019 46.356239 -7.238789 499.660034
584 329 600 322 618 324 632 333 616 336 599 335 726 339 741 332 758 333 771 342 756 346 740 344 256 151 76.405914 44.861134 -9.103927 -0.438291 0.006709 0.074459 23.710884 -8.932264 501.690918 -9.402656 -11.275977 502.439362 56.824421 -6.588551 500.942474
615 386 630 380 646 382 659 392 644 395 629 393 750 401 765 394 781 395 794 403 780 408 764 406 69 774 114.279610 168.115372 1.788401 -0.054355 0.040816 0.095368 37.767895 20.207403 520.893127 4.741534 17.084764 522.331299 70.794258 23.330040 519.455017
556 363 570 355 587 356 601 365 586 369 570 369 694 368 709 360 726 360 740 369 725 374 709 373 1216 22 -114.517113 19.528988 -2.872246 -0.407881 0.081117 0.051017 9.259578 5.662281 512.257507 -23.794998 4.558715 515.213318 42.314152 6.765846 509.301666
557 368 571 360 588 361 602 371 587 375 571 374 696 374 711 365 729 366 744 374 729 380 712 379 1180 254 -107.097816 65.434746 1.493842 -0.422561 0.081301 0.053434 10.066794 8.037807 504.519409 -22.983322 6.880098 507.504211 43.116909 9.195514 501.534576
590 361 605 353 623 355 637 364 621 367 605 367 730 369 745 362 762 363 775 372 760 376 745 375 405 349 47.022308 84.076233 -3.722030 -0.461050 0.023000 0.070278 26.427694 5.701767 509.589569 -6.687974 3.624948 510.854065 59.543362 7.778586 508.325043
553 383 567 377 584 378 597 387 583 391 567 390 693 390 708 381 725 381 740 389 725 394 708 394 1234 826 -117.175034 178.645493 13.573637 -0.394374 0.068051 0.040818 8.214027 15.429893 503.592804 -24.887642 14.550395 506.055664 41.315697 16.309393 501.129974
557 367 571 359 588 360 602 370 587 374 571 373 697 373 712 364 730 364 744 373 729 379 712 379 1217 32 -114.704407 21.508209 -2.660545 -0.374408 0.085686 0.051651 10.222730 7.636796 504.451233 -22.817965 6.490342 507.542816 43.263424 8.783250 501.359680
586 380 602 374 619 375 633 384 617 387 601 386 731 390 745 382 762 383 776 390 761 395 745 395 175 762 93.201088 165.762314 2.521916 -0.394082 0.027048 0.064379 25.014030 14.729232 498.264801 -8.110900 12.822784 499.554779 58.138962 16.635679 496.974854
574 365 589 358 607 359 621 369 605 373 589 372 717 373 732 364 750 364 764 373 749 379 732 378 665 168 -4.852990 48.309452 -4.991878 -0.414841 0.045822 0.054865 19.274839 7.188262 499.790985 -13.846384 5.730777 501.640289 52.396065 8.645747 497.941711
563 373 578 365 595 366 609 376 594 380 577 380 705 380 720 371 739 372 754 380 738 386 721 386 987 551 -68.404449 124.171860 5.729776 -0.413184 0.060663 0.053910 13.765713 10.661272 498.689148 -19.331358 9.333669 501.008850 46.862785 11.988874 496.369446
559 368 573 360 590 361 604 371 589 375 573 375 699 375 714 366 732 366 746 375 731 381 714 380 1276 166 -126.275970 48.039127 0.596323 -0.386658 0.072240 0.051618 11.186069 8.205580 504.008087 -21.889574 6.993899 506.671417 44.261711 9.417259 501.344788
578 370 594 363 612 365 626 375 610 379 593 378 723 380 738 372 755 372 770 381 754 386 738 386 492 513 29.920755 116.549942 0.400246 -0.438591 0.034411 0.065647 21.550892 10.276974 496.655762 -11.564207 8.414819 498.231262 54.665993 12.139128 495.080261
571 366 587 358 604 359 619 369 603 373 586 372 715 374 730 365 748 366 763 375 747 380 731 379 880 101 -47.655361 35.094204 -4.367911 -0.432169 0.048234 0.061264 18.073765 7.639335 497.278870 -15.031719 6.010382 499.262024 51.179249 9.268287 495.295685
555 362 570 355 587 355 601 365 586 369 570 369 695 367 710 358 728 358 742 367 727 373 711 372 1280 40 -127.214912 23.104359 -1.918181 -0.401062 0.071318 0.041248 9.479881 5.113682 506.248016 -23.613806 4.250277 508.821350 42.573570 5.977088 503.674683
590 376 607 370 624 372 639 382 622 385 606 383 736 389 751 381 768 382 781 391 766 395 750 394 169 653 94.268829 144.189819 0.259519 -0.426864 0.019319 0.081114 27.405006 13.869014 496.592102 -5.686184 11.394538 497.779419 60.496197 16.343491 495.404816
593 362 609 355 627 357 641 367 625 370 608 369 737 373 752 365 769 366 782 374 768 379 752 378 143 52 98.748611 25.245678 -12.149549 -0.393186 0.004034 0.068161 28.455637 6.718638 498.983398 -4.672795 4.540966 499.552887 61.584068 8.896311 498.413910
498 393 517 384 539 387 557 402 537 406 516 403 683 409 702 396 726 395 745 406 724 415 703 415 949 534 -60.872353 120.799728 5.035480 0.108088 0.011073 0.057234 -2.791121 17.128977 376.372620 -35.939583 15.213449 376.636780 30.357342 19.044504 376.108459
558 353 579 345 602 348 621 363 599 367 577 364 743 374 763 363 786 364 804 376 784 383 762 381 518 131 24.317219 40.956909 -7.095289 0.095307 0.028235 0.083514 19.140081 4.299421 379.886322 -13.935882 1.489515 380.689240 52.216045 7.109326 379.083374
495 353 513 344 535 348 551 362 532 365 512 363 670 370 689 359 711 359 729 370 710 378 689 377 1324 58 -135.938217 26.675621 -1.148362 0.026668 0.030999 0.077121 -6.494584 3.482845 397.326263 -39.584770 0.911590 398.320160 26.595602 6.054099 396.332397
490 359 508 351 529 354 546 367 527 371 507 369 662 374 680 364 702 364 720 374 701 382 680 381 1302 212 -131.390213 57.147934 1.767288 0.026955 0.005904 0.073763 -9.342254 5.505258 405.907684 -42.456203 3.055865 406.070526 23.771694 7.954651 405.744812
529 405 548 398 570 402 587 417 567 419 547 416 707 427 727 416 749 416 767 427 747 435 726 434 792 853 -29.307922 183.898071 10.048531 0.165600 0.016841 0.091247 7.056354 23.752415 388.605835 -26.005947 20.694567 388.911560 40.118656 26.810263 388.300079
531 393 550 385 572 389 589 403 570 406 549 403 711 414 731 403 753 404 772 415 751 421 730 420 780 664 -27.139290 146.492218 6.110954 0.137267 0.013444 0.091250 8.126948 18.847095 385.573212 -24.936945 15.800374 385.810120 41.190842 21.893816 385.336334
528 363 547 354 570 358 587 373 567 376 546 374 708 384 728 372 751 373 770 384 749 392 727 391 869 199 -45.357357 54.486294 -2.484861 0.094955 0.023332 0.093427 7.140201 7.831721 385.647583 -25.910892 4.702214 386.272888 40.191296 10.961228 385.022278
534 622 539 619 546 620 551 624 545 625 539 625 585 625 590 622 597 622 602 626 597 628 590 628 1277 590 -125.989983 131.949570 9.191040 -0.297266 -0.443093 0.097143 -72.547615 327.464874 1284.707764 -102.419098 322.261322 1271.173462 -42.676136 332.668396 1298.242065
881 289 892 283 904 283 914 290 903 292 892 292 979 291 989 285 1001 286 1011 292 1000 295 989 294 1373 794 -144.834320 172.341187 14.206180 -0.271752 0.151496 0.053813 223.713364 -44.959534 746.194641 190.934113 -46.038990 751.382629 256.492615 -43.880077 741.006653
549 412 568 406 590 410 607 424 587 426 567 423 729 437 748 427 770 427 788 438 768 444 748 443 596 873 9.664950 187.815842 8.647902 0.170157 0.006344 0.106636 14.605240 26.691435 385.734222 -18.410749 23.156504 385.643219 47.621231 30.226364 385.825226
509 406 528 398 550 403 566 418 547 421 526 417 690 431 709 419 732 420 750 431 730 439 709 437 891 786 -49.058247 170.658997 9.603874 0.164663 0.011754 0.105530 0.122441 24.271763 383.179382 -32.895782 20.758001 383.279602 33.140663 27.785524 383.079163
573 436 590 429 608 431 624 441 606 444 589 443 725 447 741 439 759 440 774 449 758 453 741 453 456 770 37.368637 167.403244 5.272554 0.140097 0.023016 0.060140 20.027554 38.969269 464.533142 -13.108553 36.926819 465.154755 53.163662 41.011719 463.911499
536 425 551 418 569 419 583 429 567 432 551 431 682 434 698 425 717 425 733 434 716 439 698 439 1330 719 -136.374908 157.489746 12.291389 0.075573 -0.008776 0.061645 2.166255 34.043564 475.374664 -30.974239 32.010933 475.006439 35.306751 36.076195 475.742889
543 412 558 405 575 406 589 416 574 420 557 419 687 420 703 411 722 411 738 420 721 426 704 425 1316 369 -133.992889 88.221344 5.075326 0.074224 -0.022053 0.060547 4.823441 28.305258 478.475769 -28.312490 26.325201 477.670135 37.959373 30.285315 479.281403
543 403 558 395 575 396 589 406 573 410 557 410 687 410 702 400 721 401 737 411 720 416 703 415 1318 38 -134.768723 22.716360 -1.608613 -0.395113 0.117914 0.057015 4.526441 24.331116 486.741760 -28.397657 23.254538 490.913605 37.450539 25.407694 482.569885
555 412 570 405 588 407 602 417 586 421 569 420 700 422 716 413 735 414 751 423 734 428 717 428 893 518 -49.762070 117.621803 4.195611 -0.430900 0.089079 0.067959 10.580673 29.186533 483.709198 -22.419142 27.630604 487.048492 43.580486 30.742464 480.369904
595 368 612 362 630 364 645 373 628 376 611 375 746 379 762 372 780 372 794 381 779 386 762 385 514 796 25.872337 172.560593 6.333336 -0.409773 0.040562 0.072339 30.018454 9.239682 474.623901 -3.073819 7.179003 476.416870 63.110725 11.300363 472.830963
500 389 515 383 532 384 546 392 531 396 515 396 648 394 664 386 682 385 699 392 682 398 665 398 1347 758 -139.708649 165.211395 13.237702 -0.009962 0.042555 0.027426 -13.700758 16.690695 471.468719 -46.863026 15.787470 472.885651 19.461512 17.593920 470.051788
557 353 573 345 592 347 607 358 590 361 572 360 709 364 725 356 743 357 758 366 742 371 725 370 593 286 9.590073 71.647041 -3.265799 -0.378715 0.017684 0.071765 13.146626 2.402790 471.643799 -19.968609 0.188339 472.662170 46.261860 4.617240 470.625397
547 340 563 331 581 333 596 344 579 348 562 347 696 350 712 340 731 341 746 352 730 357 712 356 734 77 -18.669014 30.314587 -6.198875 -0.407628 0.037594 0.071933 7.964821 -3.826444 477.430786 -25.132185 -5.896016 479.123322 41.061829 -1.756873 475.738281
575 354 592 348 611 350 627 360 609 363 591 361 728 368 744 361 762 362 777 372 761 376 744 374 385 463 51.127121 106.632896 -1.597908 -0.390874 -0.005460 0.088942 21.561907 3.857690 468.872345 -11.512832 0.947912 469.265381 54.636646 6.767468 468.479309
589 368 607 362 626 364 642 373 624 375 606 374 742 380 758 374 776 375 791 384 775 387 758 386 4 836 127.267578 180.371918 2.445031 -0.376990 0.005550 0.085701 27.924057 9.523199 470.118530 -5.159824 6.782199 470.828003 61.007938 12.264197 469.409058
547 366 563 359 581 361 596 372 579 376 562 374 699 381 715 373 735 373 750 382 733 388 715 387 844 719 -39.794785 157.389938 7.814226 0.148525 -0.000751 0.091709 8.428451 8.916521 456.108917 -24.637070 5.888616 455.858551 41.493973 11.944427 456.359283
529 361 545 354 563 356 577 366 561 369 544 368 679 373 696 365 715 366 732 374 714 380 696 379 1214 562 -113.502342 126.395393 8.043699 0.113903 -0.010182 0.085671 0.306666 5.972331 460.076233 -32.774784 3.156541 459.577576 33.388115 8.788120 460.574921
559 344 576 337 595 339 610 349 593 353 575 352 713 357 730 348 749 350 764 360 747 364 730 363 544 76 19.087505 30.077665 -7.969455 -0.389362 0.027851 0.083096 14.757558 -1.107319 466.404999 -18.321423 -3.616176 467.835510 47.836536 1.401538 464.974487
547 362 564 355 583 357 597 368 580 372 563 370 702 376 718 367 737 368 753 377 736 383 718 382 758 478 -22.979984 109.678017 2.142002 0.146563 0.002384 0.077629 9.231400 6.899258 452.288971 -23.873497 4.327612 452.179291 42.336296 9.470902 452.398651
579 352 597 345 617 346 633 356 615 360 596 359 734 364 750 356 769 357 784 367 767 371 750 369 145 162 98.476913 47.015255 -9.903752 -0.385551 0.000031 0.076276 23.948729 2.207790 465.916595 -9.160728 -0.260038 466.399567 57.058186 4.675617 465.433594
504 381 519 374 536 375 551 384 535 388 519 387 655 386 672 378 691 377 708 384 691 390 673 390 1317 722 -133.788055 158.080780 12.232377 0.045659 0.021157 0.030209 -10.585357 12.643643 458.374573 -43.767593 11.625090 459.053802 22.596880 13.662198 457.695343
515 360 530 353 548 354 562 364 546 368 530 367 665 368 681 359 700 359 717 368 700 374 682 373 1403 246 -151.422531 63.897327 3.386188 -0.281493 0.084089 0.054174 -6.199066 4.371547 466.777252 -39.238991 2.989430 469.779388 26.840858 5.753664 463.775146
517 373 533 366 551 368 566 377 549 381 532 380 669 382 686 374 706 374 723 382 705 388 687 387 1285 698 -127.456314 153.324570 11.451612 0.122106 -0.007848 0.060035 -4.287421 10.378747 454.336090 -37.431469 8.407340 453.954803 28.856625 12.350153 454.717407
544 365 560 358 579 360 594 371 577 374 559 373 698 377 715 369 735 369 751 378 734 384 715 383 921 543 -55.297775 122.575089 4.959776 -0.370584 0.045963 0.070706 7.939218 7.726857 460.226105 -25.148935 5.714612 462.145630 41.027370 9.739102 458.306580
573 259 590 251 610 253 626 264 608 268 590 266 737 269 755 260 775 260 792 269 774 275 755 274 965 811 -63.735283 175.621735 10.791803 0.260357 0.049870 0.044003 21.372000 -36.016903 421.535400 -11.759816 -37.674767 422.982422 54.503815 -34.359043 420.088379
585 207 602 199 621 201 636 213 619 217 601 216 745 221 762 211 783 212 799 223 781 229 762 228 1192 75 -109.687141 30.012840 -2.020152 -0.296296 0.078900 0.097666 25.662153 -56.936100 433.706390 -7.283192 -59.738609 436.757568 58.607498 -54.133591 430.655182
561 223 577 214 595 215 610 226 594 230 576 230 718 228 735 218 755 218 773 227 755 234 736 233 1420 235 -154.813416 61.723904 3.320059 -0.263681 0.095440 0.045196 15.172878 -53.455147 437.844421 -17.848034 -54.520756 441.167603 48.193790 -52.389542 434.521271
564 236 580 229 598 230 613 240 597 244 579 243 724 244 741 235 761 235 778 243 760 250 742 249 1294 717 -129.223114 157.086548 11.919250 -0.306925 0.077173 0.054889 16.909643 -46.959045 434.845123 -16.147547 -48.360569 437.641083 49.966835 -45.557522 432.049133
616 213 635 206 656 208 673 219 654 223 634 221 786 228 803 220 823 222 840 232 822 237 803 235 465 281 35.021099 70.631248 -4.546214 -0.299011 0.035218 0.101368 40.334503 -53.225666 426.159332 7.319274 -56.361862 427.808167 73.349731 -50.089474 424.510498
614 238 633 232 653 235 670 246 651 248 632 246 784 258 802 251 821 252 838 262 820 266 801 264 594 856 10.042965 184.451111 8.285248 -0.364694 0.045175 0.125803 39.119602 -41.764690 423.022308 6.207717 -45.567608 425.237091 72.031487 -37.961769 420.807526
597 221 615 213 636 215 652 227 633 231 614 230 765 235 783 225 804 226 821 236 802 242 783 241 782 192 -28.076324 53.083115 -3.428070 -0.301203 0.063969 0.090707 32.196136 -50.436192 425.264923 -0.805890 -53.079479 427.802429 65.198158 -47.792904 422.727417
569 219 585 211 604 213 619 223 602 228 584 227 729 227 746 218 766 218 784 227 766 234 747 233 1303 189 -131.615234 52.596405 1.310777 -0.251308 0.109717 0.066595 19.032492 -54.171402 437.531158 -13.900646 -55.898685 441.402130 51.965630 -52.444115 433.660187
618 205 637 198 658 200 674 211 655 215 635 213 786 220 804 212 824 214 840 225 822 229 803 227 428 25 42.081249 19.960867 -10.070769 -0.349662 0.041631 0.106855 40.861828 -56.540401 427.704681 7.872900 -59.770000 429.669403 73.850754 -53.310802 425.739990
582 240 600 233 619 235 635 246 617 249 599 247 748 253 766 244 786 244 803 253 785 259 766 258 1144 736 -99.392715 160.815872 10.922137 0.299912 0.035539 0.064802 25.266890 -42.654926 419.263580 -7.847954 -44.948177 420.104828 58.381733 -40.361675 418.422302
593 217 611 209 632 211 648 223 629 227 610 225 760 230 778 220 799 221 816 232 798 237 778 236 914 97 -54.416565 34.309582 -4.135689 -0.324809 0.085021 0.093908 30.419184 -52.432240 426.675293 -2.521896 -55.033783 429.942810 63.360264 -49.830700 423.407745
576 235 592 228 612 230 627 241 610 245 592 243 739 248 757 239 777 239 795 248 776 254 757 254 1314 652 -133.271912 144.227066 10.787321 -0.330269 0.081028 0.084136 22.584980 -45.654900 431.251434 -10.395612 -47.952042 434.343872 55.565575 -43.357758 428.158966
597 230 615 223 635 225 651 236 633 240 614 238 765 244 783 235 803 236 819 246 801 252 782 250 790 544 -29.263720 122.746086 3.773217 0.338627 0.044924 0.073963 31.475903 -45.776577 416.605042 -1.605840 -48.432812 417.654938 64.557648 -43.120342 415.555145
627 212 647 206 668 209 685 219 665 222 645 220 796 228 814 221 834 223 851 233 832 237 813 235 221 220 83.440147 58.509151 -8.029187 -0.332042 0.045290 0.111079 44.938152 -53.410091 427.592346 11.969771 -56.775219 429.671173 77.906532 -50.044964 425.513550
605 234 623 227 643 230 660 241 641 243 622 241 774 251 792 243 811 244 828 254 810 258 791 257 864 702 -43.788712 154.029724 7.654241 -0.386190 0.058369 0.115024 35.126949 -44.126690 423.377319 2.194565 -47.472279 425.989716 68.059334 -40.781101 420.764923
602 231 620 225 640 227 657 238 638 241 619 239 770 248 788 240 808 241 825 250 807 255 788 253 958 540 -62.654015 121.988983 5.239883 -0.366517 0.058145 0.110160 34.028763 -45.508038 423.906128 1.078353 -48.725792 426.450958 66.979172 -42.290279 421.361298
585 222 602 214 622 216 637 228 619 232 601 230 750 234 767 224 788 225 805 235 787 241 768 240 1298 106 -130.716507 36.169556 -0.415937 -0.300588 0.086168 0.082759 26.525549 -50.815861 428.657440 -6.444343 -53.089901 431.878418 59.495441 -48.541821 425.436493
638 220 657 214 678 217 695 227 676 230 656 228 804 238 822 231 842 232 859 242 841 246 822 244 10 432 125.613380 100.420937 -5.680224 -0.304811 0.051849 0.116983 49.452637 -50.704578 433.618317 16.517197 -54.258610 435.895416 82.388084 -47.150551 431.341248
589 229 606 221 626 224 642 235 624 238 605 237 755 243 772 234 793 234 809 244 791 250 772 248 1183 474 -107.442482 108.973694 5.976222 -0.334884 0.076926 0.095574 28.269651 -47.605896 427.946259 -4.687899 -50.289391 430.972534 61.227200 -44.922401 424.919952
586 229 603 222 623 224 639 235 621 239 602 237 751 242 769 233 789 233 806 243 788 249 769 248 1232 487 -117.165123 111.556473 6.690858 0.309994 0.031845 0.068288 26.605227 -46.911163 420.920227 -6.506126 -49.302887 421.611298 59.716579 -44.519440 420.229156
488 339 503 331 522 333 537 343 521 347 503 346 645 348 662 338 683 338 700 347 682 354 663 353 1280 73 -127.177185 29.635109 -1.249970 -0.184265 0.090984 0.055779 -15.345062 -4.509567 442.106232 -48.361496 -6.070452 445.274567 17.671371 -2.948682 438.937897
519 368 536 362 555 364 571 376 554 379 535 377 682 384 700 375 721 376 738 385 720 390 700 390 900 666 -50.983948 146.912659 7.256925 0.085451 0.015987 0.079971 -0.382293 9.520131 424.767273 -33.476814 6.848234 425.183563 32.712227 12.192028 424.350983
537 349 554 342 574 344 590 356 572 360 553 358 703 366 721 356 742 357 759 367 740 373 721 372 949 415 -61.008392 97.249451 2.625869 0.113361 0.012743 0.089425 7.405555 1.875372 419.394501 -25.664030 -1.107540 419.648132 40.475140 4.858284 419.140839
530 332 547 324 567 326 582 338 565 342 546 341 693 345 710 335 731 335 748 346 730 352 711 351 1082 75 -87.827438 29.990250 -3.033502 0.131054 -0.021062 0.080244 3.864515 -5.916750 426.163147 -29.226255 -8.524844 425.292328 36.955288 -3.308657 427.033966
539 372 557 365 577 368 593 379 575 382 556 380 706 389 724 380 746 380 763 390 744 395 724 394 942 793 -59.185196 172.054779 10.215442 0.125273 0.020974 0.084214 8.592333 10.943182 416.171234 -24.487675 8.114150 416.690186 41.672340 13.772214 415.652313
547 333 564 325 585 327 601 340 583 344 563 342 713 349 731 338 753 339 770 351 751 357 731 356 888 79 -49.270306 30.742016 -4.739687 -0.337756 0.052207 0.090070 11.757128 -4.844779 427.310638 -21.269609 -7.483947 429.508148 44.783867 -2.205612 425.113159
547 373 565 366 585 369 602 381 583 384 564 382 716 392 734 382 756 383 773 393 754 399 734 398 879 772 -46.689556 167.885910 9.209844 0.126993 0.027958 0.092263 12.066501 11.690903 411.460876 -20.984333 8.581462 412.191162 45.117336 14.800344 410.730591
606 330 626 322 647 325 665 338 644 340 624 338 774 350 793 342 813 344 828 356 810 360 792 357 269 115 73.781334 37.739349 -9.713125 -0.341302 -0.013011 0.118210 36.370914 -4.666547 426.290070 3.398361 -8.579708 426.529938 69.343468 -0.753386 426.050201
564 330 583 323 604 325 620 337 601 341 581 339 733 347 751 338 772 339 789 350 770 356 751 354 685 17 -9.000102 18.430433 -7.865206 -0.359421 0.033415 0.097422 19.364212 -5.609668 425.114075 -13.666530 -8.572636 426.772552 52.394955 -2.646701 423.455627
559 349 578 342 599 345 616 358 596 361 577 359 730 368 749 359 770 360 787 371 768 377 748 375 722 386 -15.931074 91.463684 -0.052533 0.157996 0.034059 0.093209 17.323246 2.681833 408.506989 -15.718543 -0.484307 409.387573 50.365032 5.847972 407.626404
638 326 657 320 678 322 693 334 674 337 655 335 801 349 818 342 837 345 851 356 834 359 817 357 77 73 111.888435 29.388056 -12.332333 -0.282523 -0.045277 0.131211 49.172104 -5.607326 440.197693 16.284527 -10.103204 439.329376 82.059685 -1.111447 441.066010
529 388 546 381 566 384 582 396 564 399 545 397 697 405 716 396 737 396 755 405 736 411 716 411 1124 889 -95.243317 191.090698 13.835963 0.109241 0.040051 0.074538 4.642158 17.104528 410.357544 -28.443972 14.564855 411.548218 37.728287 19.644203 409.166870
508 371 525 363 545 365 561 377 543 380 525 379 671 382 689 372 709 373 726 382 708 389 689 388 1284 497 -127.487373 113.546165 7.372385 -0.027755 0.035078 0.057482 -4.891293 9.572678 427.989716 -38.020855 7.681850 429.179932 28.238270 11.463505 426.799530
589 362 608 357 629 359 647 370 627 373 607 371 762 380 780 372 800 374 817 383 799 388 779 386 477 538 32.930202 121.494400 0.768283 0.108784 0.038743 0.076841 29.450802 7.375637 411.018951 -3.631257 4.762458 412.162720 62.532864 9.988816 409.875183
583 343 603 336 624 338 641 351 621 354 601 352 756 362 775 353 795 354 811 365 793 370 774 368 481 154 31.696320 45.501045 -6.970419 -0.358100 0.001484 0.097698 27.694489 -0.013178 418.989563 -5.353632 -3.174511 419.611908 60.742607 3.148154 418.367218
498 380 515 374 534 376 550 387 532 390 514 388 660 392 677 383 697 383 714 392 696 398 677 398 1405 707 -151.292969 155.130341 12.739324 -0.043081 0.064765 0.055224 -9.567419 13.708804 430.531525 -42.652054 11.924176 432.718231 23.517216 15.493432 428.344818
538 345 556 336 576 338 593 351 574 355 555 354 708 358 726 347 748 347 766 358 747 365 727 364 891 39 -49.912209 22.826571 -5.522004 0.104007 0.002803 0.069717 8.689724 -0.785205 408.253082 -24.434368 -3.098948 408.225708 41.813816 1.528539 408.280487
545 361 563 354 584 356 601 370 582 373 562 371 717 379 736 369 759 370 777 380 757 387 736 386 853 284 -42.080593 71.304634 -0.911106 0.101894 0.017478 0.089336 11.836049 6.861556 401.997406 -21.231405 3.874882 402.425049 44.903503 9.848230 401.569763
573 341 589 333 607 334 622 344 605 347 588 347 718 349 733 340 751 341 765 351 750 355 734 354 484 186 31.136728 51.834511 -6.294820 -0.452951 -0.009679 0.054277 19.255693 -4.111651 491.789703 -13.899523 -5.923550 491.880493 52.410912 -2.299752 491.698914
570 344 586 337 604 338 618 348 602 352 585 351 715 354 730 345 748 346 762 355 747 360 730 359 889 568 -48.910011 127.516060 5.171204 -0.438728 0.043040 0.071851 17.723680 -2.125353 494.351227 -15.366590 -4.124280 496.248016 50.813953 -0.126426 492.454437
570 329 586 321 604 322 618 331 602 335 585 335 714 335 729 327 746 328 761 337 745 342 729 341 757 28 -23.295694 20.622135 -6.979186 -0.447411 0.025256 0.055380 17.609564 -10.174378 497.031189 -15.534780 -11.766966 498.246033 50.753906 -8.581790 495.816345
609 343 626 337 646 339 661 348 644 351 626 350 759 355 774 348 792 349 806 358 791 362 774 361 162 546 95.537575 123.012924 -1.971592 -0.356425 -0.001681 0.076267 36.874123 -1.708076 482.811554 3.764864 -4.194640 483.203308 69.983383 0.778488 482.419800
577 336 594 328 612 329 628 338 611 342 593 342 725 342 741 334 759 335 774 344 758 349 741 348 505 370 27.173861 88.252701 -2.375577 -0.411040 0.027075 0.052457 21.892906 -6.715270 486.169586 -11.254877 -8.225350 487.395874 55.040688 -5.205189 484.943298
580 330 596 321 614 322 629 332 612 336 595 335 725 337 740 329 758 330 772 340 757 344 740 342 706 264 -12.890950 67.316414 -2.670287 -0.451180 0.027621 0.061693 22.540531 -9.541283 494.483093 -10.589734 -11.316124 495.822906 55.670795 -7.766441 493.143280
601 339 618 332 637 334 652 344 635 347 617 346 752 351 767 344 785 345 799 354 784 359 767 357 445 527 39.276814 119.310913 0.250753 -0.364779 0.013205 0.083711 33.112701 -3.544385 480.140900 0.025738 -6.180442 481.070282 66.199661 -0.908328 479.211548
563 344 577 337 595 338 608 348 593 351 577 350 707 353 723 345 741 346 757 355 740 360 723 359 1224 452 -115.615341 104.628281 5.908451 -0.377991 0.090950 0.075472 13.794734 -2.300925 486.889465 -19.181192 -4.178624 490.298584 46.770660 -0.423226 483.480347
581 347 596 340 614 342 629 352 612 356 595 354 729 361 745 353 763 354 778 363 762 368 745 367 1014 593 -73.722000 132.489258 6.828959 -0.387071 0.062663 0.097900 22.967089 0.344033 480.509430 -10.016445 -2.421715 483.154572 55.950623 3.109781 477.864319
574 354 589 348 606 350 620 360 605 363 588 362 720 367 736 359 754 360 769 369 753 374 736 373 1208 846 -111.985336 182.598190 13.739095 -0.374168 0.073474 0.088627 19.314594 3.529334 483.844513 -13.672980 1.111701 486.765900 52.302170 5.946967 480.923096
612 345 629 340 647 342 663 351 645 354 628 352 763 360 778 354 795 355 810 364 794 368 778 366 281 627 71.981956 139.067383 0.764824 -0.357488 0.007815 0.099293 37.887192 0.129629 479.933502 4.845194 -3.046370 480.769653 70.929184 3.305627 479.097321
596 351 613 344 632 346 647 356 630 359 612 358 747 364 763 357 781 358 796 367 780 371 763 370 636 700 1.518197 153.587097 5.513345 -0.391020 0.023554 0.090462 30.776617 2.191244 476.863678 -2.285065 -0.581399 478.204285 63.838299 4.963886 475.523071
588 348 605 342 623 344 638 353 621 356 604 355 739 361 755 353 773 354 788 363 772 368 755 366 767 647 -24.575306 143.125214 5.646965 -0.412136 0.027431 0.084184 27.086199 0.598356 476.655121 -5.990379 -1.929960 478.106750 60.162777 3.126671 475.203461
593 355 609 349 627 351 642 360 625 363 608 362 743 367 759 361 776 362 791 370 775 374 759 373 483 888 32.137970 190.761154 7.910648 -0.401748 0.031736 0.085991 29.006516 3.703054 479.720215 -4.060773 1.136564 481.309906 62.073807 6.269545 478.130493
578 339 594 332 612 333 627 343 610 347 593 346 728 349 744 341 762 341 778 351 761 356 744 355 855 95 -42.694103 33.901661 -4.719711 -0.376618 0.053616 0.072962 22.143408 -4.117657 477.548492 -10.926991 -6.149126 479.735138 55.213806 -2.086187 475.361847
585 346 602 339 621 340 635 351 618 354 601 353 736 358 752 349 771 351 786 360 769 365 752 364 705 362 -12.580194 86.710556 -0.695113 0.194805 0.036701 0.069292 25.327511 -0.565549 466.269409 -7.775599 -2.967774 467.255859 58.430622 1.836676 465.282990
568 342 583 335 601 336 615 346 599 350 582 349 714 351 730 342 748 343 764 352 748 358 730 357 1044 325 -79.990112 79.457825 1.678640 -0.370987 0.074243 0.065139 16.693020 -3.192679 483.817413 -16.351814 -4.851165 486.618835 49.737854 -1.534193 481.015991
562 358 577 351 595 353 609 362 593 365 577 365 709 367 726 359 744 359 760 367 744 373 726 372 1293 843 -128.880341 182.021942 14.461390 0.177483 0.007338 0.056840 14.117013 3.895691 469.989807 -19.033426 1.997707 470.065063 47.267452 5.793675 469.914581
606 343 623 337 642 338 658 347 641 350 623 349 755 354 771 347 789 349 804 358 788 361 771 359 159 362 95.923401 86.598434 -5.725014 -0.383035 0.027469 0.083119 35.262707 -1.931327 480.963745 2.183493 -4.448354 482.374359 68.341919 0.585699 479.553131
561 338 576 330 594 331 607 341 592 345 576 344 705 345 721 336 740 336 755 346 739 351 722 351 1256 94 -122.383789 33.786110 -1.045839 -0.373079 0.100436 0.064354 13.200921 -5.784750 488.292145 -19.770666 -7.253196 491.936005 46.172508 -4.316304 484.648285
577 347 592 342 608 344 621 353 606 355 591 354 710 361 725 354 741 355 755 363 740 367 725 366 824 873 -35.644245 187.862671 10.748301 0.243320 0.036313 0.086316 18.411961 0.627360 517.957397 -14.648087 -2.352252 518.802795 51.472012 3.606972 517.111938
575 337 590 331 607 332 620 343 605 345 590 344 711 349 725 341 742 342 756 350 741 355 725 354 782 598 -27.612190 133.431122 4.792956 0.238510 0.035925 0.070661 18.196642 -4.909856 513.019409 -14.904398 -7.373011 513.921448 51.297680 -2.446701 512.117371
568 325 584 316 601 316 615 326 599 329 583 330 700 329 715 321 734 322 749 332 733 335 716 334 1210 69 -113.271042 28.829126 -1.975824 -0.367922 0.079791 0.056843 14.690914 -13.425277 528.039673 -18.356468 -14.785942 530.968628 47.738297 -12.064610 525.110718
606 334 621 328 638 330 652 340 636 342 620 341 741 347 755 340 772 341 785 350 770 354 755 353 547 591 19.080074 131.997559 2.486330 -0.397563 0.031317 0.100013 33.841049 -6.102985 529.856018 0.816029 -9.127310 531.517700 66.866066 -3.078661 528.194275
568 330 581 322 597 323 611 333 596 336 581 336 698 335 712 326 730 326 744 335 729 339 713 339 1206 159 -112.373253 46.639442 -0.190278 -0.375356 0.083842 0.041254 13.475009 -10.987370 535.842102 -19.586641 -11.807299 538.811035 46.536659 -10.167443 532.873169
577 323 591 316 606 317 619 326 605 329 590 329 707 329 721 321 738 322 752 330 737 335 722 334 1088 75 -89.019783 29.991482 -2.978228 -0.363025 0.087805 0.058882 18.011997 -14.195948 539.604004 -15.009455 -15.581922 542.801270 51.033447 -12.809974 536.406738
590 343 605 338 621 340 634 349 619 351 604 350 723 355 738 348 754 349 767 357 753 361 737 360 759 794 -22.817461 172.215103 8.549845 0.196620 0.038236 0.072268 25.015591 -1.874004 523.620361 -8.078661 -4.379889 524.645386 58.109840 0.631882 522.595337
579 339 593 332 609 333 622 343 608 346 592 345 712 348 726 340 743 341 757 349 742 353 727 353 1071 576 -85.068733 129.136642 7.009828 -0.400064 0.056202 0.068852 19.675053 -5.039320 530.139404 -13.400438 -6.893993 532.404724 52.750546 -3.184647 527.874084
567 338 581 331 597 332 610 341 595 344 581 344 698 345 712 337 729 337 743 345 728 349 712 349 1428 435 -156.174576 101.305847 7.443524 -0.340191 0.069628 0.052846 13.181437 -6.448754 536.282288 -19.897820 -7.778402 538.842468 46.260693 -5.119106 533.722168
608 339 624 334 641 336 655 345 639 347 623 346 744 352 759 345 775 346 788 354 774 357 758 356 473 636 33.837132 140.887924 2.715820 -0.397047 0.025616 0.087392 35.083485 -3.730365 525.595032 2.014472 -6.386067 526.990417 68.152496 -1.074663 524.199585
624 327 640 321 657 324 671 334 655 336 639 334 760 342 774 335 791 336 804 345 789 349 774 348 160 106 95.432022 35.935852 -10.899503 -0.329057 0.027863 0.108982 43.233509 -8.963979 528.378845 10.236662 -12.359508 529.874939 76.230354 -5.568450 526.882812
603 337 618 331 635 333 648 343 632 345 617 344 738 351 752 344 769 346 782 354 767 358 752 357 645 636 -0.343487 140.923248 4.300331 -0.406261 0.036232 0.108499 32.029087 -4.278460 526.479797 -0.961695 -7.534345 528.368469 65.019867 -1.022575 524.591064
573 339 587 332 603 334 617 343 602 346 587 346 706 346 721 338 738 338 752 346 737 351 721 351 1037 340 -78.581886 82.424904 1.917886 -0.366099 0.058807 0.049873 16.784691 -5.506140 527.546875 -16.322559 -6.770510 529.753906 49.891941 -4.241771 525.339783
596 337 617 323 645 322 667 336 644 344 619 345 794 331 816 314 844 312 867 325 844 335 818 336 461 59 35.562206 26.696295 -9.078304 -0.437688 0.191544 -0.001729 32.379436 -6.978416 340.721924 -0.227702 -5.557547 346.830566 64.986572 -8.399286 334.613312
619 337 642 323 669 323 692 337 668 344 643 345 819 335 840 320 867 318 888 331 866 340 841 341 138 136 99.838257 41.868378 -10.494708 -0.144669 0.259925 0.005493 40.361732 -5.936073 347.767609 8.270845 -5.496066 356.284698 72.452621 -6.376080 339.250519
584 327 599 321 615 322 628 332 613 335 598 334 718 337 732 329 749 329 763 338 748 343 733 342 1043 4 -80.158348 15.931233 -4.830448 -0.365628 0.057858 0.072959 22.510042 -10.692287 528.653320 -10.552517 -12.710751 530.966919 55.572601 -8.673825 526.339783
594 349 609 343 626 345 639 354 624 356 608 355 729 360 744 353 760 354 774 363 759 366 744 365 651 899 -1.235176 192.972580 9.681047 -0.425152 0.032651 0.084243 27.749048 0.846461 526.347839 -5.322361 -1.636702 527.983521 60.820457 3.329624 524.712158
609 334 624 328 641 330 655 339 639 342 623 340 745 346 759 339 776 340 789 348 775 352 759 351 440 396 40.120678 93.384789 -2.447905 -0.367101 0.034191 0.087718 35.417328 -6.574917 526.033081 2.357916 -9.212451 527.669678 68.476738 -3.937383 524.396545
606 345 622 339 639 341 653 350 637 353 621 351 743 357 758 351 774 352 788 360 773 363 757 362 466 786 35.399681 170.571716 5.688659 -0.424505 0.025695 0.090043 34.209812 -0.853998 523.462830 1.148292 -3.572324 524.914062 67.271332 1.864328 522.011536
578 355 591 349 607 350 621 359 606 362 591 361 710 364 725 356 741 356 755 364 741 368 725 368 1156 894 -101.596786 192.086777 14.232000 0.186636 0.039166 0.047435 18.626535 2.790323 522.465210 -14.515656 1.104415 523.610840 51.768726 4.476232 521.319580
558 303 576 295 597 297 613 309 595 314 575 312 725 315 743 304 764 304 781 314 763 322 743 321 739 374 -19.323109 89.092361 -0.138910 -0.346539 0.054564 0.064697 16.454655 -18.168842 428.003632 -16.632492 -19.961212 430.145538 49.541801 -16.376472 425.861725
533 317 550 308 569 310 585 321 568 326 549 325 696 325 713 315 734 315 752 325 734 332 714 331 1058 210 -82.903717 56.702023 -0.521004 -0.333291 0.106841 0.059153 5.062319 -13.558226 432.099060 -27.897474 -14.896391 435.896545 38.022110 -12.220060 428.301575
528 352 545 345 565 347 581 358 563 362 545 361 694 364 712 354 734 354 751 363 733 370 713 370 1212 819 -112.811096 177.255661 13.229225 0.079043 0.028607 0.056307 3.933482 1.821432 417.211884 -29.205164 -0.082548 418.086304 37.072128 3.725411 416.337463
651 326 670 320 691 323 707 336 688 338 668 336 816 350 834 342 853 344 868 354 851 359 833 357 22 454 123.253838 104.777237 -5.124202 -0.081464 -0.039079 0.122924 53.901321 -5.303607 428.387787 20.972198 -9.422228 427.261139 86.830444 -1.184986 429.514435
515 334 532 326 552 326 568 337 551 342 532 342 677 337 694 327 715 327 732 336 714 343 695 343 1347 361 -140.162491 86.644501 5.198916 -0.062809 0.091556 0.020384 -2.670799 -7.521949 433.404633 -35.729698 -8.101981 436.459503 30.388102 -6.941917 430.349762
536 323 552 313 572 314 587 326 570 331 552 330 700 328 718 317 739 316 757 327 739 334 719 334 1221 258 -115.240944 66.234772 1.952540 -0.294479 0.122527 0.043396 6.447164 -11.808596 425.945862 -26.479549 -12.630897 430.154785 39.373878 -10.986294 421.736969
535 353 552 345 571 347 588 358 570 362 552 361 702 361 720 351 741 350 759 359 741 366 721 367 1182 823 -106.844788 178.041107 13.033852 0.083809 0.034569 0.035933 6.756522 1.242613 415.546112 -26.407047 0.003280 416.642181 39.920090 2.481946 414.450012
644 312 665 305 687 308 705 321 684 323 663 321 814 335 833 328 854 330 869 342 851 345 832 343 247 250 78.307610 64.451530 -7.182203 -0.288766 -0.009500 0.134125 51.651184 -10.948132 420.044250 18.744009 -15.371944 420.371735 84.558365 -6.524319 419.716797
512 354 529 346 549 348 565 359 547 363 529 362 677 363 694 352 714 352 731 361 714 368 694 368 1383 648 -146.988480 143.449631 11.341973 -0.033643 0.094769 0.034092 -3.148980 2.011373 422.681885 -36.185547 0.934349 425.841766 29.887585 3.088397 419.521973
520 321 537 312 557 314 573 326 555 330 536 330 683 329 701 319 722 319 739 329 721 336 701 336 1265 272 -123.968819 69.014427 2.641364 -0.144759 0.126691 0.057003 -0.353444 -11.608291 429.640625 -33.238903 -13.184929 433.955750 32.532017 -10.031652 425.325500
526 321 542 312 562 313 578 326 560 331 542 330 691 329 709 318 732 318 750 328 731 336 711 335 1295 48 -130.186630 24.690651 -1.618006 -0.223679 0.157020 0.057039 2.596234 -11.398995 415.876404 -30.148228 -12.689138 421.233185 35.340694 -10.108852 410.519592
592 317 611 309 632 313 648 327 629 330 609 327 763 342 782 332 804 334 821 346 801 352 781 350 837 405 -38.762676 95.247429 1.391606 0.160121 0.030596 0.133902 29.670488 -8.334883 405.382263 -3.222268 -12.829201 406.036041 62.563244 -3.840565 404.728516
584 322 603 314 625 317 642 331 622 334 602 332 759 341 778 330 800 331 817 343 798 349 777 348 818 169 -35.256702 48.538776 -3.562151 0.134139 0.039180 0.086997 27.430605 -7.912781 401.032379 -5.623409 -10.875521 402.134155 60.484619 -4.950042 399.930573
584 323 603 315 624 318 641 331 621 335 601 333 756 341 775 331 797 332 814 343 795 350 775 348 812 535 -33.645947 120.969490 3.793648 0.161214 0.030165 0.091111 26.935808 -7.739134 404.301636 -6.116527 -10.827235 405.054230 59.988144 -4.651032 403.549011
533 339 550 330 571 332 588 343 569 348 550 347 703 345 722 334 744 334 763 343 744 351 723 351 1078 455 -86.598129 105.192001 4.624206 0.128111 0.000440 0.032214 6.889225 -4.683692 406.335449 -26.298382 -5.751187 406.281616 40.076832 -3.616198 406.389282
601 320 621 312 643 315 661 328 641 331 620 329 777 338 796 329 817 330 834 342 815 347 795 345 660 307 -3.700464 75.816734 -2.223351 -0.328242 0.028201 0.098927 34.976936 -9.003935 411.538574 1.946084 -12.072232 412.990417 68.007790 -5.935638 410.086700
462 367 478 360 497 362 512 373 495 375 478 374 610 378 626 370 644 371 659 379 643 384 626 383 811 701 -33.257454 153.820938 7.145741 -0.324386 -0.086621 0.051372 -30.804420 8.934811 484.321472 -63.842461 6.799599 481.774231 2.233618 11.070023 486.868713
590 303 606 297 624 299 638 309 622 311 605 309 727 319 742 313 758 314 771 323 757 327 741 325 76 167 112.194618 47.990593 -10.438155 -0.429402 -0.016399 0.116516 25.867708 -19.876337 511.311829 -7.111019 -23.733648 511.602142 58.846436 -16.019026 511.021515
490 318 504 311 520 312 533 321 519 324 503 324 622 324 637 316 654 315 668 323 653 328 637 328 1159 129 -103.067497 40.692745 -1.230720 -0.425864 -0.010026 0.027638 -24.852457 -16.580391 526.127808 -58.043137 -17.540312 525.997375 8.338223 -15.620473 526.258240
532 325 547 318 564 320 578 330 562 332 547 331 667 336 682 328 698 329 712 338 697 342 682 341 642 382 -0.037684 90.655655 -0.870510 -0.476670 -0.030425 0.068962 -2.860847 -11.141749 522.062500 -35.973152 -13.579913 521.626282 30.251457 -8.703586 522.498718
517 341 531 335 547 337 560 346 546 349 530 347 650 353 664 345 681 345 695 353 680 358 664 357 1043 845 -79.196930 182.366394 12.198820 0.270464 -0.005798 0.075217 -11.188046 -3.262800 517.371582 -44.298992 -5.701807 516.846008 21.922899 -0.823794 517.897095
560 318 575 313 592 316 605 326 590 328 574 326 693 337 707 331 723 332 736 341 722 345 706 343 472 390 33.754635 92.203949 -2.274606 0.236986 0.026030 0.120710 10.097425 -11.991972 521.744507 -22.855728 -16.054413 522.126465 43.050579 -7.929530 521.362549
508 321 522 315 538 316 551 326 537 329 521 327 640 332 654 324 671 325 685 333 670 337 654 337 1322 299 -135.265259 74.369476 3.713182 -0.416012 -0.015308 0.066161 -16.108219 -13.543692 530.150696 -49.237595 -15.780237 530.107544 17.021158 -11.307145 530.193848
520 324 541 311 568 310 590 324 566 330 542 330 718 323 740 309 766 308 789 321 766 328 741 328 851 13 -41.992947 17.672916 -6.416965 -0.498388 0.035687 -0.001617 8.276759 -10.284953 344.886200 -24.907303 -9.944278 346.009369 41.460823 -10.625628 343.763000
567 326 583 322 599 325 612 334 597 336 581 333 700 346 715 340 731 342 743 350 729 353 714 352 150 577 97.957710 129.145401 -1.454425 0.218142 0.017841 0.130457 13.748493 -7.872858 523.457642 -19.170033 -12.222198 523.573730 46.667019 -3.523517 523.341553
482 350 495 344 511 345 524 352 510 355 496 355 613 351 628 343 644 342 659 348 644 353 629 354 1311 787 -132.521408 170.943146 13.493278 0.220998 -0.033390 -0.002074 -29.138298 -2.267503 524.106018 -62.324608 -2.077204 523.014099 4.048012 -2.457802 525.197937
518 332 532 326 549 328 562 337 547 340 532 339 651 343 666 335 683 335 696 343 682 348 666 348 1074 511 -85.739212 116.273666 5.721291 0.227012 -0.007278 0.066975 -10.439569 -7.864870 519.182861 -43.569382 -10.040735 518.692200 22.690245 -5.689003 519.673523
550 326 566 321 583 323 596 333 581 335 565 333 685 343 700 335 716 337 729 345 714 349 699 348 550 442 18.313564 102.510849 -0.503109 0.244497 0.019147 0.102496 5.930575 -8.882624 517.070190 -27.094797 -12.323309 517.284912 38.955948 -5.441938 516.855530
549 334 565 329 581 331 595 341 579 343 564 341 683 350 698 344 714 345 727 353 713 357 698 355 500 812 28.672771 175.724136 6.528346 -0.458661 -0.027168 0.104903 5.224719 -5.041627 525.730103 -27.788721 -8.600455 525.645142 38.238159 -1.482799 525.815063
573 318 589 313 606 316 619 326 603 328 587 326 707 337 721 330 737 332 750 340 736 344 721 342 19 204 123.564217 55.301243 -10.214047 -0.383201 -0.028234 0.122080 17.119572 -12.288236 529.744446 -15.828084 -16.410156 529.598328 50.067226 -8.166315 529.890564
533 320 548 315 565 317 578 326 563 329 547 327 668 334 683 327 699 328 713 336 698 340 682 339 905 199 -52.511440 54.493687 -2.153219 -0.416485 -0.027486 0.085154 -2.488627 -12.661200 524.323364 -35.562508 -15.591163 524.018005 30.585257 -9.731237 524.628723
560 321 575 316 592 318 606 328 590 330 574 328 694 338 708 331 725 332 738 341 723 345 708 343 393 241 49.283535 62.700405 -6.019451 -0.409754 -0.027869 0.109663 10.458331 -11.264133 526.536987 -22.537109 -14.983533 526.374084 43.453773 -7.544734 526.699890
546 333 561 327 578 330 591 340 576 342 560 340 680 349 695 341 712 342 725 351 710 355 695 354 576 604 13.331923 134.576233 3.016721 0.250996 0.018090 0.094827 3.707418 -5.764929 516.301819 -29.343599 -8.950764 516.502502 36.758438 -2.579095 516.101196
547 329 562 323 579 325 593 335 577 338 561 336 681 344 696 336 713 337 726 346 711 350 696 349 590 487 10.416027 111.424629 0.776579 0.248929 0.017144 0.091814 4.188191 -8.094293 515.760132 -28.872639 -11.177612 515.945496 37.249020 -5.010973 515.574768
582 334 598 330 615 333 629 342 613 343 597 341 717 351 732 346 747 347 760 354 746 358 731 356 139 614 100.185982 136.465500 -0.806553 -0.386994 -0.020214 0.111890 21.844843 -4.623213 526.405457 -11.148231 -8.366689 526.461487 54.837917 -0.879738 526.349365
541 333 557 327 574 329 588 339 572 341 556 340 677 346 692 338 709 339 722 347 707 352 692 351 611 509 6.267962 115.782776 1.415511 0.235696 0.014344 0.075437 1.951578 -6.614787 513.526611 -31.155840 -9.149920 513.704346 35.058994 -4.079654 513.348877
593 287 609 280 628 282 643 291 626 295 609 294 743 298 759 290 776 291 791 300 775 304 758 303 484 399 31.380228 93.987526 -1.981819 -0.393677 0.024331 0.076790 28.802103 -27.390373 474.614929 -4.296424 -29.715189 475.896454 61.900631 -25.065556 473.333405
573 300 589 292 607 294 623 304 606 307 588 306 724 308 740 299 758 300 774 308 757 313 740 313 686 736 -8.376875 160.721817 6.702917 -0.395880 0.034956 0.056287 19.919718 -22.254589 469.614685 -13.213181 -23.847139 471.109467 53.052616 -20.662037 468.119873
572 296 588 289 607 290 621 300 605 304 588 303 722 304 737 295 755 296 770 304 754 310 737 309 734 473 -18.216311 108.683578 1.819663 -0.401004 0.032582 0.052323 19.429352 -24.275249 477.038513 -13.713246 -25.751379 478.434570 52.571949 -22.799122 475.642487
547 303 561 295 579 296 593 306 578 309 561 309 694 307 710 298 728 298 744 306 728 312 711 312 1151 571 -100.972412 128.163559 7.645566 -0.356162 0.071215 0.033833 7.139261 -22.325279 475.409454 -25.963486 -23.007484 477.919922 40.242008 -21.643072 472.899017
579 300 595 294 613 296 628 306 611 308 594 307 729 312 745 305 763 305 778 314 762 318 745 318 981 843 -66.878296 181.957870 11.587162 -0.392842 0.031784 0.079774 22.314270 -20.936136 471.301178 -10.769755 -23.309696 472.841675 55.398296 -18.562578 469.760681
572 280 588 273 606 274 620 285 604 289 587 287 722 291 738 282 756 282 771 291 755 297 738 296 1078 29 -87.085129 20.885960 -4.001797 -0.330512 0.062323 0.075029 19.243979 -30.559919 473.210938 -13.804443 -32.663624 475.647308 52.292400 -28.456213 470.774597
595 274 612 267 631 269 645 280 628 283 611 282 746 288 762 280 780 281 795 291 779 296 762 294 614 60 5.158497 26.925617 -7.648578 -0.371977 0.035619 0.098826 30.024107 -32.074196 473.029663 -2.999763 -35.057346 474.785919 63.047977 -29.091043 471.273407
601 291 618 284 637 287 652 297 634 300 617 298 753 306 769 299 787 301 802 310 786 314 769 312 474 830 33.860188 179.281021 6.653306 -0.381182 0.028609 0.106612 32.714828 -24.028278 469.886780 -0.290332 -27.297428 471.477875 65.719994 -20.759129 468.295654
587 287 604 280 622 282 637 292 620 296 603 295 739 298 755 290 773 291 789 300 772 305 755 304 737 495 -18.787334 113.038033 2.292774 -0.374763 0.042733 0.077682 26.521040 -26.910778 470.403168 -6.554872 -29.164293 472.264679 59.596954 -24.657263 468.541626
617 275 634 269 653 272 668 282 651 284 633 283 768 290 783 283 800 284 814 293 799 297 783 296 222 118 83.124817 38.323402 -10.085356 -0.339474 0.007053 0.093175 40.040222 -31.700062 477.611755 6.978878 -34.691048 478.360870 73.101562 -28.709074 476.862640
566 296 581 290 598 292 612 302 596 305 580 304 713 308 729 299 747 299 763 308 746 313 729 313 1227 655 -115.979446 144.802902 10.046600 0.206540 -0.000742 0.070158 15.496979 -22.945660 469.261414 -17.626431 -25.254265 468.997345 48.620388 -20.637056 469.525513
604 300 621 294 640 296 655 306 638 309 620 307 756 314 773 307 790 308 805 316 789 321 772 319 333 823 61.872345 177.866760 5.212633 -0.354700 0.034499 0.092744 34.255234 -20.478464 471.447205 1.211157 -23.288006 473.107025 67.299309 -17.668921 469.787354
605 280 623 272 642 274 657 285 640 288 622 287 757 292 773 284 791 286 806 296 790 300 773 299 393 105 49.128063 35.785801 -8.773293 -0.345354 0.016066 0.087136 35.018433 -29.964575 473.851013 1.942588 -32.705841 474.867615 68.094284 -27.223307 472.834412
616 273 634 266 653 267 668 278 650 281 633 280 767 287 782 279 800 281 815 291 799 295 782 293 225 8 82.402893 16.554852 -12.285090 -0.353855 0.006167 0.101227 39.889793 -32.907391 477.353760 6.853816 -36.157394 478.141937 72.925774 -29.657389 476.565582
583 282 598 275 616 276 630 287 614 290 597 289 731 293 746 284 765 284 780 294 764 299 747 298 1048 166 -80.966774 47.992306 -1.504075 -0.349028 0.080521 0.080470 23.627487 -29.981030 478.631378 -9.364580 -32.132027 481.706482 56.619556 -27.830030 475.556274
609 290 626 284 645 287 660 297 643 299 625 298 761 305 777 298 795 299 809 307 793 312 776 311 465 661 35.455509 145.833817 3.148342 -0.348748 0.023769 0.094786 36.599957 -24.833591 474.667725 3.551958 -27.776453 475.982697 69.647949 -21.890730 473.352783
579 289 594 282 611 284 625 294 610 297 593 296 726 299 742 291 760 291 776 300 759 306 742 305 1021 398 -75.335991 93.899910 2.944922 -0.345773 0.090277 0.081173 21.673265 -26.986263 479.280273 -11.289572 -29.109194 482.672058 54.636101 -24.863335 475.888489
610 274 627 267 645 269 660 280 643 283 625 281 760 289 776 282 794 283 808 293 792 297 775 295 453 93 37.190872 33.423302 -8.463542 -0.368570 0.026408 0.108786 36.678051 -32.095673 477.059998 3.678735 -35.459625 478.572815 69.677368 -28.731716 475.547150
562 292 576 284 594 285 608 295 593 299 576 299 708 296 723 286 742 286 758 294 742 300 724 300 1011 304 -73.456207 75.295113 0.949409 -0.323126 0.102299 0.034432 13.674611 -27.778595 481.266602 -19.338636 -28.356392 484.781036 46.687859 -27.200800 477.752167
528 357 543 350 561 352 575 363 559 366 543 364 671 369 687 360 705 360 720 369 704 374 687 373 978 610 -66.548485 135.846191 6.841547 0.251198 -0.001504 0.066746 -2.088460 4.103819 476.479492 -35.219688 1.918626 476.153320 31.042767 6.289012 476.805664
462 355 477 348 494 348 509 358 493 361 477 361 605 358 621 349 639 348 656 355 639 361 622 362 1310 411 -132.752518 96.531975 5.870504 0.158326 -0.049060 0.017314 -32.051453 0.552281 481.380859 -65.211433 0.108689 479.713959 1.108529 0.995873 483.047729
530 350 546 343 564 345 578 356 562 359 545 358 676 362 692 353 711 353 726 362 710 368 692 367 959 418 -62.992207 97.845207 2.778738 0.025522 0.022215 0.066337 -0.375775 1.126811 476.891357 -33.499371 -1.083276 477.600220 32.747822 3.336897 476.182465
502 385 517 377 534 379 549 390 533 393 517 392 647 394 663 384 681 384 697 392 681 398 663 398 1164 826 -103.264320 178.631119 12.928778 0.199897 0.022276 0.038934 -13.283406 15.876628 473.357391 -46.454929 14.519167 473.963165 19.888117 17.234087 472.751648
611 368 628 363 647 366 661 377 644 379 626 376 759 389 775 381 792 383 806 391 790 396 774 394 396 757 49.277248 164.818192 4.456583 0.160568 0.035982 0.111365 36.440498 11.757855 473.896301 3.462337 7.988695 474.787323 69.418663 15.527017 473.005280
531 346 546 339 564 341 578 351 562 354 546 353 673 357 689 348 708 348 723 357 707 362 690 362 1149 295 -100.890480 73.542343 2.038463 0.142651 -0.002411 0.066509 -0.939429 -1.035656 484.175323 -34.070858 -3.229279 483.938416 32.191998 1.157966 484.412262
517 365 531 359 548 361 562 370 547 373 531 372 658 375 674 366 692 366 708 374 692 380 674 379 1386 663 -147.567505 146.418762 11.673343 0.125851 0.015520 0.051834 -7.967546 7.485900 485.131317 -41.123829 5.737770 485.536926 25.188738 9.234031 484.725739
586 358 603 353 621 356 636 366 618 368 601 366 733 377 748 370 766 371 780 380 764 384 748 383 525 666 23.537752 146.835648 3.802323 0.173477 0.037718 0.105121 25.023554 7.040437 477.238556 -7.974910 3.466379 478.180420 58.022018 10.614496 476.296722
603 336 620 330 639 332 653 343 636 345 619 343 748 354 763 347 781 349 794 359 779 362 763 360 217 178 84.187035 50.196465 -8.916488 -0.376316 -0.008821 0.120043 33.240185 -3.194386 492.082855 0.272798 -7.131896 492.537781 66.207573 0.743124 491.627899
557 347 572 341 591 343 605 353 589 356 572 355 702 359 717 351 735 352 750 360 734 366 717 365 701 313 -11.841311 77.012566 -1.724155 0.173338 0.012830 0.067536 11.427843 0.070173 479.760864 -21.698740 -2.196183 479.990631 44.554424 2.336530 479.531097
605 346 621 341 640 344 654 354 637 356 620 354 750 364 765 357 782 359 795 367 780 372 764 370 186 448 90.656158 103.623505 -3.734883 -0.362301 0.003836 0.115745 33.871769 1.450501 492.673706 0.886947 -2.277983 493.485901 66.856590 5.178985 491.861511
555 348 571 341 589 343 603 354 587 357 570 355 700 360 715 352 734 352 748 361 732 366 715 365 921 293 -55.583572 73.099716 -0.102432 0.161637 0.015655 0.067116 10.654439 0.315424 480.762482 -22.471720 -1.943613 481.100006 43.780598 2.574461 480.424988
570 337 586 330 604 332 619 343 602 345 585 344 715 350 730 342 748 343 763 353 747 357 730 356 633 24 1.341576 19.805065 -8.202502 -0.395294 0.014372 0.089027 17.688444 -4.313960 489.063751 -15.383192 -7.096723 490.104309 50.760078 -1.531197 488.023193
555 349 571 342 589 344 603 355 587 357 570 356 700 362 716 354 734 356 749 365 732 369 716 368 945 332 -60.308376 80.822800 0.908367 -0.417385 0.013801 0.087634 10.675714 1.362138 486.576294 -22.400406 -1.366034 487.618866 43.751835 4.090311 485.533722
546 351 561 344 578 346 592 356 577 359 560 358 689 364 704 356 723 357 738 366 721 370 704 369 1291 421 -128.965317 98.507088 5.897959 -0.397883 0.020378 0.082571 5.917605 2.078040 489.362854 -27.168766 -0.455935 490.558960 39.003975 4.612015 488.166779
585 334 602 328 620 331 634 342 617 344 600 342 730 352 745 345 763 347 776 356 761 360 745 358 354 70 56.838310 28.851236 -9.841280 -0.388260 0.008505 0.118911 24.595156 -4.145922 490.525513 -8.376928 -7.932599 491.556274 57.567238 -0.359245 489.494781
570 336 586 330 604 332 618 342 602 345 585 343 715 350 731 342 748 343 762 352 747 357 730 355 544 13 19.015484 17.609871 -9.245131 -0.392318 0.013213 0.089044 17.557697 -4.523299 488.149841 -15.514387 -7.315877 489.149017 50.629780 -1.730720 487.150665
604 356 621 351 639 354 654 364 637 365 620 363 750 375 765 368 782 370 796 378 780 382 765 380 68 762 114.464615 165.740341 1.536203 -0.368570 0.014811 0.122888 33.899212 6.134279 492.773865 0.945572 2.245336 493.995880 66.852852 10.023223 491.551819
542 344 557 336 575 337 589 348 573 351 557 350 686 353 702 345 720 345 735 355 719 359 702 358 1169 64 -105.129051 27.831200 -2.454772 -0.401392 0.031857 0.064510 4.399101 -2.347755 488.161469 -28.720955 -4.221557 489.614166 37.519157 -0.473952 486.708771
553 339 569 332 587 333 601 344 585 347 568 345 698 350 714 342 732 343 747 353 731 357 714 356 934 11 -58.489372 17.294159 -5.692843 -0.406927 0.027943 0.080392 9.797866 -3.884742 487.230225 -23.288406 -6.291849 488.666901 42.884136 -1.477635 485.793518
597 389 612 385 628 387 640 396 626 397 611 395 722 404 735 398 750 399 762 407 749 410 735 409 267 727 74.878418 158.854660 2.660735 -0.519877 0.007720 0.110939 27.885792 23.840242 566.899475 -5.118490 20.392715 568.079102 60.890072 27.287771 565.719849
562 390 575 384 590 386 603 394 589 397 575 396 685 398 699 391 714 392 727 399 714 403 699 403 1032 430 -77.485382 100.235016 3.694220 -0.538009 0.017913 0.058524 8.636126 22.039799 567.514954 -24.507999 20.346222 568.591248 41.780251 23.733374 566.438721
574 397 588 391 604 392 616 401 602 403 587 402 697 407 711 400 726 401 738 409 725 412 711 411 725 498 -16.399210 113.629272 2.242973 -0.532874 0.007995 0.077332 15.303465 26.417364 572.628906 -17.803402 24.040926 573.549500 48.410332 28.793804 571.708313
550 398 563 392 577 393 590 402 576 404 562 403 671 406 685 399 700 399 713 406 700 411 685 410 1138 462 -98.513596 106.589630 5.318684 -0.509961 0.021422 0.057726 1.442473 26.275951 572.298584 -31.700768 24.619761 573.457092 34.585712 27.932144 571.140015
544 400 564 386 590 384 611 396 590 404 566 406 730 390 751 375 777 374 800 385 778 394 754 395 1198 162 -110.780029 47.231503 -0.203230 -0.327199 0.047202 -0.053298 14.918027 13.332135 365.408875 -18.203417 15.323036 366.660217 48.039471 11.341233 364.157532
544 390 557 383 572 384 584 392 571 395 557 395 666 396 680 389 695 389 708 397 694 401 680 400 1272 17 -125.651405 18.550982 -2.457603 -0.514097 0.023516 0.051711 -1.426223 21.331221 570.881775 -34.578644 19.885971 572.059875 31.726198 22.776468 569.703735
589 389 604 382 620 383 634 392 619 394 603 394 713 399 727 392 742 394 755 403 741 405 727 404 115 168 104.445503 48.196503 -10.058627 -0.506876 -0.008156 0.087124 24.003981 22.135841 570.000305 -9.076485 19.301651 570.458435 57.084442 24.970032 569.542236
548 398 561 392 576 393 589 402 575 405 561 404 672 407 685 400 701 400 714 408 700 412 685 411 976 276 -66.532860 69.746681 0.060013 -0.513086 0.014846 0.061655 1.169151 26.349047 567.134827 -31.970366 24.515478 568.119690 34.308670 28.182615 566.149902
572 407 586 402 601 403 614 411 600 414 585 413 697 417 711 410 726 411 738 417 725 421 710 421 471 720 34.330608 157.511246 4.398297 0.203330 0.017180 0.059702 14.275307 30.741096 555.957520 -18.865671 28.715841 556.322937 47.416286 32.766354 555.592102
521 408 541 393 566 391 587 402 566 411 542 414 711 394 733 379 761 377 785 389 762 398 736 399 1417 215 -154.240112 57.765259 2.887446 -0.427264 0.111489 -0.054476 7.525093 14.754731 357.100616 -25.428276 17.282400 360.301544 40.478462 12.227062 353.899658
577 407 591 401 607 403 620 412 605 414 590 413 703 417 716 411 731 411 744 418 730 422 716 422 270 738 74.294823 161.032196 2.911109 -0.504626 0.009144 0.074619 17.285460 31.455864 563.247192 -15.827541 29.159214 564.149475 50.398460 33.752514 562.344849
566 406 581 400 596 402 609 410 595 413 580 412 693 415 706 408 722 408 734 415 721 420 706 419 399 672 48.583904 147.997177 2.763070 -0.513145 0.003516 0.060533 11.932011 30.292171 561.579651 -21.213108 28.399721 562.195557 45.077129 32.184620 560.963684
533 401 546 394 561 394 574 403 560 406 546 406 657 405 670 398 686 398 700 406 686 410 671 409 1219 286 -114.811485 71.775604 2.501083 -0.499226 0.015326 0.035256 -6.708642 26.301085 564.437927 -39.889427 25.303114 565.211975 26.472143 27.299055 563.663818
566 394 580 387 596 389 608 398 594 400 579 399 691 403 705 396 720 397 733 405 719 409 705 408 499 178 28.146715 50.254379 -6.318626 -0.511361 0.002623 0.069940 11.324634 24.270147 564.230225 -21.800642 22.071314 564.894226 44.449909 26.468979 563.566223
576 393 590 387 606 389 619 398 604 401 589 399 701 404 715 397 730 398 742 406 729 410 715 409 286 226 70.529915 59.709908 -7.308897 -0.487692 0.006268 0.077933 16.760351 24.430395 565.389526 -16.345020 21.996311 566.207581 49.865723 26.864477 564.571472
557 410 571 405 586 406 600 414 585 416 570 416 684 418 698 411 713 411 726 418 712 422 698 422 754 826 -21.787256 178.546921 9.151746 -0.528575 0.001122 0.050305 7.028740 31.941101 556.994629 -26.135015 30.357725 557.461365 40.192497 33.524479 556.527954
573 409 587 404 603 406 616 414 601 416 587 415 700 419 714 413 729 414 741 420 728 424 713 424 253 817 77.763451 176.662918 4.354158 -0.508406 0.011034 0.069980 15.462953 32.500378 559.622437 -17.660347 30.368528 560.550781 48.586254 34.632229 558.694092
540 410 554 403 569 404 582 413 568 416 553 415 667 416 681 408 697 409 710 416 696 421 681 420 1203 581 -111.294655 130.153259 8.327092 -0.521370 0.008546 0.041923 -1.805829 31.179390 555.489075 -34.980938 29.922285 556.114746 31.369280 32.436497 554.863403
542 412 555 406 570 407 583 416 569 419 555 418 668 419 681 412 697 412 711 419 697 423 682 423 1223 762 -115.062225 165.977539 12.176376 -0.515450 0.009225 0.041994 -1.257965 32.748165 557.760132 -34.432766 31.492321 558.404419 31.916836 34.004009 557.115906
571 414 586 408 602 409 615 418 600 420 585 419 699 424 713 417 728 417 741 425 727 429 713 428 363 841 55.931187 181.435150 5.853480 -0.512929 0.002559 0.072052 14.937742 34.586906 556.836609 -18.182684 32.321312 557.517822 48.058170 36.852505 556.155457
