462 170 481 162 503 164 520 178 501 183 480 181 645 185 664 173 688 173 706 183 686 192 665 191 1058 128 -82.997459 40.474102 -2.181408 0.117108 0.044257 0.066326 -16.529840 -63.704620 383.375854 -49.629276 -65.985497 384.711731 16.569595 -61.423744 382.039978
389 207 408 200 429 202 447 214 428 218 408 216 579 220 600 210 623 209 643 218 622 225 600 225 1408 671 -151.930298 148.006500 12.038003 0.064371 0.029457 0.051868 -39.779221 -48.877151 368.576660 -72.925003 -50.628662 369.498138 -6.633442 -47.125637 367.655182
510 205 532 200 557 204 577 216 554 217 531 215 708 227 728 218 750 220 768 229 748 234 727 233 351 710 58.166122 155.507584 3.090336 0.225927 -0.057368 0.086917 4.553626 -46.264584 360.452850 -28.472050 -48.906895 358.243195 37.579300 -43.622272 362.662506
394 197 412 190 433 193 452 205 432 208 412 206 584 213 605 203 628 203 648 212 627 219 605 218 1351 576 -140.711609 129.194153 9.589264 0.028853 0.040498 0.067265 -37.784000 -51.220249 365.488068 -70.886528 -53.470543 366.799011 -4.681475 -48.969955 364.177124
420 202 440 195 461 198 480 212 460 214 439 212 613 222 633 212 656 212 675 222 654 229 633 228 1174 645 -105.458481 142.813004 9.355862 0.090822 0.008592 0.084638 -28.129147 -48.545643 364.807709 -61.213955 -51.361740 364.964844 4.955662 -45.729549 364.650604
426 202 446 195 468 199 487 213 466 215 445 212 619 224 640 214 663 215 682 224 661 231 639 230 1107 643 -92.146225 142.403442 8.698142 0.153037 0.005084 0.094554 -25.840567 -47.865395 363.970490 -58.896919 -51.000996 363.898804 7.215787 -44.729797 364.042175
452 166 473 158 497 161 517 177 495 180 472 177 649 189 671 178 696 179 716 191 694 198 670 197 864 191 -44.372879 52.902054 -2.692913 0.195577 -0.006399 0.100194 -15.167223 -58.399117 354.683563 -48.205360 -61.678619 354.148773 17.870913 -55.119614 355.218384
462 165 483 157 508 161 527 176 505 179 482 177 659 189 680 178 705 179 724 191 702 198 680 196 791 222 -29.830549 59.022011 -2.737695 0.226057 -0.026707 0.098678 -11.804521 -58.843319 356.641663 -44.836716 -61.986664 355.395477 21.227676 -55.699974 357.887848
473 185 495 179 519 182 538 196 516 198 493 195 670 208 691 199 715 201 733 211 712 217 690 215 711 534 -13.575912 120.750847 2.842959 0.233230 -0.037617 0.101153 -8.168287 -52.421551 358.346069 -41.180794 -55.598602 356.721191 24.844221 -49.244499 359.970947
525 217 546 211 568 214 587 225 566 227 545 225 709 232 728 224 749 225 766 234 747 239 728 238 444 738 39.716751 161.067932 4.514045 0.190309 -0.049735 0.066269 7.163392 -46.942932 387.747437 -25.927851 -48.971050 385.899200 40.254635 -44.914818 389.595673
508 219 529 211 552 213 572 225 550 229 528 227 698 230 717 220 740 220 758 229 738 236 717 236 629 482 2.660054 110.443130 1.034614 0.260485 -0.023610 0.042146 2.181833 -45.719128 374.576721 -30.984461 -47.000748 373.620697 35.348125 -44.437504 375.532745
549 228 571 223 594 226 613 238 591 239 570 237 737 247 756 239 777 240 795 249 775 254 755 253 377 657 52.938694 145.024139 2.256667 0.217375 -0.038059 0.081951 16.528839 -41.146439 379.809784 -16.541050 -43.705818 378.263306 49.598728 -38.587055 381.356293
572 224 592 218 615 221 632 234 612 236 591 234 752 245 771 235 792 236 808 246 790 252 770 251 178 596 92.415146 132.911285 -0.811754 0.125772 -0.067756 0.089205 23.593449 -43.443230 391.386047 -9.403522 -46.250137 388.960999 56.590420 -40.636322 393.811096
559 173 581 165 606 168 626 181 603 184 580 182 747 192 767 183 789 185 807 197 787 202 766 199 177 59 91.999977 26.637972 -11.694590 -0.102479 -0.078574 0.080374 20.694603 -61.161972 382.025604 -12.300862 -63.953918 379.563110 53.690071 -58.370026 384.488098
488 184 508 176 531 179 549 192 528 195 507 194 677 200 697 189 720 190 739 201 718 207 697 207 887 201 -48.932114 54.885792 -2.278542 0.234102 -0.017669 0.070567 -5.296476 -56.601650 371.861511 -38.413872 -58.853092 371.007782 27.820917 -54.350212 372.715240
545 224 564 219 586 223 603 235 583 236 563 234 726 247 745 238 765 239 782 248 763 254 744 253 499 799 28.856634 173.151215 6.255898 0.106721 -0.039513 0.102577 13.158573 -42.613686 387.737518 -19.846020 -45.936569 386.249237 46.163166 -39.290802 389.225800
552 184 574 177 598 181 616 194 595 196 572 194 741 205 760 196 781 198 798 208 779 213 759 212 262 248 75.324455 64.058815 -7.084517 0.048320 -0.077495 0.079511 18.109896 -57.028225 381.956879 -14.890500 -59.599846 379.326233 51.110291 -54.456600 384.587494
542 201 556 194 572 195 586 204 571 208 556 207 678 206 692 198 710 198 724 205 709 211 693 211 897 3 -51.145710 15.703349 -6.195688 -0.322111 0.046054 0.041903 1.910748 -73.202972 512.683228 -31.230278 -74.325432 514.407227 35.051773 -72.080513 510.959229
630 199 646 194 663 196 676 205 660 207 645 205 765 214 779 208 794 210 807 218 793 221 778 219 208 332 86.151604 80.671448 -5.881077 -0.288418 -0.014735 0.110263 45.696377 -73.095856 528.762756 12.695388 -76.769073 528.805054 78.697365 -69.422630 528.720520
540 231 553 225 568 226 581 233 567 237 553 236 672 234 686 226 703 225 718 231 703 237 687 237 1433 880 -156.659485 189.373047 16.500317 0.310549 -0.009781 0.011762 -0.415790 -60.330666 518.523499 -33.616749 -60.664944 518.143799 32.785168 -59.996391 518.903259
616 198 631 192 648 194 661 204 646 206 630 205 752 212 766 205 781 206 794 215 780 219 765 217 283 218 71.116943 58.126080 -7.498524 -0.335108 0.001793 0.102641 38.293850 -73.219322 523.425781 5.262217 -76.548271 524.049377 71.325485 -69.890366 522.802246
599 198 614 191 631 193 644 203 629 206 613 204 735 209 750 202 766 203 779 211 765 216 749 214 513 80 25.252539 30.862906 -8.174041 -0.347483 0.016512 0.085183 30.169270 -73.814789 521.153931 -2.911879 -76.488945 522.176758 63.250416 -71.140633 520.131104
546 228 559 222 575 222 588 231 574 234 559 234 678 230 693 222 710 221 725 228 710 233 694 234 1376 819 -145.401917 177.289352 14.740037 0.359800 -0.017902 0.006059 2.854658 -61.575153 516.744385 -30.344288 -61.666225 516.126953 36.053604 -61.484077 517.361877
614 203 630 197 647 200 661 209 645 211 629 210 750 217 765 210 781 211 794 219 779 223 764 222 215 252 84.669083 64.840767 -7.436498 -0.472413 0.003204 0.101998 37.351868 -69.520889 515.166626 4.316610 -72.752747 516.053467 70.387123 -66.289032 514.279785
582 226 597 220 614 222 628 230 612 233 597 232 719 234 733 227 750 227 764 235 749 239 733 238 603 878 8.279594 188.806793 8.813633 -0.474724 0.025019 0.057287 21.751120 -60.092564 514.291382 -11.390045 -61.729477 515.533691 54.892284 -58.455647 513.049072
547 221 561 215 576 216 590 224 576 227 561 227 680 226 694 218 711 218 726 225 711 230 695 230 1403 611 -151.005264 136.131378 10.777012 0.398956 -0.017838 0.029791 3.595322 -63.925442 514.916748 -29.589739 -64.771843 514.145386 36.780384 -63.079041 515.688049
616 221 632 216 648 219 662 227 647 229 631 227 753 234 768 228 783 229 796 236 782 240 767 239 150 811 98.225220 175.454361 3.283802 -0.373125 0.013389 0.094480 38.639515 -61.667377 519.631470 5.584018 -64.645653 520.643188 71.695007 -58.689106 518.619690
590 223 606 218 622 220 636 229 621 231 605 230 728 234 742 227 759 227 772 234 758 239 742 238 547 739 19.249266 161.286972 5.483158 0.413159 0.044742 0.054589 25.738428 -60.088287 507.658661 -7.384879 -62.150723 508.732208 58.861736 -58.025848 506.585144
568 209 583 202 599 204 613 213 598 216 582 215 703 218 718 209 735 210 750 218 734 223 718 222 981 229 -67.580208 60.446339 -0.845621 -0.379779 0.040629 0.064080 14.784265 -69.021881 518.741211 -18.326159 -70.843864 520.455811 47.894688 -67.199898 517.026611
616 217 632 212 649 215 663 224 647 225 631 223 753 233 768 227 783 228 796 236 782 239 767 238 371 840 54.340248 181.238892 5.906930 -0.382051 0.006666 0.115184 38.720135 -62.817867 519.639526 5.733411 -66.500084 520.575989 71.706856 -59.135651 518.703064
558 221 572 215 588 216 601 225 587 228 572 227 692 228 707 220 724 220 738 227 723 232 707 232 1154 688 -101.434830 151.318665 10.042316 0.407451 -0.008030 0.039256 9.180407 -62.942173 511.811615 -23.998121 -64.155983 511.290497 42.358936 -61.728367 512.332703
596 202 612 195 629 197 642 207 627 210 611 209 733 214 747 206 764 207 777 215 763 220 747 219 571 101 13.750523 35.030746 -7.214503 -0.373589 0.008864 0.083053 29.058149 -71.590172 520.155945 -4.032247 -74.226753 520.952026 62.148544 -68.953583 519.359863
574 205 588 198 605 199 618 209 603 212 588 211 709 213 723 205 740 206 754 214 739 218 724 218 1006 107 -72.687790 36.307491 -3.085672 -0.378266 0.037659 0.064602 17.387579 -71.394043 520.992615 -15.725544 -73.252785 522.613037 50.500702 -69.535301 519.372253
603 219 619 214 635 216 649 225 633 227 618 225 740 233 754 226 770 227 783 235 769 239 754 238 369 797 54.688538 172.728714 5.017806 -0.379760 0.014825 0.098990 32.251324 -62.592915 520.955811 -0.789282 -65.703735 522.051636 65.291924 -59.482098 519.859924
577 220 591 214 608 215 621 225 606 227 591 226 711 230 726 223 743 223 756 231 742 235 726 234 921 662 -55.161736 146.125366 7.369387 0.392309 0.021571 0.061387 18.672470 -62.858524 515.071289 -14.462976 -64.982216 515.374268 51.807919 -60.734837 514.768372
569 217 583 211 599 212 612 221 598 224 582 223 702 226 717 218 734 218 748 226 733 231 717 230 1181 535 -106.975304 121.045273 7.192976 -0.365775 0.036357 0.065082 14.615996 -65.606735 523.637146 -18.497616 -67.499687 525.207214 47.729607 -63.713783 522.067078
605 212 620 206 637 208 651 218 635 220 619 219 742 225 756 218 772 218 785 226 771 231 756 230 193 397 89.206779 93.531967 -4.703087 -0.354908 0.010935 0.089504 33.296131 -66.603638 522.584045 0.224803 -69.445900 523.460632 66.367462 -63.761372 521.707458
492 223 508 216 526 218 540 228 524 231 508 230 636 234 651 225 669 225 683 234 668 239 651 239 749 248 -21.454397 64.158821 -2.598140 0.352336 -0.050803 0.066864 -18.201275 -57.326412 482.883789 -51.290287 -59.204441 480.846680 14.887738 -55.448380 484.920929
527 239 542 234 559 236 573 245 558 247 542 245 665 251 680 244 696 245 709 253 695 256 680 256 372 892 54.200966 191.529968 6.969081 0.377238 -0.021140 0.074884 -4.353696 -51.519722 503.154175 -37.459225 -53.814438 502.006226 28.751833 -49.225002 504.302155
493 221 507 214 524 216 538 225 523 229 507 228 629 229 644 220 661 221 676 229 660 234 644 234 881 96 -47.859798 34.104904 -4.459943 0.326703 -0.054543 0.049297 -21.251862 -61.938515 507.428864 -54.367771 -63.251907 505.386536 11.864047 -60.625122 509.471191
544 255 558 248 574 249 588 258 573 261 558 261 675 261 689 253 705 253 718 261 704 266 689 266 587 266 10.759556 67.687782 -3.726049 -0.379833 0.003335 0.041464 1.465737 -48.577682 534.714233 -31.710697 -49.900436 535.080627 34.642170 -47.254929 534.347839
536 248 550 241 566 243 579 252 565 255 550 254 666 256 680 247 696 248 710 256 695 261 680 260 961 7 -63.859509 16.508099 -5.525107 -0.358589 0.018653 0.048914 -2.842085 -51.861511 537.219971 -36.001896 -53.340549 538.113892 30.317724 -50.382473 536.326050
538 262 551 256 567 258 580 267 566 270 551 269 666 271 680 263 696 263 710 271 695 276 680 275 897 551 -50.519241 124.153374 4.900672 0.278943 -0.011684 0.053942 -2.474677 -44.501568 537.276428 -35.629253 -46.214924 536.645508 30.679901 -42.788216 537.907288
557 264 571 258 588 260 601 269 586 272 571 270 688 274 702 267 718 267 731 275 717 279 702 279 567 652 15.175318 144.073654 3.905755 0.312954 0.008537 0.061572 8.041030 -42.536980 531.187134 -25.100174 -44.590950 531.148621 41.182232 -40.483009 531.225647
588 263 604 258 620 260 634 269 618 271 603 269 720 275 734 269 749 270 761 277 747 280 733 279 54 699 117.174736 153.269669 0.131554 -0.349987 -0.005984 0.081651 24.379147 -42.972813 541.772827 -8.715578 -45.660431 542.047729 57.473869 -40.285198 541.497925
562 267 577 261 593 263 607 272 592 275 577 273 693 277 707 270 723 270 737 278 722 282 707 281 615 715 5.708560 156.551315 5.623620 0.300689 0.012420 0.057824 10.938609 -41.048969 532.020081 -22.208584 -43.000603 532.139648 44.085804 -39.097340 531.900513
560 264 575 258 591 259 604 269 590 271 574 270 691 274 705 266 721 266 735 274 720 279 705 278 655 577 -2.398181 129.249115 3.197772 -0.372928 0.003075 0.062416 9.904891 -43.155773 538.475464 -23.235857 -45.160419 538.957031 43.045639 -41.151131 537.993896
530 260 543 254 559 255 571 264 558 267 543 266 658 266 672 258 689 258 703 265 688 270 673 270 1307 234 -132.358688 61.502796 2.258824 -0.325331 0.024181 0.030814 -6.509099 -46.747841 541.340454 -39.688667 -47.623344 542.294006 26.670469 -45.872337 540.386902
555 258 569 251 585 253 598 262 584 265 568 264 685 267 700 259 716 259 729 267 715 272 700 271 676 330 -6.853764 80.371758 -1.610232 -0.357254 0.008693 0.059427 6.935899 -46.529285 536.977356 -26.209679 -48.408684 537.608398 40.081478 -44.649891 536.346375
577 266 592 261 608 262 621 271 606 273 591 272 708 278 722 271 738 272 750 279 736 283 722 282 132 863 101.861702 185.741547 4.170920 -0.368012 -0.003977 0.078569 18.349417 -41.599857 539.643311 -14.753853 -44.171600 539.988708 51.452686 -39.028118 539.297852
536 263 549 257 564 258 577 267 563 270 549 269 664 270 678 262 694 262 708 269 693 274 678 274 1216 510 -113.959244 116.104919 7.009185 0.264160 -0.010788 0.043231 -3.685760 -44.783375 538.058228 -36.857811 -46.154701 537.515869 29.486290 -43.412052 538.600647
574 260 589 254 606 256 619 266 604 268 588 266 705 273 719 266 735 267 748 275 733 279 719 278 110 500 105.818665 113.898773 -3.382076 -0.343906 -0.005155 0.091456 16.985647 -44.270416 540.073608 -16.081324 -47.272610 540.422729 50.052616 -41.268223 539.724487
565 257 580 251 596 253 610 262 595 265 579 263 697 268 711 260 727 261 740 269 726 273 710 272 412 290 45.563786 72.401482 -4.852225 -0.345339 -0.005176 0.068231 12.528943 -46.396717 538.054993 -20.598932 -48.645180 538.273804 45.656818 -44.148254 537.836182
547 260 561 253 578 254 591 263 577 267 561 266 678 266 692 259 709 259 722 267 708 271 693 271 853 319 -42.040581 78.231186 -0.202397 -0.159985 0.002721 0.038778 3.332216 -45.976299 535.035278 -29.847567 -47.250893 535.227966 36.511997 -44.701710 534.842529
577 262 591 257 608 258 621 267 606 270 591 268 708 274 722 267 738 268 750 276 736 279 722 278 98 707 108.440002 154.861923 0.698885 -0.246974 -0.009310 0.079028 18.277111 -43.400654 538.165710 -14.823162 -46.033382 538.182251 51.377384 -40.767925 538.149170
543 269 557 263 572 264 585 272 571 275 557 274 673 276 687 269 703 269 717 276 702 280 687 280 1325 656 -135.453308 145.020920 10.969652 -0.292808 0.006756 0.040516 0.711197 -41.651844 538.866577 -32.465809 -42.945057 539.283203 33.888203 -40.358627 538.450012
555 254 569 248 586 249 599 259 584 262 569 261 686 264 700 256 717 257 730 265 716 269 700 268 798 29 -31.442257 20.828457 -6.581234 -0.188669 0.021110 0.062888 7.196660 -47.921886 535.715820 -25.935337 -49.930275 536.608459 40.328659 -45.913494 534.823242
295 211 312 205 331 208 346 219 329 221 311 218 444 230 461 222 479 223 494 232 477 236 460 235 478 450 32.630878 104.079277 -1.004402 0.393271 -0.236002 0.142251 -103.835289 -59.083111 474.285797 -135.803482 -62.115540 465.836029 -71.867096 -56.050682 482.735565
423 267 437 261 454 262 467 271 453 274 437 273 559 275 574 267 590 267 604 274 589 279 574 279 529 797 22.892612 172.761566 6.491769 0.315369 -0.144610 0.064152 -55.459400 -40.321152 512.540161 -88.252991 -41.658031 507.504974 -22.665810 -38.984268 517.575317
391 251 407 244 424 245 439 254 423 257 406 256 529 258 543 251 560 251 574 259 559 263 543 263 491 411 30.002874 96.363785 -1.674347 -0.406301 -0.113473 0.017548 -71.187515 -48.850613 521.104553 -104.176674 -50.170280 517.564270 -38.198360 -47.530945 524.644836
420 246 436 240 453 242 467 251 451 253 435 252 556 258 570 252 586 253 599 261 584 264 570 263 91 458 109.546417 105.583008 -4.407560 -0.372434 -0.141708 0.050176 -58.506725 -50.188431 527.163513 -91.341362 -52.674599 522.889709 -25.672089 -47.702267 531.437256
395 261 410 256 426 258 439 267 424 269 409 268 529 274 544 267 560 267 574 275 559 279 544 278 715 885 -13.969551 190.215103 9.987148 0.278989 -0.156184 0.097963 -71.221573 -42.546597 524.655884 -103.867310 -45.022434 519.116394 -38.575840 -40.070759 530.195374
370 262 384 257 400 259 413 266 399 269 384 268 503 271 518 265 535 265 549 272 534 276 518 275 1146 733 -99.793594 160.222580 10.879815 -0.310978 -0.068749 0.037996 -85.058983 -43.727512 532.758911 -118.162231 -45.319557 530.709595 -51.955734 -42.135464 534.808289
387 246 401 239 418 241 432 250 416 253 401 252 522 256 536 249 553 250 567 258 552 262 536 261 670 317 -5.676278 77.797806 -1.928740 -0.363661 -0.095205 0.045978 -75.460526 -51.111629 528.763367 -108.481964 -53.170078 525.951416 -42.439087 -49.053181 531.575317
370 254 383 248 399 249 412 257 398 260 383 259 502 262 517 255 534 256 548 263 533 267 517 267 1065 538 -83.919823 121.615158 6.185099 -0.331289 -0.063982 0.037841 -85.818085 -48.382725 534.758728 -118.932037 -49.963783 532.880920 -52.704136 -46.801666 536.636536
353 248 367 241 383 242 396 250 382 254 367 253 485 253 500 245 517 246 532 253 517 258 500 257 1298 172 -130.641052 49.231052 0.920486 -0.300313 -0.042858 0.021235 -94.569878 -52.718414 536.891968 -127.737000 -53.624760 535.595764 -61.402760 -51.812073 538.188171
384 245 398 239 415 240 428 250 413 253 398 252 519 255 533 248 550 248 564 257 549 261 533 260 668 272 -5.330272 68.891823 -2.858362 -0.355385 -0.099106 0.040085 -77.311478 -51.765091 531.045044 -110.328705 -53.643833 528.063110 -44.294239 -49.886349 534.027039
388 263 403 258 419 260 433 267 418 270 402 269 523 272 537 265 553 266 567 272 552 277 537 276 490 885 30.743469 190.168900 7.914388 -0.342462 -0.111266 0.025852 -75.536507 -43.273590 532.326294 -108.527023 -44.739262 528.856812 -42.545982 -41.807919 535.795715
381 265 395 259 411 260 425 268 410 271 395 271 515 272 529 265 546 265 560 273 545 277 529 277 701 877 -11.196553 188.629013 9.696186 -0.337654 -0.088291 0.026129 -79.588943 -42.978516 533.677490 -112.654434 -44.318420 530.950256 -46.523457 -41.638607 536.404663
376 265 390 260 406 261 420 269 405 272 390 271 510 272 524 265 541 265 555 272 540 277 525 276 899 838 -50.588596 180.951523 10.730512 -0.338381 -0.076906 0.021920 -81.956467 -42.918911 533.198853 -115.056175 -44.059895 530.818237 -48.856766 -41.777927 535.579468
404 244 420 237 437 238 452 247 436 250 419 249 540 252 554 245 570 246 583 255 569 258 554 257 80 71 111.289978 28.992868 -12.345194 -0.352586 -0.142996 0.027929 -66.722221 -52.749062 531.192993 -99.578850 -54.481079 526.720703 -33.865589 -51.017044 535.665344
389 251 404 245 421 247 435 255 420 258 404 257 526 259 540 252 557 253 570 260 556 264 540 264 506 389 26.996857 92.013031 -1.981637 -0.344643 -0.117407 0.021738 -73.579628 -49.055397 527.268616 -106.550354 -50.425667 523.578979 -40.608902 -47.685123 530.958191
410 243 426 237 443 239 457 247 441 250 425 249 544 252 558 246 574 247 587 255 573 258 558 257 181 208 91.375412 56.126118 -8.640664 -0.341174 -0.146108 0.030722 -64.969940 -53.463009 536.622620 -97.808922 -55.277798 532.054504 -32.130962 -51.648224 541.190735
376 253 390 247 406 249 419 257 405 260 389 259 509 264 524 257 541 257 555 265 540 270 524 269 959 423 -62.986492 98.834717 2.879982 -0.322933 -0.074467 0.053823 -82.072372 -47.796879 532.518677 -115.138336 -49.946186 530.378113 -49.006409 -45.647572 534.659302
385 261 399 254 416 256 430 265 415 268 399 267 520 270 534 262 551 263 565 271 550 275 534 275 666 641 -4.510987 141.917068 4.595032 -0.346304 -0.100293 0.033712 -76.533524 -44.169693 529.653809 -109.554489 -45.835155 526.587646 -43.512550 -42.504234 532.720032
411 261 427 255 444 257 459 264 443 267 426 266 546 269 560 263 576 264 590 272 575 275 560 274 130 785 102.169983 170.304810 2.573087 -0.350232 -0.132572 0.031946 -63.548126 -44.209415 531.615051 -96.447823 -46.007221 527.499512 -30.648432 -42.411606 535.730591
386 266 401 260 418 261 432 269 417 272 401 272 523 273 538 266 554 266 568 273 553 278 538 277 537 888 21.406845 190.772247 8.408111 -0.351826 -0.105153 0.017015 -75.044334 -42.225533 528.029541 -108.062874 -43.385189 524.714355 -42.025795 -41.065876 531.344788
495 291 509 285 525 286 538 293 524 296 509 295 631 295 646 289 662 289 676 295 662 299 646 299 908 563 -52.691494 126.530449 5.244993 -0.406051 -0.000234 0.024691 -20.787769 -29.552851 511.064911 -53.982597 -30.351835 511.221497 12.407061 -28.753868 510.908325
506 301 522 295 538 295 553 303 537 306 521 305 649 306 664 299 681 299 696 306 681 310 665 310 707 870 -12.396903 187.244934 9.609718 -0.420586 -0.013001 0.028684 -12.644590 -23.752146 494.677551 -45.833179 -24.766058 494.455872 20.543999 -22.738234 494.899200
475 303 489 297 504 298 518 305 504 308 489 308 613 307 629 300 646 299 661 306 646 310 629 310 1419 814 -153.952789 176.308670 15.034921 -0.330139 0.002411 0.013750 -29.068270 -23.593361 501.656708 -62.269878 -24.028566 501.810028 4.133337 -23.158154 501.503418
538 298 554 293 572 294 587 301 571 304 554 303 681 306 695 300 711 301 725 308 711 311 695 310 98 887 108.645775 190.484192 4.343675 -0.356070 -0.039154 0.045778 2.280477 -24.385675 500.847412 -30.864744 -26.101845 499.843079 35.425697 -22.669508 501.851746
518 290 535 283 553 284 569 293 552 296 535 296 664 296 679 288 696 289 711 297 696 301 679 300 413 436 45.531967 101.295303 -1.886683 -0.386702 -0.045321 0.024637 -5.830292 -28.471140 492.003265 -38.991486 -29.555895 490.692444 27.330900 -27.386387 493.314087
508 279 524 272 542 273 558 282 541 285 524 285 654 284 669 276 686 277 701 285 686 289 669 289 639 41 0.168663 23.170622 -7.802999 -0.375005 -0.040249 0.021614 -10.622807 -33.601337 490.656281 -43.793377 -34.549683 489.484375 22.547766 -32.652988 491.828217
538 277 553 270 570 271 584 280 569 284 553 283 681 283 697 275 714 275 729 283 714 288 697 288 811 552 -33.427788 124.333611 4.128665 -0.324606 0.037858 0.043384 2.297286 -34.522770 491.899963 -30.852980 -35.735195 493.366058 35.447552 -33.310349 490.433838
599 281 616 276 635 279 650 288 633 289 616 288 745 296 760 289 777 290 790 298 775 302 760 300 83 775 111.498604 168.316147 1.937621 -0.294907 -0.013016 0.089795 31.689268 -30.003578 492.560608 -1.379947 -33.001335 492.571381 64.758484 -27.005819 492.549805
507 276 521 269 538 270 552 279 537 283 522 283 648 281 664 273 682 272 698 280 682 286 665 286 1292 360 -129.233780 86.435303 4.671992 -0.261700 0.058227 0.030686 -12.491706 -35.263309 491.661621 -45.625034 -36.018444 493.704163 20.641623 -34.508179 489.619080
612 273 629 268 647 270 661 280 645 282 628 280 755 288 769 282 786 283 799 291 784 295 769 294 21 459 123.458282 105.766533 -5.032171 -0.183873 -0.044583 0.089996 37.465908 -34.268288 501.968506 4.427952 -37.370392 500.772675 70.503860 -31.166183 503.164368
538 279 553 272 570 273 585 283 569 287 552 286 682 288 698 280 716 280 731 288 715 294 698 293 914 451 -54.011879 104.366714 3.032398 0.214789 -0.011618 0.057792 2.506906 -32.009117 480.347351 -30.640455 -33.870995 479.759521 35.654266 -30.147238 480.935181
603 265 621 259 639 262 654 271 637 273 620 272 748 278 763 272 779 273 793 281 778 285 763 284 22 196 122.958900 53.718647 -10.348401 -0.299843 -0.044812 0.079686 33.466167 -37.840996 493.612335 0.398983 -40.665085 492.542053 66.533348 -35.016907 494.682617
537 266 553 258 571 260 585 271 569 275 552 273 684 277 700 268 718 269 733 278 717 284 700 283 877 94 -47.067188 33.708279 -4.537290 0.278534 -0.011201 0.070983 2.992486 -36.796623 473.882019 -30.127180 -39.069794 473.189209 36.112152 -34.523457 474.574829
590 267 608 261 627 263 642 273 624 275 607 274 737 280 752 273 769 274 783 283 768 287 752 285 213 209 85.017372 56.330589 -8.325623 -0.322314 -0.034369 0.078459 27.667053 -36.564487 487.274750 -5.417073 -39.303890 486.570526 60.751179 -33.825085 487.978973
557 266 574 259 592 261 607 271 590 274 573 273 706 276 721 268 739 269 754 278 738 283 721 282 517 81 24.458784 31.061628 -8.116942 -0.346576 -0.010915 0.060816 12.620813 -37.471878 480.200439 -20.521269 -39.511963 480.191803 45.762897 -35.431793 480.209076
526 294 542 287 560 289 574 299 558 302 541 301 673 304 689 295 707 295 723 303 706 309 689 308 1074 795 -85.414551 172.477692 11.471959 0.258708 -0.005233 0.053008 -1.839912 -24.627312 471.093689 -34.997894 -26.344690 470.695587 31.318069 -22.909933 471.491821
544 273 560 266 578 268 593 279 576 282 559 281 692 285 708 276 726 277 741 286 725 291 708 290 833 299 -38.088955 74.269051 -0.791619 0.260539 0.004786 0.065116 6.348916 -33.098507 470.749969 -26.785545 -35.255352 470.627014 39.483376 -30.941664 470.872955
569 289 586 284 605 286 620 296 603 298 585 296 718 303 734 296 752 297 766 305 750 309 734 308 456 767 37.365208 166.809540 5.211808 -0.376743 -0.000495 0.082070 18.203487 -25.717642 479.987061 -14.890877 -28.378784 480.478058 51.297852 -23.056499 479.496094
540 291 557 285 575 287 590 297 573 300 556 299 689 302 704 294 722 294 737 303 721 308 704 307 795 786 -29.980690 170.639282 8.719496 0.263820 0.004902 0.055435 4.910637 -25.296322 471.511658 -28.243069 -27.136139 471.431122 38.064342 -23.456507 471.592224
535 277 551 269 569 271 584 282 567 285 550 284 682 288 698 279 717 279 732 288 715 294 698 293 1016 249 -74.512703 64.411560 -0.118215 0.224654 0.001216 0.060759 2.148271 -31.896544 471.883240 -30.995504 -33.900383 471.697632 35.292046 -29.892706 472.068848
551 284 567 278 586 280 601 290 584 293 567 291 700 296 715 288 733 288 748 297 732 302 715 301 637 575 1.176574 128.849609 2.991453 0.257127 0.009247 0.060237 9.666827 -28.273386 471.536438 -23.476681 -30.289606 471.584290 42.810337 -26.257166 471.488617
553 271 570 264 589 266 604 277 587 280 569 279 702 283 718 274 736 275 751 284 735 289 718 288 552 161 17.594881 46.900936 -6.174606 -0.331269 -0.007071 0.064727 11.081053 -34.665134 478.967346 -22.054037 -36.812321 479.089630 44.216145 -32.517952 478.845093
511 264 526 257 543 258 557 268 542 272 526 271 654 271 670 262 689 262 705 270 688 276 671 276 1214 10 -114.133385 17.153759 -3.133656 -0.294138 0.053030 0.043091 -9.935643 -39.927685 485.799133 -43.063526 -41.079861 487.742218 23.192240 -38.775509 483.856079
526 265 541 258 559 259 573 269 557 273 540 272 671 274 687 266 705 266 721 275 705 280 687 280 1063 81 -84.044815 31.173758 -3.087042 -0.358152 0.025856 0.057782 -2.627640 -38.438332 482.384125 -35.766651 -40.162891 483.563660 30.511374 -36.713768 481.204590
571 286 587 280 605 282 620 291 604 293 587 292 718 297 733 290 750 291 763 298 748 302 733 301 292 739 69.924026 161.234619 3.134028 -0.376302 -0.010085 0.063842 18.376995 -28.602926 487.161743 -14.759300 -30.733898 487.228973 51.513290 -26.471954 487.094513
530 280 546 273 564 274 579 284 563 287 546 286 678 288 694 279 712 280 728 288 711 293 694 293 931 377 -57.474792 89.725494 1.690593 -0.380762 0.003719 0.046381 0.242872 -31.674749 478.630676 -32.926437 -33.154102 479.040771 33.412178 -30.195395 478.220581
606 300 624 294 644 296 660 306 642 309 624 307 761 314 777 307 795 308 809 317 793 321 776 319 148 670 98.461479 147.549835 0.410292 -0.282778 0.000160 0.085592 35.875790 -20.296276 468.073212 2.791724 -23.096413 468.477386 68.959854 -17.496138 467.669067
594 298 611 293 630 295 646 304 628 307 610 305 747 312 763 305 781 306 796 314 780 318 763 317 362 653 55.914989 144.229462 2.037488 -0.310280 0.011606 0.081116 29.858217 -21.306532 469.098541 -3.236073 -23.894705 469.891632 62.952507 -18.718361 468.305450
540 285 555 278 572 280 587 290 571 293 554 292 688 295 704 287 723 287 739 296 723 301 705 301 1258 217 -122.640625 58.128407 1.463192 -0.289344 0.063272 0.068629 4.441534 -28.315046 470.569489 -28.619730 -30.257294 472.965363 37.502796 -26.372799 468.173615
540 310 555 304 571 306 585 315 570 318 554 316 687 321 702 313 720 313 735 320 719 325 702 325 1301 869 -130.440414 187.169022 15.061559 0.113659 0.022204 0.059851 3.716235 -17.317688 473.245758 -29.421017 -19.341236 473.868164 36.853485 -15.294140 472.623352
626 290 644 285 663 288 678 297 661 299 643 297 777 305 792 299 809 300 823 308 808 312 792 310 73 491 113.161186 112.110062 -3.905170 -0.256875 -0.015333 0.089423 44.166985 -24.746872 476.966034 11.097992 -27.744555 476.842224 77.235977 -21.749189 477.089874
534 299 548 292 565 294 580 303 564 306 548 305 680 307 696 298 715 298 731 306 714 311 697 311 1247 533 -120.093407 120.663025 7.760488 -0.281746 0.056558 0.047760 1.160091 -23.213640 476.229645 -31.954386 -24.514458 478.303009 34.274570 -21.912821 474.156281
578 299 595 293 614 295 629 304 612 307 594 305 731 310 748 303 765 304 780 312 764 316 747 315 640 625 0.637560 138.745300 4.031532 -0.358777 0.013864 0.070693 22.873753 -21.640509 468.768250 -10.245857 -23.854137 469.634796 55.993362 -19.426880 467.901672
580 300 597 294 615 296 631 306 613 309 596 307 732 313 748 305 766 306 781 314 765 319 748 318 580 703 12.650201 154.169296 5.058205 -0.365256 0.012858 0.072812 23.431446 -20.839912 471.203339 -9.683647 -23.124975 472.056915 56.546539 -18.554850 470.349731
623 300 642 295 661 298 677 307 659 309 640 307 775 316 791 310 808 312 822 319 807 323 790 321 140 757 100.150726 164.765625 2.098242 -0.313023 0.009585 0.103092 43.310848 -19.986246 476.496063 10.282403 -23.298338 477.339539 76.339294 -16.674154 475.652618
517 308 532 302 549 303 563 311 548 315 532 314 663 312 679 304 697 303 713 310 697 316 680 316 1283 693 -127.064583 152.334656 11.331944 -0.292385 0.046528 0.019502 -6.434358 -20.183884 479.073669 -39.597225 -20.597771 480.690033 26.728508 -19.769999 477.457306
595 292 612 285 632 287 647 298 630 300 612 299 747 305 763 297 781 298 795 307 779 311 762 310 426 423 42.933685 98.725258 -2.030159 -0.320308 -0.002189 0.080222 30.345039 -24.409813 472.350220 -2.753818 -27.036957 472.701599 63.443893 -21.782669 471.998840
537 289 552 281 570 283 585 293 569 297 552 296 685 297 701 287 720 287 736 296 719 302 702 302 1062 268 -83.632317 68.181129 0.690277 0.188123 -0.005154 0.044456 3.281263 -27.191422 467.986084 -29.890400 -28.642361 467.677612 36.452927 -25.740484 468.294586
586 303 603 297 622 299 638 309 620 311 603 310 738 316 754 309 772 310 786 318 770 322 754 321 539 836 20.949951 180.481781 7.373596 -0.369474 0.016053 0.080661 26.318521 -19.485302 474.255646 -6.775330 -22.002831 475.264954 59.412373 -16.967773 473.246368
545 300 559 293 577 295 591 305 576 308 559 307 691 310 706 301 724 301 739 309 723 315 706 315 1106 612 -91.982933 136.268280 8.061215 0.141254 0.017121 0.052807 5.879883 -22.128160 475.984558 -27.273865 -23.914946 476.427277 39.033630 -20.341375 475.541809
544 283 559 275 577 277 591 287 575 291 559 290 691 292 707 283 726 283 741 292 725 298 708 298 1226 89 -116.427765 32.790443 -1.423451 -0.277375 0.041890 0.057494 6.132173 -29.983929 477.334991 -26.989199 -31.675438 478.969971 39.253544 -28.292419 475.700012
618 285 634 279 653 281 667 292 650 295 633 293 762 301 778 294 796 295 810 304 794 308 777 307 229 428 82.088135 99.674309 -3.743732 -0.099271 -0.004365 0.093634 40.174347 -27.715881 491.438080 7.115182 -30.822517 491.447662 73.233513 -24.609245 491.428467
570 296 587 290 606 292 621 302 604 304 586 303 722 307 738 299 756 300 771 308 755 313 738 312 641 563 0.367958 126.475616 2.785316 -0.340258 0.012162 0.064616 19.147379 -23.140667 473.603607 -13.986375 -25.175531 474.360809 52.281132 -21.105804 472.846405
586 306 603 300 622 302 637 311 620 313 603 312 738 317 754 310 771 311 785 318 770 322 753 322 415 824 45.578075 178.081497 5.988288 -0.341395 0.014337 0.068733 26.332827 -18.905642 476.486542 -6.790967 -21.061527 477.338654 59.456619 -16.749756 475.634399
531 304 546 297 564 299 579 308 563 311 546 310 679 310 695 302 714 301 730 309 714 314 696 314 1252 546 -121.072166 123.236771 8.069784 0.166381 0.015281 0.029751 0.528260 -20.991716 468.395630 -32.658028 -22.016962 468.818604 33.714546 -19.966473 467.972656
550 327 565 320 582 320 596 329 581 332 565 332 688 329 702 320 718 320 732 327 718 332 702 332 505 704 27.555685 154.351807 4.387533 -0.428128 0.006896 0.002916 6.541821 -13.364143 520.272461 -26.662077 -13.409750 520.514954 39.745716 -13.318536 520.030029
573 321 588 314 605 315 619 324 603 327 588 327 713 329 727 321 744 322 758 330 743 334 728 334 695 581 -10.342589 130.048935 3.647258 -0.435705 0.034311 0.059836 18.069822 -13.933168 510.183075 -15.057277 -15.611985 511.711639 51.196922 -12.254352 508.654541
574 310 589 303 606 304 620 314 605 317 589 316 714 318 728 310 746 310 760 319 745 324 729 323 736 76 -19.067606 30.117096 -6.200699 -0.404742 0.033876 0.059228 18.634678 -19.026108 508.846497 -14.493920 -20.713554 510.332489 51.763275 -17.338661 507.360504
545 318 558 312 574 314 587 323 573 326 558 325 678 327 693 319 710 319 725 327 709 332 693 332 1230 416 -116.848846 97.505058 5.234766 0.188287 -0.000877 0.059629 2.411709 -15.202528 515.271667 -30.734251 -17.166924 515.056946 35.557671 -13.238133 515.486389
583 306 598 299 615 300 629 310 613 313 597 312 722 313 736 305 753 305 766 313 752 318 736 318 482 57 31.386705 26.304804 -8.925344 -0.395548 0.011461 0.042991 22.733767 -21.622709 514.238342 -10.438613 -22.938545 514.887573 55.906147 -20.306875 513.589172
592 316 607 310 624 311 639 319 623 323 607 322 731 322 745 315 761 315 775 323 761 327 745 327 190 404 89.810959 94.916656 -4.588983 -0.380864 0.006680 0.038287 27.391100 -17.027376 517.142700 -5.788939 -18.226135 517.598267 60.571140 -15.828619 516.687134
590 312 606 305 623 306 638 314 622 318 605 317 729 317 743 309 760 309 773 317 759 322 743 321 283 128 71.014053 40.314945 -9.320919 -0.393131 0.006305 0.032124 26.580229 -19.511778 516.726318 -6.607020 -20.510389 517.137207 59.767479 -18.513166 516.315369
555 312 569 306 586 307 599 317 584 320 569 319 690 322 705 315 722 315 737 323 721 328 705 327 1162 330 -103.433891 80.471565 2.866932 -0.386672 0.049929 0.074557 8.242676 -17.793110 519.273376 -24.830208 -19.887909 521.360413 41.315559 -15.698309 517.186279
602 313 618 307 635 308 649 317 633 319 617 319 740 321 754 314 770 314 783 321 769 326 754 325 160 379 95.744110 89.962959 -5.371572 -0.389765 -0.001278 0.050461 32.257423 -18.207087 519.815857 -0.905629 -19.848007 520.096863 65.420479 -16.566164 519.534851
544 332 557 326 573 327 586 335 572 339 557 338 678 338 693 330 710 329 725 336 709 342 693 342 1025 684 -75.803940 150.500565 8.772938 0.216449 0.001845 0.029769 2.305206 -9.508823 512.250732 -30.884897 -10.496040 512.204956 35.495308 -8.521606 512.296509
546 319 559 313 576 314 589 323 575 326 559 326 681 325 696 317 713 317 728 324 713 330 696 329 1155 290 -102.088547 72.554062 1.992493 -0.357870 0.050310 0.035371 3.725749 -15.725215 517.188110 -29.416958 -16.578424 519.030029 36.868458 -14.872005 515.346191
599 320 615 314 633 315 648 324 632 326 615 326 739 328 754 321 770 322 784 330 769 334 754 333 301 554 67.924011 124.624680 -0.529095 -0.412142 0.011468 0.060854 31.375406 -14.296674 514.635742 -1.766657 -16.181992 515.416016 64.517471 -12.411356 513.855408
583 311 598 304 616 306 630 315 614 318 598 317 722 320 737 312 753 312 767 321 752 325 737 325 455 308 37.039207 75.972534 -4.091619 -0.391846 0.011396 0.060035 22.946411 -18.624893 513.403381 -10.197216 -20.493313 514.157410 56.090038 -16.756474 512.649353
604 322 620 316 638 318 653 326 636 329 620 328 744 331 758 325 774 326 788 333 773 337 758 336 103 610 107.335487 135.666504 -1.219190 -0.378320 0.014661 0.066823 33.523285 -12.983013 515.887939 0.395221 -15.056639 516.777405 66.651344 -10.909388 514.998474
585 321 601 315 618 316 632 325 616 328 600 327 725 330 739 322 755 322 769 330 754 335 739 334 461 527 36.097221 119.314201 0.398150 -0.379451 0.016352 0.057513 24.062635 -13.791728 514.204041 -9.083548 -15.553059 515.091675 57.208820 -12.030397 513.316467
567 330 582 324 598 325 612 334 597 337 581 336 705 338 720 330 737 331 751 338 736 343 720 342 792 784 -29.386803 170.242859 8.651361 -0.403846 0.026034 0.052319 14.841243 -9.600660 513.984741 -18.307655 -11.117938 515.171387 47.990139 -8.083383 512.798157
572 321 587 314 604 316 618 325 602 329 586 328 711 330 726 321 743 322 757 330 742 335 726 334 692 490 -9.850446 112.039284 1.776978 -0.386893 0.025343 0.053770 17.432646 -13.771893 512.219299 -15.714249 -15.351368 513.380493 50.579540 -12.192418 511.058136
533 336 546 330 561 331 574 338 561 342 546 341 666 339 680 332 697 331 712 337 697 342 681 343 1410 813 -152.165421 176.108917 14.931762 0.119639 0.020369 0.016415 -3.609977 -8.507109 518.140503 -36.803444 -9.091202 518.782593 29.583488 -7.923016 517.498413
566 320 581 313 598 314 612 324 597 327 581 326 705 326 720 318 737 318 751 326 736 331 720 331 673 392 -6.186712 92.641029 -0.382441 -0.388113 0.030144 0.041939 14.682572 -14.931476 511.233795 -18.478516 -16.096966 512.476196 47.843658 -13.765985 509.991455
564 319 579 312 596 313 610 322 595 326 579 325 703 325 718 317 735 317 750 325 734 330 718 330 800 371 -31.448736 88.511185 0.362292 -0.386813 0.028763 0.040579 13.752562 -15.520212 511.010834 -19.411695 -16.651348 512.199219 46.916817 -14.389076 509.822479
557 458 573 452 590 454 605 462 589 465 573 464 703 464 717 457 734 457 748 463 733 468 718 468 392 873 50.204758 187.773956 6.768599 0.148501 0.004478 0.024224 11.631589 49.341896 486.256348 -21.563168 48.529568 486.344849 44.826347 50.154221 486.167816
546 424 561 417 579 418 593 428 577 431 561 430 688 432 703 423 721 424 735 432 720 437 704 436 684 231 -8.556736 60.781151 -3.541168 -0.535384 0.014365 0.047395 5.840527 35.192368 500.804474 -27.324537 33.817993 501.670044 39.005592 36.566738 499.938934
610 427 626 422 644 424 658 433 642 435 625 433 750 441 764 435 779 436 792 444 778 447 763 446 94 577 109.086288 129.133911 -1.970312 -0.490667 0.007717 0.096997 36.264679 39.881756 516.840881 3.213808 36.855194 517.860352 69.315552 42.908321 515.821350
507 433 521 426 537 426 550 435 536 439 521 438 643 435 657 426 675 426 690 433 675 439 658 439 1219 363 -114.723465 87.014015 4.060243 -0.466914 0.038237 0.007299 -14.998099 38.629765 515.601257 -48.178211 38.687206 516.880493 18.182013 38.572323 514.321960
588 443 604 438 622 439 637 448 620 450 603 449 729 454 744 447 761 447 774 455 759 459 744 458 261 803 76.157646 173.893936 4.144373 -0.535088 0.018485 0.068878 25.818718 46.047871 509.606293 -7.303688 44.030540 510.787903 58.941124 48.065201 508.424683
536 424 550 416 568 417 582 427 566 430 550 430 676 429 691 420 708 421 723 429 708 434 691 434 959 68 -63.392323 28.579679 -4.308353 -0.519651 0.031509 0.034534 0.351516 34.701279 505.557159 -32.817829 33.871620 506.847809 33.520863 35.530933 504.266510
540 423 555 415 572 416 586 426 571 430 554 429 680 429 695 421 712 421 727 430 712 435 695 434 988 42 -69.185059 23.440195 -4.567667 -0.522614 0.029246 0.042062 2.353007 34.680058 506.874847 -30.809225 33.594677 508.158600 35.515240 35.765442 505.591125
534 446 548 440 564 441 577 450 563 453 548 452 671 454 686 446 703 446 718 453 702 458 686 458 1136 784 -97.748047 170.313507 11.820383 0.125376 -0.003886 0.047888 -1.652389 45.890533 504.769592 -34.818935 44.313263 504.541412 31.514156 47.467800 504.997772
602 434 618 429 635 431 649 439 633 442 617 440 742 446 757 440 773 440 786 448 771 452 756 451 228 656 82.547508 144.795639 0.863790 -0.481778 0.010932 0.078202 32.378757 42.517254 514.739014 -0.724578 40.108231 515.700989 65.482094 44.926277 513.777100
540 422 554 414 571 415 585 425 570 429 554 428 678 428 693 419 711 420 726 428 710 433 694 433 988 120 -69.095886 38.876514 -2.988258 -0.511101 0.044425 0.043032 1.712121 34.306801 509.927948 -31.430571 33.308929 511.695923 34.854813 35.304672 508.159943
556 421 571 414 588 415 602 424 586 428 571 427 696 428 710 420 727 420 742 429 727 434 711 433 720 218 -15.725680 58.215824 -3.472761 -0.534685 0.031361 0.050333 9.905609 34.285362 511.379486 -23.242210 32.965271 512.807434 43.053429 35.605453 509.951508
560 431 575 424 592 425 605 434 590 437 574 437 700 439 714 431 731 432 745 440 730 444 715 443 702 517 -11.806826 117.384674 2.415819 -0.536912 0.023571 0.053540 11.716855 39.264053 510.762665 -21.432510 37.776485 511.973572 44.866219 40.751625 509.551727
597 419 613 413 630 415 644 424 628 427 612 426 736 430 750 423 766 424 779 432 765 436 750 435 156 265 96.408691 67.401367 -7.716787 -0.497363 -0.000225 0.068844 29.785023 35.057911 517.119873 -3.342743 32.864994 517.669312 62.912788 37.250828 516.570435
540 443 554 437 570 438 584 447 569 450 554 449 678 449 693 441 710 441 725 448 709 453 693 453 984 670 -67.672234 147.721512 8.111751 0.127209 -0.015093 0.035066 1.587798 43.878262 502.103577 -31.592854 42.749142 501.529938 34.768452 45.007381 502.677185
561 437 576 430 593 432 607 441 592 444 576 443 702 445 716 437 733 438 747 445 732 450 717 449 774 638 -25.976665 141.345551 5.529211 -0.532919 0.025785 0.051498 12.504743 42.127548 508.878143 -20.646307 40.721016 510.138763 45.655792 43.534084 507.617523
562 428 577 421 594 422 608 432 593 436 576 435 703 436 718 428 735 428 749 437 734 442 718 441 688 193 -9.395075 53.261715 -4.273775 -0.500720 0.027266 0.050863 13.111653 37.776310 506.604095 -20.039026 36.379921 507.885559 46.262333 39.172699 505.322632
522 450 535 444 551 445 565 453 550 457 535 456 658 456 673 448 690 448 705 454 690 460 673 460 1333 812 -136.864761 175.895203 14.202168 0.076957 -0.011653 0.036254 -7.706801 47.378304 506.772125 -40.887554 46.190861 506.339355 25.473951 48.565750 507.204865
536 429 550 422 567 423 580 433 565 437 550 436 674 436 689 428 706 428 721 436 706 441 689 441 1168 100 -104.889168 34.955448 -1.735026 0.101229 -0.018787 0.047683 -0.353621 37.454327 500.885437 -33.514874 35.905941 500.182892 32.807629 39.002712 501.587952
642 418 658 411 676 412 690 422 674 425 657 424 782 429 798 421 815 422 829 431 814 435 798 434 644 74 -0.787235 29.702398 -7.088726 -0.525914 0.088030 0.087640 51.821175 34.057907 510.138794 18.866362 32.037529 513.668396 84.775986 36.078285 506.609222
595 375 609 369 626 370 641 379 625 382 609 381 744 382 760 374 778 374 794 381 778 386 760 386 1217 699 -113.941902 153.508514 10.845427 0.149836 0.042152 0.031727 28.360975 10.486792 462.862885 -4.797725 9.333104 464.177887 61.519676 11.640478 461.547882
441 385 459 377 480 379 497 392 478 395 459 394 618 398 637 387 659 386 678 396 658 403 638 403 976 421 -66.367096 98.442398 2.996093 0.153075 -0.050223 0.062156 -25.658230 13.932530 390.180511 -58.757286 12.006220 388.363556 7.440828 15.858841 391.997467
478 356 497 348 519 350 536 362 516 366 496 365 654 369 673 358 694 359 711 370 693 376 673 375 664 56 -4.782303 26.144279 -7.268960 -0.460954 -0.056555 0.048399 -12.680578 3.629749 406.493713 -45.795059 1.655429 405.046997 20.433903 5.604069 407.940399
453 358 471 350 492 352 509 363 490 367 471 366 627 370 645 361 667 361 685 371 666 377 646 376 1011 93 -73.697418 33.537895 -3.323094 -0.442222 -0.029794 0.053690 -22.994621 4.203445 408.666687 -56.137871 2.264180 408.097626 10.148629 6.142709 409.235748
479 366 499 358 520 360 538 372 518 376 498 375 656 380 675 370 696 371 713 381 695 388 675 387 679 307 -7.476231 75.820641 -2.048318 -0.471031 -0.052341 0.058475 -12.021830 7.710106 406.372955 -45.126316 5.439795 405.148956 21.082659 9.980417 407.596954
517 374 538 367 560 370 578 382 557 384 536 382 694 392 712 384 732 385 748 396 730 400 711 399 369 505 54.354729 114.941475 -0.894854 -0.472838 -0.067040 0.083317 2.478238 12.102470 410.670868 -30.540400 8.926998 409.172363 35.496876 15.277944 412.169403
373 388 390 380 409 381 426 390 408 394 390 394 541 389 560 380 581 379 601 387 581 393 561 393 1333 358 -137.383774 86.047920 5.009198 -0.277754 -0.004506 -0.004562 -55.915039 13.202932 414.082031 -89.119171 13.331834 413.913422 -22.710903 13.074032 414.250610
510 349 529 340 551 343 569 356 548 359 528 357 685 368 704 358 725 360 741 373 723 377 703 375 642 129 -0.326910 40.586571 -5.993464 -0.500396 -0.062779 0.092427 -0.697152 2.476261 409.236633 -33.699203 -0.970273 407.993378 32.304897 5.922794 410.479889
371 425 388 418 407 419 424 430 406 434 388 433 543 433 561 423 582 422 601 431 582 438 562 438 1352 708 -140.759430 155.317352 12.271322 -0.002563 0.001754 0.028649 -55.118656 28.805824 406.038635 -88.309792 27.854761 406.098114 -21.927519 29.756887 405.979187
377 409 394 402 413 404 430 413 413 417 394 416 549 415 569 406 590 405 610 412 590 419 569 419 1375 602 -145.451263 134.344513 10.336828 -0.066028 0.000024 0.021245 -52.293030 21.941412 404.209412 -85.490349 21.236578 404.233459 -19.095705 22.646246 404.185333
549 393 569 386 590 389 607 403 587 405 567 403 718 416 736 406 756 408 771 419 754 425 735 423 274 628 73.374168 139.263855 0.720587 -0.015261 -0.032155 0.113052 13.355197 21.085011 417.897095 -19.620527 17.331795 416.860504 46.330921 24.838226 418.933716
573 399 592 393 611 396 627 408 609 410 590 408 736 420 753 411 772 412 786 422 770 427 752 425 45 802 119.081001 173.651688 2.134274 -0.146838 -0.042652 0.107589 21.550919 23.645609 432.778900 -11.432160 19.990232 431.632416 54.533997 27.300983 433.925385
529 399 550 392 573 395 591 407 570 409 549 406 707 417 725 409 745 411 761 421 743 425 725 423 294 737 69.524284 160.839218 3.111955 -0.462384 -0.033783 0.092272 7.330134 21.679853 410.489349 -25.717339 18.474260 410.104156 40.377605 24.885445 410.874512
398 379 415 371 435 373 451 384 433 388 415 386 569 388 588 378 610 378 629 387 609 394 588 393 1417 209 -154.246979 56.577847 2.765953 -0.232117 -0.002129 0.037536 -45.069927 11.464700 408.956726 -78.251381 10.221604 409.030670 -11.888474 12.707794 408.882782
499 369 519 361 542 363 560 377 539 379 518 378 677 386 696 377 717 378 734 390 715 394 695 393 567 257 14.723758 65.902557 -4.092535 -0.451168 -0.068407 0.077709 -3.897462 9.740919 404.650818 -36.927483 6.748456 403.031372 29.132559 12.733382 406.270233
505 365 526 357 549 359 567 372 546 375 525 373 682 381 701 373 722 374 739 386 720 390 700 388 477 192 32.534660 53.020481 -6.237813 -0.442324 -0.075031 0.077528 -1.711861 8.141041 407.740723 -34.726730 5.113198 405.894073 31.303009 11.168883 409.587372
468 418 487 411 509 413 526 427 507 430 486 427 647 434 665 423 687 423 705 432 686 440 665 439 703 890 -11.579141 191.202148 9.977845 0.170597 -0.050113 0.072577 -15.318514 26.986620 390.710876 -48.394581 24.733011 388.852173 17.757551 29.240229 392.569580
414 409 432 401 452 404 469 415 451 418 432 417 590 419 608 409 629 409 648 417 629 424 609 424 1140 624 -98.725853 138.650085 8.617419 0.045849 -0.026716 0.046147 -36.984985 22.718767 398.571106 -70.142609 21.208044 397.649597 -3.827359 24.229492 399.492584
564 349 585 342 607 346 625 358 604 360 583 358 732 370 750 363 771 365 787 376 768 380 749 378 168 150 93.892525 44.645161 -9.934855 -0.361547 -0.088790 0.105820 19.852707 3.457639 424.187561 -13.039244 -0.495364 421.939636 52.744656 7.410641 426.435455
362 432 378 425 396 426 413 434 396 438 379 438 529 431 548 422 568 420 588 426 569 433 549 434 1332 749 -136.738068 163.427200 12.917279 -0.040706 0.010291 -0.024207 -60.647240 29.687851 413.692902 -93.840569 30.498291 414.018127 -27.453913 28.877413 413.367676
489 400 509 392 532 394 550 406 530 409 509 408 668 413 687 403 708 404 726 414 707 420 687 419 541 663 20.354731 146.245239 3.888973 0.182741 -0.022479 0.062026 -7.195309 19.888521 392.630707 -40.328087 17.909872 391.701385 25.937468 21.867170 393.560028
531 338 545 331 561 333 574 342 560 345 545 344 666 345 680 337 698 337 712 345 697 350 681 350 1012 373 -73.576050 88.950523 2.355791 -0.428069 0.042451 0.049762 -3.637129 -5.995780 516.611206 -36.772015 -7.299951 518.325317 29.497755 -4.691609 514.897095
547 331 561 324 576 325 589 334 575 338 560 337 679 337 693 330 710 330 724 337 709 342 694 342 1093 123 -89.958534 39.491779 -1.960223 -0.437181 0.064191 0.052584 3.224727 -9.933672 527.764465 -29.867643 -11.164384 530.201660 36.317097 -8.702960 525.327209
562 343 575 337 591 339 604 348 590 351 575 349 694 353 709 346 725 346 739 354 724 358 709 358 943 590 -59.615986 131.880981 6.114141 0.243958 -0.007450 0.067284 10.555223 -2.695802 518.549805 -22.573912 -4.876161 518.033997 43.684357 -0.515444 519.065613
530 344 543 337 558 338 571 346 557 350 543 349 659 347 673 339 690 339 705 346 690 351 674 351 1396 346 -149.917145 83.686043 5.346585 -0.389829 0.058210 0.020267 -6.270856 -4.563603 533.734924 -39.413410 -4.847355 535.747437 26.871696 -4.279851 531.722351
559 330 573 323 589 324 602 333 587 336 572 335 692 337 707 329 724 330 738 338 723 342 707 342 1011 69 -73.724854 28.788260 -3.809066 -0.465188 0.050503 0.060541 9.613285 -10.095595 522.189697 -23.490232 -11.649217 524.264038 42.716805 -8.541973 520.115295
560 348 573 342 589 344 602 353 588 355 573 354 691 358 706 351 723 351 737 359 722 363 706 363 1029 730 -76.546249 159.604858 9.741233 0.225158 0.006828 0.064107 9.469993 -0.262575 520.768921 -23.666130 -2.397249 520.755005 42.606113 1.872098 520.782776
566 351 580 345 596 347 609 356 594 358 579 357 699 362 713 355 730 355 744 363 729 367 713 366 940 807 -58.771740 174.824997 10.480501 0.237067 0.007532 0.070914 12.699774 1.470382 517.469482 -20.421036 -0.889830 517.439331 45.820583 3.830594 517.499634
630 349 645 343 662 346 675 355 660 357 644 356 762 364 776 357 792 358 805 366 790 370 776 369 214 752 85.439400 163.791306 2.678706 0.148913 0.060874 0.087021 45.378059 1.743268 533.695618 12.359971 -1.280249 535.491150 78.396149 4.766784 531.900085
591 332 607 325 624 326 638 335 623 338 606 338 728 338 742 330 759 331 772 339 758 343 743 343 362 131 55.318245 40.924873 -8.532403 -0.442563 0.012614 0.042596 26.810080 -9.209529 521.762268 -6.362504 -10.486589 522.475281 59.982662 -7.932469 521.049194
537 358 551 352 566 352 580 360 566 363 551 363 670 359 684 351 701 350 716 357 701 362 685 363 1116 698 -93.871864 153.289871 9.894738 0.304380 -0.018617 0.000394 -1.257021 1.787584 514.057617 -34.456123 1.868041 513.447021 31.942080 1.707127 514.668274
570 355 584 349 600 351 614 360 599 363 584 362 704 365 719 357 736 358 750 366 735 371 719 370 824 868 -35.649960 186.873154 10.647057 -0.269210 0.039205 0.062703 15.266010 3.327763 520.485352 -17.848598 1.446747 522.048706 48.380619 5.208779 518.921997
551 341 564 334 580 336 593 345 579 348 564 347 684 349 699 341 716 341 731 349 715 355 699 354 1248 197 -120.676247 54.168324 0.966093 -0.149157 0.091326 0.055317 5.406801 -4.290252 518.142578 -27.609266 -5.891245 521.294678 38.422871 -2.689259 514.990479
615 345 630 340 647 342 661 350 645 352 629 351 751 357 766 351 781 352 794 359 780 363 765 362 256 655 76.982079 144.603485 1.101485 -0.408384 0.019209 0.086283 38.168194 -0.942839 523.260620 5.091230 -3.596862 524.456604 71.245155 1.711183 522.064636
610 342 626 337 643 338 657 347 641 349 625 348 746 354 761 347 777 348 790 356 775 360 760 359 196 454 88.675766 104.812965 -3.521267 -0.398033 0.014749 0.084583 35.869747 -2.414869 523.138367 2.785641 -5.050322 524.166016 68.953850 0.220584 522.110779
609 346 625 341 642 343 656 351 640 354 624 352 746 358 760 352 776 353 789 360 775 364 760 363 239 615 80.314667 136.683945 0.134923 -0.403932 0.015924 0.086290 35.436413 -0.393186 522.024353 2.357621 -3.072262 523.108643 68.515205 2.285889 520.940002
557 354 571 348 587 350 600 359 586 361 571 360 691 363 706 356 722 356 737 363 722 368 706 367 1046 739 -79.914276 161.389450 10.080081 0.166379 0.001197 0.056365 8.793132 2.381148 515.523743 -24.359049 0.515888 515.407959 41.945312 4.246408 515.639526
579 348 594 342 610 343 624 352 609 355 593 354 715 357 730 349 746 350 760 357 745 362 730 361 709 596 -13.107585 133.020340 4.079963 -0.417165 0.026557 0.060879 20.264372 -0.615741 519.842102 -12.868280 -2.396421 521.113342 53.397026 1.164939 518.570801
623 345 638 340 655 342 670 350 654 352 638 351 759 355 773 349 788 349 801 356 787 359 772 359 23 651 123.280319 143.764038 -1.125970 -0.352159 0.009066 0.063941 42.409672 -1.736070 529.144287 9.273363 -3.761707 529.808777 75.545975 0.289568 528.479736
561 357 574 351 590 352 603 362 589 365 574 363 694 366 708 358 724 357 738 365 723 370 708 370 1084 832 -87.359497 179.802094 12.313289 0.138844 0.010745 0.048937 10.137053 3.658994 520.260437 -23.026159 2.015217 520.503296 43.300262 5.302771 520.017517
571 346 586 339 603 340 617 350 601 353 585 352 709 355 723 347 741 348 755 356 739 361 724 360 868 345 -44.991726 83.379707 0.462257 -0.408721 0.038192 0.067312 16.694290 -1.430521 514.274170 -16.412508 -3.346257 515.956238 49.801090 0.485214 512.592041
