637 374 653 364 672 363 689 372 672 378 654 379 780 371 797 362 818 361 836 370 818 376 799 376 1094 55 -86.769936 12.193011 14.201311 -0.013612 0.106277 -0.016907 43.451130 0.198588 481.812317 10.438394 0.782887 485.330475 76.463867 -0.385710 478.294159
670 366 687 357 707 357 724 366 706 372 687 373 813 368 828 359 848 359 863 369 847 375 829 374 151 208 124.451881 44.108082 23.186455 -0.240204 0.001546 0.014607 60.012890 -1.873509 495.180145 26.811642 -2.347733 495.288940 93.214134 -1.399284 495.071320
656 366 672 355 692 355 708 365 691 371 673 371 799 365 815 355 835 356 851 366 834 372 816 371 351 100 79.514885 20.480026 19.997375 -0.264016 0.042393 0.006537 53.258610 -2.835703 494.473633 20.084162 -2.865462 495.893036 86.433060 -2.805944 493.054230
644 379 659 368 678 367 694 376 678 382 660 384 786 374 802 364 822 364 839 373 822 379 804 379 648 652 14.095544 144.361389 27.363295 -0.400943 0.117975 -0.008978 47.034878 1.944943 492.842804 14.059110 3.008386 496.588135 80.010643 0.881499 489.097504
629 372 645 362 664 360 680 368 663 375 645 376 770 366 787 357 807 356 826 365 808 371 788 371 1025 116 -71.222946 25.642319 15.704831 0.059165 0.081142 -0.030461 39.425873 -1.692659 487.020142 6.345660 -0.762705 489.739410 72.506081 -2.622614 484.300903
643 368 658 358 677 357 693 364 677 371 659 372 781 360 797 351 816 350 833 358 816 364 798 365 659 50 10.526164 10.049864 17.062206 -0.264423 0.112427 -0.036432 46.627602 -4.321177 507.197357 13.653061 -2.638192 510.719696 79.602142 -6.004161 503.675018
663 370 679 360 699 360 715 369 698 375 680 376 804 368 819 358 838 358 853 368 837 374 820 373 369 325 75.902878 70.731735 23.697712 -0.327060 0.040726 -0.004773 56.732586 -1.215763 502.866394 23.555435 -0.840976 504.168640 89.909737 -1.590549 501.564117
632 380 648 372 666 371 682 378 666 383 648 385 770 376 787 368 806 368 823 375 806 380 788 380 805 652 -21.023844 144.732193 26.300087 -0.327341 0.129148 -0.011781 41.361862 2.791720 505.055756 8.433397 3.869539 509.192688 74.290329 1.713901 500.918823
649 367 665 358 684 358 700 366 683 372 665 373 788 366 804 357 823 357 839 365 823 371 805 371 460 54 55.047913 10.472471 18.477791 -0.247434 0.081370 0.001650 49.898857 -2.536416 506.093109 16.803394 -2.258189 508.771240 82.994324 -2.814642 503.414948
680 369 696 360 715 360 731 369 714 375 696 375 819 372 835 363 853 364 867 374 852 379 835 378 43 528 149.199829 115.261642 29.353899 -0.335266 0.024524 0.030246 65.051567 -0.114005 508.874176 31.871689 -0.964132 509.839874 98.231445 0.736122 507.908447
622 370 636 361 654 359 670 366 654 372 637 374 757 362 774 353 794 353 812 360 795 366 776 366 1200 60 -110.471909 13.559123 13.568415 -0.227109 0.184366 -0.032388 35.398632 -3.193144 502.665924 2.771379 -1.443014 508.578552 68.025887 -4.943274 496.753326
669 368 685 358 705 358 721 367 704 373 686 374 810 369 825 360 844 360 859 371 843 376 826 375 2 131 157.639923 26.573467 22.887434 -0.331261 0.023677 0.020966 59.263451 -1.078932 499.886261 26.075089 -1.633295 500.772247 92.451813 -0.524569 499.000244
640 372 656 364 674 363 691 370 674 376 656 377 780 369 797 361 816 360 834 368 817 374 798 374 687 293 4.710400 64.341934 21.000601 -0.311510 0.114969 -0.003796 45.307274 -0.684675 499.537018 12.320136 0.028208 503.265289 78.294411 -1.397558 495.808716
636 386 651 377 668 376 683 383 668 389 651 391 774 380 789 371 808 371 826 379 809 384 791 384 834 740 -27.348782 164.438065 27.598616 -0.342625 0.128680 -0.024043 42.428570 5.271794 501.028168 9.505093 6.776172 505.070587 75.352051 3.767415 496.985779
627 368 642 359 660 357 676 364 660 370 643 372 764 362 781 353 801 353 819 361 801 367 782 366 1084 62 -84.520142 13.731457 14.387945 -0.254420 0.164217 -0.015934 38.255173 -3.575537 500.712921 5.498843 -2.366162 506.015747 71.011505 -4.784912 495.410126
666 378 682 369 701 369 717 378 700 384 682 384 807 379 822 371 841 371 856 381 840 386 823 385 416 606 65.906982 133.548462 28.152971 -0.360644 0.063637 0.023872 57.941128 3.820145 502.545593 24.812153 3.421928 504.752869 91.070099 4.218361 500.338287
638 380 653 371 672 370 687 377 671 383 654 384 777 377 793 369 813 369 830 377 813 382 795 382 809 572 -22.065952 126.889481 24.913982 -0.342869 0.125358 0.002686 44.015293 3.049615 500.670105 11.068613 3.668110 504.755859 76.961975 2.431120 496.584381
614 383 628 374 646 373 660 380 645 386 629 388 751 376 766 368 784 367 800 375 785 381 768 381 1157 749 -99.584190 167.209290 25.564138 -0.322226 0.136776 -0.023785 31.630346 3.707821 508.599396 -1.257750 5.205748 512.922485 64.518440 2.209894 504.276337
624 379 639 371 655 370 670 376 655 381 639 383 757 373 773 366 792 366 809 372 792 377 774 377 1262 594 -123.357170 132.868729 22.219982 -0.268576 0.201986 -0.014494 35.945068 1.856119 511.342865 3.414698 3.220550 517.859985 68.475441 0.491687 504.825714
683 335 703 322 726 322 744 335 724 342 702 342 854 341 872 329 895 331 912 345 894 351 873 349 136 92 127.593582 18.187021 21.317461 -0.246304 0.027869 0.051965 63.153580 -12.955467 419.350525 30.006187 -14.549219 420.477386 96.300972 -11.361716 418.223633
660 353 680 342 703 342 721 353 701 359 679 360 833 358 853 348 876 349 895 362 875 367 854 365 552 698 35.654545 154.399643 28.794844 -0.328181 0.089905 0.053135 54.413166 -6.088741 417.844299 21.387642 -7.333366 421.057587 87.438690 -4.844117 414.631012
687 347 707 336 730 337 749 350 728 356 707 356 860 352 878 341 899 342 916 353 898 361 878 360 186 584 117.315247 128.095901 29.336809 -0.382211 0.087098 0.048260 64.959030 -8.358980 420.622070 31.916698 -9.374547 423.741821 98.001358 -7.343413 417.502319
627 352 645 342 666 341 684 350 665 357 645 358 794 348 812 338 834 338 854 347 835 354 814 354 1030 635 -71.385483 141.470016 24.487589 -0.449690 0.073133 -0.007154 38.350620 -8.334197 407.101654 5.233915 -7.568143 409.394379 71.467323 -9.100251 404.808929
622 332 638 323 659 323 676 334 659 340 639 340 776 333 793 322 814 321 829 330 813 338 794 339 1260 341 -123.375771 76.406548 17.935637 -0.002391 0.277668 -0.012038 35.208309 -15.807084 440.284637 3.277701 -15.401547 449.385834 67.138916 -16.212620 431.183472
641 349 660 339 682 339 701 348 682 355 661 355 814 350 834 341 857 341 878 350 857 356 835 356 767 639 -12.547553 141.741470 26.336584 -0.468100 0.070065 0.019763 45.726551 -8.715382 407.264465 12.608091 -8.812919 409.655670 78.845009 -8.617844 404.873291
619 350 637 339 659 337 677 346 658 353 638 355 787 344 808 334 833 334 855 345 833 351 810 350 1174 690 -103.495598 154.083481 24.446739 -0.316015 0.124133 -0.006953 35.782570 -9.551790 402.019470 2.831931 -8.680296 406.026398 68.733208 -10.423284 398.012543
656 352 673 344 695 345 712 357 694 362 674 360 824 357 841 345 861 344 878 352 860 360 841 361 559 680 34.055557 150.399445 28.441662 0.194759 0.112684 -0.020890 50.821217 -6.725139 420.147308 17.833534 -6.400187 423.924469 83.808899 -7.050092 416.370148
703 348 722 339 744 341 762 352 742 358 722 357 871 357 889 347 909 348 925 358 908 365 889 364 1 606 158.738480 132.568298 30.963364 -0.163537 0.025730 0.046789 71.674538 -7.274316 429.321838 38.516945 -8.750587 430.298676 104.832130 -5.798045 428.344971
693 350 712 341 734 341 752 349 733 354 712 355 845 354 864 347 885 349 902 359 883 363 864 360 231 730 107.518089 160.782364 31.512272 0.004392 -0.135787 0.032999 70.654427 -7.857590 464.953949 37.773277 -8.939873 460.457458 103.535576 -6.775308 469.450470
654 333 671 323 693 325 711 339 692 344 672 343 823 343 841 330 864 329 881 340 863 349 842 349 583 187 27.778963 40.442192 19.904196 0.207888 0.132307 0.010966 49.722996 -12.828153 412.395630 16.809326 -13.642935 416.706787 82.636665 -12.013370 408.084473
646 336 664 325 687 325 705 336 686 343 665 343 816 337 835 326 858 326 878 337 858 344 837 344 622 165 19.014519 35.624958 19.266357 -0.309406 0.060019 0.014758 47.653725 -13.833623 413.831207 14.511808 -14.009795 415.866394 80.795639 -13.657451 411.796021
663 333 683 322 706 322 725 334 704 341 682 341 833 337 852 326 875 326 894 338 875 345 853 344 390 117 70.822273 24.365721 20.022058 -0.324411 0.058592 0.032883 54.877758 -14.270626 417.223389 21.747210 -15.029934 419.309021 88.008308 -13.511318 415.137787
683 324 702 313 725 314 743 325 723 332 702 332 850 330 868 320 889 321 906 333 888 340 868 338 150 45 124.375351 7.731942 20.424231 -0.160425 -0.019594 0.036648 63.419422 -17.732086 427.184601 30.243216 -18.995472 426.634338 96.595627 -16.468700 427.734863
696 332 715 322 738 322 755 333 736 341 715 341 860 338 878 328 898 330 914 341 897 348 878 346 60 310 144.995575 66.654663 25.535454 -0.102115 -0.082601 0.031066 68.937935 -14.527334 432.436676 35.862225 -15.695565 429.754822 102.013641 -13.359103 435.118500
648 334 665 326 686 327 703 339 685 344 665 343 811 340 828 330 849 329 865 337 847 346 828 346 639 329 15.513844 72.262039 21.937216 0.156355 0.024665 0.007856 47.946449 -13.853005 431.808716 14.752739 -14.176655 432.603943 81.140160 -13.529357 431.013519
692 325 710 314 732 313 749 323 731 329 711 330 848 324 864 314 884 314 900 325 883 330 865 329 160 481 122.941490 105.049835 27.763149 -0.366554 0.068977 0.020842 67.605423 -20.244061 453.158630 34.485813 -20.505222 455.521454 100.725029 -19.982897 450.795776
653 322 670 311 691 310 709 320 691 326 671 327 806 319 824 308 847 308 866 319 847 325 826 325 818 49 -25.042446 10.202240 15.968466 -0.001159 0.095729 -0.011503 50.542992 -22.083216 450.731567 17.492399 -21.700018 453.905090 83.593582 -22.466413 447.558075
694 323 713 313 734 313 752 324 733 329 713 329 849 326 865 316 885 317 900 327 883 333 865 332 224 409 108.492691 89.134041 26.106625 -0.319807 0.050026 0.040272 69.145515 -20.193275 459.640228 36.008572 -21.243639 461.483948 102.282455 -19.142912 457.796478
675 332 693 322 714 321 731 331 713 336 694 337 829 332 847 323 867 323 884 333 867 338 848 338 481 770 51.669170 170.298904 30.498774 -0.372249 0.104622 0.031972 60.959419 -17.132843 459.624451 27.950825 -17.529522 463.207031 93.968018 -16.736164 456.041870
651 330 668 319 688 318 705 328 688 334 669 335 803 326 820 316 842 316 861 327 842 332 822 331 883 509 -38.735073 113.005676 23.342627 -0.318068 0.134517 0.007441 49.986572 -19.152599 460.283569 17.080111 -18.691473 464.700775 82.893036 -19.613726 455.866364
672 324 690 313 711 312 729 322 710 328 690 329 827 323 844 312 865 313 883 324 865 329 846 328 465 253 54.295986 54.891529 21.824484 -0.282248 0.078498 0.016738 59.439587 -20.876041 455.330750 26.340961 -21.058668 457.977905 92.538208 -20.693417 452.683594
637 329 654 318 674 316 692 325 674 332 654 333 790 322 807 311 829 311 847 321 829 327 809 327 1004 470 -65.873444 104.588531 21.860691 -0.326343 0.139325 -0.007281 43.685875 -20.552473 457.797668 10.800842 -19.568771 462.288391 76.570908 -21.536175 453.306946
694 320 712 313 733 313 751 321 732 326 712 326 850 323 867 316 886 317 902 325 885 330 867 329 148 372 125.425011 80.697922 25.992754 -0.235738 0.040083 0.033088 68.793549 -21.174904 455.585663 35.633369 -22.106838 457.032562 101.953728 -20.242971 454.138733
652 325 669 315 690 313 707 322 689 328 670 330 805 321 823 311 845 311 864 321 845 327 825 326 989 207 -63.002487 45.864124 17.494505 -0.246956 0.116243 -0.001811 50.371525 -21.278704 455.187408 17.389717 -20.745647 458.992126 83.353333 -21.811758 451.382721
675 329 693 318 714 318 732 327 713 333 693 333 830 329 848 319 869 320 886 330 868 335 849 334 415 512 65.957542 112.569809 26.562901 -0.346590 0.099663 0.031743 60.672173 -18.484478 455.357330 27.647020 -18.948389 458.775452 93.697327 -18.020567 451.939178
686 333 704 323 725 323 742 332 724 338 704 338 840 334 857 325 877 325 893 336 876 341 858 340 205 689 113.258522 151.571732 30.991850 -0.343832 0.093287 0.037899 65.457832 -16.397367 459.458496 32.419552 -17.102180 462.704285 98.496109 -15.692554 456.212738
668 327 686 315 707 315 725 325 706 331 686 332 824 326 842 315 864 316 882 327 864 332 844 331 581 248 28.338696 54.049740 20.953989 -0.317251 0.095614 0.021232 57.329563 -19.360075 449.337494 24.282555 -19.553204 452.565125 90.376564 -19.166948 446.109863
676 331 694 321 715 320 733 329 714 335 694 335 832 330 849 321 869 322 886 332 869 336 850 336 472 461 53.113258 101.323677 25.310522 -0.337567 0.088275 0.025954 61.182186 -17.700865 455.693634 28.116501 -18.055481 458.709320 94.247871 -17.346249 452.677917
669 325 687 315 709 315 727 324 708 330 688 331 825 324 843 314 864 315 882 324 864 330 844 329 539 314 37.855251 68.678574 22.359604 -0.274864 0.087182 0.013778 58.236534 -20.349714 452.531769 25.160168 -20.405787 455.449036 91.312904 -20.293644 449.614532
638 333 654 323 673 321 689 328 673 335 655 336 786 324 803 315 824 315 843 323 825 329 805 329 1263 574 -123.617691 128.408051 21.873455 -0.207464 0.155700 -0.028500 43.549618 -19.699804 466.629425 10.758420 -18.230923 471.643341 76.340820 -21.168686 461.615540
640 334 657 323 677 321 694 329 677 335 658 337 793 324 810 315 832 315 850 324 832 329 812 329 1156 549 -99.728874 122.576530 22.173370 -0.300322 0.132141 -0.022529 45.232792 -19.121994 458.817810 12.323627 -17.734386 463.015533 78.141960 -20.509602 454.620056
645 326 661 316 681 315 698 322 681 329 662 330 796 320 814 310 836 310 855 318 836 324 816 324 1088 287 -85.000488 63.950104 18.183090 -0.102813 0.145041 -0.024012 46.761105 -21.810808 456.607971 13.914167 -20.770863 461.357391 79.608047 -22.850754 451.858582
655 334 672 324 693 323 710 332 692 338 673 339 813 330 829 320 850 320 868 330 850 335 831 335 800 587 -20.025110 130.215500 25.229746 -0.391091 0.111043 0.005485 50.956394 -16.735340 444.894806 17.953983 -16.201372 448.516327 83.958801 -17.269308 441.273254
648 331 664 321 683 319 700 327 683 333 665 335 798 325 816 316 837 316 856 325 837 330 818 330 974 517 -59.076164 115.005821 22.862274 -0.290271 0.147856 -0.002931 47.902946 -19.332159 459.395905 15.058026 -18.530273 464.205048 80.747864 -20.134043 454.586731
647 335 664 325 684 324 701 332 683 338 664 339 800 329 817 320 838 320 856 329 838 335 819 334 883 763 -38.267246 169.686279 27.657503 -0.349981 0.138919 0.002578 48.157211 -17.590309 459.926758 15.269142 -16.876188 464.446106 81.045280 -18.304430 455.407410
621 278 634 269 651 268 665 277 650 283 635 283 744 276 757 266 775 266 789 275 775 280 759 280 1237 176 -118.534798 39.532143 15.288423 -0.260173 0.056751 -0.011042 33.998142 -50.228165 556.601746 0.848496 -49.622147 558.416504 67.147789 -50.834183 554.786987
645 276 660 268 677 268 691 277 676 281 660 282 770 278 784 270 800 270 813 278 799 284 784 283 189 39 115.640373 6.485141 20.058195 -0.223232 0.004419 0.018640 47.599636 -49.999420 558.257446 14.400888 -50.596870 558.471741 80.798378 -49.401974 558.043152
645 277 659 267 677 268 690 278 675 282 659 282 770 280 783 270 800 270 813 280 799 286 784 285 340 54 81.890755 10.189054 19.290434 -0.271991 0.017264 0.029782 47.169094 -49.217388 556.657593 13.983832 -50.116470 557.357300 80.354355 -48.318302 555.957825
613 277 626 270 642 269 656 276 642 281 627 282 734 273 748 265 764 264 779 270 765 276 749 276 1208 285 -111.847015 63.787216 17.336472 -0.234983 0.042724 -0.035773 29.172861 -51.766121 558.541809 -3.980651 -50.423935 559.807861 62.326374 -53.108311 557.275818
632 282 646 273 663 273 677 282 662 287 647 287 756 282 770 273 786 273 800 282 786 287 771 287 921 488 -47.273987 108.409233 22.728548 -0.333693 0.041582 0.012799 40.369881 -47.529743 559.291260 7.196198 -47.718536 560.716309 73.543564 -47.340946 557.866211
625 276 639 267 655 267 669 275 655 281 639 281 748 274 762 265 779 265 793 273 779 279 763 279 1183 66 -106.658119 14.857884 13.785465 -0.237288 0.046282 -0.008340 36.213032 -51.184875 556.046448 3.044758 -50.729179 557.535583 69.381302 -51.640572 554.557251
648 273 663 265 680 266 694 275 679 280 663 279 772 277 786 269 803 269 815 278 802 283 786 283 199 5 113.340851 -1.078409 19.412893 -0.270212 -0.002625 0.032153 48.913479 -50.680763 557.378235 15.725837 -51.746967 557.435547 82.101120 -49.614559 557.320984
619 283 632 277 648 277 662 283 648 287 633 288 742 281 755 274 771 273 785 279 771 284 756 284 864 694 -34.144218 154.243927 26.614019 -0.300508 0.044479 -0.017652 32.692905 -47.845737 558.215515 -0.474180 -47.048412 559.582336 65.859993 -48.643059 556.848694
641 283 656 277 672 278 686 285 672 289 656 289 767 285 780 279 795 278 808 285 795 290 780 290 278 636 96.831512 139.917084 29.597143 -0.306604 0.029752 0.018357 45.213226 -46.086048 557.742554 12.028544 -46.535690 558.807556 78.397911 -45.636402 556.677551
633 282 647 272 665 272 679 282 664 287 647 287 759 283 773 273 790 274 803 284 789 289 773 289 500 31 46.057938 5.434448 17.816193 -0.276416 0.020519 0.020273 40.912365 -46.529488 550.962830 7.721279 -47.100456 551.727905 74.103455 -45.958523 550.197815
603 285 616 276 633 275 646 283 632 289 617 289 725 282 739 273 756 273 771 281 756 287 740 286 1081 389 -83.246788 86.695076 19.963240 -0.247370 0.074448 -0.007931 24.368288 -47.165955 560.060364 -8.743979 -46.601467 562.472534 57.480556 -47.730442 557.648132
636 281 651 274 667 275 682 282 667 286 651 286 763 283 777 276 793 276 806 283 792 288 777 287 598 441 24.891434 97.158226 24.117491 -0.271875 0.031353 0.020848 42.569019 -46.791035 550.447021 9.387596 -47.333992 551.568604 75.750443 -46.248081 549.325439
628 275 641 267 658 267 672 275 658 280 642 281 753 276 767 267 783 267 797 275 783 281 768 280 815 291 -23.925650 64.197937 20.099806 -0.417427 0.031162 0.009094 36.895367 -49.083508 538.352783 3.707796 -49.163895 539.419678 70.082939 -49.003124 537.285889
648 281 663 275 679 276 693 283 678 287 662 286 773 285 787 279 802 279 814 286 801 290 786 290 160 601 123.162506 131.828079 29.801674 -0.329534 0.018287 0.039632 48.482250 -46.290485 554.784119 15.308777 -47.483215 555.595032 81.655724 -45.097752 553.973145
617 274 630 266 646 266 660 274 645 279 630 279 739 274 752 266 770 266 784 274 769 279 754 279 1075 187 -82.276695 41.604202 16.572357 -0.327526 0.046442 0.012053 31.172232 -51.145535 553.728882 -1.994709 -51.288242 555.307922 64.339172 -51.002823 552.149841
641 274 655 267 672 268 687 276 671 280 655 280 765 278 779 271 795 271 807 279 794 284 779 283 413 312 66.036552 67.934685 23.178904 -0.353565 0.005005 0.034820 44.474068 -49.620609 552.058655 11.289584 -50.723545 552.423645 77.658554 -48.517670 551.693726
632 272 647 263 664 263 678 273 663 278 647 278 757 276 771 267 788 268 801 278 787 283 771 281 654 38 11.622514 7.360230 16.892214 -0.348851 0.016752 0.041916 40.151257 -50.606693 551.189636 6.979927 -51.873943 551.974792 73.322594 -49.339439 550.404541
636 276 651 269 668 270 682 278 667 282 651 282 761 280 775 273 791 273 804 281 790 286 775 285 394 375 70.402710 81.948387 24.377798 -0.353456 0.007965 0.035030 42.389008 -48.742439 553.134888 9.205398 -49.835045 553.597290 75.572617 -47.649830 552.672546
642 279 657 273 673 274 687 281 672 284 657 284 765 283 778 276 794 277 806 283 793 287 778 287 304 726 91.181328 160.062180 30.949963 -0.371213 0.024139 0.036024 45.043869 -47.841438 558.936279 11.869915 -48.862896 559.938721 78.217827 -46.819977 557.933838
628 277 642 271 659 271 672 278 658 282 642 282 753 279 766 273 782 273 796 279 782 284 767 284 675 431 7.648858 95.108566 23.426168 -0.358466 0.031086 0.023968 37.489853 -48.502327 548.912170 4.310344 -49.098030 550.063232 70.669357 -47.906624 547.761108
624 307 637 298 653 297 667 305 653 310 638 311 750 302 763 292 781 292 796 299 781 306 765 306 1169 619 -102.507919 138.227875 23.274473 -0.174942 0.086431 -0.029325 35.906433 -35.870579 551.262878 2.839473 -34.652927 554.029358 68.973389 -37.088230 548.496460
616 298 630 289 647 289 661 297 646 303 631 304 744 296 758 287 776 286 791 294 776 301 760 301 871 443 -36.172352 98.249306 22.302702 0.062654 0.094301 -0.014091 32.048244 -38.669792 541.419800 -1.005794 -38.300892 544.558899 65.102287 -39.038692 538.280701
672 300 687 292 705 293 719 302 703 306 687 306 805 305 820 297 838 298 852 306 837 311 820 310 12 565 156.202377 123.445053 30.192377 -0.318127 0.043935 0.045240 60.102386 -33.450096 518.310120 26.963022 -34.696060 519.980408 93.241745 -32.204136 516.639832
662 291 677 282 694 283 709 292 693 297 677 297 795 295 810 286 827 286 842 296 827 301 810 300 223 471 108.830574 102.967110 27.166634 -0.248867 0.020368 0.030686 55.556141 -38.584850 521.999268 22.373730 -39.509331 522.794556 88.738556 -37.660370 521.203918
654 289 669 280 687 280 701 290 686 295 669 295 785 293 800 284 818 285 832 294 817 299 801 298 261 362 100.129585 78.733284 25.057636 -0.038744 0.037968 0.032563 52.533047 -40.810547 535.624207 19.369759 -41.866650 536.905029 85.696335 -39.754448 534.343384
643 295 658 287 675 287 689 295 674 300 658 300 774 296 789 289 806 289 821 297 806 302 789 302 388 778 72.487114 171.864471 31.264473 -0.218522 0.082860 0.028169 46.858868 -38.799347 538.777100 13.780631 -39.426834 541.604858 79.937103 -38.171860 535.949341
615 297 629 288 646 287 660 295 645 301 630 302 742 293 756 284 774 283 789 291 774 297 758 298 1145 642 -97.096985 143.303680 23.827719 0.082042 0.074256 -0.027281 31.583296 -40.131737 544.437134 -1.517727 -39.328861 546.934570 64.684319 -40.934612 541.939636
636 298 650 290 667 290 681 299 666 304 650 304 767 300 782 291 800 292 814 300 799 306 783 305 391 633 71.548973 139.514511 28.780941 -0.146589 0.088666 0.021828 42.981083 -37.005569 536.162598 9.914360 -37.511501 539.145142 76.047806 -36.499638 533.180115
637 288 652 279 671 279 685 289 669 294 652 294 768 291 783 281 801 282 815 291 800 297 784 296 366 112 76.181633 23.193277 20.099648 0.053598 0.006414 0.019150 43.892895 -41.422512 533.356323 10.694851 -42.063732 533.552124 77.090935 -40.781292 533.160522
647 302 661 294 678 294 692 303 677 308 661 308 778 306 793 297 810 298 825 306 810 311 794 311 148 704 126.036499 154.784393 31.632671 -0.391342 0.030973 0.031588 46.938656 -32.966873 517.217468 13.765917 -33.790195 518.422180 80.111389 -32.143551 516.012817
652 303 667 295 684 295 698 304 683 308 667 308 784 307 798 299 816 299 830 307 815 312 799 311 112 741 134.157501 162.955994 32.505009 -0.420486 0.026244 0.034962 49.432140 -32.366013 515.351013 16.258585 -33.312149 516.437195 82.605690 -31.419872 514.264832
629 291 644 281 662 280 677 290 661 296 644 296 759 291 773 281 792 281 807 291 791 297 775 296 620 9 19.174572 0.808521 16.629820 0.020380 0.020712 0.001714 39.788143 -41.356110 537.902527 6.590500 -41.420025 538.589539 72.985786 -41.292194 537.215454
628 298 643 289 661 289 675 298 660 303 643 303 757 298 771 289 789 289 803 298 788 303 772 303 700 649 2.458120 143.814743 26.960186 -0.153607 0.048633 0.003549 39.459213 -38.557167 549.107727 6.293792 -38.550739 550.724609 72.624634 -38.563599 547.490784
633 300 647 291 664 291 679 299 664 304 648 305 761 299 775 291 793 291 807 299 792 304 776 304 698 756 3.102577 167.687286 28.791414 -0.167046 0.059226 0.006963 41.695442 -37.992809 551.017395 8.549516 -38.058990 552.992920 74.841370 -37.926624 549.041870
624 295 638 286 656 285 670 294 655 299 639 300 752 293 766 285 784 285 799 293 784 299 767 298 827 478 -26.265511 105.955704 23.195242 0.076435 0.050156 -0.010641 36.648632 -40.228436 543.622070 3.487435 -39.939220 545.298645 69.809830 -40.517654 541.945496
641 297 655 288 673 288 687 298 672 303 656 303 770 299 784 291 802 291 816 301 801 306 785 305 473 674 53.281879 148.857422 28.922131 -0.165009 0.030779 0.025637 45.926956 -37.912823 547.643005 12.748719 -38.675900 548.730164 79.105194 -37.149742 546.555847
637 296 652 288 669 287 684 296 668 301 652 302 767 297 781 288 798 289 812 298 798 303 782 302 607 513 23.010834 113.246429 25.279657 0.080537 0.034283 0.006158 43.821388 -38.621498 543.149170 10.636703 -38.871521 544.277832 77.006073 -38.371471 542.020508
623 296 637 286 655 285 669 294 654 300 638 300 751 294 765 284 783 284 798 294 783 299 767 299 804 492 -21.094847 109.025513 23.588825 -0.182845 0.061289 -0.000022 36.478409 -40.275154 547.780396 3.335765 -40.088963 549.802795 69.621048 -40.461349 545.757935
632 294 646 285 664 285 678 294 663 299 647 299 761 294 776 285 793 286 808 295 793 300 776 299 615 398 21.009499 87.602837 23.271896 0.099723 0.048011 0.003069 40.790722 -39.756786 539.450806 7.624296 -39.937897 541.036682 73.957146 -39.575672 537.864929
625 292 639 282 657 281 671 290 656 296 640 297 754 290 769 280 787 280 803 289 787 295 770 294 985 84 -62.334274 18.406982 15.432106 -0.086614 0.075039 -0.006235 37.103733 -41.510681 535.664124 3.992950 -41.196320 538.141357 70.214516 -41.825039 533.186829
651 327 669 316 690 315 708 324 689 330 669 332 810 324 829 315 851 315 870 326 850 331 830 330 457 120 55.840546 25.193419 19.619295 -0.515267 0.098181 0.022346 48.325535 -18.617712 427.444092 15.285218 -18.505283 430.743256 81.365852 -18.730139 424.144897
658 334 676 323 697 322 716 330 697 337 677 338 817 328 835 318 857 318 876 328 857 334 836 333 435 283 61.061954 61.515236 22.537275 -0.419786 0.118940 0.003361 52.263710 -17.183584 437.087830 19.290247 -16.475813 440.936157 85.237175 -17.891356 433.239532
657 324 676 314 697 313 715 321 697 328 676 329 815 321 834 312 855 312 874 322 855 327 835 327 433 1 60.989937 -1.418353 17.760288 -0.399742 0.081545 0.008692 51.674763 -20.348034 434.630676 18.580063 -20.094986 437.320740 84.769463 -20.601080 431.940613
678 348 694 335 714 335 731 347 714 354 695 355 833 340 849 325 871 322 889 333 872 343 852 345 352 574 80.164230 126.256439 28.042774 0.272493 0.087416 -0.070681 57.593754 -12.347503 427.617340 24.597235 -10.427007 430.795563 90.590271 -14.267999 424.439117
605 343 619 332 638 330 653 338 637 346 620 348 749 333 766 323 788 322 807 332 788 339 769 339 1123 377 -92.663887 84.116447 19.474962 -0.198726 0.287396 -0.018973 26.916491 -15.358140 461.703766 -4.925038 -13.802341 470.991211 58.758022 -16.913939 452.416351
615 342 630 332 649 330 664 338 648 346 631 348 762 334 779 324 800 323 819 332 801 340 781 340 1078 627 -82.137360 139.798172 24.026628 -0.178144 0.253066 -0.017390 32.281113 -15.330014 464.037231 0.136053 -14.019277 472.255310 64.426170 -16.640751 455.819183
638 332 655 321 676 320 693 329 675 336 656 338 794 328 812 317 834 318 852 328 834 335 813 334 727 309 -4.207745 68.006836 21.001522 -0.383193 0.091204 -0.000752 43.739723 -17.678926 443.740173 10.671244 -17.081810 446.686157 76.808205 -18.276043 440.794189
656 327 674 316 695 316 713 326 694 332 674 333 816 325 834 315 856 315 875 325 856 331 836 331 446 138 58.334293 29.184174 19.999567 -0.532674 0.097070 0.017505 49.827930 -18.073832 421.750183 16.780731 -17.789398 424.969055 82.875130 -18.358263 418.531281
658 332 676 321 696 320 714 330 695 337 676 338 818 329 836 319 857 318 876 329 857 335 837 335 417 312 65.141792 67.944130 23.151815 -0.504087 0.126715 0.022609 50.880547 -16.600729 426.515076 17.944649 -16.281260 430.720337 83.816444 -16.920198 422.309814
642 335 659 324 680 323 697 332 679 339 660 341 796 332 813 322 834 322 852 333 834 339 815 338 629 577 18.207523 127.580116 26.217886 -0.349467 0.091991 0.007273 45.917912 -16.544847 454.520752 12.852940 -16.253164 457.550934 78.982887 -16.836531 451.490540
601 342 616 331 634 329 650 337 634 344 617 347 743 331 760 321 781 320 801 329 782 336 762 336 1089 645 -84.564796 143.840881 24.257915 -0.275518 0.219632 -0.033649 25.615685 -16.365793 471.094208 -6.777981 -14.277452 478.083405 58.009350 -18.454134 464.105011
668 327 686 316 708 315 726 326 707 333 687 334 829 327 847 316 869 316 887 328 869 334 848 334 316 75 87.298004 14.818563 19.809706 -0.264124 0.120455 0.026090 56.919487 -18.504808 437.801300 23.965084 -18.834440 441.858185 89.873894 -18.175179 433.744415
605 341 620 330 638 328 654 336 638 343 621 345 749 332 767 322 788 321 807 331 789 337 769 337 1262 497 -123.535828 111.222977 20.572174 -0.244240 0.243713 -0.016502 27.383245 -16.027456 463.670990 -4.840740 -14.511868 471.537201 59.607231 -17.543047 455.804779
669 329 687 318 708 318 725 328 707 334 687 335 829 328 847 317 868 317 887 327 868 334 848 334 274 176 96.879028 37.257717 21.809889 -0.239508 0.126767 0.016525 57.009830 -18.172264 438.722382 24.074688 -18.213276 442.945435 89.944977 -18.131252 434.499298
669 332 687 322 709 322 726 332 708 339 688 339 829 332 847 321 869 321 887 332 868 339 848 339 77 351 141.268356 75.844040 26.116825 -0.260906 0.155062 0.027183 57.430706 -16.451429 441.176514 24.634180 -16.673651 446.362823 90.227234 -16.229210 435.990173
670 330 689 314 714 314 733 330 713 340 690 341 834 325 852 307 878 305 898 319 879 332 855 333 208 654 112.522987 143.768494 30.376965 0.215281 -0.089153 -0.021099 56.195751 -17.471355 409.957977 23.129654 -16.459944 407.099670 89.261848 -18.482767 412.816254
665 339 683 329 704 329 722 339 703 346 683 346 823 343 842 334 864 334 882 345 863 351 843 350 370 768 76.495117 169.590439 31.216494 0.227915 0.114194 0.016889 55.332718 -12.458561 439.213715 22.347940 -13.443020 442.900848 88.317497 -11.474103 435.526581
596 348 611 337 630 336 646 343 629 351 612 353 747 337 764 328 784 327 803 336 785 343 766 343 1129 716 -93.381645 159.779144 25.193161 -0.319808 0.166687 -0.031624 24.290070 -13.054157 454.293060 -8.442044 -11.151473 459.541687 57.022182 -14.956841 449.044403
671 332 689 321 710 321 728 331 709 338 689 338 832 334 850 323 871 324 890 335 871 341 851 340 142 276 126.590340 59.261162 24.402567 -0.287100 0.074329 0.031418 58.457558 -16.066544 440.168976 25.360056 -16.742699 442.749298 91.555054 -15.390388 437.588684
672 339 690 329 711 330 728 339 710 345 690 346 832 339 849 330 870 330 889 339 870 346 850 346 72 751 143.123535 165.093033 32.945766 -0.348033 0.144762 0.036703 58.786289 -13.689906 444.055786 25.947355 -14.053193 448.958069 91.625221 -13.326620 439.153534
632 149 648 141 666 141 682 149 666 155 648 155 770 149 786 140 805 139 822 147 805 154 787 154 901 221 -43.291950 48.780415 18.328272 0.074089 0.080176 0.004956 41.238770 -107.092743 505.408875 8.140982 -107.355499 508.059723 74.336555 -106.829987 502.758026
635 156 651 149 669 149 685 157 668 162 651 162 773 158 789 150 808 150 824 157 808 163 790 162 815 754 -23.072880 167.517319 27.965111 -0.081234 0.041473 0.016111 42.767017 -103.303871 506.470520 9.595044 -103.782181 507.867371 75.938988 -102.825562 505.073669
626 147 641 137 660 137 675 146 659 152 642 153 764 145 780 135 800 135 816 144 800 151 781 150 981 208 -61.211124 46.068382 17.565670 0.158466 0.114518 0.001505 37.778694 -107.370705 500.611969 4.790958 -107.720680 504.386383 70.766434 -107.020737 496.837524
659 153 675 145 693 145 709 153 692 158 675 158 800 156 817 147 836 148 853 156 836 161 818 161 499 589 47.309372 129.950897 27.302103 -0.120126 0.049209 0.033380 53.934303 -101.829025 494.141205 20.788105 -102.836075 495.836792 87.080505 -100.821968 492.445648
618 152 632 143 650 143 664 151 649 157 633 157 756 150 771 141 790 141 806 149 790 155 772 155 1175 575 -103.931099 128.423355 22.486382 -0.017951 0.105934 0.011121 33.597488 -105.792412 503.926453 0.580859 -106.129417 507.440430 66.614120 -105.455406 500.412445
685 146 702 138 721 139 737 149 719 153 701 152 828 157 845 149 864 151 880 161 863 165 845 163 73 583 142.590424 127.605858 30.085060 -0.116050 -0.017362 0.077715 66.044800 -101.134010 488.036346 32.945087 -103.739410 487.611237 99.144508 -98.528610 488.461456
637 150 653 141 672 141 688 149 671 154 653 155 781 151 799 142 820 143 838 152 819 157 800 156 694 384 3.312175 84.665298 22.499077 -0.121099 0.089881 0.033722 43.586372 -101.176010 481.536560 10.534260 -102.110939 484.576813 76.638489 -100.241089 478.496277
636 140 652 130 672 130 688 141 671 147 652 147 777 142 794 131 815 131 831 142 814 149 795 148 852 31 -32.681072 6.265805 15.432438 0.133622 0.049233 0.014089 43.189117 -107.041397 490.215515 10.027770 -107.616669 491.813538 76.350471 -106.466125 488.617523
635 141 651 131 672 132 688 142 670 148 652 148 777 143 794 133 814 133 831 143 813 150 794 149 683 76 5.205482 15.908499 17.341358 0.073270 0.017805 0.009933 42.974052 -106.613235 490.043152 9.776137 -106.964386 490.621704 76.171967 -106.262093 489.464569
640 146 656 136 675 136 691 146 674 151 656 152 783 147 800 137 821 137 839 147 821 153 802 152 568 209 31.174839 45.316109 20.379505 -0.067072 0.052143 0.015622 44.845806 -103.000854 482.000488 11.690153 -103.460922 483.747101 78.001457 -102.540787 480.253845
612 144 627 133 647 133 662 143 645 149 628 149 754 141 769 130 789 130 805 140 789 147 771 146 1271 202 -126.092377 45.414394 15.499854 0.236686 0.051144 -0.008114 31.519516 -107.295647 491.765778 -1.640995 -107.228851 493.479156 64.680031 -107.362434 490.052429
667 153 684 145 703 146 719 155 701 159 684 159 811 162 828 154 847 155 864 165 846 169 828 168 135 719 128.972107 158.100967 31.975523 -0.169536 0.017918 0.070532 57.525986 -97.849602 484.629120 24.408846 -100.128044 485.418671 90.643127 -95.571152 483.839569
660 146 677 137 696 137 712 147 695 152 676 152 804 152 821 143 841 144 857 155 840 159 821 158 159 197 122.642097 41.672302 22.945414 -0.072936 0.007826 0.047834 54.188004 -101.416840 482.723541 21.022171 -102.993660 483.040955 87.353836 -99.840019 482.406128
663 146 680 137 699 137 715 147 697 152 679 152 807 153 824 144 844 145 861 155 843 160 825 159 35 295 150.560196 63.248333 25.449940 -0.083290 0.013039 0.054274 55.534424 -101.293358 482.194977 22.381294 -103.074478 482.702209 88.687553 -99.512238 481.687775
633 141 649 131 669 130 685 140 668 146 650 147 775 139 791 128 811 128 828 138 811 144 793 144 566 16 31.266745 2.243047 17.114424 -0.017089 0.021373 -0.012366 42.458851 -109.346054 495.958649 9.264160 -108.929428 496.664734 75.653542 -109.762672 495.252563
642 141 659 132 679 132 696 141 678 147 659 147 785 142 801 132 820 132 836 141 820 148 801 147 448 104 57.824291 21.601730 19.408440 0.041387 -0.001214 0.002179 46.896339 -108.400505 495.748657 13.691628 -108.472015 495.706848 80.101044 -108.328995 495.790466
640 149 655 140 674 139 690 148 673 154 656 154 783 149 799 140 819 140 836 149 819 155 801 154 525 311 40.981392 67.976051 22.403448 -0.126400 0.043220 0.013723 44.706612 -102.663963 486.011993 11.535885 -103.027702 487.471527 77.877335 -102.300232 484.552429
665 152 681 145 700 145 715 154 698 159 681 158 808 159 824 151 843 152 860 161 843 166 825 165 152 750 125.226463 165.058823 32.387016 -0.164562 0.034015 0.057743 56.438908 -99.715279 488.710754 23.308468 -101.529877 489.991608 89.569351 -97.900688 487.429871
608 152 623 143 640 142 655 150 640 156 624 156 745 148 761 140 780 139 797 147 780 153 762 153 1217 647 -113.193481 144.589493 23.425072 -0.003773 0.095356 -0.005764 29.103559 -106.840416 505.511902 -3.949857 -106.643349 508.672974 62.156975 -107.037483 502.350830
608 152 624 142 642 142 658 150 641 156 624 157 749 149 765 139 784 139 801 148 784 154 766 154 1217 492 -113.478966 110.000938 20.791977 -0.089365 0.065108 -0.000710 29.918863 -104.940712 497.777161 -3.215634 -104.820671 499.933594 63.053360 -105.060745 495.620697
655 286 672 276 693 276 710 286 692 292 673 292 810 285 827 275 848 274 866 283 848 290 828 290 201 612 114.011467 134.379578 29.710884 -0.304089 0.076394 0.008194 51.374203 -37.116623 451.208038 18.266594 -37.001740 453.744324 84.481812 -37.231510 448.671783
612 292 628 281 648 280 665 290 648 296 629 297 764 288 780 277 801 276 819 286 801 293 782 293 1015 678 -67.950935 151.030121 25.319639 -0.189834 0.086707 -0.013183 32.859821 -36.771492 464.822449 -0.217754 -36.064671 467.639221 65.937393 -37.478317 462.005676
619 288 636 277 657 276 674 287 656 293 637 294 775 286 792 274 813 274 830 285 813 292 793 291 976 432 -59.680099 96.042625 21.404774 0.177431 0.046202 -0.017313 35.890388 -36.385113 447.838074 2.725878 -35.949207 449.414398 69.054901 -36.821018 446.261749
662 296 680 284 701 284 718 296 699 303 680 303 818 298 835 286 857 286 876 298 858 305 837 305 362 740 78.233070 163.323288 30.795013 -0.299979 0.054452 0.022023 53.774612 -31.182863 441.481293 20.626633 -31.633711 443.370178 86.922592 -30.732016 439.592407
661 295 678 284 699 284 715 295 697 301 678 301 817 297 835 286 857 286 875 297 856 303 837 303 330 791 85.485092 174.628464 31.878092 -0.313742 0.073176 0.027433 54.036823 -32.313919 448.099274 20.932526 -32.831173 450.628632 87.141121 -31.796663 445.569916
638 281 655 269 677 269 694 281 676 287 656 288 793 281 810 269 833 269 850 281 832 288 812 287 838 147 -29.335752 32.118370 17.497820 0.102853 0.057171 -0.002542 44.212784 -38.784843 449.563690 11.062281 -38.798145 451.462006 77.363289 -38.771545 447.665375
660 288 678 276 699 276 715 286 697 293 678 294 816 288 833 277 855 277 874 288 855 295 835 294 318 617 87.848900 135.771667 29.003496 -0.268981 0.062686 0.015378 54.051239 -36.077503 451.006348 20.915152 -36.303467 453.129639 87.187325 -35.851540 448.883087
626 283 642 272 662 271 679 282 661 288 643 289 777 281 794 270 815 269 833 280 815 287 795 287 1237 293 -118.319298 65.640923 17.275984 0.065828 0.083635 -0.010894 38.325066 -39.308865 458.944366 5.238240 -39.039150 461.728058 71.411888 -39.578579 456.160675
670 284 688 274 709 274 726 285 708 290 688 290 826 287 844 277 865 277 882 287 864 294 845 293 290 552 93.992508 121.200661 28.088911 -0.258155 0.060348 0.031422 58.523163 -37.017841 452.725952 25.394749 -37.791744 454.839966 91.651573 -36.243938 450.611938
618 285 634 273 655 272 672 283 654 290 635 291 769 280 786 268 808 268 826 279 808 286 788 286 1059 83 -78.889198 18.358604 14.913988 0.056378 0.072899 -0.027129 34.890427 -38.970589 457.026733 1.785984 -38.139355 459.468964 67.994873 -39.801823 454.584503
630 294 647 284 667 283 684 292 667 299 648 300 783 291 800 280 821 280 839 289 821 296 802 296 763 500 -11.908807 110.713890 24.002380 0.149990 0.070013 -0.023730 40.545319 -34.624214 455.061432 7.431025 -34.013863 457.434357 73.659607 -35.234566 452.688538
664 275 681 264 702 264 719 274 701 280 682 281 820 273 837 262 858 262 875 272 858 279 838 279 162 109 121.808945 22.042011 21.430180 -0.174669 0.042712 -0.005968 55.515053 -42.014652 450.665649 22.341038 -41.694035 452.059021 88.689072 -42.335266 449.272278
664 276 681 266 702 265 719 275 701 281 682 282 819 275 836 264 857 264 874 274 857 280 837 280 99 283 136.221924 60.721664 24.812677 -0.235462 0.058462 0.001711 55.551254 -41.683292 453.695099 22.402954 -41.512142 455.623993 88.699554 -41.854446 451.766235
638 278 655 267 676 266 693 276 675 283 656 284 792 276 809 265 830 265 848 276 830 282 810 282 723 224 -3.469540 49.029469 19.584656 -0.144225 0.076776 0.003376 44.736633 -41.802387 460.834106 11.629654 -41.730545 463.380157 77.843613 -41.874226 458.288055
661 275 679 264 700 264 717 275 699 281 679 281 818 276 835 265 857 266 874 276 856 283 836 282 258 91 100.301514 18.252010 20.474285 -0.174159 0.060085 0.016474 54.502735 -41.230965 450.459778 21.362185 -41.601627 452.491028 87.643288 -40.860298 448.428497
662 279 680 268 702 268 719 279 700 284 680 285 819 281 836 271 858 271 875 282 857 288 837 287 31 265 151.399704 56.544327 24.967398 -0.188648 0.071770 0.032977 55.527195 -39.682175 455.487274 22.425596 -40.545536 457.956726 88.628799 -38.818817 453.017792
648 273 666 261 687 261 705 272 686 279 666 279 804 274 821 262 843 263 860 275 842 281 822 280 611 4 21.178577 -0.328495 16.605829 -0.111523 0.049730 0.016734 49.258434 -42.684521 455.655792 16.099272 -43.146801 457.333801 82.417603 -42.222240 453.977753
627 305 644 295 664 294 681 304 663 310 644 310 784 302 801 292 820 292 837 301 820 307 802 307 865 749 -34.266605 166.519638 27.541571 -0.272338 0.082803 0.002694 39.612694 -29.758600 455.059174 6.521062 -29.474985 457.783752 72.704323 -30.042215 452.334625
659 298 677 287 698 287 715 297 697 303 677 304 818 297 836 286 857 286 876 296 857 302 837 302 462 582 55.573025 128.301453 27.433754 -0.301129 0.068458 0.007537 53.587650 -31.581005 444.502411 20.460962 -31.487768 446.776947 86.714340 -31.674240 442.227875
632 274 649 263 670 262 687 272 669 279 650 280 785 272 802 260 824 260 842 272 824 278 804 278 765 130 -13.037668 28.152376 17.703386 0.106598 0.076592 -0.006370 41.372047 -42.957973 454.948669 8.265161 -42.882420 457.495850 74.478935 -43.033527 452.401520
630 281 648 269 669 269 687 280 668 286 648 287 791 278 808 267 829 267 847 278 829 285 810 284 962 634 -56.176384 141.086258 24.931099 -0.362889 0.089091 0.015150 41.141357 -38.860901 442.013275 8.070559 -38.821777 444.993256 74.212158 -38.900024 439.033295
631 266 650 253 672 253 690 265 670 272 650 272 792 264 809 251 831 252 848 264 830 271 810 270 785 75 -17.612776 15.926251 16.633623 -0.275831 0.068040 0.010840 42.120560 -45.339279 444.753632 8.994029 -45.384895 447.031860 75.247093 -45.293663 442.475403
609 283 628 271 650 269 667 279 647 287 627 289 770 274 788 262 811 261 832 271 813 279 791 280 870 510 -35.825256 113.198128 23.447651 -0.311072 0.129040 -0.024621 31.755611 -38.493694 427.137299 -1.165397 -37.031471 431.215118 64.676620 -39.955917 423.059448
673 270 691 260 713 260 731 271 712 277 692 277 832 272 850 262 870 262 887 272 870 279 850 279 233 414 106.488686 90.271057 26.130615 -0.286129 0.034166 0.022280 59.289429 -42.235298 443.483093 26.112043 -42.803658 444.706940 92.466812 -41.666935 442.259247
635 284 652 272 674 271 691 281 672 288 653 289 794 281 811 270 834 270 853 282 834 288 813 287 659 541 11.430506 119.617493 25.403168 -0.341891 0.090289 0.014256 42.838333 -37.547867 440.636902 9.770795 -37.504242 443.652832 75.905869 -37.591492 437.621002
642 279 661 267 684 266 702 278 682 285 661 286 806 278 824 267 847 267 867 280 848 287 826 286 543 233 36.811302 50.612709 20.956511 -0.281535 0.061259 0.019809 46.291637 -37.765339 428.364594 13.155167 -38.129623 430.462494 79.428108 -37.401051 426.266724
684 272 703 261 724 262 741 274 722 280 702 279 844 279 861 269 882 270 899 281 881 287 861 286 5 303 157.285645 64.962700 25.789003 -0.261706 0.031618 0.057115 64.046745 -40.051128 443.741486 30.912260 -41.788162 445.025330 97.181229 -38.314095 442.457672
623 282 639 269 660 268 677 278 660 286 640 287 779 275 796 263 819 262 838 273 819 281 798 281 1102 247 -88.205826 55.057091 17.408773 -0.191610 0.121513 -0.017805 37.533764 -40.330120 447.597321 4.578276 -39.359108 451.540985 70.489250 -41.301128 443.653656
662 290 680 280 701 280 719 289 700 296 680 296 824 289 842 280 863 279 881 289 863 295 843 295 362 681 78.124405 150.157318 29.792740 -0.338577 0.094166 0.019181 54.566017 -34.322186 438.742889 21.512955 -34.422142 441.912231 87.619080 -34.222229 435.573578
616 295 632 283 653 282 671 291 653 298 634 300 776 284 792 272 813 272 831 281 814 288 794 289 1182 579 -105.489563 129.332504 22.506927 -0.323182 0.095398 -0.042013 34.681442 -35.295177 442.541473 1.655301 -33.419838 445.425323 67.707588 -37.170513 439.657593
654 290 671 280 692 279 710 288 692 295 672 296 816 287 834 277 856 277 875 286 856 293 835 293 460 526 55.917263 115.800217 26.495987 -0.340906 0.100140 0.008435 50.891346 -34.609634 435.139404 17.852446 -34.323021 438.442200 83.930252 -34.896252 431.836609
657 295 675 284 696 284 713 294 695 300 675 301 821 294 839 284 861 283 880 294 861 300 840 300 565 566 32.503445 124.974289 26.464432 -0.354410 0.099190 0.018868 51.994663 -31.647648 429.909485 18.957197 -31.683014 433.238770 85.032127 -31.612282 426.580170
672 293 690 282 712 282 730 294 711 300 690 300 837 295 856 283 878 283 896 294 877 301 857 301 213 377 110.894348 81.967201 25.637510 -0.281569 0.081014 0.024667 58.382832 -31.614937 428.310547 25.296232 -32.046253 431.076477 91.469437 -31.183620 425.544617
654 295 672 285 693 284 712 294 693 301 673 302 819 292 837 280 860 280 879 289 860 297 839 297 546 445 36.530701 97.928017 24.537588 -0.333622 0.109803 -0.000947 50.987972 -32.241955 428.148651 17.981297 -31.609182 431.714966 83.994652 -32.874729 424.582367
647 292 664 282 686 282 703 291 685 298 665 299 810 291 828 280 850 280 870 290 850 297 830 296 680 443 6.552508 97.798195 23.596161 -0.316746 0.104577 0.011957 47.895325 -33.063934 431.637878 14.872750 -32.908764 435.108521 80.917892 -33.219105 428.167267
628 291 646 280 667 278 686 288 667 295 647 297 789 284 807 273 830 272 849 282 830 290 809 290 627 517 18.544394 114.186272 25.212168 -0.304914 0.100252 -0.019730 40.486343 -35.628124 438.587402 7.453367 -34.481091 441.760162 73.519318 -36.775154 435.414642
620 286 637 273 659 271 677 282 659 290 639 291 780 278 798 265 821 264 840 275 821 283 800 283 867 125 -35.863293 27.277521 16.927702 0.124192 0.069137 -0.049589 36.572277 -37.730679 432.848175 3.487423 -36.232578 435.237274 69.657135 -39.228779 430.459106
618 299 634 289 654 287 672 295 655 302 636 304 775 290 793 279 814 277 833 286 815 293 795 294 1179 746 -104.510910 166.591797 25.364191 -0.306997 0.089737 -0.044870 35.414883 -33.473476 444.383759 2.375740 -31.555937 447.085205 68.454025 -35.391014 441.682343
660 303 677 292 699 291 716 302 698 309 678 309 825 302 843 291 865 290 884 301 865 308 844 308 49 767 148.297882 168.609146 33.373325 -0.434689 0.110118 0.024233 53.020512 -28.157469 427.398285 20.023249 -28.153919 431.105042 86.017776 -28.161018 423.691528
665 298 683 289 704 289 722 299 703 305 683 305 828 298 846 288 867 287 885 295 867 303 847 303 290 723 94.307465 159.359650 30.993809 -0.359245 0.092557 0.011307 55.311321 -30.494862 432.619385 22.249210 -30.316031 435.689301 88.373436 -30.673695 429.549469
682 254 700 243 721 245 737 257 718 261 699 261 830 262 847 252 867 253 883 264 866 270 847 268 262 225 99.653557 48.163826 22.723551 -0.353424 0.018358 0.063724 63.100368 -49.542015 465.135529 29.967785 -51.506104 466.101959 96.232948 -47.577927 464.169098
633 259 649 249 668 249 684 258 667 264 649 265 775 259 792 250 813 250 830 261 812 266 793 265 985 446 -61.667526 99.188004 21.581654 -0.182305 0.095505 0.025108 41.914745 -52.452187 490.135864 8.871255 -52.991894 493.360168 74.958237 -51.912476 486.911591
702 267 720 259 740 261 756 271 738 275 719 274 850 277 866 269 884 270 899 280 883 285 865 283 98 734 137.276276 161.360855 32.480904 -0.161650 0.016199 0.075971 73.424530 -44.314968 477.733429 40.319626 -46.780712 478.471771 106.529434 -41.849228 476.995056
688 266 706 258 726 259 743 270 724 274 705 273 837 276 853 267 872 268 887 279 871 284 853 283 96 565 137.412384 123.643448 29.623526 -0.211496 0.022076 0.074914 67.050003 -44.564873 474.640747 33.946026 -46.954182 475.629547 100.153976 -42.175564 473.651978
680 267 697 258 717 260 733 270 715 275 696 274 828 278 844 269 863 271 878 281 861 286 844 284 327 757 86.093544 167.034210 31.320826 -0.285040 0.043454 0.091997 63.376995 -44.375248 478.512299 30.342737 -47.179501 480.365295 96.411255 -41.570995 476.659271
693 266 711 258 731 260 747 270 728 274 710 273 841 277 857 269 875 270 889 280 873 285 856 284 28 597 152.682266 130.623703 30.627630 -0.196276 -0.004854 0.081105 69.419800 -44.733376 479.409882 36.324173 -47.422001 479.513214 102.515419 -42.044754 479.306549
624 261 640 250 661 249 677 259 660 266 641 267 770 259 787 248 808 249 825 260 807 266 788 265 909 183 -45.151463 40.319530 17.628563 -0.176912 0.092006 0.011920 38.113041 -51.229488 481.089905 5.050656 -51.353321 484.159576 71.175430 -51.105656 478.020233
678 253 695 243 716 244 732 255 714 260 695 260 825 259 841 250 861 251 876 262 860 267 841 266 207 156 111.829445 32.636436 21.923861 -0.035070 -0.016269 0.042897 63.405285 -52.495407 482.245819 30.235407 -53.928482 481.730865 96.575165 -51.062336 482.760773
596 269 611 258 630 257 645 266 629 273 612 274 740 261 756 251 775 250 792 260 776 267 758 267 1249 357 -120.885704 79.950996 18.281933 -0.167985 0.155869 -0.016405 23.882570 -49.242512 481.753204 -8.916204 -48.269753 486.837860 56.681347 -50.215271 476.668549
656 273 673 264 694 264 710 275 692 280 674 280 808 278 825 268 845 268 862 279 844 284 825 284 393 453 70.770065 99.351875 25.709610 -0.210628 0.034868 0.034282 52.599270 -42.306896 465.410461 19.433998 -43.314919 466.678650 85.764542 -41.298874 464.142273
613 267 629 256 650 255 666 266 649 272 630 273 760 266 777 255 799 255 816 266 798 272 779 271 1232 24 -117.696304 5.601229 12.740152 0.051598 0.093962 0.000173 32.624012 -46.909008 469.326111 -0.434361 -46.995171 472.439972 65.682388 -46.822849 466.212219
614 278 629 268 648 268 664 277 648 283 630 284 759 276 775 267 796 267 813 276 796 282 777 282 1105 756 -87.939400 168.648544 26.035198 -0.176185 0.082978 0.002629 32.925987 -43.452766 481.834412 -0.164760 -43.297546 484.579956 66.016731 -43.607986 479.088867
635 266 652 255 673 255 689 266 671 272 653 272 786 269 804 258 825 259 843 270 824 276 805 275 666 16 8.897709 2.479228 16.437220 -0.148312 0.052291 0.025767 43.137794 -45.623222 462.288635 9.989281 -46.346722 464.080933 76.286301 -44.899723 460.496338
638 270 654 260 673 260 690 270 672 275 654 275 786 272 804 263 825 263 842 273 824 278 805 277 721 374 -2.745883 82.497543 22.146355 -0.228119 0.070101 0.030020 43.923359 -44.829105 468.692505 10.814631 -45.552101 471.110962 77.032089 -44.106113 466.274048
666 273 684 263 704 264 720 274 702 279 684 279 817 278 834 269 853 270 869 280 852 285 834 284 372 518 75.587280 113.807159 26.956024 -0.233968 0.032465 0.045502 57.100594 -42.515190 469.011627 23.947401 -43.886032 470.255127 90.253784 -41.144352 467.768097
621 271 637 261 657 260 673 270 656 275 638 276 768 271 786 261 807 261 825 272 807 277 787 276 809 312 -22.544830 68.869957 20.497179 -0.176043 0.101558 0.019288 36.335220 -45.273781 471.223114 3.307204 -45.614002 474.628113 69.363235 -44.933556 467.818115
628 268 645 258 666 258 683 268 665 274 645 274 777 270 794 260 816 261 833 272 815 277 795 276 713 210 -1.258422 45.881721 19.414549 0.159235 0.079532 0.015367 39.770031 -45.258537 466.220001 6.673866 -45.975784 468.806305 72.866196 -44.541290 463.633667
633 270 649 259 669 259 686 269 668 275 650 275 783 272 800 262 822 263 839 274 821 279 801 278 813 124 -23.785856 26.926830 17.276403 0.109210 0.100641 0.018831 41.586567 -44.014713 461.377594 8.555475 -44.819794 464.672791 74.617661 -43.209637 458.082367
662 279 678 270 698 270 714 280 697 285 678 285 812 284 829 275 849 276 865 287 848 291 829 290 424 681 64.255600 150.303757 29.372873 -0.263873 0.063084 0.052872 54.674088 -39.632030 468.361694 21.581039 -41.090736 470.659973 87.767128 -38.173325 466.063385
632 268 649 257 669 257 685 268 667 273 649 274 781 271 799 260 821 261 839 272 820 277 800 276 877 52 -38.234653 11.011043 15.619879 0.015057 0.079334 0.020304 41.305553 -44.843704 462.535492 8.212013 -45.536922 465.161652 74.399094 -44.150486 459.909302
637 217 654 209 671 209 686 218 670 223 652 223 780 217 797 207 817 206 835 214 818 221 799 222 472 269 52.759624 58.478493 22.048882 -0.298692 0.143538 0.025315 41.535622 -68.833740 467.681488 8.680278 -68.953644 472.484772 74.390968 -68.713837 462.878204
615 216 631 207 650 207 665 217 649 222 632 223 756 216 772 205 791 205 808 213 791 220 773 220 762 526 -11.637229 116.513481 24.450832 -0.172829 0.038496 -0.005070 33.311874 -73.604889 495.017548 0.132028 -73.327240 496.274597 66.491722 -73.882545 493.760468
617 217 632 207 651 206 667 216 650 222 633 223 759 216 775 206 794 205 811 215 794 221 776 221 793 608 -18.420599 134.885162 25.633892 -0.212181 0.042516 0.001264 33.947220 -72.397392 489.936005 0.772325 -72.289841 491.341156 67.122108 -72.504936 488.530823
635 207 653 198 671 198 687 206 669 212 651 212 780 208 797 199 818 199 837 207 819 213 799 213 533 416 39.385262 91.425911 24.132980 -0.224292 0.058250 0.015790 42.049637 -73.349403 469.392944 8.905025 -73.653084 471.368317 75.194252 -73.045723 467.417603
630 209 645 201 663 201 679 209 663 214 646 214 774 210 791 201 810 201 828 208 810 214 792 214 592 418 26.191214 92.011559 23.767406 -0.233659 0.069093 0.018778 39.517620 -73.816872 476.953705 6.397496 -74.167511 479.297638 72.637749 -73.466232 474.609772
645 196 663 185 683 185 698 196 680 202 661 202 791 198 808 188 830 188 848 198 830 205 811 204 343 33 81.181007 5.509948 18.913376 -0.110743 0.039546 0.019790 46.132626 -76.426506 461.287262 12.960240 -77.009460 462.633606 79.305008 -75.843552 459.940918
620 204 635 194 654 194 670 203 654 209 636 210 763 203 779 193 800 192 817 202 800 208 781 208 884 327 -39.293980 72.394379 20.244093 -0.160200 0.075728 0.005704 35.515495 -77.838211 485.633392 2.406180 -77.825745 488.149872 68.624809 -77.850677 483.116882
655 199 673 190 692 190 707 199 690 205 671 205 801 204 817 195 838 195 856 204 838 210 819 209 211 322 111.240425 69.689117 24.716730 -0.181581 -0.049658 0.018370 48.967072 -72.250664 448.961426 15.808664 -73.006271 447.377563 82.125481 -71.495049 450.545288
615 195 630 185 648 185 663 193 648 199 631 200 754 190 770 181 790 180 807 189 790 195 771 195 1132 146 -95.102562 32.589592 15.489855 -0.056908 0.109641 -0.010217 32.557949 -85.096397 497.351288 -0.445807 -84.654564 500.972931 65.561707 -85.538239 493.729614
670 197 689 188 709 188 725 198 707 203 687 203 817 203 834 194 856 195 875 205 856 211 836 209 129 303 129.548035 65.255562 24.949270 -0.138055 -0.053686 0.031072 56.628124 -73.025330 451.334045 23.487068 -74.175957 449.629303 89.769180 -71.874702 453.038788
623 201 638 191 657 190 673 199 657 206 639 206 764 197 780 187 800 187 817 196 800 203 782 203 831 240 -27.598629 52.854977 19.125080 -0.075752 0.093091 -0.005507 36.819176 -81.113121 492.225739 3.758568 -80.813766 495.302490 69.879784 -81.412476 489.149017
632 198 647 189 666 188 681 198 665 203 648 204 774 198 791 188 812 187 829 197 812 203 793 203 905 120 -44.372738 26.251509 16.585426 -0.125857 0.099938 0.013227 40.679352 -79.988525 483.400146 7.642894 -80.217468 486.731781 73.715805 -79.759583 480.068512
633 206 651 196 670 195 685 204 668 211 649 212 778 203 795 193 816 192 835 201 817 208 798 208 799 350 -20.237936 77.326118 21.210432 -0.187963 0.128064 0.001832 40.701702 -74.471458 466.634735 7.768058 -74.133850 470.856201 73.635345 -74.809067 462.413300
666 207 682 199 701 199 717 209 700 213 682 213 811 213 827 204 846 205 862 214 845 219 828 218 246 570 103.868042 125.113480 28.692659 -0.220256 0.052353 0.054072 57.004898 -74.303246 485.310364 23.893707 -75.891945 487.229919 90.116089 -72.714546 483.390808
654 207 670 199 689 199 705 208 688 213 670 213 799 210 816 201 835 201 851 210 835 216 816 216 425 490 63.680119 107.684082 26.121450 -0.189785 0.051572 0.032484 51.489910 -74.702110 483.381195 18.346567 -75.611626 485.184326 84.633247 -73.792587 481.578064
639 198 655 189 674 189 690 198 673 204 655 204 783 198 801 189 821 188 839 197 821 203 802 203 661 60 10.097201 12.286107 17.218538 -0.118977 0.084587 0.011729 44.164616 -78.838036 477.137604 11.080663 -79.059311 479.959412 77.248573 -78.616760 474.315796
620 205 634 194 652 193 667 202 652 209 635 210 759 199 775 188 795 188 812 196 795 203 777 203 1012 313 -67.952133 69.572556 19.139444 -0.093456 0.138699 -0.013796 34.422939 -80.278496 493.248901 1.539914 -79.607834 497.811401 67.305962 -80.949158 488.686371
621 208 635 199 653 199 668 206 653 212 636 213 762 204 778 195 797 194 815 201 798 208 780 208 1094 574 -85.814018 128.008896 23.017929 -0.181696 0.106585 -0.010417 35.189812 -77.527267 489.081116 2.174706 -76.863594 492.562775 68.204918 -78.190941 485.599457
673 207 691 198 710 198 726 207 708 212 689 212 820 212 836 204 856 204 874 215 856 220 838 218 55 561 146.576324 122.653999 29.833227 -0.199734 0.040219 0.054435 59.265408 -71.925888 469.859497 26.136366 -73.587158 471.364929 92.394447 -70.264610 468.354065
639 209 654 200 673 200 689 208 672 213 655 214 784 209 801 200 821 200 839 208 821 214 802 214 632 457 17.315432 100.808960 24.159046 -0.207446 0.088660 0.022022 44.091911 -74.181465 478.230865 11.025062 -74.602409 481.225189 77.158760 -73.760521 475.236542
634 371 651 360 671 360 687 370 670 376 651 377 784 373 802 362 823 363 840 374 822 379 803 379 655 113 11.536961 24.098993 18.159519 -0.313397 0.098324 0.029582 42.473412 0.144445 466.261230 9.442050 -0.313127 469.619720 75.504768 0.602016 462.902740
620 389 636 380 654 380 670 388 654 394 636 394 766 389 784 381 804 381 822 390 804 395 785 394 872 741 -35.847176 164.750961 27.358265 -0.390373 0.107669 0.018206 35.597603 8.006642 474.085083 2.588061 8.106867 477.679474 68.607140 7.906417 470.490662
614 388 631 378 650 377 667 387 650 393 631 394 763 387 780 377 800 377 818 387 800 394 781 393 1114 382 -90.641464 85.210953 19.620850 0.034218 0.070597 -0.003618 33.172085 7.233917 466.778229 0.050192 7.313830 469.122040 66.293976 7.154005 464.434448
651 377 669 368 689 368 706 378 688 383 669 383 803 381 820 372 840 373 857 383 839 388 820 387 335 420 83.683319 91.850876 25.541794 -0.322303 0.060155 0.038805 50.873253 3.559351 469.379150 17.752748 2.613081 471.546265 83.993759 4.505620 467.212036
604 388 619 378 638 377 653 386 637 392 620 394 750 384 766 374 785 374 802 384 785 390 767 389 1197 742 -108.544701 165.741699 25.174343 -0.380362 0.121654 -0.004731 27.821346 6.524923 477.777557 -5.140640 7.435954 481.681030 60.783333 5.613893 473.874084
653 373 670 362 691 362 707 373 689 379 670 379 805 377 822 367 842 367 859 379 842 384 823 383 278 172 95.976898 36.374557 21.714849 -0.289290 0.051335 0.036637 51.381088 1.800049 465.838928 18.241831 0.845970 467.693390 84.520340 2.754127 463.984467
652 375 670 365 690 365 707 376 689 381 670 381 804 380 821 370 842 371 859 382 841 387 822 386 157 296 123.271820 63.759628 24.640739 -0.332528 0.063537 0.043877 50.986504 2.999412 465.732361 17.879721 1.918001 468.041290 84.093285 4.080823 463.423462
598 383 613 372 632 371 647 380 631 387 614 388 742 378 758 367 779 366 797 377 779 383 760 383 977 327 -60.097183 72.614021 19.614294 -0.248831 0.162245 -0.013521 24.882462 3.660534 478.320557 -7.885515 4.768267 483.573395 57.650440 2.552802 473.067719
607 387 622 376 642 375 658 385 641 392 623 392 755 384 771 373 791 373 808 384 791 390 773 389 1230 509 -116.355629 113.825226 20.992731 -0.328952 0.102033 -0.002583 29.718103 6.118514 474.032074 -3.315458 6.754345 477.339508 62.751667 5.482683 470.724640
661 375 678 365 699 365 716 376 697 381 678 381 813 380 830 370 850 371 866 383 849 388 831 387 95 201 136.965652 42.413754 23.446774 -0.284690 0.027754 0.039300 54.715385 3.259709 463.907715 21.548735 2.103100 465.000977 87.882034 4.416317 462.814453
616 377 632 367 652 366 668 375 651 382 633 383 765 375 782 365 803 365 821 375 803 381 783 381 983 173 -61.722969 38.262787 16.957556 0.046504 0.064763 -0.006583 33.835690 1.995449 464.670441 0.701194 2.163822 466.823700 66.970184 1.827076 462.517212
651 377 669 367 690 367 707 378 688 383 669 383 805 383 823 373 844 375 861 386 843 391 823 390 546 188 36.057350 40.577957 20.171749 -0.290541 0.064329 0.049300 50.633472 4.201162 460.422668 17.536890 2.896824 462.762451 83.730057 5.505499 458.082886
657 378 674 368 695 369 712 380 694 385 674 385 811 385 828 375 849 376 866 388 848 393 829 392 304 232 90.271461 49.825085 22.558039 0.022532 0.085835 0.035712 52.565102 4.961331 455.239380 19.503674 3.745256 458.071808 85.626534 6.177406 452.406952
645 380 663 370 684 370 701 380 682 386 663 386 800 385 818 375 839 376 857 387 839 392 819 391 523 315 41.436142 68.863937 22.484943 -0.339916 0.087732 0.047479 47.985851 5.057652 457.617432 14.944530 4.003849 460.735138 81.027176 6.111454 454.499695
620 374 637 363 657 362 673 373 656 379 637 379 770 374 787 364 808 364 826 375 808 381 788 380 885 43 -40.040752 9.021569 15.412813 0.014131 0.078394 0.012271 35.778385 1.175753 462.444916 2.678048 0.750364 465.042297 68.878723 1.601141 459.847534
669 384 687 375 707 375 724 386 706 391 687 391 822 392 839 383 859 384 875 395 858 400 840 399 192 569 115.945480 124.762787 29.041361 -0.367018 0.054111 0.065359 58.448189 8.039351 464.104919 25.361506 6.245928 466.253052 91.534874 9.832776 461.956787
626 385 643 376 663 375 680 384 662 390 643 390 778 386 796 377 816 378 834 388 816 393 796 392 707 551 0.711787 121.962379 25.247988 -0.339591 0.102726 0.027973 39.195999 6.368769 464.720123 6.177395 6.032498 468.215607 72.214600 6.705040 461.224640
603 380 619 369 638 369 655 379 638 385 619 386 752 377 769 367 790 367 809 377 790 384 771 383 1253 128 -122.202248 28.858635 14.364660 -0.093741 0.133168 -0.007852 27.705589 3.130890 461.868134 -5.204432 3.597255 466.258179 60.615612 2.664526 457.478058
599 395 615 385 633 384 649 392 633 399 615 400 746 391 763 381 784 381 802 390 784 396 765 396 1103 752 -87.499390 167.751205 25.980791 -0.309513 0.123630 -0.008677 26.074745 9.284882 471.380493 -6.877413 10.197120 475.365784 59.026905 8.372643 467.395172
654 391 672 382 693 382 710 392 691 397 672 397 810 396 827 387 848 388 865 398 847 403 828 402 206 536 112.753029 117.431839 28.385960 -0.369164 0.065813 0.043331 51.716454 10.124943 455.519073 18.613504 9.118678 457.915314 84.819405 11.131208 453.122864
645 415 661 405 680 405 696 414 679 420 661 421 790 414 807 405 827 405 845 415 827 420 808 420 919 478 -46.845024 106.172989 22.572214 -0.477931 0.116559 0.015603 47.048866 19.907354 479.337219 14.069056 20.316271 483.174469 80.028671 19.498438 475.499939
696 420 713 410 733 410 749 422 732 427 713 427 844 425 859 414 878 414 893 425 877 431 860 430 191 519 116.077080 113.602821 28.198748 -0.367383 0.062442 0.034284 71.709946 23.844667 485.377594 38.588398 23.109106 487.609589 104.831490 24.580229 483.145599
690 416 707 406 727 406 743 417 725 423 707 423 838 420 853 409 873 410 888 420 872 426 854 426 120 239 131.443375 50.952576 23.923006 -0.162597 0.056873 0.023170 68.517090 21.489136 481.708710 35.374733 20.876802 483.650055 101.659447 22.101467 479.767365
647 429 664 419 683 419 699 428 682 433 664 434 794 427 811 418 831 418 848 427 830 433 812 433 622 730 20.055157 161.705841 28.864408 0.135399 0.054453 -0.010256 47.943283 25.481754 472.724823 14.789354 25.698915 474.549500 81.097214 25.264591 470.900146
621 427 635 418 652 417 666 426 651 432 635 433 757 426 773 417 792 417 809 426 792 432 774 432 1156 729 -99.397339 162.743896 25.231157 -0.285680 0.204894 0.012629 34.094322 26.428505 499.185638 1.581965 26.979595 505.908905 66.606682 25.877415 492.462341
654 409 671 397 691 397 707 407 690 413 671 414 801 407 818 397 839 398 856 409 838 414 819 413 543 9 36.398731 0.626662 17.151266 0.038283 0.071605 -0.004997 51.513359 16.539936 473.709442 18.394037 16.660200 476.087646 84.632675 16.419670 471.331238
622 413 636 403 655 402 670 411 654 418 637 419 763 410 779 400 799 400 817 410 800 416 781 416 1040 327 -74.189674 72.762817 19.187656 -0.314405 0.173893 -0.001128 35.642475 18.667143 489.550537 2.934340 19.601788 495.195343 68.350609 17.732496 483.905731
630 412 645 401 665 400 680 411 664 417 646 418 774 411 791 400 811 400 828 411 811 417 792 417 1024 221 -70.805862 49.070915 17.495312 0.051504 0.044132 0.000171 39.682270 18.222050 477.762146 6.509782 18.178667 479.226288 72.854759 18.265430 476.298035
677 411 694 400 715 400 731 411 713 417 694 417 827 415 843 405 863 406 879 418 862 423 844 422 340 332 82.402786 72.225311 24.013016 -0.395416 0.066181 0.045801 62.600780 19.313087 476.459656 29.502060 18.261822 478.894623 95.699501 20.364353 474.024658
655 423 672 413 692 412 708 422 690 428 672 428 804 423 820 414 840 415 857 425 840 430 821 429 624 699 19.550680 154.792847 28.324245 -0.454828 0.115674 0.030493 52.562164 23.756330 479.308044 19.590588 23.638226 483.234985 85.533737 23.874437 475.381134
622 419 637 408 655 407 670 417 654 424 637 424 765 416 781 406 802 406 819 416 802 423 783 422 1089 444 -84.935013 98.987328 20.843388 0.053322 0.038851 -0.001334 35.494225 21.020313 478.013306 2.314493 21.030199 479.303619 68.673958 21.010427 476.723022
695 423 712 415 732 415 749 426 731 430 712 430 843 430 858 421 877 422 892 432 876 437 859 436 38 790 150.800842 173.715668 33.838535 -0.325055 0.054067 0.050107 71.287369 26.034527 485.841187 38.171936 24.690456 487.871307 104.402794 27.378599 483.811035
640 424 656 413 676 413 692 423 675 429 657 430 788 424 805 414 826 415 843 425 825 431 806 430 770 538 -13.404650 119.210197 24.600510 0.073234 0.062720 0.002956 44.653397 23.649311 468.328186 11.513987 23.475105 470.403992 77.792801 23.823519 466.252411
625 415 641 404 661 403 677 414 660 420 642 421 775 413 791 402 811 402 828 414 811 420 792 419 1194 95 -109.065300 21.355272 14.203616 0.032503 0.022309 -0.003028 37.851719 18.949800 464.073151 4.655319 19.038286 464.815338 71.048119 18.861315 463.330933
638 417 654 406 674 406 690 417 673 423 655 423 787 418 803 407 824 407 841 418 824 424 805 424 825 329 -26.092564 72.701332 20.677618 0.067416 0.055705 0.002358 43.827785 20.650768 467.526001 10.674550 20.510248 469.370667 76.981018 20.791288 465.681305
642 422 658 411 678 411 694 421 677 427 659 428 790 422 807 412 828 412 845 423 828 429 808 428 729 565 -4.183615 125.138474 25.336830 0.101919 0.066321 -0.001137 45.476616 22.598974 466.937012 12.344758 22.524538 469.135681 78.608475 22.673410 464.738342
684 397 701 386 721 386 737 397 720 403 702 403 832 399 847 388 866 389 881 400 866 406 848 405 141 145 126.572746 30.025887 22.183949 -0.394764 0.025371 0.018428 66.087349 12.460441 483.097107 32.898647 12.028517 484.036896 99.276047 12.892365 482.157318
683 401 700 391 721 391 737 401 719 407 701 407 832 404 848 394 867 394 882 405 866 411 849 410 33 156 150.751572 32.225483 23.102194 -0.381777 0.040225 0.028423 65.488091 14.493609 479.970245 32.323063 13.824783 481.451111 98.653122 15.162436 478.489380
685 407 702 397 722 397 738 407 720 413 702 414 834 410 849 401 868 401 883 411 867 417 850 416 59 441 145.460541 95.885208 27.767616 -0.421957 0.058560 0.031188 66.342911 17.362810 481.592194 33.210079 16.762470 483.693268 99.475746 17.963152 479.491119
617 418 632 407 651 406 667 415 650 422 633 423 762 413 778 402 798 402 816 412 799 419 780 418 1060 382 -78.562180 85.083412 19.986538 -0.408398 0.157543 -0.004645 33.791553 19.810871 479.565948 0.992623 21.011494 484.600647 66.590485 18.610247 474.531219
634 406 650 396 669 396 684 406 667 411 650 411 776 409 793 399 813 399 830 410 813 415 794 414 519 199 42.117249 42.968857 20.541458 -0.319739 0.083614 0.027421 41.997768 16.919008 487.657501 8.920338 16.464893 490.527496 75.075195 17.373123 484.787476
593 398 607 387 625 386 640 395 624 402 608 403 730 392 745 382 764 382 780 393 764 399 747 398 956 302 -55.445732 66.985626 19.331814 -0.386145 0.130816 -0.011676 21.568304 11.401631 507.467316 -11.354079 12.605748 511.617798 54.490688 10.197514 503.316864
635 400 651 390 669 390 684 399 668 404 651 405 776 403 791 394 810 394 826 404 810 409 793 408 458 251 55.858135 54.428692 21.837912 -0.372435 0.059139 0.032361 42.888931 14.427608 500.500244 9.758676 13.739859 502.615112 76.019188 15.115356 498.385345
598 404 612 395 630 394 645 403 629 409 613 410 733 403 748 394 768 394 784 404 767 410 750 409 925 439 -48.258999 97.484230 21.869062 -0.339871 0.095052 0.009885 23.947031 15.863544 513.014404 -9.107729 16.072874 516.160645 57.001789 15.654215 509.868195
654 403 670 393 689 393 704 403 688 408 670 408 794 405 809 396 828 396 843 406 827 411 810 411 390 137 70.859108 28.828760 20.361813 -0.291218 0.040828 0.022473 52.150650 15.815367 504.700745 18.981634 15.275911 506.144745 85.319664 16.354822 503.256744
648 410 664 402 683 402 698 411 681 416 664 416 788 415 804 407 822 408 838 417 822 422 804 421 481 796 51.717060 176.100861 30.940453 -0.428343 0.070915 0.048318 49.223095 20.316839 504.501068 16.138603 19.259340 507.119781 82.307587 21.374340 501.882355
645 407 661 398 680 398 696 408 679 413 661 413 786 412 801 404 820 405 835 415 819 420 802 418 256 417 101.349335 90.994835 26.025822 -0.333644 0.051517 0.049489 47.874382 18.731398 503.299744 14.753474 17.402441 505.248810 80.995293 20.060354 501.350647
614 411 630 400 649 400 664 410 647 415 630 416 757 412 772 402 791 403 806 414 790 418 773 417 798 558 -19.631144 123.739372 24.750647 -0.424306 0.054758 0.026303 32.933716 19.138208 497.914001 -0.210762 18.671202 499.859558 66.078194 19.605215 495.968475
654 400 671 392 689 392 704 402 688 406 670 406 796 406 812 398 830 399 846 408 830 413 813 412 126 261 130.141754 55.876091 24.256104 -0.344074 0.052365 0.051173 51.992046 15.621441 496.674377 18.875320 14.253140 498.666840 85.108772 16.989742 494.681915
620 405 637 395 656 395 671 405 655 410 637 410 762 407 777 397 797 398 812 409 796 414 778 413 671 394 8.475471 86.842491 22.824711 -0.371283 0.047707 0.029540 36.274097 16.751654 502.531219 3.120947 16.084316 504.258331 69.427246 17.418991 500.804138
617 401 633 390 653 390 668 401 651 406 634 407 759 403 774 392 794 393 809 406 793 410 775 409 838 171 -29.291550 37.474018 17.905525 -0.339761 0.040091 0.025780 34.797260 14.980566 500.881226 1.629797 14.365176 502.330505 67.964722 15.595955 499.431976
640 400 656 391 675 391 691 401 674 406 656 406 781 406 797 397 816 398 831 409 815 414 798 412 436 272 60.818005 59.062923 22.343639 -0.353058 0.030022 0.050943 45.321060 15.594537 499.174103 12.173678 14.112992 500.445251 78.468437 17.076080 497.902954
612 397 627 385 646 384 661 394 644 401 627 402 750 394 765 383 784 384 800 396 784 401 766 400 829 104 -27.401739 22.501579 16.828297 -0.339337 0.062258 0.002543 31.375656 11.680409 507.988159 -1.765336 11.944911 510.028839 64.516647 11.415908 505.947479
669 400 685 392 704 393 719 402 702 406 685 406 810 410 826 403 843 404 858 414 842 418 826 416 27 450 152.635208 97.818001 28.137211 -0.384260 0.027512 0.081690 58.713146 16.793411 498.496735 25.630106 14.323755 499.901276 91.796188 19.263065 497.092163
599 399 614 390 632 389 647 398 631 404 614 405 736 400 752 391 772 391 788 401 771 407 753 406 1121 205 -92.533302 45.729580 16.566622 -0.240047 0.112227 0.020311 24.674597 13.534255 503.770966 -8.315531 13.312371 507.534180 57.664726 13.756138 500.007721
633 402 649 393 667 393 683 403 666 408 648 408 776 406 792 398 811 399 827 408 810 413 793 412 537 287 38.252903 62.648746 21.914478 -0.361459 0.063025 0.041618 41.611469 15.781095 490.847412 8.500287 14.804313 493.139832 74.722649 16.757877 488.555023
622 397 638 386 658 386 673 397 656 403 638 403 764 400 779 390 799 391 814 403 798 408 780 407 499 3 46.230057 -0.816170 17.347309 -0.262880 0.023981 0.033994 36.869102 13.239272 498.438416 3.692854 12.227835 499.372833 70.045349 14.250710 497.503967
624 409 640 399 659 399 674 409 657 414 639 415 765 413 780 403 799 404 813 416 798 420 781 419 562 695 33.412113 153.753815 28.676161 -0.415762 0.040541 0.042527 37.581322 19.419201 503.191589 4.432984 18.323992 504.787781 70.729660 20.514410 501.595398
622 405 638 394 658 394 673 405 656 410 638 410 764 408 780 398 799 399 814 411 798 416 780 415 593 234 25.628626 50.953953 20.634897 -0.304003 0.025627 0.038535 36.960392 17.175547 499.132324 3.790856 16.044386 500.162872 70.129921 18.306705 498.101746
610 401 626 390 645 390 660 401 644 406 626 407 752 403 767 392 787 393 802 405 786 410 768 409 769 86 -14.013471 18.343134 16.928841 -0.307473 0.050104 0.025806 30.998596 14.828109 497.124939 -2.153909 14.238819 498.892334 64.151100 15.417398 495.357544
629 436 646 427 666 427 684 436 666 442 646 442 788 439 806 431 827 431 846 439 827 446 807 445 542 779 38.040638 172.451340 30.238567 0.117602 0.111893 0.000958 39.522667 27.546064 434.223724 6.525277 27.296389 437.920929 72.520058 27.795738 430.526489
590 434 607 425 627 424 644 433 626 439 607 440 745 434 763 425 784 425 803 434 784 440 764 440 881 769 -37.808815 171.020477 27.772972 0.078065 0.050001 -0.001945 23.028412 26.583324 444.756134 -10.134861 26.583063 446.416534 56.191685 26.583584 443.095734
642 433 659 425 680 425 697 434 679 439 660 440 801 437 819 429 839 429 857 438 839 444 819 443 368 769 76.944344 169.808868 31.247025 0.091162 0.114912 0.003382 45.431446 26.879036 439.064209 12.445661 26.593538 442.861053 78.417229 27.164534 435.267365
620 420 639 409 661 409 680 419 660 426 639 427 781 421 799 411 821 412 839 423 820 429 800 428 481 349 50.893757 76.351913 23.346951 0.061973 0.056112 0.002762 37.365459 20.788689 437.318237 4.213017 20.639370 439.176422 70.517906 20.938005 435.460052
576 426 592 415 612 414 629 424 612 431 593 432 730 421 748 410 769 409 788 419 770 427 750 426 1216 395 -113.433937 88.352829 19.150942 0.044281 -0.009220 -0.019409 16.713032 21.741941 442.458099 -16.484118 22.392916 442.166351 49.910183 21.090967 442.749847
636 423 654 413 675 413 692 424 673 430 654 430 793 426 811 416 832 416 850 426 832 433 812 432 189 402 116.308960 87.489319 26.224731 0.010156 0.086621 -0.000859 43.260876 22.659290 443.142303 10.180568 22.673178 446.015045 76.341187 22.645403 440.269562
592 440 608 430 628 429 645 439 628 445 609 446 745 437 763 427 784 426 803 435 784 443 764 443 1134 681 -94.564560 151.980637 24.564732 0.029561 0.073658 -0.024882 23.509724 28.492281 447.569641 -9.594790 29.281412 450.024841 56.614239 27.703150 445.114441
652 443 670 434 691 434 708 445 690 451 670 451 812 446 829 435 850 434 868 444 850 451 830 452 206 640 112.944580 140.639648 30.152679 0.018832 0.095035 -0.009538 49.912956 30.655998 438.278534 16.859484 30.942520 441.432159 82.966431 30.369476 435.124908
644 412 662 402 684 402 701 412 682 419 662 419 802 416 819 406 840 407 858 418 840 424 820 423 173 355 119.801445 76.963387 25.534662 0.027363 0.078792 0.013920 47.260525 18.365549 446.436646 14.161936 17.868116 449.043457 80.359116 18.862982 443.829803
651 412 670 402 691 403 708 413 689 419 669 419 809 418 826 408 847 409 863 420 846 426 827 425 75 360 141.732300 77.847687 26.283258 -0.331804 0.029616 0.039345 50.788662 19.179802 453.589966 17.623737 18.059357 454.769714 83.953590 20.300249 452.410187
629 411 647 400 669 400 687 411 668 418 648 418 787 413 805 403 826 403 844 415 826 421 806 420 392 108 70.358315 22.362076 19.855625 0.013298 0.044898 0.006146 40.989941 17.551796 445.158386 7.819214 17.337889 446.647278 74.160667 17.765703 443.669495
627 426 644 417 664 417 681 426 664 432 644 433 784 428 802 419 823 419 841 427 823 434 803 434 445 683 59.561787 150.799652 29.264635 0.105084 0.097197 -0.005917 38.897259 23.383085 440.472290 5.849603 23.409615 443.698944 71.944908 23.356556 437.245605
605 426 622 417 642 417 659 425 641 432 622 432 760 426 777 417 798 417 816 425 798 432 778 432 664 636 10.487029 140.828751 26.983139 0.081820 0.043063 -0.003672 29.495760 23.280132 447.774841 -3.678063 23.343416 449.207703 62.669582 23.216848 446.341980
635 416 653 406 675 406 692 417 673 423 653 424 794 421 812 410 834 411 852 422 833 428 813 427 241 148 104.209236 30.931522 21.557709 -0.015462 0.063004 0.014856 43.089787 20.030262 439.198090 9.954515 19.553486 441.292389 76.225060 20.507036 437.103790
606 423 623 413 644 412 661 422 643 428 623 429 762 422 779 412 801 412 819 422 801 429 780 428 725 329 -3.723528 72.465149 21.354820 0.057954 0.041511 -0.005252 30.177235 21.697515 445.045074 -2.998523 21.831833 446.427307 63.352993 21.563198 443.662811
664 424 682 415 703 416 720 427 701 433 682 432 821 433 838 424 858 425 874 435 857 442 838 440 65 726 144.643326 159.497696 32.568478 -0.344620 0.020914 0.056022 56.302551 25.517527 456.196686 23.156502 23.813467 457.194336 89.448601 27.221586 455.199036
637 417 656 406 677 407 695 418 676 424 656 424 798 422 816 412 837 412 855 423 837 430 817 429 309 213 89.118011 45.597008 22.201412 0.019753 0.092138 0.016462 44.089367 20.304810 436.641174 11.029883 19.728844 439.690521 77.148849 20.880777 433.591827
583 425 599 414 619 413 636 422 619 430 600 431 736 421 754 410 776 410 795 420 776 427 756 426 1030 426 -71.770432 94.831245 20.937159 0.020112 0.056462 -0.018580 19.689257 21.733946 448.404968 -13.456916 22.331656 450.284760 52.835430 21.136238 446.525177
628 426 646 417 666 417 684 426 665 432 646 433 789 428 806 419 828 419 846 428 828 435 807 435 545 485 36.828064 106.851738 25.223867 0.077317 0.102378 -0.002159 39.509727 23.152761 433.152527 6.478768 23.093019 436.545410 72.540688 23.212502 429.759613
601 421 618 412 640 411 657 421 639 427 619 428 759 422 777 412 799 412 817 422 798 429 778 428 799 322 -20.289507 71.077858 20.734777 0.044061 0.046227 0.000149 28.341131 21.112833 438.743652 -4.828216 21.074087 440.277466 61.510479 21.151581 437.209839
667 337 688 328 712 330 731 341 710 346 687 346 843 345 862 335 883 336 900 346 882 353 862 352 98 625 137.075516 137.037292 30.629244 -0.296279 0.068616 0.055057 56.608948 -11.427051 411.448425 23.531610 -12.891405 413.959381 89.686287 -9.962695 408.937469
581 322 601 313 623 314 641 325 621 331 600 330 756 326 775 316 797 317 816 328 796 334 775 334 1110 590 -89.363602 131.617126 23.181379 -0.285518 0.103052 0.044171 21.952690 -17.935072 404.421173 -11.045051 -18.894180 407.997314 54.950432 -16.975964 400.845001
641 319 661 307 684 308 702 320 682 327 661 327 817 323 836 311 859 310 878 322 859 330 837 330 331 560 84.835938 123.082710 27.947161 -0.397994 0.049471 0.031406 45.148396 -18.995102 398.113434 11.999825 -19.687513 399.916901 78.296967 -18.302692 396.309967
577 326 594 317 615 317 632 327 614 333 594 333 744 328 763 319 785 319 804 329 785 336 764 335 1087 761 -83.903763 169.721786 26.242033 -0.172164 0.125638 0.033459 18.915335 -17.600407 416.411346 -14.009910 -18.345089 420.646118 51.840580 -16.855724 412.176575
617 335 636 322 659 323 676 338 657 344 635 344 792 340 810 327 833 326 852 339 833 348 812 347 625 794 19.501965 175.994644 29.931305 -0.365716 0.073272 0.036552 35.793339 -12.894473 402.090790 2.698546 -13.640267 404.686554 68.888130 -12.148680 399.494995
572 316 591 305 614 305 632 318 612 324 591 324 745 317 764 305 787 306 806 317 786 325 765 325 1201 133 -110.561142 29.851582 14.801744 -0.037628 0.079062 0.019256 17.945620 -20.567280 400.726898 -15.149332 -21.156446 403.360657 51.040573 -19.978113 398.093170
578 315 598 304 620 304 639 315 619 322 598 322 753 315 771 303 793 304 812 315 793 322 772 322 1114 484 -90.453598 107.972458 21.353596 0.126812 -0.018656 0.009792 20.793768 -21.501347 399.105530 -12.403686 -21.786362 398.467163 53.991219 -21.216330 399.743896
587 321 605 311 627 311 645 321 626 327 606 328 756 322 775 312 798 312 818 322 798 329 776 328 1090 605 -84.862160 134.917160 23.571636 0.106739 0.072546 0.010409 23.511477 -19.462297 409.094849 -9.604285 -19.935360 411.478607 56.627235 -18.989237 406.711121
614 296 634 282 658 282 677 295 656 303 634 303 789 297 809 283 834 283 855 297 834 305 811 304 626 52 17.911629 10.418228 17.319658 -0.141239 0.049435 0.010641 35.124165 -28.457691 395.559753 1.961726 -28.693981 397.219971 68.286606 -28.221401 393.899506
578 333 597 322 619 322 637 334 618 340 597 340 751 333 769 322 792 322 810 333 791 340 770 340 1000 685 -64.582687 152.556763 25.540134 -0.309645 0.103187 0.024013 20.477316 -14.972149 408.979126 -12.542807 -15.229572 412.466949 53.497437 -14.714725 405.491302
676 308 696 297 720 298 738 311 718 316 696 316 848 315 866 304 887 305 904 316 886 323 866 322 33 387 151.177032 83.773598 27.026352 -0.217122 -0.067485 0.030750 59.369637 -22.893820 409.816101 26.255732 -24.148130 407.705261 92.483543 -21.639507 411.926941
616 318 635 305 658 306 676 320 656 327 635 327 790 322 807 308 830 308 849 321 830 330 809 329 614 505 21.430267 111.477745 25.096352 -0.286389 0.073020 0.028647 35.383053 -19.693026 405.055420 2.279642 -20.285690 407.579773 68.486465 -19.100359 402.531036
614 309 633 295 656 295 674 309 654 316 632 317 787 310 805 297 828 297 847 310 828 318 807 318 637 278 15.867290 60.876560 21.084387 -0.193761 0.053371 0.016923 34.613373 -23.918962 404.618256 1.460429 -24.305981 406.432709 67.766319 -23.531944 402.803833
621 319 640 308 662 309 680 322 660 328 639 328 793 325 811 312 833 312 851 325 833 333 812 332 603 731 24.307116 161.884109 29.010065 -0.316993 0.061902 0.038083 37.278141 -19.134554 410.238281 4.160254 -20.054016 412.456329 70.396027 -18.215090 408.020203
658 301 679 290 704 290 723 303 702 310 679 310 831 306 849 294 871 295 887 307 870 314 849 313 163 14 121.410278 0.844934 19.809576 -0.108220 -0.109972 0.013441 52.682102 -25.934004 407.179169 19.680672 -26.575712 403.566254 85.683540 -25.292297 410.792114
615 318 635 306 658 307 676 320 656 326 634 327 789 321 808 308 831 308 850 320 830 328 809 328 541 512 37.772556 112.867393 25.709623 -0.205565 0.063257 0.020603 35.491718 -20.169329 405.881866 2.360103 -20.633091 408.036041 68.623337 -19.705566 403.727661
585 334 604 324 627 325 645 336 625 342 604 342 760 335 778 325 799 325 818 336 799 343 779 343 883 784 -38.228569 174.372482 28.014244 -0.332190 0.090310 0.027046 23.660133 -14.210157 410.786530 -9.398588 -14.597333 413.873718 56.718853 -13.822982 407.699341
611 320 630 309 653 310 671 321 651 327 630 328 783 323 802 312 825 312 843 323 824 331 802 330 727 640 -3.598097 141.870148 26.624453 0.142938 0.041497 0.015000 33.412239 -19.162884 405.734558 0.239690 -19.757391 407.071808 66.584785 -18.568375 404.397339
637 307 657 295 680 295 699 307 678 314 657 315 811 309 829 296 852 296 870 308 851 316 830 316 319 248 86.945572 53.430946 22.728262 -0.235106 -0.006289 0.007428 44.313431 -24.677158 407.431183 11.110183 -24.945978 407.253143 77.516678 -24.408339 407.609253
612 305 631 292 655 292 673 305 653 312 631 313 785 306 804 293 827 293 847 306 827 314 806 314 619 241 19.825569 52.577423 20.577738 -0.082929 0.059301 0.015043 33.924587 -25.262747 402.346619 0.781861 -25.679802 404.332916 67.067314 -24.845690 400.360321
626 402 645 391 668 391 687 402 667 408 646 409 793 402 811 391 833 391 851 401 833 408 812 408 425 701 64.068748 154.769150 29.705854 0.064220 0.062110 -0.012520 39.855560 12.176894 422.231049 6.717349 12.525885 424.303955 72.993767 11.827903 420.158173
627 394 645 384 668 384 687 394 667 401 646 402 793 395 811 384 833 385 850 395 832 402 811 402 478 756 52.314457 167.167694 30.281261 0.050522 0.061471 -0.006912 39.932640 9.489435 424.231018 6.791319 9.667155 426.275757 73.073959 9.311715 422.186279
594 390 612 379 634 378 652 389 633 397 612 397 759 389 778 377 802 377 821 388 802 396 780 396 872 335 -36.594959 74.151253 20.461258 -0.009503 0.095093 -0.006156 25.970526 7.233748 416.186829 -7.083641 7.452824 419.338593 59.024693 7.014672 413.035065
617 394 636 383 659 383 678 393 658 400 636 401 785 394 804 383 827 383 846 393 826 401 805 400 587 534 27.523319 117.885384 25.771839 0.050410 0.056935 -0.007194 35.997860 8.871196 415.175873 2.847698 9.062223 417.070557 69.148026 8.680167 413.281158
603 404 620 395 641 395 659 404 641 410 621 411 765 404 784 395 806 394 824 404 805 410 785 410 849 793 -30.606520 176.300537 28.397383 0.025451 0.075591 -0.006982 29.272690 13.301167 426.441711 -3.836498 13.500820 428.951965 62.381878 13.101513 423.931458
604 397 622 387 643 387 661 396 643 402 623 403 767 397 786 387 808 387 826 396 807 403 787 402 1043 759 -74.065071 169.171570 26.506027 -0.013714 0.070843 -0.006562 29.991230 10.212021 424.886993 -3.129581 10.445859 427.235779 63.112041 9.978183 422.538208
636 400 655 389 678 389 697 401 677 407 655 407 805 403 823 392 846 392 864 403 845 410 824 409 303 553 91.086380 121.454514 28.017862 0.028666 0.070284 0.000932 43.823677 12.023988 417.614288 10.700851 11.959622 419.945343 76.946503 12.088353 415.283203
644 395 663 385 685 385 704 396 684 402 663 402 814 399 833 389 855 389 873 400 854 406 834 406 4 657 158.161346 143.956146 31.809422 0.069673 0.093807 0.011265 46.578724 10.297564 413.345367 13.521947 9.815969 416.440063 79.635506 10.779159 410.250702
608 403 626 393 648 393 666 403 647 410 627 410 773 406 792 395 815 396 834 406 814 413 793 412 815 636 -23.290216 141.185379 25.960562 0.042715 0.077666 0.008597 31.771458 13.368765 419.718079 -1.332049 13.028653 422.287476 64.874962 13.708877 417.148682
669 393 689 383 711 383 729 395 709 400 689 400 838 399 856 389 877 389 894 400 876 406 856 405 28 642 152.765152 140.665543 31.392076 -0.292376 0.030079 0.040888 57.399960 10.283267 423.460480 24.237610 9.090366 424.641663 90.562309 11.476167 422.279266
589 392 606 381 628 380 646 391 628 398 607 399 754 390 773 379 796 378 816 388 796 396 774 396 1104 389 -88.391663 86.749397 19.807484 -0.025910 0.129086 -0.014276 23.651817 7.742358 416.176636 -9.273372 8.270452 420.444275 56.577007 7.214264 411.908997
622 402 641 392 664 392 683 403 663 410 641 410 790 404 808 393 831 393 849 403 830 411 809 410 659 656 11.642318 145.279984 27.356754 0.033845 0.085012 -0.009029 38.024223 12.618415 417.181854 4.940664 12.870064 420.005768 71.107780 12.366767 414.357941
643 390 663 379 686 379 705 391 684 397 663 397 814 394 832 383 854 384 872 395 853 401 833 401 276 435 96.908684 95.058807 26.196159 -0.308661 0.044024 0.029683 47.290436 8.363939 421.082397 14.132049 7.618134 422.671326 80.448830 9.109744 419.493500
631 387 650 376 674 376 693 388 672 394 650 394 801 390 820 379 843 379 861 390 842 397 821 397 360 258 77.792686 55.759300 22.620485 -0.007275 0.040814 0.008004 41.869701 6.820423 413.060486 8.693605 6.559668 414.416260 75.045799 7.081179 411.704681
641 397 660 387 682 387 701 398 681 404 660 404 809 402 828 391 850 391 868 402 849 409 828 408 360 723 78.649139 159.524979 30.519766 -0.396235 0.058684 0.036046 45.861515 11.270577 422.403992 12.734392 10.486541 424.534424 78.988640 12.054614 420.273590
661 393 681 383 703 383 721 395 701 401 680 400 830 402 848 392 869 392 887 404 868 410 848 409 87 503 139.311401 109.786766 28.631237 -0.339714 0.040573 0.059041 54.144493 10.983243 423.514404 21.024031 9.288476 425.164368 87.264954 12.678011 421.864441
629 380 649 369 673 369 693 381 672 388 649 388 800 384 819 373 843 374 861 386 841 393 820 392 485 164 49.658257 35.078236 20.177137 -0.022497 0.015718 0.019263 41.575539 4.560887 412.187317 8.380987 3.927237 412.716309 74.770088 5.194536 411.658325
602 403 620 393 642 393 660 402 641 409 621 409 767 404 786 394 808 394 827 404 808 411 787 410 838 693 -28.330111 153.959366 26.773106 0.050989 0.080377 0.000092 29.342409 12.836653 419.946655 -3.755225 12.765598 422.611450 62.440044 12.907707 417.281860
613 383 633 372 657 372 676 384 656 391 633 391 784 385 804 373 827 374 846 385 826 393 804 392 625 181 18.372917 39.202473 19.517843 0.009971 0.031050 0.003656 34.976166 5.278533 409.075104 1.787579 5.152012 410.105347 68.164749 5.405053 408.044891
619 401 638 391 661 391 680 402 660 408 638 408 787 403 806 392 829 393 847 403 828 410 807 410 532 534 39.826290 117.755486 26.144302 0.063288 0.063539 0.000888 36.762363 12.349167 415.771698 3.624547 12.253017 417.877747 69.900177 12.445316 413.665619
647 382 667 370 690 370 709 381 689 388 667 389 816 382 833 371 855 371 872 383 854 390 834 389 147 259 125.440575 55.479385 24.079916 -0.214157 -0.023450 -0.000538 49.361092 4.280493 426.786041 16.165377 4.215163 426.011475 82.556801 4.345823 427.560577
614 403 632 392 654 392 672 402 653 408 632 409 778 403 797 393 819 393 837 403 818 410 798 409 681 707 6.815063 156.712692 28.074142 -0.399498 0.067002 0.014887 34.656750 12.863304 430.618652 1.529084 12.820754 432.880371 67.784416 12.905855 428.356903
660 395 680 385 702 384 721 395 701 401 680 401 828 396 845 386 866 387 883 397 865 403 846 402 38 740 150.708755 162.558060 32.989151 -0.364931 0.032133 0.018275 54.490532 9.975647 431.171631 21.308153 9.574853 432.324310 87.672913 10.376442 430.018951
604 388 622 375 645 374 664 386 645 393 623 394 771 385 790 373 813 373 832 385 813 392 791 392 834 92 -28.542294 19.835564 16.590584 -0.002759 0.049599 -0.016008 30.679838 5.932798 416.239594 -2.479889 6.466355 417.885040 63.839561 5.399242 414.594147
572 395 590 384 612 383 629 394 611 401 590 402 738 390 756 379 777 378 796 389 778 397 757 397 1231 433 -116.719299 96.868034 19.694895 0.002122 0.007394 -0.019670 17.044893 8.364618 417.598755 -16.152588 9.017447 417.844940 50.242374 7.711791 417.352570
644 388 664 377 688 377 707 388 687 395 665 395 814 390 833 379 855 379 872 391 854 398 833 397 299 344 91.596199 74.806297 24.494522 -0.184456 0.005348 0.009173 48.241276 7.117463 423.023804 15.038329 6.830947 423.228363 81.444221 7.403978 422.819244
572 395 590 383 612 382 629 393 611 400 591 401 738 388 755 376 777 376 796 387 777 395 757 395 1100 378 -87.517166 84.285278 19.647707 0.017876 0.007383 -0.024022 16.976456 7.796138 419.157257 -16.217873 8.591465 419.409485 50.170784 7.000812 418.905029
616 387 635 376 658 375 677 386 657 393 636 394 784 386 803 374 825 374 844 386 825 393 804 393 593 315 25.777815 69.029266 22.010900 0.041818 0.046919 -0.016343 35.905640 5.989978 418.148132 2.741797 6.499691 419.716309 69.069489 5.480265 416.579926
570 395 585 384 606 383 623 392 605 400 586 401 727 390 745 379 768 378 788 388 769 396 748 396 1209 425 -111.812851 95.030861 19.707977 -0.115585 0.181066 -0.023240 14.255656 8.308912 429.162872 -18.398029 9.420722 435.084045 46.909340 7.197103 423.241699
622 411 640 400 663 400 682 411 662 418 641 418 788 411 807 400 829 400 847 409 828 417 808 417 546 753 37.097988 166.658829 29.769800 0.082423 0.078612 -0.018062 37.621647 15.708059 419.066223 4.524731 16.199028 421.695404 70.718567 15.217092 416.437042
598 405 615 394 637 394 655 404 636 410 616 411 762 404 780 394 802 393 821 403 802 410 781 410 833 669 -27.255861 148.591904 26.399260 -0.404102 0.064648 0.003354 27.650719 13.201646 426.675873 -5.485486 13.521069 428.785248 60.786926 12.882223 424.566498
613 389 632 377 656 377 675 388 655 395 633 396 782 389 800 377 824 378 842 389 823 396 801 395 572 291 30.431108 63.624020 21.745409 0.046824 0.049810 -0.008432 34.738880 6.916300 416.028656 1.576422 7.157359 417.687836 67.901337 6.675242 414.369476
661 376 681 365 704 364 723 375 703 382 681 383 828 377 844 367 866 367 882 379 865 385 846 384 24 251 152.939758 53.403667 24.776974 -0.271768 -0.067997 0.004197 54.903072 2.346443 430.047638 21.774813 1.904107 427.838043 88.031334 2.788779 432.257233
589 407 606 397 627 396 645 405 627 412 607 413 751 404 769 394 791 393 810 402 791 410 771 410 790 705 -17.570869 156.523819 27.302015 0.064014 0.068041 -0.023178 23.325026 13.574293 424.853333 -9.794071 14.270477 427.133789 56.444122 12.878109 422.572906
662 384 682 373 705 372 723 383 703 390 682 390 829 386 846 375 866 376 882 387 866 393 847 392 16 325 154.865570 69.898018 26.088240 -0.212388 -0.101842 0.005252 54.779251 5.682138 425.395935 21.746296 5.151900 422.063904 87.812202 6.212376 428.727966
583 404 599 394 619 393 637 401 619 408 600 410 743 399 761 390 783 389 803 397 784 405 763 405 973 699 -58.517258 155.617126 25.960808 -0.055913 0.106052 -0.030159 20.423077 11.979335 427.186615 -12.580162 13.076537 430.671143 53.426315 10.882133 423.702087
596 386 614 375 637 374 655 385 636 392 615 393 762 386 781 374 805 374 824 385 804 393 783 392 818 281 -24.615139 61.973503 19.909613 -0.337640 0.068922 0.004677 27.612385 5.680436 421.734467 -5.513979 5.910729 424.003937 60.738750 5.450142 419.464996
655 375 675 364 698 363 718 374 697 381 675 382 823 375 840 364 862 364 880 375 862 382 842 381 192 125 115.127701 25.683298 21.498821 -0.379289 -0.000372 0.002385 51.511826 1.527753 420.571472 18.307108 1.448142 420.574249 84.716545 1.607364 420.568695
619 408 638 398 660 398 679 408 660 414 638 415 787 409 806 398 828 398 846 408 827 415 806 415 560 692 33.853970 153.079636 28.638742 -0.479255 0.064862 0.015029 37.210339 14.872794 424.666351 4.077699 14.899123 426.854309 70.342979 14.846466 422.478394
599 390 617 378 640 378 659 389 640 397 618 397 767 390 787 378 810 378 830 389 810 397 788 397 821 240 -25.361727 52.831356 19.192801 0.079139 0.066029 -0.007304 28.551155 7.246531 410.153931 -4.580453 7.401937 412.352112 61.682766 7.091124 407.955780
