582 279 596 271 614 272 628 282 613 286 597 285 717 284 732 275 750 275 765 283 749 289 732 289 269 387 122.374344 73.681030 51.916454 -0.006850 0.287616 0.041516 22.062836 -38.147137 493.287994 -9.749804 -39.473850 502.709015 53.875477 -36.820423 483.867004
583 286 598 278 616 278 630 287 615 291 598 291 715 289 731 281 749 281 764 290 748 295 731 294 494 676 77.703018 131.108322 55.864220 -0.020831 0.263166 0.033916 22.789537 -36.063797 504.325195 -9.253242 -37.086227 512.972412 54.832317 -35.041363 495.677979
583 282 598 274 616 275 630 285 615 289 598 289 718 286 733 277 752 277 767 285 751 292 734 291 598 331 56.943291 62.857327 48.831100 0.002065 0.305536 0.032080 22.678514 -36.558994 490.499603 -8.971626 -37.617908 500.484955 54.328655 -35.500080 480.514282
584 288 599 279 617 279 632 289 616 293 599 293 717 290 732 281 751 282 766 291 750 296 733 295 864 506 4.092972 97.737534 50.413563 -0.009096 0.274475 0.028671 23.228704 -35.039974 499.317352 -8.719709 -35.938736 508.320160 55.177120 -34.141209 490.314545
585 289 600 281 618 281 632 290 617 294 600 294 718 291 734 283 752 284 767 292 751 297 734 296 738 599 29.168365 116.055679 52.919533 -0.011217 0.273074 0.030289 23.729258 -34.425293 499.671448 -8.230171 -35.367870 508.630585 55.688690 -33.482716 490.712341
579 294 593 286 611 287 625 296 610 300 594 300 714 296 728 287 746 287 761 294 746 301 729 301 1387 584 -99.881569 113.614204 48.600204 0.019946 0.283346 0.010788 20.697426 -31.890068 493.693970 -11.181492 -32.336685 502.972687 52.576344 -31.443451 484.415253
584 289 598 281 617 281 631 291 615 296 599 295 719 293 735 283 753 284 769 292 753 298 736 298 542 317 68.075005 60.038574 48.920723 0.001613 0.287960 0.030898 23.240168 -33.556778 490.289124 -8.581814 -34.576115 499.716858 55.062149 -32.537441 480.861389
583 294 597 287 615 287 629 296 614 300 598 300 718 297 733 289 751 289 766 296 751 302 734 302 814 832 14.110966 162.269180 56.758732 0.005203 0.241170 0.022894 22.927313 -31.772236 496.887512 -9.307913 -32.545734 504.815399 55.162540 -30.998735 488.959625
583 298 598 290 616 290 631 299 615 303 598 303 716 300 732 291 751 292 766 300 750 305 733 305 877 592 1.528129 114.782593 51.924339 -0.014265 0.278499 0.022106 22.942356 -30.165573 497.226990 -8.975062 -30.824541 506.359558 54.859776 -29.506605 488.094452
581 291 595 283 614 284 628 294 612 298 596 297 717 295 732 285 751 285 766 293 750 299 733 299 801 92 16.523243 15.683070 43.143356 0.008592 0.309443 0.022406 21.639795 -32.300968 485.344513 -9.979708 -33.076862 495.452179 53.259300 -31.525078 475.236877
580 298 594 290 613 289 628 298 612 303 595 303 713 299 729 290 748 290 763 299 747 304 729 303 945 461 -12.023475 88.890266 49.076244 -0.008940 0.281266 0.014735 21.316637 -30.488018 496.407379 -10.579841 -30.929373 505.625824 53.213116 -30.046665 487.188934
577 300 592 291 610 291 625 300 609 304 593 305 711 300 726 291 745 292 760 300 744 305 727 305 1170 631 -56.722565 122.746635 50.821491 -0.001089 0.275887 0.009769 20.123085 -29.879835 497.866882 -11.824487 -30.195152 506.911896 52.070660 -29.564518 488.821838
574 288 588 280 606 280 621 289 605 294 589 294 708 289 723 280 742 280 757 289 741 295 724 295 977 54 -18.481264 8.299853 41.343975 0.001185 0.299707 0.017837 18.169207 -34.669415 491.749298 -13.550237 -35.258682 501.551819 49.888649 -34.080143 481.946808
573 294 587 285 606 285 621 294 605 299 588 299 706 295 721 286 740 286 755 295 739 300 722 300 1176 299 -57.993050 56.990631 44.639286 -0.001777 0.304865 0.018076 17.660921 -32.213860 493.897888 -14.007389 -32.795845 503.864777 49.329231 -31.631870 483.931000
577 285 592 276 610 276 625 285 609 290 592 290 710 284 726 275 745 275 761 284 744 290 727 289 695 72 37.595501 11.635063 43.433308 -0.007286 0.299359 0.010688 19.832323 -36.881290 493.490906 -11.893872 -37.194954 503.284241 51.558521 -36.567623 483.697540
591 302 607 293 625 292 641 301 625 306 607 306 725 300 740 291 759 291 774 299 758 305 741 305 91 493 157.792389 94.531715 54.986870 -0.021968 0.264935 -0.001451 27.302216 -29.652021 501.070251 -4.744074 -29.508341 509.763580 59.348507 -29.795702 492.376892
585 301 600 294 618 294 633 302 617 307 601 307 720 303 735 294 754 294 769 302 753 307 736 307 595 770 57.642216 149.809799 56.975040 0.001957 0.238448 0.007201 24.323355 -28.833208 498.455872 -7.941101 -29.077757 506.298370 56.587807 -28.588661 490.613373
585 303 600 295 619 294 635 304 618 308 601 309 720 303 735 294 755 294 770 303 754 308 736 308 409 533 94.570961 102.714233 53.746841 -0.025943 0.266742 0.009255 24.374996 -28.136150 496.341553 -7.654184 -28.325596 505.096863 56.404179 -27.946705 487.586273
582 300 597 292 616 292 631 302 615 306 598 306 718 302 734 292 752 292 768 300 752 307 734 307 964 368 -15.823109 70.484795 47.236622 0.021373 0.305544 0.005856 22.738834 -28.678726 488.315582 -8.927540 -28.977720 498.301147 54.405209 -28.379730 478.330048
585 301 600 294 618 294 633 304 617 308 600 308 720 305 736 295 754 295 769 303 753 309 736 309 155 804 145.139252 156.185272 60.344467 0.007452 0.249553 0.014814 24.147741 -28.113951 495.973938 -8.024880 -28.631453 504.172363 56.320366 -27.596447 487.775513
568 263 581 255 598 256 611 266 597 270 581 269 694 267 708 258 725 258 739 267 725 273 709 272 916 1 -6.364457 -2.247904 40.742905 0.007665 0.298924 0.039481 13.380463 -48.226707 518.977356 -18.326359 -49.555626 528.748291 45.087284 -46.897789 509.206451
591 287 606 281 623 282 636 291 621 295 605 294 721 296 736 288 753 288 767 296 752 301 736 301 299 836 116.513924 162.641190 60.039970 -0.014653 0.241934 0.063429 26.134962 -34.452087 515.864929 -6.036707 -36.477718 523.829895 58.306633 -32.426456 507.900024
595 291 610 284 627 285 642 294 626 298 610 297 724 298 740 291 757 292 772 300 756 305 739 304 301 603 116.061890 116.491348 55.715019 -0.025351 0.266005 0.062776 28.169626 -32.771954 515.141602 -3.802763 -34.719090 523.890015 60.142017 -30.824814 506.393219
585 275 600 267 617 268 631 279 616 282 600 282 716 283 730 274 748 274 762 283 747 289 731 288 918 159 -6.725276 29.049580 43.654804 0.008629 0.277629 0.061354 23.169653 -40.340271 509.474640 -8.702013 -42.389675 518.560730 55.041317 -38.290871 500.388580
580 291 594 283 612 283 627 293 611 296 595 296 708 296 724 287 742 288 756 298 741 302 724 301 1336 515 -89.756882 99.905411 47.640720 -0.006864 0.275185 0.047880 20.567671 -33.659309 513.495483 -11.350238 -35.197399 522.519958 52.485580 -32.121223 504.471008
592 298 607 290 625 291 639 300 623 304 607 304 722 303 738 295 756 296 771 305 755 310 738 309 25 798 170.986908 154.890732 61.042999 -0.037216 0.263520 0.054539 26.892122 -29.798502 510.953552 -5.117769 -31.425440 519.629944 58.902012 -28.171562 502.277161
591 284 606 275 625 276 639 286 623 289 606 289 722 290 738 281 756 283 771 292 755 296 738 295 670 5 42.550842 -1.656364 42.348923 -0.012753 0.289736 0.061129 26.512930 -36.206654 505.682312 -5.246747 -38.145950 515.175537 58.272606 -34.267357 496.189056
594 292 609 285 627 286 641 295 625 298 609 298 725 299 740 291 758 292 772 301 757 305 740 304 483 722 79.900978 140.210800 56.784119 -0.024313 0.272038 0.061905 27.867804 -32.156799 510.302551 -4.053154 -34.076481 519.242737 59.788761 -30.237116 501.362366
594 295 609 287 627 288 642 297 626 301 609 300 725 301 740 293 759 294 773 304 757 308 740 306 434 646 89.626350 125.117111 55.682621 -0.027863 0.249667 0.059221 28.102203 -31.008368 510.346802 -4.015546 -32.838173 518.572449 60.219952 -29.178562 502.121124
586 301 601 293 618 293 633 302 617 306 601 306 717 305 732 296 750 297 765 306 750 310 733 310 1199 663 -62.481430 129.108704 51.233166 -0.014147 0.277086 0.035200 23.897038 -28.604618 505.638763 -8.020946 -29.693583 514.728088 55.815022 -27.515654 496.549438
584 300 599 291 616 292 631 301 616 305 599 305 715 303 731 295 749 295 765 304 749 309 731 308 1419 410 -106.285004 79.175270 45.180435 -0.003446 0.293630 0.033812 22.881372 -29.013214 500.801697 -8.883552 -30.102982 510.412201 54.646297 -27.923447 491.191223
626 275 641 268 659 268 673 277 657 281 641 280 752 282 767 274 784 276 797 285 782 289 766 287 263 421 123.575310 80.410683 52.583111 0.041260 -0.171789 0.054746 44.844002 -42.280682 532.222046 12.177377 -43.970833 526.512878 77.510628 -40.590527 537.931213
624 277 639 269 656 269 670 279 655 283 638 282 750 283 765 275 782 277 795 286 781 290 765 288 382 257 99.875229 48.023499 48.806622 0.011124 0.285945 0.062493 42.641632 -41.229595 529.652832 10.849006 -43.327541 539.000977 74.434258 -39.131649 520.304749
607 279 621 271 639 272 653 281 637 285 621 285 733 285 748 277 765 278 779 287 764 291 748 290 1129 257 -48.657417 48.633125 44.154621 0.004880 0.324190 0.058852 33.535042 -39.983242 523.963196 2.116386 -41.928268 534.529419 64.953705 -38.038216 513.397034
602 283 616 275 633 275 647 284 632 289 616 288 728 287 743 279 761 280 774 289 760 294 743 293 827 476 11.443012 91.765091 50.088726 0.002209 0.304616 0.049261 31.060453 -38.486004 523.593689 -0.576020 -40.106953 533.546875 62.696926 -36.865055 513.640503
610 293 624 285 642 285 657 294 641 298 625 298 738 296 752 287 770 288 784 296 769 301 753 300 131 660 149.877792 127.642883 57.828697 -0.007198 0.275377 0.031203 35.707642 -33.996532 524.454163 3.769852 -34.986713 533.485046 67.645432 -33.006348 515.423340
613 287 629 279 647 279 661 288 645 292 629 292 742 290 757 282 774 282 788 291 773 296 757 295 242 169 127.692139 30.478645 48.049732 0.011678 0.332525 0.035905 37.201206 -36.237682 517.192688 5.836304 -37.471649 528.022278 68.566109 -35.003719 506.363129
604 284 619 276 637 277 651 287 635 291 619 290 735 290 749 281 767 281 781 290 766 295 750 295 588 182 58.896919 33.335991 46.135601 0.015220 0.312863 0.043656 32.582516 -36.648903 510.890503 1.020683 -38.152859 521.095825 64.144348 -35.144951 500.685181
610 288 625 280 642 281 657 289 641 293 625 293 738 292 753 284 771 285 785 293 770 298 753 297 249 567 126.393112 109.318207 55.372543 -0.006159 0.272009 0.040163 35.811817 -35.941833 522.916138 3.854284 -37.231068 531.838806 67.769348 -34.652603 513.993530
596 293 610 285 627 285 641 293 626 298 610 298 722 295 737 286 755 287 769 295 754 300 738 299 1285 485 -79.623093 93.921539 47.403072 0.007356 0.320250 0.023067 27.902208 -34.089275 518.930420 -3.605693 -34.880890 529.379578 59.410110 -33.297661 508.481262
602 264 615 257 631 258 643 265 629 269 615 269 718 270 731 264 745 265 757 273 744 277 730 275 144 609 147.280991 117.551666 56.803799 0.046644 -0.180940 0.055833 31.231703 -53.019314 584.151001 -1.379686 -54.721836 578.137817 63.843090 -51.316792 590.164185
571 283 584 275 599 275 613 283 599 287 584 287 689 283 703 276 719 277 733 284 719 289 703 288 1142 676 -51.144581 131.637161 51.828751 -0.007624 0.271403 0.023989 13.685461 -42.407284 556.925171 -18.294483 -43.159851 565.828918 45.665405 -41.654716 548.021423
580 287 593 280 610 280 623 288 609 292 594 292 700 290 714 282 731 283 744 291 730 295 714 295 140 844 148.131165 164.096024 61.178223 -0.017266 0.292713 0.038073 18.895603 -38.619411 549.210938 -12.873148 -39.781982 558.800232 50.664352 -37.456841 539.621643
580 288 593 281 609 281 623 289 609 293 593 293 701 291 715 283 731 284 745 292 730 296 715 295 917 752 -6.388102 146.507233 54.636608 0.004507 0.314557 0.033168 18.737337 -37.777981 543.255798 -12.820271 -38.884373 553.524841 50.294945 -36.671589 532.986755
576 282 590 274 606 275 619 284 605 288 590 288 700 286 714 277 731 277 745 285 731 291 715 291 1082 17 -39.367977 1.056769 40.005264 0.032052 0.373534 0.034404 16.961027 -39.124603 521.928040 -13.935101 -40.436619 534.022156 47.857155 -37.812588 509.833923
585 288 599 280 616 280 630 289 615 293 599 293 708 291 723 283 740 284 754 293 739 297 723 296 336 413 109.058205 78.885658 51.980427 -0.000415 0.343887 0.044573 21.815321 -36.858559 530.738403 -9.413059 -38.306778 541.929932 53.043701 -35.410343 519.546875
584 288 598 280 615 280 628 289 614 293 598 293 707 291 721 283 739 284 753 292 738 297 722 296 593 427 57.959881 81.868446 50.639061 0.005348 0.345383 0.040470 21.197638 -36.866467 530.591248 -10.019652 -38.213703 541.826294 52.414928 -35.519230 519.356262
585 291 599 283 616 283 630 292 615 296 599 296 708 294 723 286 741 287 755 295 740 300 723 299 351 487 106.092888 93.555450 53.256649 -0.005691 0.334473 0.042800 21.889143 -35.340363 529.590088 -9.445736 -36.703449 540.490845 53.224022 -33.977276 518.689270
582 293 596 285 612 286 626 294 612 298 596 298 706 296 720 288 737 289 751 297 737 301 720 301 870 670 2.938197 130.226730 53.411602 0.009027 0.332549 0.033651 20.438196 -34.375443 530.829041 -10.928988 -35.521481 541.661682 51.805382 -33.229408 519.996399
577 290 591 282 608 282 622 291 607 296 591 296 701 293 716 284 734 285 748 293 733 298 717 297 1108 72 -44.524960 11.972113 40.861317 0.013408 0.343121 0.028343 18.035128 -35.427860 523.228638 -13.221102 -36.426117 534.391541 49.291359 -34.429604 512.065674
582 293 596 286 613 286 627 295 612 299 596 299 707 297 722 289 739 289 753 298 738 302 722 302 296 664 117.070312 128.569839 56.875179 -0.001941 0.325530 0.037422 20.668329 -33.751469 526.560120 -10.769778 -34.961548 537.178101 52.106438 -32.541389 515.942200
582 290 596 282 613 283 627 292 612 296 596 296 708 294 723 285 741 286 755 295 740 300 723 299 8 40 174.190353 4.736003 47.119381 -0.008395 0.358429 0.043325 20.652817 -34.567013 516.965393 -10.411316 -35.925144 528.615906 51.716949 -33.208878 505.314850
574 296 588 288 605 288 619 297 604 301 588 301 699 297 714 289 732 289 746 298 731 303 714 302 965 502 -15.990688 97.027664 49.710541 0.008574 0.310452 0.023431 16.901083 -33.124611 525.579590 -14.707438 -33.933952 535.718933 48.509602 -32.315273 515.440247
576 295 590 287 607 287 621 296 607 301 590 301 701 298 716 289 734 290 748 298 733 303 717 303 757 300 25.320677 56.846764 47.267151 0.004345 0.345188 0.029416 17.672348 -32.772388 520.042114 -13.559696 -33.754379 531.273926 48.904392 -31.790401 508.810242
579 297 592 289 609 290 623 299 609 303 593 303 703 300 718 292 735 292 749 301 734 306 718 305 393 643 97.778046 124.489426 55.882423 -0.006368 0.350558 0.034833 18.698446 -31.812210 523.601929 -12.467164 -32.908371 535.006409 49.864056 -30.716049 512.197388
579 298 592 290 610 290 623 299 609 303 593 303 703 300 718 292 735 292 750 301 735 306 718 305 716 698 33.565918 135.647156 54.888885 -0.000686 0.334095 0.029547 18.866814 -31.825197 525.890625 -12.487796 -32.784233 536.777710 50.221420 -30.866163 515.003540
578 297 592 289 609 289 623 298 608 302 593 302 702 299 717 291 735 291 749 300 734 305 718 304 564 804 63.814156 156.519058 57.797386 -0.006321 0.329322 0.031696 18.710930 -32.472618 527.594299 -12.693141 -33.471733 538.334167 50.115002 -31.473507 516.854370
571 289 584 281 601 281 615 290 601 294 585 295 695 291 709 282 727 282 742 291 727 296 710 295 1328 249 -88.228226 47.210930 42.767265 0.013885 0.358159 0.022774 14.585309 -36.133049 520.307129 -16.504057 -36.954788 531.940491 45.674675 -35.311310 508.673706
580 290 593 282 610 283 624 292 609 296 593 296 705 294 720 285 737 286 752 294 737 300 720 299 132 446 149.629044 85.255653 53.861637 0.003854 0.358828 0.041344 19.161747 -34.788364 518.371155 -11.900450 -36.154232 530.025940 50.223942 -33.422497 506.716339
576 294 590 285 608 285 622 295 607 299 591 299 701 296 716 287 734 287 749 296 733 301 717 300 960 402 -15.019822 77.216080 47.890823 0.007327 0.358896 0.025140 17.718805 -33.608662 518.557800 -13.360104 -34.468723 530.216370 48.797714 -32.748596 506.899292
567 281 577 274 590 274 601 280 590 284 578 285 664 281 675 275 688 275 699 283 688 286 676 285 1020 586 -26.907230 113.710846 50.922745 -0.101253 0.092768 0.022123 5.184278 -55.142849 704.081909 -27.869774 -55.719383 707.189453 38.238331 -54.566315 700.974365
547 288 557 280 571 280 582 287 570 291 558 292 645 287 656 280 670 280 682 287 670 292 657 291 1316 21 -85.895348 2.040036 38.622044 -0.024659 0.229125 0.014001 -7.542348 -48.938869 675.488342 -39.876190 -49.306255 683.034668 24.791494 -48.571480 667.941956
559 301 570 294 583 294 595 300 583 304 570 305 658 299 669 292 683 292 694 299 683 303 670 303 602 560 56.201355 108.219765 53.044651 0.007556 0.236478 -0.006428 0.656040 -40.431522 669.949646 -31.623978 -40.249603 677.729553 32.936058 -40.613441 662.169739
494 292 504 285 517 285 527 291 517 296 505 296 595 291 605 285 619 285 630 292 619 296 606 296 1387 184 -99.974876 34.384205 41.196781 -0.087078 0.129581 0.013065 -41.241543 -46.182781 674.395447 -74.165321 -46.427864 678.699463 -8.317761 -45.937695 670.091492
488 328 500 320 514 320 527 327 514 331 500 332 594 324 605 317 619 316 631 323 619 328 606 328 213 627 133.565308 121.173332 56.707253 0.018092 -0.345895 -0.031055 -38.702534 -22.433144 628.789734 -69.925064 -21.319782 617.543640 -7.480002 -23.546507 640.035767
480 336 492 328 506 328 518 335 506 340 492 341 587 333 599 325 614 325 626 332 614 337 600 338 1272 714 -76.984772 139.270111 51.722492 0.013953 -0.500965 -0.020524 -39.608311 -15.928248 585.165833 -68.726257 -15.161335 569.224792 -10.490364 -16.695162 601.106873
480 333 492 325 507 324 519 332 506 337 493 338 587 330 599 322 614 322 627 329 615 334 600 334 1409 429 -104.292183 82.930534 45.594372 0.012749 0.414301 -0.025437 -40.272736 -17.453707 575.225037 -70.657944 -16.719570 588.595154 -9.887525 -18.187845 561.854980
525 319 536 313 549 312 560 319 549 323 536 324 626 319 637 313 650 313 661 320 650 324 637 324 1296 632 -81.776031 123.047539 50.055328 0.024199 0.440514 0.005599 -19.682289 -25.755762 618.869568 -49.716774 -26.109821 633.024536 10.352199 -25.401705 604.714600
527 318 538 312 552 312 563 319 551 323 538 323 628 321 639 314 653 315 663 321 652 326 640 325 680 563 40.692623 108.877647 52.614426 0.030879 -0.306784 0.023036 -18.224350 -26.916994 656.316772 -49.870274 -27.513741 646.279846 13.421576 -26.320248 666.353638
526 319 538 312 552 313 563 320 551 323 538 323 627 322 639 315 652 316 663 323 652 327 639 326 824 701 12.092017 136.329514 54.271835 0.017506 -0.281427 0.034617 -18.587160 -26.478933 660.852478 -50.466099 -27.531727 651.622925 13.291778 -25.426140 670.082031
523 316 535 310 549 310 560 318 548 321 535 321 625 320 637 313 651 314 662 322 650 326 637 325 1254 147 -73.537941 26.946888 41.340233 -0.003667 0.273115 0.043275 -20.332123 -27.029440 643.527771 -52.275513 -28.431616 652.483948 11.611266 -25.627264 634.571594
523 318 534 311 548 312 560 319 547 323 534 324 625 321 637 313 651 314 662 322 650 326 637 325 591 562 58.389050 108.606941 53.150169 0.036740 -0.483439 0.022847 -18.281538 -24.920555 608.961304 -47.673233 -25.360620 593.518066 11.110159 -24.480492 624.404541
522 320 533 313 547 313 558 320 546 324 533 324 623 322 635 315 649 316 659 323 648 327 635 326 923 435 -7.655085 83.722359 48.732029 0.020786 -0.300573 0.025181 -21.012308 -25.799837 651.107361 -52.718128 -26.520340 641.269592 10.693515 -25.079332 660.945068
516 317 528 310 542 310 553 318 541 322 528 322 618 319 630 312 643 312 655 319 643 324 630 323 1187 186 -60.206638 34.617134 42.479317 0.040995 -0.362029 0.017464 -23.727133 -27.297321 641.177429 -54.774967 -27.620750 629.409363 7.320702 -26.973892 652.945435
518 319 529 312 543 312 554 319 542 323 529 324 620 321 631 314 645 315 657 322 645 326 632 325 1261 407 -74.869156 78.452103 46.108868 -0.017665 0.243016 0.024330 -23.947422 -26.260464 646.548096 -56.166866 -26.989382 654.544067 8.272020 -25.531544 638.552124
522 326 534 319 548 319 559 326 547 330 534 330 624 327 635 320 649 320 660 327 648 331 636 331 607 842 55.272945 164.080994 58.232925 0.012345 -0.297158 0.008860 -20.694712 -22.694757 653.731323 -52.442978 -22.924187 644.007446 11.053553 -22.465326 663.455261
513 323 524 315 538 316 550 323 537 327 524 327 615 324 627 316 641 317 653 324 641 328 627 328 1250 293 -72.708527 55.862576 44.067394 0.023498 -0.263144 0.013734 -26.004515 -24.373480 647.599182 -58.063271 -24.722139 638.957764 6.054241 -24.024820 656.240601
522 322 534 315 548 315 559 322 547 326 534 326 626 323 638 316 652 316 664 323 652 327 639 327 374 164 101.444244 29.595997 47.135147 -0.020804 0.228737 0.011651 -20.004669 -24.690329 636.701538 -52.342411 -24.995148 644.233887 12.333074 -24.385511 629.169128
516 322 528 315 542 315 554 323 541 327 528 327 619 323 631 316 646 316 657 323 645 328 632 327 1261 72 -74.947311 12.096975 39.908497 -0.002834 0.280864 0.009784 -23.789818 -24.295664 633.322632 -55.691975 -24.603146 642.526855 8.112340 -23.988182 624.118408
460 330 471 322 485 321 496 328 485 333 472 334 563 324 574 316 589 315 601 322 589 327 576 327 1080 322 -38.899151 61.468014 45.662830 -0.046614 0.200751 -0.048173 -58.997089 -22.876715 643.505615 -91.496918 -21.134283 650.084717 -26.497257 -24.619146 636.926514
567 289 581 281 599 282 613 291 597 295 581 295 692 295 707 287 724 289 737 298 723 302 707 301 797 175 17.337961 32.120029 44.704475 -0.009134 0.232634 0.059985 13.603294 -35.436890 535.652405 -18.647890 -37.374439 543.311829 45.854481 -33.499340 527.992981
565 295 579 288 596 288 610 297 595 301 579 301 691 300 705 293 722 294 735 303 721 307 705 305 736 679 29.584707 131.900055 54.412674 -0.023550 0.224563 0.052742 12.597166 -32.843777 535.998474 -19.728182 -34.492008 543.408936 44.922516 -31.195545 528.588013
564 297 578 290 595 290 608 298 594 302 578 302 689 302 704 295 720 296 734 305 719 308 704 307 1344 695 -91.305603 135.565445 50.922443 -0.013881 0.226037 0.051723 11.846381 -31.809576 534.919067 -20.469761 -33.459778 542.369080 44.162525 -30.159374 527.468994
561 298 575 290 592 291 606 299 591 303 575 303 687 303 701 295 719 296 733 306 718 310 701 308 604 423 55.771721 81.085121 50.496521 -0.014070 0.252417 0.052024 10.433679 -30.987940 528.576233 -21.674498 -32.637627 536.877075 42.541855 -29.338255 520.275452
561 299 575 291 593 292 607 300 591 304 575 304 687 303 702 296 719 298 733 306 718 310 702 309 708 427 35.093407 81.962296 49.922890 -0.011360 0.254940 0.051172 10.645890 -30.616629 529.059021 -21.442707 -32.248867 537.438599 42.734489 -28.984390 520.679443
563 300 577 292 595 293 609 302 593 306 577 306 690 306 705 298 722 299 736 309 721 313 705 311 291 254 117.968864 47.355011 49.317806 -0.018577 0.274423 0.058209 11.644622 -29.351917 522.876038 -20.262230 -31.175293 531.886414 43.551472 -27.528542 513.865601
554 305 568 298 584 298 598 306 583 310 568 310 680 308 695 301 712 302 726 310 711 314 695 313 940 606 -10.995455 117.607056 51.791122 -0.023568 0.251084 0.037932 6.791164 -27.857876 526.183655 -25.348883 -29.006094 534.445496 38.931213 -26.709658 517.921753
556 308 570 301 587 301 601 309 586 313 570 313 682 312 697 305 714 306 728 315 713 318 697 317 691 714 38.540623 138.795944 55.340714 -0.028302 0.243348 0.046409 8.038402 -26.246092 528.796692 -24.152754 -27.657423 536.815247 40.229557 -24.834759 520.778076
555 303 570 295 588 295 602 304 586 308 570 308 683 308 699 300 716 301 731 310 715 315 699 313 207 118 134.639603 20.348257 47.323761 -0.025475 0.288077 0.053924 8.236393 -27.858318 516.134399 -23.552589 -29.502180 525.585205 40.025375 -26.214458 506.683563
553 307 568 299 585 299 599 308 584 312 568 312 680 311 695 303 713 305 727 313 712 318 696 316 665 498 43.660042 95.990532 51.504784 -0.019032 0.261682 0.043981 6.969352 -26.356016 521.891235 -25.073332 -27.717028 530.492004 39.012035 -24.995005 513.290405
552 308 566 300 584 301 598 309 583 313 567 313 679 312 694 305 711 306 725 314 710 318 694 317 416 665 93.209885 128.865845 56.146378 -0.024983 0.251020 0.045141 6.342052 -26.099045 524.791504 -25.788694 -27.478041 533.054260 38.472797 -24.720049 516.528748
545 313 560 305 577 305 591 313 576 317 560 317 673 315 688 307 705 308 719 317 704 321 688 320 1164 590 -55.539097 114.620667 50.100006 -0.013515 0.261210 0.028181 3.026693 -24.175135 521.695496 -29.038734 -25.041861 530.275513 35.092121 -23.308407 513.115479
547 311 562 304 579 304 593 312 578 316 562 316 675 314 690 307 707 308 722 317 706 320 690 319 60 673 163.998398 130.159912 58.511463 -0.038552 0.260206 0.042875 4.043765 -24.681358 521.720276 -28.013248 -25.922649 530.285706 36.100777 -23.440069 513.154785
547 309 561 301 579 301 593 310 578 315 561 315 675 313 690 305 708 306 723 315 708 319 691 318 630 69 50.519325 10.987792 43.782574 -0.017283 0.300507 0.040357 4.065539 -24.827524 511.347046 -27.624660 -26.061497 521.184143 35.755737 -23.593550 501.509949
548 315 562 308 579 308 593 316 578 320 562 320 676 319 691 312 708 313 722 321 707 325 691 323 400 794 96.421402 154.404465 58.633625 -0.038370 0.252368 0.041242 4.367015 -22.452871 520.614380 -27.758196 -23.647215 528.927246 36.492226 -21.258526 512.301514
540 312 554 304 572 303 586 312 571 316 555 316 668 314 683 306 701 307 716 316 701 320 684 319 917 438 -6.461352 84.311691 48.824917 -0.021994 0.261349 0.032478 0.744507 -24.379358 515.624023 -31.315481 -25.350401 524.213196 32.804493 -23.408316 507.034851
542 315 556 307 574 307 588 315 573 319 557 320 670 317 685 310 703 311 717 319 702 323 686 322 1128 515 -48.398392 99.735664 48.936058 -0.019393 0.265288 0.029880 1.652996 -22.839088 517.315186 -30.375605 -23.734522 526.028748 33.681595 -21.943655 508.601593
548 312 562 305 580 305 594 313 579 317 562 317 676 316 691 308 709 310 723 318 708 322 691 321 45 629 166.970703 121.432373 57.790501 -0.029556 0.253767 0.040349 4.590340 -23.770081 518.539246 -27.524384 -24.971127 526.891602 36.705063 -22.569033 510.186920
542 315 556 308 573 307 587 315 572 319 557 320 670 317 684 310 702 311 716 319 701 322 685 322 1420 673 -106.422485 131.269806 50.041958 -0.014104 0.277570 0.024558 1.337718 -22.880276 517.179443 -30.586290 -23.620598 526.282654 33.261726 -22.139952 508.076172
542 315 556 307 574 307 589 316 573 320 557 320 670 318 686 310 704 311 718 319 703 324 686 323 1175 483 -57.751286 93.435616 48.051086 -0.011225 0.261664 0.028237 1.842582 -22.519312 514.758728 -30.218897 -23.397623 523.352356 33.904060 -21.641003 506.165161
