524 322 539 312 558 312 574 322 558 328 540 328 661 320 677 309 696 309 713 318 696 325 678 325 461 241 47.284016 54.412048 18.371586 -0.496378 0.040897 -0.012050 -6.047781 -14.039145 506.562683 -39.223034 -13.325255 507.767883 27.127474 -14.753036 505.357452
525 324 540 315 559 315 575 325 558 330 541 331 663 323 679 313 698 313 714 322 698 328 680 328 16 470 135.816589 99.895950 20.764849 -0.508821 0.043805 -0.003628 -5.404147 -12.422606 504.635986 -38.577576 -11.945232 505.998108 27.769281 -12.899979 503.273865
522 328 537 318 556 317 572 327 556 333 538 334 657 324 672 314 692 313 709 322 692 329 674 329 837 422 -27.437664 89.988297 24.906698 -0.503531 0.041089 -0.022086 -7.566437 -11.755263 514.225342 -40.735886 -10.716519 515.351562 25.603012 -12.794007 513.099121
535 346 551 337 571 337 587 346 570 351 552 352 674 341 689 331 707 330 723 338 708 345 690 346 696 137 0.534629 33.738701 17.494644 -0.607625 0.031100 -0.037109 -0.272735 -2.907670 503.532135 -33.439816 -1.446218 504.139130 32.894348 -4.369123 502.925140
528 350 544 341 563 340 580 349 563 354 545 355 666 344 681 333 699 332 715 340 699 347 682 347 1880 375 -234.833069 80.164200 30.487942 -0.603475 0.012224 -0.051089 -3.967708 -1.630082 506.103699 -37.128090 0.083247 505.988831 29.192675 -3.343411 506.218567
526 351 542 341 561 340 578 350 561 355 543 356 664 344 678 334 697 333 713 341 697 347 680 348 1814 266 -221.734222 58.657398 27.576117 -0.592745 0.012250 -0.052446 -4.947428 -1.386372 507.419128 -38.105488 0.371120 507.301239 28.210632 -3.143864 507.537048
534 351 549 342 568 342 584 350 568 356 550 356 670 347 685 337 704 336 720 343 704 350 686 351 21 543 134.838669 114.319725 22.464830 -0.589135 0.041168 -0.029584 -1.631261 -0.636117 512.429138 -34.794636 0.681028 513.436829 31.532112 -1.953262 511.421478
527 353 543 344 563 343 579 352 562 357 544 358 665 347 679 337 697 336 713 344 698 350 681 351 1657 651 -190.431412 134.822235 35.371716 -0.604809 0.018347 -0.048045 -4.470884 -0.072591 509.135376 -37.633118 1.605200 509.240051 28.691349 -1.750381 509.030701
534 342 548 333 565 332 580 340 565 345 549 347 656 335 670 325 687 324 702 331 688 338 671 338 282 34 82.829399 13.596433 12.499392 -0.521549 0.024474 -0.060611 -6.625867 -6.591970 570.006531 -39.761364 -4.463729 570.269409 26.509630 -8.720212 569.743652
534 356 549 347 567 346 582 353 567 358 550 360 662 347 676 338 693 338 708 345 694 351 678 351 514 919 36.896698 188.371994 34.202320 -0.604739 0.007118 -0.060898 -4.358748 0.732792 541.858765 -37.503048 2.701963 541.488037 28.785549 -1.236380 542.229553
545 351 559 343 577 342 592 350 577 356 561 356 669 346 683 336 701 335 715 342 701 349 685 350 667 357 6.349822 77.230263 22.336681 -0.548031 0.029053 -0.049155 0.215401 -0.923574 561.548950 -32.936638 0.884985 562.029541 33.367443 -2.732133 561.068359
544 355 558 347 576 346 591 354 576 359 559 360 668 350 682 340 699 338 714 345 699 352 683 353 623 557 15.143088 116.777115 26.625998 -0.566404 0.028233 -0.053294 -0.544591 1.046536 562.222534 -33.690632 2.980386 562.622375 32.601448 -0.887314 561.822693
545 354 559 345 577 345 592 353 577 358 561 359 670 349 684 339 701 337 716 344 702 351 685 352 593 124 21.011744 31.222548 16.540363 -0.549391 0.028925 -0.050783 0.350277 0.498572 559.481262 -32.799259 2.357508 559.942017 33.499813 -1.360364 559.020447
543 359 557 351 574 350 589 358 574 363 558 364 666 353 680 343 697 341 712 348 698 355 682 356 1008 552 -61.409512 115.591194 28.968369 -0.567233 0.027217 -0.061628 -1.370527 2.872618 563.741699 -34.502010 5.058916 564.032288 31.760958 0.686321 563.451050
537 359 552 351 570 350 586 358 570 363 553 364 667 352 680 343 697 342 711 349 697 355 682 356 638 163 12.072849 38.906651 17.718666 -0.606063 0.014272 -0.057387 -2.599143 2.906705 543.381775 -35.747669 4.835850 543.267090 30.549385 0.977560 543.496399
537 361 552 352 570 351 585 359 569 364 553 365 666 353 679 344 695 343 710 349 696 355 680 356 1457 582 -150.679764 121.289131 32.518875 -0.603753 0.007097 -0.066274 -3.044590 3.319419 545.533752 -36.177887 5.456158 545.111023 30.088705 1.182680 545.956482
539 361 553 353 570 352 585 360 570 365 554 366 663 355 677 346 694 344 708 350 694 357 678 358 1617 776 -182.450180 159.545425 37.972778 0.370545 -0.022981 -0.061642 -3.260452 3.947789 550.225830 -36.394257 6.086341 549.855408 29.873354 1.809238 550.596252
536 366 551 355 569 354 585 361 569 367 552 369 664 355 678 345 695 345 711 353 696 358 680 359 1237 771 -106.893982 158.752579 35.433811 -0.619386 -0.000710 -0.075765 -3.123372 5.044981 539.194946 -36.235924 7.393569 538.418701 29.989182 2.696395 539.971191
533 357 547 348 565 347 580 355 565 360 548 361 658 349 672 339 690 337 705 344 690 351 674 352 904 214 -40.805916 48.848660 20.581337 -0.552455 0.020566 -0.073279 -6.025455 1.038581 557.151794 -39.136559 3.531420 557.144897 27.085651 -1.454258 557.158630
536 359 550 350 567 349 582 357 567 362 551 363 659 351 673 341 691 340 706 346 691 353 675 354 573 175 24.999798 41.311504 17.578115 -0.544126 0.026956 -0.067443 -5.057605 2.195632 562.538269 -38.177013 4.561738 562.794983 28.061804 -0.170475 562.281616
526 351 541 342 559 342 575 351 559 356 542 357 661 348 676 337 696 336 713 344 696 351 678 352 1254 448 -110.346085 94.912186 28.161615 0.400228 -0.041539 -0.026464 -5.456018 -0.464017 494.863953 -38.621098 0.663388 493.695221 27.709063 -1.591421 496.032715
528 354 542 347 559 346 575 354 560 359 543 360 661 351 677 342 695 341 712 348 696 354 678 355 931 902 -46.021297 184.798172 36.474670 -0.627441 0.032552 -0.028871 -5.513930 1.441806 511.116913 -38.688335 2.666550 511.836945 27.660475 0.217063 510.396851
527 349 542 340 561 340 577 350 561 355 543 355 663 347 679 336 699 335 716 343 699 350 681 351 235 98 92.188896 26.268339 13.661916 -0.581098 0.041229 -0.025004 -4.566043 -1.031234 504.676147 -37.733337 0.139383 505.734406 28.601252 -2.201851 503.617889
518 353 532 343 551 342 567 352 551 358 534 359 653 348 669 337 689 335 706 344 689 351 671 352 1739 322 -206.809128 69.762718 28.377174 -0.620887 0.019419 -0.046871 -9.193659 0.102147 502.733795 -42.357101 1.753536 502.869965 23.969784 -1.549243 502.597626
524 357 538 348 556 348 571 357 556 361 539 362 658 353 673 343 693 342 709 349 693 356 675 357 925 641 -44.886391 133.222122 30.472441 0.413037 -0.049260 -0.025227 -6.912921 2.160064 496.746246 -40.067616 3.306626 495.328003 26.241772 1.013502 498.164490
524 357 538 348 556 347 572 357 557 362 540 363 658 353 674 342 693 341 710 349 694 356 676 357 1333 449 -126.053833 95.069221 28.688551 -0.612437 0.031970 -0.038752 -6.805807 2.278342 507.841949 -39.970020 3.800598 508.456146 26.358408 0.756087 507.227753
525 358 539 350 557 350 573 359 557 363 540 364 660 355 676 345 696 344 713 351 696 358 678 359 377 504 64.044708 106.429588 23.845243 0.413576 -0.053724 -0.021857 -5.867412 3.077185 490.918274 -39.017181 4.145579 489.333710 27.282358 2.008792 492.502838
523 357 537 349 555 349 571 358 555 363 538 363 657 354 673 344 692 343 709 350 693 357 675 358 1212 674 -101.944702 139.596161 33.057804 0.406035 -0.047786 -0.024464 -7.119026 2.655392 494.353333 -40.276657 3.762836 492.973236 26.038605 1.547948 495.733459
518 362 532 354 550 353 565 362 550 367 534 367 652 358 667 347 686 346 703 353 687 360 669 361 1857 887 -230.145874 181.358078 42.040569 -0.625955 0.020281 -0.048259 -10.004754 4.671413 509.502258 -43.165550 6.374451 509.647003 23.156040 2.968375 509.357513
522 360 536 351 555 351 570 361 555 366 538 366 658 357 673 346 693 345 711 352 694 360 675 361 516 508 36.407528 107.148651 24.823580 0.406965 -0.054805 -0.023817 -7.048399 3.889348 490.675995 -40.194759 5.023188 489.065765 26.097961 2.755507 492.286224
518 363 532 354 551 354 567 364 551 369 534 370 653 360 669 348 689 346 706 354 689 362 671 363 1910 349 -240.803909 75.010635 30.085257 0.372336 -0.034978 -0.036230 -9.063324 5.179204 493.442627 -42.226524 6.567796 492.529663 24.099878 3.790613 494.355591
521 364 536 355 554 355 570 365 554 370 537 371 656 361 672 350 692 348 709 356 692 364 674 365 1190 428 -97.625092 90.992645 27.296234 0.380681 -0.050437 -0.027943 -7.620165 5.904750 493.910980 -40.770458 7.124701 492.451752 25.530128 4.684800 495.370209
519 369 534 360 552 360 568 369 552 375 535 375 654 365 670 354 690 353 707 360 691 368 672 369 1106 473 -80.912933 99.928764 27.788511 0.378996 -0.048839 -0.030632 -8.405443 7.911713 492.840637 -41.555748 9.207685 491.448761 24.744864 6.615741 494.232513
519 374 533 365 551 365 566 374 551 378 534 379 655 368 670 358 689 357 705 364 689 371 672 371 1297 974 -118.778893 198.838852 40.455284 -0.656214 0.030732 -0.050141 -9.070907 10.139189 503.263184 -42.220345 12.009137 503.684601 24.078533 8.269241 502.841766
523 369 537 360 556 360 572 369 556 375 539 375 659 366 675 355 695 353 712 361 695 368 677 369 504 420 38.773956 89.764153 22.736177 0.379872 -0.051651 -0.026331 -6.373451 7.991060 490.731384 -39.523144 9.165792 489.222260 26.776241 6.816327 492.240509
525 374 538 366 556 366 571 375 556 380 540 380 660 371 675 360 694 359 710 366 694 373 677 374 467 958 46.250626 196.103363 34.793583 0.398873 -0.051369 -0.028308 -6.505402 10.523688 495.355042 -39.653870 11.773975 493.880096 26.643066 9.273400 496.829956
545 364 559 355 577 355 592 365 577 370 560 370 678 363 693 352 713 351 729 359 713 366 695 367 22 391 134.605988 84.280792 18.997955 0.387482 -0.043945 -0.012398 2.787135 6.540457 502.344116 -30.383501 7.220915 501.000427 35.957771 5.859999 503.687805
543 368 557 358 576 358 591 367 576 373 559 374 676 364 692 353 711 352 728 361 711 368 693 368 639 322 11.909411 70.327911 21.358255 -0.534299 0.039386 -0.032612 2.179209 7.860157 520.066223 -30.983225 9.232845 521.029724 35.341644 6.487470 519.102722
540 367 555 358 573 358 589 367 573 372 556 373 674 364 689 354 709 353 726 360 709 368 691 368 703 449 -0.787758 95.392921 24.668625 0.382574 -0.035416 -0.022543 0.931592 7.514757 500.981445 -32.244320 8.467132 499.975708 34.107502 6.562383 501.987183
542 376 556 367 574 367 590 376 574 381 557 382 676 373 692 363 711 362 728 370 711 376 693 377 120 762 115.202751 157.547897 28.100763 -0.640027 0.059026 -0.019641 1.676802 12.138419 514.461670 -31.465946 13.352476 516.087708 34.819550 10.924363 512.835693
516 322 531 313 550 313 566 323 550 329 532 329 651 321 667 311 687 310 704 319 687 326 668 326 1387 208 -136.844574 47.414764 23.526178 -0.421549 0.013280 -0.019886 -10.394389 -13.847754 515.883301 -43.589848 -13.115312 516.174194 22.801071 -14.580195 515.592468
524 326 539 316 558 316 573 326 557 331 540 332 660 324 676 314 695 314 712 323 695 329 677 329 346 234 70.148483 53.087788 17.477839 -0.473263 0.038482 -0.009150 -6.333684 -12.075671 514.194031 -39.513004 -11.486408 515.353760 26.845638 -12.664933 513.034302
520 331 535 322 553 322 568 331 553 336 536 337 655 329 671 319 690 319 707 327 690 334 672 334 719 389 -3.982476 83.527428 23.399696 -0.470252 0.030668 -0.013428 -8.642992 -9.829146 516.321777 -41.829536 -9.164574 517.199890 24.543554 -10.493718 515.443665
522 334 536 326 554 326 569 334 554 339 537 340 656 333 671 324 690 324 706 331 690 337 672 337 878 688 -35.530682 142.534470 31.246510 -0.488688 0.025287 -0.013184 -8.481426 -8.150408 519.885071 -41.673004 -7.528807 520.586731 24.710154 -8.772008 519.183472
521 337 535 330 552 330 567 337 553 342 536 342 655 336 670 328 688 327 704 334 688 340 671 340 603 875 19.190582 179.630936 33.764797 -0.499498 0.027907 -0.012400 -9.134786 -6.695899 522.484741 -42.324436 -6.074498 523.272522 24.054867 -7.317301 521.697021
521 333 535 325 553 325 569 334 553 339 536 339 655 332 671 323 690 323 706 330 690 337 672 337 445 442 50.510124 94.142136 22.862417 -0.459269 0.036424 -0.009621 -8.772179 -8.374387 518.693970 -41.953842 -7.793254 519.789001 24.409485 -8.955519 517.598999
519 332 534 322 553 322 568 333 552 338 535 339 655 331 671 320 691 319 708 329 691 336 672 336 364 111 66.542068 28.771133 14.782098 -0.444377 0.039697 -0.012071 -8.743214 -8.948284 513.929871 -41.919914 -8.272586 515.117065 24.433489 -9.623983 512.742615
517 337 532 328 550 328 566 337 550 342 533 343 651 335 667 325 687 324 704 332 687 339 669 339 875 402 -34.997849 86.016350 24.692162 -0.460438 0.028302 -0.020223 -10.295046 -7.045604 519.687317 -43.480125 -6.185186 520.442200 22.890034 -7.906022 518.932434
516 339 530 329 549 328 565 339 549 344 532 345 650 336 666 325 686 324 703 334 686 340 668 341 976 368 -55.087753 79.245331 24.559713 -0.468618 0.028144 -0.026047 -10.757977 -6.195347 518.468445 -43.938824 -5.147013 519.169983 22.422869 -7.243681 517.766968
517 339 531 329 549 329 565 339 549 344 532 345 651 337 667 326 686 325 703 334 687 341 668 341 792 321 -18.512571 70.051674 22.311672 -0.453204 0.032398 -0.020840 -10.559534 -6.127790 519.002380 -43.740131 -5.219809 519.887329 22.621063 -7.035771 518.117493
518 341 532 333 550 332 566 341 550 346 533 347 651 339 667 330 686 329 703 337 687 343 668 344 989 442 -57.656136 93.862617 26.333591 -0.451567 0.025306 -0.020075 -10.392967 -4.893238 522.357910 -43.580753 -4.062689 523.021851 22.794817 -5.723787 521.694031
516 343 530 335 549 335 564 344 549 349 532 349 650 342 666 332 685 332 702 339 685 346 667 346 1209 476 -101.392273 100.468704 28.514288 -0.454043 0.015239 -0.024070 -11.112042 -3.676723 522.110107 -44.303612 -2.791875 522.420471 22.079527 -4.561571 521.799744
520 344 534 337 551 337 567 344 552 349 535 350 653 342 668 334 687 333 703 340 687 346 669 346 902 702 -40.299606 145.288834 31.719555 -0.489139 0.026266 -0.021182 -9.849571 -3.309728 526.096130 -43.035854 -2.425155 526.765137 23.336714 -4.194301 525.427063
517 343 532 335 550 335 565 344 550 349 533 350 651 342 667 332 686 331 703 339 686 346 668 346 1041 379 -68.009583 81.385765 25.225822 -0.458079 0.021249 -0.024228 -10.474045 -3.714029 521.602600 -43.661919 -2.778751 522.102600 22.713827 -4.649308 521.102661
520 350 534 342 551 341 565 349 551 354 535 355 652 347 667 337 686 337 701 344 686 350 669 350 955 834 -50.808475 171.347595 35.073986 -0.522904 0.028159 -0.026769 -10.268870 -0.866644 527.833069 -43.449192 0.220966 528.498657 22.911449 -1.954255 527.167419
523 350 537 342 554 342 568 350 554 355 538 355 655 348 670 339 688 338 704 346 688 351 671 351 249 875 89.578186 179.812820 31.505981 -0.516895 0.038692 -0.018684 -8.865434 -0.466193 528.209717 -42.040279 0.451429 529.280823 24.309410 -1.383815 527.138550
522 346 536 337 554 337 569 347 554 352 537 353 656 345 671 334 691 334 707 342 691 349 673 349 3 461 138.399445 98.124039 20.476244 -0.482901 0.044917 -0.013852 -8.391644 -2.074356 521.196411 -41.560490 -1.279131 522.521118 24.777203 -2.869581 519.871704
520 350 534 342 551 342 566 350 551 355 535 356 652 348 668 339 687 338 703 345 687 351 669 352 790 680 -18.034981 140.998718 30.502193 -0.501843 0.025278 -0.025244 -9.995660 -0.473241 525.135010 -43.179729 0.536285 525.733459 23.188408 -1.482767 524.536560
520 346 534 337 552 337 568 347 552 352 535 353 653 344 669 334 688 333 705 341 689 349 670 349 562 277 27.209690 61.474518 19.838665 -0.456460 0.036973 -0.021780 -9.438384 -2.298068 522.565613 -42.613155 -1.324610 523.588562 23.736389 -3.271526 521.542664
523 352 536 345 553 345 568 353 554 357 538 358 654 351 670 342 688 342 704 348 688 354 671 354 543 879 31.121576 180.452240 33.473351 -0.506017 0.030511 -0.019329 -9.086297 0.944181 529.606079 -42.269913 1.809702 530.417358 24.097319 0.078661 528.794800
519 338 535 329 553 328 569 337 553 343 535 344 653 335 668 325 687 324 703 333 687 340 669 340 185 31 102.115730 13.053409 11.811899 -0.409691 0.028410 -0.023212 -9.700641 -6.869643 528.644043 -42.883423 -5.929917 529.405334 23.482140 -7.809369 527.882690
512 346 527 337 545 336 561 344 545 350 528 351 644 340 659 331 678 330 694 337 678 344 661 344 1144 328 -88.500946 71.254166 24.717680 -0.423627 0.011070 -0.044713 -14.099444 -3.835864 535.455688 -47.269558 -2.319003 535.502441 19.070671 -5.352725 535.408875
519 351 533 343 550 342 565 349 550 354 534 355 649 345 664 337 681 337 697 344 681 349 665 349 179 876 103.496857 180.046402 31.082174 -0.499641 0.030346 -0.034284 -11.778170 -1.074818 540.665894 -44.948902 0.262914 541.353333 21.392563 -2.412549 539.978516
516 347 530 338 549 337 564 346 549 352 531 353 647 342 662 332 681 331 697 339 681 346 664 346 758 152 -11.789804 36.671162 18.233013 -0.414018 0.020812 -0.041139 -12.391178 -2.977412 535.467407 -45.561211 -1.509573 535.859924 20.778854 -4.445251 535.074890
515 356 528 346 545 345 560 352 545 358 530 359 645 348 659 339 677 338 692 346 677 351 660 351 1001 777 -59.967579 160.059555 34.065033 -0.526704 0.015843 -0.053884 -14.109348 0.737632 540.420959 -47.263000 2.579676 540.462463 19.044306 -1.104412 540.379456
516 350 530 342 548 341 564 348 548 354 532 355 647 345 662 336 680 335 696 342 680 348 663 349 694 438 0.999309 93.223709 24.359844 -0.451955 0.020745 -0.040308 -12.658367 -1.535098 538.409058 -45.829643 -0.089228 538.777161 20.512909 -2.980968 538.040955
516 353 531 345 548 344 564 351 549 356 532 358 647 347 662 339 680 338 696 345 680 351 663 351 804 559 -20.845608 117.079353 27.826630 -0.458471 0.018159 -0.041856 -12.669632 -0.087243 540.413025 -45.840492 1.389707 540.681885 20.501228 -1.564194 540.144165
519 354 533 346 551 345 566 353 551 358 534 359 649 349 664 340 682 340 698 347 682 352 665 353 558 572 28.070705 119.774826 26.553999 -0.468276 0.023083 -0.040206 -11.613651 0.693509 540.959656 -44.783432 2.155995 541.391235 21.556131 -0.768978 540.528015
516 358 530 350 547 349 562 356 548 361 531 362 647 351 661 342 679 341 694 348 679 354 662 355 1057 684 -71.123047 141.652008 32.297276 -0.447562 -0.001529 -0.059401 -12.827723 2.036235 532.642395 -45.974903 3.931128 532.159363 20.319460 0.141341 533.125366
516 355 530 346 548 345 564 353 548 359 532 360 647 348 662 338 680 337 696 345 680 351 663 352 485 189 42.500397 44.123417 17.336508 -0.607783 0.010537 -0.058889 -12.316296 0.621028 525.948059 -45.463512 2.560178 525.700562 20.830923 -1.318121 526.195496
514 355 529 347 547 346 562 354 547 360 530 361 645 350 660 341 678 340 694 347 679 353 661 354 927 351 -45.348621 75.910950 23.858597 -0.452446 0.012918 -0.049194 -13.574050 1.159922 539.191650 -46.736649 2.832919 539.242798 19.588551 -0.513075 539.140564
513 356 527 347 545 347 560 355 545 360 528 361 643 350 658 340 677 339 693 346 677 353 660 354 1144 302 -88.506737 66.116013 24.123569 -0.447814 0.008764 -0.054803 -14.382174 1.333775 538.318542 -47.536709 3.156437 538.199219 18.772362 -0.488888 538.437927
513 361 527 353 545 352 560 359 545 364 529 365 643 354 658 346 675 345 691 351 676 357 659 358 1296 833 -118.611443 170.974777 37.227001 -0.493880 0.006221 -0.056285 -14.717561 3.644260 541.652527 -47.870220 5.487148 541.398560 18.435101 1.801372 541.906433
517 354 531 346 549 345 564 353 549 358 532 359 647 349 662 340 680 339 696 346 680 353 663 353 565 426 26.646357 90.918533 23.262512 -0.466017 0.022661 -0.041206 -12.698680 0.730214 540.332336 -45.867443 2.221112 540.744507 20.470085 -0.760685 539.920105
514 358 528 349 546 349 561 356 546 361 530 362 644 352 659 343 677 342 693 349 677 355 660 356 1180 452 -95.631401 95.740692 27.780834 -0.471897 0.009697 -0.050851 -14.025364 2.251757 540.883179 -47.186516 3.952099 540.802246 19.135786 0.551415 540.964111
515 356 529 348 547 347 562 355 547 360 530 361 645 351 660 342 678 341 694 348 679 354 661 355 712 290 -2.612670 63.966522 21.092844 -0.466289 0.019175 -0.044846 -13.452233 1.730355 539.428284 -46.618267 3.311266 539.701050 19.713802 0.149444 539.155518
519 360 533 353 550 352 565 359 550 364 534 365 648 355 662 347 680 347 695 353 680 359 663 359 185 826 102.292717 170.162262 29.977942 -0.510616 0.026507 -0.038910 -12.216209 4.049234 544.525146 -45.385021 5.505177 545.044556 20.952602 2.593291 544.005737
515 357 530 348 548 348 563 356 548 361 531 362 645 352 661 342 679 341 695 349 679 355 662 356 608 226 18.051926 51.372204 18.966814 -0.465263 0.020585 -0.043949 -13.080337 2.071492 538.971375 -46.246754 3.634286 539.296875 20.086082 0.508697 538.645874
517 357 531 349 549 348 564 356 549 361 533 362 647 353 662 343 681 342 696 350 681 356 663 356 251 213 89.033142 48.986557 16.391802 -0.473683 0.028494 -0.038553 -12.346689 2.415680 538.822021 -45.514061 3.867908 539.435364 20.820683 0.963452 538.208740
515 356 529 347 548 346 563 355 548 360 531 361 645 351 660 341 679 340 695 348 679 355 662 355 705 33 -1.278039 13.181471 15.175634 -0.445971 0.019051 -0.044457 -13.167825 1.639575 538.510742 -46.334446 3.205457 538.798584 19.998796 0.073694 538.222839
522 349 538 340 558 340 576 350 558 355 539 356 669 347 687 336 707 336 725 344 707 351 688 352 587 339 22.252617 73.714188 21.414907 -0.590744 0.029792 -0.021585 -3.285082 -0.746213 470.754517 -36.468071 0.213160 471.481384 29.897909 -1.705587 470.027649
528 358 544 347 565 347 582 358 565 363 545 364 676 354 693 343 714 342 732 352 714 359 694 359 54 441 128.254395 94.145409 20.344660 -0.628599 0.036599 -0.021243 -0.374206 2.810983 467.728790 -33.550259 3.840092 468.650787 32.801846 1.781875 466.806824
522 359 538 349 558 349 576 359 558 364 539 365 669 356 686 345 707 344 725 353 707 360 688 360 1354 622 -130.190857 129.246902 32.775661 -0.626259 0.010812 -0.030515 -3.260480 3.428123 470.458923 -36.448456 4.485041 470.487823 29.927496 2.371205 470.429993
526 356 542 346 563 346 580 356 563 362 543 362 674 354 691 343 712 343 730 352 712 359 692 359 369 377 65.607117 81.335800 20.892200 -0.607720 0.030927 -0.013951 -1.209252 2.376598 469.190186 -34.395535 3.114280 470.018433 31.977034 1.638916 468.361969
524 357 541 348 561 348 579 358 561 363 542 364 672 355 690 344 711 344 729 353 710 360 691 360 602 412 19.286343 88.132828 23.178698 -0.611246 0.025267 -0.018212 -1.941227 3.052334 469.135406 -35.130432 3.868503 469.743866 31.247976 2.236165 468.526947
524 358 541 348 561 348 578 358 561 363 542 364 672 355 689 345 710 344 728 353 710 360 690 360 832 551 -26.414770 115.484001 27.822491 -0.623762 0.022826 -0.021314 -2.082522 3.202859 470.682800 -35.271664 4.094259 471.178802 31.106619 2.311459 470.186829
524 362 540 354 559 354 576 362 559 366 541 367 671 359 688 350 707 349 724 357 707 362 688 363 803 844 -20.583324 173.401917 34.332603 -0.642825 0.024444 -0.023998 -2.906759 4.886957 474.160919 -36.092754 5.881893 474.670288 30.279236 3.892021 473.651550
518 354 535 344 556 344 574 355 556 361 536 361 668 353 685 341 707 340 725 350 707 358 687 358 1021 126 -64.089203 31.397881 19.317062 -0.449934 0.016344 -0.018568 -4.006164 1.506557 468.223846 -37.200989 2.222492 468.612000 29.188662 0.790623 467.835693
523 362 539 352 560 351 577 361 559 367 541 367 671 358 688 348 709 347 726 357 709 363 690 363 591 765 21.552114 157.898758 31.174688 -0.595929 0.009648 -0.027186 -2.541261 4.732202 470.136292 -35.732662 5.674962 470.176880 30.650141 3.789442 470.095703
521 360 538 350 558 350 576 362 558 367 539 367 669 360 686 347 708 347 726 357 708 364 688 364 705 353 -1.206800 76.420258 22.487751 0.408393 -0.020983 -0.012569 -3.074839 4.422837 451.545380 -36.269855 4.968944 450.951965 30.120180 3.876729 452.138794
519 357 536 347 557 347 575 360 557 365 537 365 668 358 685 345 707 344 725 354 707 362 687 363 943 0 -48.608124 6.537685 15.940211 0.365377 -0.022123 -0.013438 -3.599060 3.451283 452.262695 -36.792873 4.020278 451.625031 29.594753 2.882288 452.900360
522 367 538 358 558 358 575 368 558 372 539 373 669 365 686 355 706 354 724 363 706 369 687 370 872 746 -34.324760 153.999588 32.533546 -0.652570 0.019122 -0.016864 -3.468336 7.523643 472.746735 -36.662735 8.244548 473.161194 29.726063 6.802739 472.332306
524 366 540 356 561 357 578 368 560 372 541 373 672 366 690 354 711 354 728 364 710 370 691 370 141 430 110.953300 91.926872 20.648439 -0.654865 0.032827 -0.004193 -2.040423 7.553853 467.523560 -35.227695 8.027606 468.493164 31.146849 7.080100 466.553955
524 369 540 361 559 361 576 371 559 375 541 376 671 369 688 359 708 358 725 366 708 373 689 373 340 713 71.448135 147.751434 28.384878 0.414013 -0.039803 -0.003272 -2.543939 8.639802 456.864746 -35.722652 9.015017 455.603058 30.634773 8.264586 458.126434
521 372 536 363 556 363 572 373 555 377 537 378 668 370 684 360 704 359 721 367 704 374 685 374 1261 881 -111.641533 180.478577 38.100491 0.419167 -0.023669 -0.016101 -4.267714 9.417021 459.151672 -37.459122 10.098370 458.499084 28.923693 8.735671 459.804230
521 372 537 363 556 363 573 373 556 378 538 378 668 371 685 360 705 360 722 368 705 375 686 375 970 820 -53.794121 168.573196 34.849796 -0.671419 0.016025 -0.018492 -4.025171 9.967367 471.776245 -37.220413 10.708241 472.070709 29.170071 9.226492 471.481750
517 366 533 356 554 356 572 368 554 373 534 373 666 366 683 354 704 353 722 362 704 370 684 370 1312 154 -121.943970 36.781757 21.813696 0.372077 -0.012915 -0.015456 -4.794788 6.945204 453.009369 -37.992943 7.525491 452.684784 28.403368 6.364917 453.333984
526 372 542 363 561 363 577 373 561 378 543 378 672 371 689 361 709 361 726 369 708 375 690 376 47 752 129.715485 155.609192 27.406458 0.410402 -0.047148 0.000635 -2.027777 9.763988 460.535858 -35.196198 10.060199 459.010193 31.140646 9.467778 462.061523
523 366 540 356 561 357 578 368 560 373 541 373 672 367 689 355 711 354 729 364 711 371 691 371 138 87 111.473450 24.144344 12.791620 0.379933 -0.052093 0.002585 -1.917898 7.312833 451.975494 -35.078098 7.553674 450.271729 31.242302 7.071993 453.679260
522 372 537 363 557 363 574 374 557 378 538 378 669 372 685 361 706 360 723 369 705 375 687 376 711 676 -2.327903 140.248825 29.906706 0.415803 -0.033996 -0.007721 -3.658064 9.801678 457.952515 -36.842991 10.281963 456.908691 29.526863 9.321392 458.996307
