586 244 604 239 623 241 638 251 620 253 603 251 736 260 752 253 769 254 783 263 768 267 752 266 261 45 75.291107 23.884602 -11.204242 -0.400291 -0.025940 0.093664 25.951929 -44.936981 473.710663 -7.098267 -48.129822 473.487183 59.002125 -41.744137 473.934113
450 245 468 237 488 239 505 251 487 255 467 253 620 257 638 246 659 247 677 257 658 263 638 263 1002 262 -71.715698 66.981400 0.016048 0.296479 -0.064127 0.061772 -25.151184 -39.732758 408.852600 -58.225422 -41.438141 406.455505 7.923053 -38.027370 411.249725
453 250 473 243 494 245 512 256 492 259 472 258 622 264 639 255 659 257 675 266 657 271 639 270 457 111 36.416553 36.986351 -8.062214 -0.397127 -0.107223 0.048057 -25.218948 -38.823742 428.385773 -58.197803 -41.071136 425.238708 7.759906 -36.576344 431.532837
459 236 479 230 500 233 517 245 497 247 477 245 629 257 647 249 667 251 683 261 665 265 646 263 637 251 0.806181 64.729530 -3.569168 -0.404578 -0.100916 0.085408 -22.136238 -41.977558 422.073059 -55.055222 -45.396328 419.387512 10.782746 -38.558788 424.758606
496 263 516 258 537 261 554 273 534 274 514 271 664 285 682 279 701 280 716 289 699 293 681 291 307 755 66.961449 164.404114 3.596194 0.314464 -0.024920 0.117720 -7.880201 -30.709717 417.856995 -40.846889 -34.416271 416.436249 25.086487 -27.003160 419.277710
400 263 418 257 438 259 455 271 436 273 417 271 569 280 588 271 610 272 628 281 608 286 588 285 1298 549 -130.210068 123.839920 8.554296 0.305117 -0.077123 0.094169 -44.585659 -31.606501 410.163879 -77.546700 -34.290260 407.176086 -11.624621 -28.922743 413.151672
405 241 422 234 442 237 459 249 440 252 421 249 571 261 590 252 612 254 630 264 610 269 590 267 1411 70 -153.213531 29.068306 -0.103909 -0.332538 -0.080325 0.083522 -44.365894 -40.273972 421.452881 -77.350067 -43.429253 419.296875 -11.381726 -37.118694 423.608917
402 269 419 263 439 267 456 279 438 281 419 278 569 291 589 283 610 284 628 294 608 298 588 297 1429 705 -156.064651 154.739456 12.919921 0.314636 -0.055797 0.117986 -44.328083 -27.984224 410.943146 -77.252815 -31.537951 408.515656 -11.403352 -24.430498 413.370636
485 261 505 255 527 258 544 270 524 272 504 269 657 280 675 272 694 273 710 282 693 287 674 286 261 512 75.824982 116.304604 -1.748037 0.293123 -0.021235 0.088611 -11.069752 -31.892635 411.077759 -44.137798 -34.686424 409.955811 21.998293 -29.098846 412.199707
432 270 450 263 471 265 488 278 469 280 450 278 602 286 620 276 641 276 657 286 639 292 620 291 699 647 -11.062037 143.111252 5.020530 0.293313 -0.065625 0.081300 -32.213451 -29.233463 410.630493 -65.238487 -31.572615 408.093750 0.811581 -26.894312 413.167267
473 267 493 262 514 265 532 278 512 279 491 277 645 290 663 282 684 283 699 293 681 298 662 296 511 692 26.349619 151.978210 4.199821 0.321716 -0.028702 0.110634 -15.561049 -28.191172 407.562286 -48.551075 -31.641964 406.042450 17.428976 -24.740379 409.082123
478 251 498 245 519 248 537 260 517 262 496 259 651 272 669 265 689 266 705 276 687 280 668 278 427 338 42.637791 81.903831 -3.742097 -0.383146 -0.093800 0.091983 -13.905540 -35.668846 417.072205 -46.827705 -39.228855 414.619232 19.016623 -32.108841 419.525208
467 241 487 234 509 237 526 250 506 252 485 249 639 262 658 254 678 255 695 266 676 270 657 268 552 175 17.610886 49.671558 -5.891123 -0.379980 -0.103179 0.084991 -18.031557 -39.585255 416.321808 -50.943687 -42.973820 413.516663 14.880572 -36.196686 419.126984
486 264 506 259 527 262 544 273 524 275 504 272 657 285 675 278 694 279 709 288 692 292 674 291 360 707 56.374172 154.915726 3.112500 0.294066 -0.024206 0.104029 -11.120756 -30.382090 412.827423 -44.137711 -33.663055 411.532959 21.896196 -27.101124 414.121918
431 249 451 242 472 245 490 257 470 259 450 257 605 268 624 259 645 260 662 271 643 275 624 274 907 313 -52.778564 77.054871 0.173573 -0.420177 -0.103754 0.067989 -31.335058 -36.594448 412.586365 -64.288460 -39.492764 409.717133 1.618346 -33.696129 415.455627
410 252 428 245 449 248 466 261 447 263 428 261 579 273 599 264 620 265 638 276 619 281 598 279 1329 380 -136.563721 90.400932 5.417823 0.293141 -0.070204 0.116269 -40.364838 -34.658325 408.629211 -73.266037 -38.113476 405.777496 -7.463633 -31.203173 411.480957
480 258 500 253 521 256 538 268 518 269 498 266 652 280 670 272 689 274 705 283 687 287 669 286 345 563 59.190422 126.414833 0.058484 0.308425 -0.019003 0.105908 -13.173394 -32.257114 410.253235 -46.187695 -35.615112 409.095886 19.840906 -28.899113 411.410583
434 258 452 251 473 255 489 269 470 271 451 268 603 283 622 273 643 274 660 286 640 291 621 289 1052 504 -81.375275 114.883835 5.376879 0.318059 -0.045592 0.126452 -31.443153 -31.323830 408.253052 -64.350952 -35.201324 406.107971 1.464645 -27.446335 410.398163
429 272 448 265 469 269 486 282 466 283 447 281 600 294 619 285 639 287 656 297 637 302 618 300 1216 854 -113.565987 184.183044 13.974783 0.351016 -0.038660 0.116826 -32.673569 -26.567719 406.629791 -65.629852 -30.135368 404.702454 0.282719 -23.000069 408.557129
431 271 450 264 470 268 486 281 468 283 448 280 600 294 619 285 640 287 656 297 638 302 618 300 1354 850 -140.994537 183.419769 15.165081 0.334274 -0.040032 0.121969 -32.517265 -26.821369 408.313690 -65.451401 -30.565546 406.342957 0.416865 -23.077190 410.284393
469 283 484 277 502 278 517 287 501 290 484 290 612 288 626 279 643 279 657 286 643 292 627 292 449 288 38.208691 72.013275 -4.551868 0.235618 -0.083614 0.024852 -30.074234 -32.323597 494.447876 -63.153381 -32.814781 491.603882 3.004917 -31.832417 497.291840
465 303 480 296 498 297 513 307 497 311 480 310 606 308 621 299 638 298 653 306 638 312 621 312 496 773 29.423086 168.005157 5.701792 0.244906 -0.082860 0.024992 -32.227814 -22.922577 494.321411 -65.308968 -23.408121 491.499847 0.853336 -22.437033 497.142975
489 298 504 293 522 294 536 303 520 305 504 304 630 307 645 300 661 301 675 308 660 312 645 311 395 840 49.570858 181.243820 6.128024 -0.285313 -0.052475 0.045244 -21.768141 -24.280312 503.978668 -54.893822 -26.007914 502.473969 11.357543 -22.552710 505.483368
439 279 454 272 470 273 484 282 469 286 454 286 579 284 594 276 612 276 628 283 612 289 595 289 1149 217 -100.979652 58.106022 0.459054 -0.334121 -0.004667 0.018927 -45.426682 -34.499699 502.159821 -78.625244 -35.142155 502.111725 -12.228121 -33.857246 502.207886
489 299 505 294 522 296 537 305 521 307 504 306 630 310 645 303 661 304 675 311 660 315 645 315 440 816 40.600815 176.503418 6.056604 0.208827 -0.058166 0.064601 -21.369057 -23.001947 499.925476 -54.448948 -24.927950 497.787506 11.710834 -21.075945 502.063446
506 300 521 294 537 295 551 304 536 307 520 306 640 305 653 297 669 297 682 304 668 309 654 309 101 682 107.815247 149.915009 0.220301 -0.152145 -0.032688 0.020270 -16.762386 -25.611223 526.579712 -49.942688 -26.363939 525.549866 16.417917 -24.858507 527.609619
495 291 512 286 529 288 544 297 527 299 511 298 637 302 651 294 667 295 681 302 666 307 651 306 473 509 33.691948 115.754433 0.144218 -0.325002 -0.076307 0.044677 -18.569342 -27.205860 505.721924 -51.645565 -29.069315 503.474609 14.506883 -25.342403 507.969269
488 286 503 279 521 281 535 290 519 294 503 293 628 294 642 286 659 286 673 294 658 299 642 299 415 296 44.974472 73.589508 -4.703095 0.138896 -0.055312 0.043125 -22.509060 -30.552231 504.723450 -55.632366 -31.851141 502.794983 10.614248 -29.253323 506.651886
435 297 450 290 466 292 480 301 465 304 450 303 574 304 590 297 608 296 623 304 607 309 590 309 1225 651 -115.586571 144.010880 9.947181 -0.309395 -0.015924 0.035900 -47.697754 -25.561464 504.478516 -80.877167 -26.815407 504.141205 -14.518342 -24.307520 504.815826
474 305 490 298 508 300 523 309 506 312 489 311 617 311 632 303 649 303 663 310 648 315 632 315 504 729 27.782990 159.299133 4.884542 0.239522 -0.073004 0.035849 -27.229147 -21.474905 491.063629 -60.324726 -22.363834 488.523529 5.866431 -20.585976 493.603729
464 293 480 286 498 288 512 297 496 301 479 300 607 299 622 291 639 290 654 298 639 304 622 304 733 366 -18.139908 87.507919 -0.356174 0.214367 -0.076521 0.034214 -32.006077 -27.021866 492.177979 -65.094757 -27.876783 489.538269 1.082600 -26.166946 494.817719
471 296 487 289 505 290 520 300 503 303 486 302 614 302 629 294 646 294 661 302 646 307 629 307 502 502 27.920935 114.375084 0.269632 0.241632 -0.070126 0.037477 -28.659328 -25.661715 491.701477 -61.759743 -26.612934 489.248444 4.441085 -24.710495 494.154510
483 286 499 280 517 281 531 290 515 293 498 292 625 292 639 284 656 284 669 291 655 296 639 296 63 128 114.733452 40.269764 -11.347619 -0.285870 -0.064642 0.014967 -24.312206 -31.036243 504.454468 -57.444447 -31.830727 502.409241 8.820037 -30.241762 506.499695
461 303 476 297 493 298 507 308 492 311 476 309 601 312 616 304 633 303 647 311 632 316 616 316 803 872 -31.472172 187.660446 10.534594 0.204059 -0.087673 0.057599 -35.088650 -22.117697 499.785004 -68.111565 -23.717813 496.705017 -2.065737 -20.517578 502.864990
455 293 470 286 489 288 503 298 487 302 470 301 597 302 612 293 631 293 646 301 630 307 613 307 1231 163 -117.336792 47.436180 0.121024 0.157091 -0.051735 0.049071 -36.358063 -26.227409 492.522980 -69.478668 -27.714136 490.685974 -3.237453 -24.740683 494.359955
477 306 493 300 511 302 526 311 509 314 493 312 620 315 635 307 652 307 666 315 651 319 635 319 440 876 40.669407 188.377518 7.271534 0.237175 -0.072907 0.053628 -26.085857 -20.281965 494.058624 -59.155403 -21.758060 491.453613 6.983688 -18.805870 496.663605
453 289 468 282 486 284 500 294 484 297 468 296 594 298 610 289 628 289 644 297 628 303 610 303 893 248 -50.070728 64.188393 -1.271573 0.191416 -0.078340 0.060473 -37.528893 -28.247215 493.115326 -70.571732 -29.991692 490.342712 -4.486058 -26.502739 495.887939
501 358 513 352 528 354 539 363 526 366 513 364 620 369 634 361 649 361 663 369 649 373 634 373 1312 811 -132.692703 175.692993 13.988461 0.154657 -0.028675 0.078761 -25.786530 5.281786 570.801941 -58.875004 2.753445 569.653015 7.301943 7.810128 571.950867
556 346 570 339 586 341 598 350 584 353 570 352 675 355 688 348 703 348 715 356 702 360 688 359 77 464 112.335419 106.767548 -4.415039 -0.295595 -0.036298 0.060619 4.521694 -1.635086 588.208740 -28.600872 -3.793869 587.317139 37.644260 0.523697 589.100281
565 345 578 340 593 342 604 351 591 353 577 352 680 358 692 351 707 352 719 359 706 364 692 363 75 547 112.827759 123.192955 -2.752810 -0.200475 -0.023170 0.090661 8.055777 -0.662653 606.457703 -25.004253 -3.725348 605.995178 41.115807 2.400042 606.920288
516 345 529 339 544 341 556 351 543 353 529 352 637 357 650 350 666 351 679 359 665 363 650 362 1168 472 -104.463905 108.574806 5.797540 0.193293 -0.039764 0.097487 -16.808001 -1.010435 567.589233 -49.829521 -4.094305 565.967957 16.213520 2.073434 569.210510
528 351 542 345 558 347 571 357 556 359 541 358 652 364 666 356 681 357 694 365 680 369 665 368 608 794 7.189944 172.184082 7.158792 0.232535 -0.020922 0.088787 -8.939648 2.245620 559.046631 -42.007030 -0.591619 558.018127 24.127737 5.082859 560.075134
513 355 527 349 543 351 556 359 541 361 527 360 639 363 652 357 667 357 679 365 666 368 652 368 369 156 53.955753 45.873848 -7.961696 -0.508137 -0.066179 0.047683 -16.718533 3.189118 564.042969 -49.815300 1.128701 562.334717 16.378237 5.249535 565.751221
482 367 495 361 509 362 522 371 508 374 494 373 603 374 616 367 633 367 646 375 632 380 617 379 1083 472 -87.572319 108.557350 5.014497 -0.451309 0.007875 0.051645 -35.431328 9.323065 574.034424 -68.591606 7.724595 574.667419 -2.271053 10.921535 573.401489
477 368 490 361 504 363 516 371 503 374 489 373 595 375 609 368 624 368 638 375 624 380 609 379 1436 450 -157.747223 104.276016 7.820954 -0.412324 -0.001124 0.048383 -39.678528 9.701247 583.862671 -72.845009 8.132862 584.152893 -6.512045 11.269632 583.572449
514 365 528 358 544 360 557 368 542 371 528 370 639 373 652 366 667 367 679 374 666 378 652 377 246 286 78.547485 71.575783 -6.462458 -0.451894 -0.056583 0.053699 -16.648401 8.381474 571.539246 -49.753944 6.243132 570.121460 16.457142 10.519818 572.957092
518 365 532 360 547 361 560 369 546 371 531 370 641 373 654 367 668 368 680 375 667 379 654 378 296 604 68.974792 134.518723 0.437285 -0.456347 -0.061701 0.053330 -15.540051 8.761591 576.873535 -48.636402 6.594373 575.294189 17.556301 10.928809 578.452820
491 367 504 361 519 363 531 371 518 374 504 373 614 376 627 369 643 370 656 377 642 381 628 380 1036 528 -78.168243 119.630188 5.715455 -0.460325 -0.005827 0.062883 -29.814072 9.737987 571.857300 -62.953854 7.680566 572.142700 3.325711 11.795406 571.571899
535 360 547 354 562 356 573 364 560 367 547 366 649 370 662 363 676 363 688 371 675 375 662 374 74 283 112.724678 70.946754 -8.107715 -0.283980 -0.041955 0.066708 -9.742359 6.606046 610.268860 -42.844810 4.226562 609.208069 23.360094 8.985530 611.329651
527 357 540 351 555 353 566 361 553 364 539 363 644 366 657 360 672 360 683 368 671 372 657 371 194 109 88.678818 36.536537 -10.525539 -0.369653 -0.056428 0.061444 -12.937289 4.837389 596.414368 -46.027935 2.503454 594.957764 20.153357 7.171324 597.870911
468 317 483 311 500 313 515 322 499 325 483 324 611 325 626 316 643 316 657 323 642 329 626 329 674 588 -6.161372 131.429932 3.595542 0.199616 -0.077686 0.040793 -30.391687 -15.390122 490.724762 -63.469181 -16.477512 488.030945 2.685807 -14.302732 493.418549
521 326 537 321 554 323 568 333 553 335 536 334 666 339 681 330 698 330 712 338 697 343 681 343 365 763 55.444569 165.999237 4.292496 -0.028809 -0.017843 0.065924 -5.315229 -9.797629 486.355103 -38.442638 -11.993140 485.794708 27.812181 -7.602118 486.915497
514 329 530 323 549 325 563 336 547 339 530 337 664 341 680 332 698 332 713 340 697 346 680 346 557 822 17.356905 177.714859 7.255933 0.138515 -0.042129 0.061441 -6.333457 -8.159282 463.872681 -39.446320 -10.094324 462.338562 26.779406 -6.224238 465.406830
576 314 590 309 606 311 620 320 605 322 590 321 715 327 729 320 745 320 758 326 744 331 729 331 58 526 116.182068 119.033539 -3.334645 -0.098249 -0.036420 0.072171 18.233881 -15.036060 493.585632 -14.862580 -17.485342 492.497101 51.330345 -12.586779 494.674133
532 306 549 299 569 302 585 313 567 315 548 313 687 320 703 312 721 312 736 321 720 326 703 325 506 348 26.949986 83.899071 -2.811839 0.169552 -0.009861 0.074017 2.993099 -17.252924 454.366608 -30.119410 -19.668915 453.833282 36.105606 -14.836933 454.899933
529 300 547 293 567 295 583 306 565 309 546 307 685 313 701 305 720 306 735 315 718 320 701 319 524 54 23.036846 25.719725 -8.599175 -0.339580 -0.032300 0.072635 2.110662 -20.024200 457.554810 -30.990297 -22.567705 456.909302 35.211620 -17.480698 458.200348
529 323 545 317 563 320 578 331 561 334 544 332 679 339 695 331 713 331 728 339 712 345 695 344 620 661 4.653206 145.865646 4.576244 0.093855 -0.009560 0.083886 0.040131 -9.576119 464.152100 -33.046494 -12.339284 463.704956 33.126755 -6.812955 464.599213
549 298 567 292 587 294 603 305 585 307 566 306 703 312 719 304 737 305 751 315 735 319 719 318 237 58 80.075363 26.452391 -11.162102 -0.268865 -0.062712 0.072257 10.370549 -20.704201 462.528839 -22.683317 -23.349079 460.794983 43.424416 -18.059324 464.262665
544 297 562 291 581 293 597 304 579 307 561 305 699 312 715 304 733 305 747 314 731 318 715 317 361 69 55.446095 28.654774 -9.797043 -0.301152 -0.055064 0.072478 8.225245 -20.989594 461.152496 -24.843145 -23.629763 459.713531 41.293636 -18.349422 462.591461
513 299 530 293 549 295 564 307 547 310 529 308 665 318 683 309 703 310 719 320 701 325 682 324 892 144 -49.990898 43.606434 -3.386664 0.160533 -0.013010 0.111083 -5.648715 -18.788139 452.166718 -38.646519 -22.418566 451.442352 27.349087 -15.157712 452.891083
574 296 590 289 608 292 622 302 606 305 589 303 720 310 735 301 752 302 766 310 751 316 735 315 139 153 99.658966 45.232910 -10.141265 -0.131937 -0.083974 0.067124 19.456411 -22.684875 478.089539 -13.556988 -25.086456 475.461334 52.469810 -20.283297 480.717743
518 327 534 321 553 324 568 336 551 338 533 336 671 343 688 334 707 334 722 343 705 349 687 349 600 602 8.560248 134.185364 3.197318 0.165072 -0.046800 0.085802 -3.541068 -7.502314 450.724213 -36.587776 -10.206056 448.945312 29.505640 -4.798571 452.503082
554 302 571 296 591 299 606 310 588 312 570 310 708 318 724 311 741 312 756 321 740 325 723 324 293 147 69.048531 44.077126 -8.844069 -0.298090 -0.051474 0.087801 12.193144 -18.459934 461.429596 -20.841110 -21.580009 460.179474 45.227398 -15.339858 462.679718
412 321 426 313 444 314 459 324 444 329 427 328 555 324 571 313 590 312 605 320 589 328 572 328 1403 184 -151.493408 51.627434 2.130760 -0.076116 0.082234 -0.000032 -54.863964 -14.550201 479.069427 -87.956627 -14.445333 481.794220 -21.771305 -14.655068 476.344604
461 339 476 332 494 334 508 343 493 347 476 346 608 346 623 337 641 336 656 343 640 350 624 350 999 690 -70.630241 151.682632 8.654912 -0.117735 -0.002761 0.026917 -31.724855 -5.362188 478.239929 -64.917526 -6.259165 478.201050 1.467817 -4.465211 478.278839
539 312 556 305 576 307 591 318 574 320 555 319 694 324 710 316 727 317 742 326 726 330 709 330 418 334 44.421741 81.110374 -3.906003 -0.328550 -0.042670 0.064882 5.831235 -15.211639 460.563446 -27.274406 -17.555883 459.523926 38.936878 -12.867396 461.602997
494 293 509 287 525 288 537 297 523 300 508 299 620 301 633 294 648 295 661 302 647 307 633 306 330 13 61.542534 17.565922 -11.216558 -0.396681 -0.063813 0.045802 -26.687759 -30.119017 564.554993 -59.791527 -32.013332 562.790955 6.416005 -28.224701 566.319092
494 296 508 289 525 290 538 299 523 301 508 301 619 302 632 295 648 296 661 304 647 307 632 306 296 185 68.495796 51.598000 -8.046976 -0.426044 -0.057946 0.038270 -26.806143 -29.101105 564.258484 -59.932129 -30.736294 562.660156 6.319844 -27.465918 565.856873
485 299 498 294 513 295 526 303 512 306 498 305 608 308 622 302 637 303 649 310 636 314 621 313 762 528 -23.717722 119.573914 3.191292 -0.363970 -0.021381 0.065049 -33.200264 -26.856367 571.597107 -66.328125 -29.094988 571.291931 -0.072405 -24.617748 571.902344
480 302 493 296 508 297 520 305 506 308 493 307 602 310 616 304 631 304 644 312 630 316 616 315 926 679 -56.135925 149.490723 7.759678 -0.283190 0.003478 0.065511 -36.137421 -25.642376 570.942017 -69.271278 -27.770920 571.361694 -3.003559 -23.513832 570.522278
